timestep,ep_rew_mean,ep_len_mean,wall_time_s
21,16.2523,20.0,0.4
22,16.2523,20.0,0.4
23,16.2523,20.0,0.5
24,16.2523,20.0,0.5
25,16.2523,20.0,0.5
26,16.2523,20.0,0.5
27,16.2523,20.0,0.5
28,16.2523,20.0,0.6
29,16.2523,20.0,0.6
30,16.2523,20.0,0.6
31,16.2523,20.0,0.6
32,16.2523,20.0,0.6
33,16.2523,20.0,0.7
34,16.2523,20.0,0.7
35,16.2523,20.0,0.7
36,16.2523,20.0,0.7
37,16.2523,20.0,0.7
38,16.2523,20.0,0.7
39,16.2523,20.0,0.8
40,16.2523,20.0,0.8
41,16.2523,20.0,0.8
42,16.2523,20.0,0.8
43,16.2523,20.0,0.8
44,16.2523,20.0,0.8
45,16.2523,20.0,0.9
46,16.2523,20.0,0.9
47,16.2523,20.0,0.9
48,16.2523,20.0,0.9
49,16.2523,20.0,0.9
50,16.2523,20.0,0.9
51,16.2523,20.0,1.0
52,16.2523,20.0,1.0
53,16.2523,20.0,1.0
54,16.2523,20.0,1.0
55,16.2523,20.0,1.1
56,16.2523,20.0,1.1
57,16.2523,20.0,1.1
58,16.2523,20.0,1.1
59,16.2523,20.0,1.1
60,16.2523,20.0,1.1
61,16.2523,20.0,1.2
62,16.2523,20.0,1.2
63,16.2523,20.0,1.2
64,16.2523,20.0,1.2
65,16.2523,20.0,1.2
66,16.2523,20.0,1.3
67,16.2523,20.0,1.3
68,16.2523,20.0,1.3
69,16.2523,20.0,1.3
70,16.2523,20.0,1.3
71,16.2523,20.0,1.4
72,16.2523,20.0,1.4
73,16.2523,20.0,1.4
74,16.2523,20.0,1.4
75,16.2523,20.0,1.4
76,16.2523,20.0,1.4
77,16.2523,20.0,1.4
78,16.2523,20.0,1.5
79,16.2523,20.0,1.5
80,16.2523,20.0,1.5
81,16.2523,20.0,1.5
82,16.2523,20.0,1.5
83,16.2523,20.0,1.5
84,16.2523,20.0,1.6
85,16.2523,20.0,1.6
86,16.2523,20.0,1.6
87,16.2523,20.0,1.6
88,16.2523,20.0,1.6
89,16.2523,20.0,1.6
90,16.2523,20.0,1.7
91,16.2523,20.0,1.7
92,16.2523,20.0,1.7
93,16.2523,20.0,1.7
94,16.2523,20.0,1.7
95,16.2523,20.0,1.7
96,16.2523,20.0,1.8
97,16.2523,20.0,1.8
98,16.2523,20.0,1.8
99,16.2523,20.0,1.8
100,16.2523,20.0,1.8
101,16.2523,20.0,1.8
102,16.2523,20.0,1.9
103,16.2523,20.0,1.9
104,16.2523,20.0,1.9
105,16.2523,20.0,1.9
106,16.2523,20.0,1.9
107,16.2523,20.0,1.9
108,16.2523,20.0,2.0
109,16.2523,20.0,2.0
110,16.2523,20.0,2.0
111,16.2523,20.0,2.0
112,16.2523,20.0,2.0
113,16.2523,20.0,2.0
114,16.2523,20.0,2.1
115,16.2523,20.0,2.1
116,16.2523,20.0,2.1
117,16.2523,20.0,2.1
118,16.2523,20.0,2.1
119,16.2523,20.0,2.2
120,16.2523,20.0,2.2
121,16.2523,20.0,2.2
122,16.2523,20.0,2.2
123,16.2523,20.0,2.2
124,16.2523,20.0,2.2
125,16.2523,20.0,2.3
126,16.2523,20.0,2.3
127,16.2523,20.0,2.3
128,16.2523,20.0,2.3
129,16.2523,20.0,2.3
130,16.2523,20.0,2.3
131,16.2523,20.0,2.4
132,16.2523,20.0,2.4
133,16.2523,20.0,2.4
134,16.2523,20.0,2.4
135,16.2523,20.0,2.4
136,16.2523,20.0,2.5
137,16.2523,20.0,2.5
138,16.2523,20.0,2.5
139,16.2523,20.0,2.5
140,16.2523,20.0,2.5
141,16.2523,20.0,2.5
142,16.2523,20.0,2.6
143,16.2523,20.0,2.6
144,16.2523,20.0,2.6
145,16.2523,20.0,2.6
146,16.2523,20.0,2.6
147,16.2523,20.0,2.7
148,16.2523,20.0,2.7
149,16.2523,20.0,2.7
150,16.2523,20.0,2.7
151,16.2523,20.0,2.7
152,16.2523,20.0,2.7
153,16.2523,20.0,2.8
154,16.2523,20.0,2.8
155,16.2523,20.0,2.8
156,16.2523,20.0,2.8
157,16.2523,20.0,2.9
158,16.2523,20.0,2.9
159,16.2523,20.0,2.9
160,16.2523,20.0,2.9
161,16.2523,20.0,2.9
162,16.2523,20.0,2.9
163,16.2523,20.0,3.0
164,16.2523,20.0,3.0
165,16.2523,20.0,3.0
166,16.2523,20.0,3.0
167,16.2523,20.0,3.0
168,16.2523,20.0,3.0
169,16.2523,20.0,3.1
170,16.2523,20.0,3.1
171,16.2523,20.0,3.1
172,16.2523,20.0,3.1
173,16.2523,20.0,3.1
174,16.2523,20.0,3.1
175,16.2523,20.0,3.2
176,16.2523,20.0,3.2
177,16.2523,20.0,3.2
178,16.2523,20.0,3.2
179,16.2523,20.0,3.2
180,16.2523,20.0,3.3
181,16.2523,20.0,3.3
182,16.2523,20.0,3.3
183,16.2523,20.0,3.3
184,16.2523,20.0,3.3
185,16.2523,20.0,3.3
186,16.2523,20.0,3.4
187,16.2523,20.0,3.4
188,16.2523,20.0,3.4
189,16.2523,20.0,3.4
190,16.2523,20.0,3.4
191,16.2523,20.0,3.4
192,16.2523,20.0,3.5
193,16.2523,20.0,3.5
194,16.2523,20.0,3.5
195,16.2523,20.0,3.5
196,16.2523,20.0,3.5
197,16.2523,20.0,3.5
198,16.2523,20.0,3.6
199,16.2523,20.0,3.6
200,16.2523,20.0,3.6
201,16.2523,20.0,3.6
202,16.2523,20.0,3.7
203,16.2523,20.0,3.7
204,16.2523,20.0,3.7
205,16.2523,20.0,3.7
206,16.2523,20.0,3.8
207,16.2523,20.0,3.8
208,16.2523,20.0,3.8
209,16.2523,20.0,3.8
210,16.2523,20.0,3.8
211,16.2523,20.0,3.8
212,16.2523,20.0,3.9
213,16.2523,20.0,3.9
214,16.2523,20.0,3.9
215,16.2523,20.0,3.9
216,16.2523,20.0,3.9
217,16.2523,20.0,4.0
218,16.2523,20.0,4.0
219,16.2523,20.0,4.0
220,16.2523,20.0,4.0
221,16.2523,20.0,4.0
222,16.2523,20.0,4.1
223,16.2523,20.0,4.1
224,16.2523,20.0,4.1
225,16.2523,20.0,4.1
226,16.2523,20.0,4.1
227,16.2523,20.0,4.1
228,16.2523,20.0,4.2
229,16.2523,20.0,4.2
230,16.2523,20.0,4.2
231,16.2523,20.0,4.2
232,16.2523,20.0,4.2
233,16.2523,20.0,4.3
234,16.2523,20.0,4.3
235,16.2523,20.0,4.3
236,16.2523,20.0,4.3
237,16.2523,20.0,4.3
238,16.2523,20.0,4.4
239,16.2523,20.0,4.4
240,16.2523,20.0,4.4
241,16.2523,20.0,4.4
242,16.2523,20.0,4.4
243,16.2523,20.0,4.5
244,16.2523,20.0,4.5
245,16.2523,20.0,4.5
246,16.2523,20.0,4.5
247,16.2523,20.0,4.5
248,16.2523,20.0,4.5
249,16.2523,20.0,4.5
250,16.2523,20.0,4.6
251,16.2523,20.0,4.6
252,16.2523,20.0,4.6
253,16.2523,20.0,4.6
254,16.2523,20.0,4.6
255,16.2523,20.0,4.7
256,16.2523,20.0,4.7
257,16.2523,20.0,4.7
258,16.2523,20.0,4.7
259,16.2523,20.0,4.7
260,16.2523,20.0,4.8
261,16.2523,20.0,4.8
262,16.2523,20.0,4.8
263,16.2523,20.0,4.8
264,16.2523,20.0,4.8
265,16.2523,20.0,4.8
266,16.2523,20.0,4.8
267,16.2523,20.0,4.9
268,16.2523,20.0,4.9
269,16.2523,20.0,4.9
270,16.2523,20.0,4.9
271,16.2523,20.0,4.9
272,16.2523,20.0,5.0
273,16.2523,20.0,5.0
274,16.2523,20.0,5.0
275,16.2523,20.0,5.0
276,16.2523,20.0,5.0
277,16.2523,20.0,5.1
278,16.2523,20.0,5.1
279,16.2523,20.0,5.1
280,16.2523,20.0,5.1
281,16.2523,20.0,5.1
282,16.2523,20.0,5.1
283,16.2523,20.0,5.2
284,16.2523,20.0,5.2
285,16.2523,20.0,5.2
286,16.2523,20.0,5.2
287,16.2523,20.0,5.2
288,16.2523,20.0,5.3
289,16.2523,20.0,5.3
290,16.2523,20.0,5.3
291,16.2523,20.0,5.3
292,16.2523,20.0,5.3
293,16.2523,20.0,5.3
294,16.2523,20.0,5.4
295,16.2523,20.0,5.4
296,16.2523,20.0,5.4
297,16.2523,20.0,5.4
298,16.2523,20.0,5.4
299,16.2523,20.0,5.5
300,16.2523,20.0,5.5
301,16.2523,20.0,5.5
302,16.2523,20.0,5.5
303,16.2523,20.0,5.5
304,16.2523,20.0,5.5
305,16.2523,20.0,5.6
306,16.2523,20.0,5.6
307,16.2523,20.0,5.6
308,16.2523,20.0,5.6
309,16.2523,20.0,5.6
310,16.2523,20.0,5.6
311,16.2523,20.0,5.7
312,16.2523,20.0,5.7
313,16.2523,20.0,5.7
314,16.2523,20.0,5.7
315,16.2523,20.0,5.7
316,16.2523,20.0,5.8
317,16.2523,20.0,5.8
318,16.2523,20.0,5.8
319,16.2523,20.0,5.8
320,16.2523,20.0,5.8
321,16.2523,20.0,5.8
322,16.2523,20.0,5.9
323,16.2523,20.0,5.9
324,16.2523,20.0,5.9
325,16.2523,20.0,5.9
326,16.2523,20.0,5.9
327,16.2523,20.0,6.0
328,16.2523,20.0,6.0
329,16.2523,20.0,6.0
330,16.2523,20.0,6.0
331,16.2523,20.0,6.0
332,16.2523,20.0,6.0
333,16.2523,20.0,6.1
334,16.2523,20.0,6.1
335,16.2523,20.0,6.1
336,16.2523,20.0,6.1
337,16.2523,20.0,6.1
338,16.2523,20.0,6.2
339,16.2523,20.0,6.2
340,16.2523,20.0,6.2
341,16.2523,20.0,6.2
342,16.2523,20.0,6.2
343,16.2523,20.0,6.2
344,16.2523,20.0,6.3
345,16.2523,20.0,6.3
346,16.2523,20.0,6.3
347,16.2523,20.0,6.3
348,16.2523,20.0,6.3
349,16.2523,20.0,6.4
350,16.2523,20.0,6.4
351,16.2523,20.0,6.4
352,16.2523,20.0,6.4
353,16.2523,20.0,6.4
354,16.2523,20.0,6.5
355,16.2523,20.0,6.5
356,16.2523,20.0,6.5
357,16.2523,20.0,6.5
358,16.2523,20.0,6.5
359,16.2523,20.0,6.6
360,16.2523,20.0,6.6
361,16.2523,20.0,6.6
362,16.2523,20.0,6.6
363,16.2523,20.0,6.7
364,16.2523,20.0,6.7
365,16.2523,20.0,6.7
366,16.2523,20.0,6.7
367,16.2523,20.0,6.7
368,16.2523,20.0,6.8
369,16.2523,20.0,6.8
370,16.2523,20.0,6.8
371,16.2523,20.0,6.8
372,16.2523,20.0,6.8
373,16.2523,20.0,6.9
374,16.2523,20.0,6.9
375,16.2523,20.0,6.9
376,16.2523,20.0,6.9
377,16.2523,20.0,6.9
378,16.2523,20.0,6.9
379,16.2523,20.0,7.0
380,16.2523,20.0,7.0
381,16.2523,20.0,7.0
382,16.2523,20.0,7.0
383,16.2523,20.0,7.1
384,16.2523,20.0,7.1
385,16.2523,20.0,7.1
386,16.2523,20.0,7.1
387,16.2523,20.0,7.1
388,16.2523,20.0,7.2
389,16.2523,20.0,7.2
390,16.2523,20.0,7.2
391,16.2523,20.0,7.2
392,16.2523,20.0,7.2
393,16.2523,20.0,7.3
394,16.2523,20.0,7.3
395,16.2523,20.0,7.3
396,16.2523,20.0,7.3
397,16.2523,20.0,7.3
398,16.2523,20.0,7.3
399,16.2523,20.0,7.4
400,16.2523,20.0,7.4
401,16.2523,20.0,7.4
402,16.2523,20.0,7.4
403,16.2523,20.0,7.4
404,16.2523,20.0,7.4
405,16.2523,20.0,7.5
406,16.2523,20.0,7.5
407,16.2523,20.0,7.5
408,16.2523,20.0,7.5
409,16.2523,20.0,7.5
410,16.2523,20.0,7.6
411,16.2523,20.0,7.6
412,16.2523,20.0,7.6
413,16.2523,20.0,7.6
414,16.2523,20.0,7.6
415,16.2523,20.0,7.6
416,16.2523,20.0,7.7
417,16.2523,20.0,7.7
418,16.2523,20.0,7.7
419,16.2523,20.0,7.7
420,16.2523,20.0,7.7
421,16.2523,20.0,7.7
422,16.2523,20.0,7.8
423,16.2523,20.0,7.8
424,16.2523,20.0,7.8
425,16.2523,20.0,7.8
426,16.2523,20.0,7.8
427,16.2523,20.0,7.8
428,16.2523,20.0,7.9
429,16.2523,20.0,7.9
430,16.2523,20.0,7.9
431,16.2523,20.0,7.9
432,16.2523,20.0,7.9
433,16.2523,20.0,8.0
434,16.2523,20.0,8.0
435,16.2523,20.0,8.0
436,16.2523,20.0,8.0
437,16.2523,20.0,8.0
438,16.2523,20.0,8.1
439,16.2523,20.0,8.1
440,16.2523,20.0,8.1
441,16.2523,20.0,8.1
442,16.2523,20.0,8.1
443,16.2523,20.0,8.1
444,16.2523,20.0,8.2
445,16.2523,20.0,8.2
446,16.2523,20.0,8.2
447,16.2523,20.0,8.2
448,16.2523,20.0,8.2
449,16.2523,20.0,8.2
450,16.2523,20.0,8.3
451,16.2523,20.0,8.3
452,16.2523,20.0,8.3
453,16.2523,20.0,8.3
454,16.2523,20.0,8.3
455,16.2523,20.0,8.4
456,16.2523,20.0,8.4
457,16.2523,20.0,8.4
458,16.2523,20.0,8.4
459,16.2523,20.0,8.4
460,16.2523,20.0,8.4
461,16.2523,20.0,8.5
462,16.2523,20.0,8.5
463,16.2523,20.0,8.5
464,16.2523,20.0,8.5
465,16.2523,20.0,8.5
466,16.2523,20.0,8.6
467,16.2523,20.0,8.6
468,16.2523,20.0,8.6
469,16.2523,20.0,8.6
470,16.2523,20.0,8.6
471,16.2523,20.0,8.6
472,16.2523,20.0,8.7
473,16.2523,20.0,8.7
474,16.2523,20.0,8.7
475,16.2523,20.0,8.7
476,16.2523,20.0,8.7
477,16.2523,20.0,8.7
478,16.2523,20.0,8.8
479,16.2523,20.0,8.8
480,16.2523,20.0,8.8
481,16.2523,20.0,8.8
482,16.2523,20.0,8.8
483,16.2523,20.0,8.8
484,16.2523,20.0,8.9
485,16.2523,20.0,8.9
486,16.2523,20.0,8.9
487,16.2523,20.0,8.9
488,16.2523,20.0,8.9
489,16.2523,20.0,9.0
490,16.2523,20.0,9.0
491,16.2523,20.0,9.0
492,16.2523,20.0,9.0
493,16.2523,20.0,9.0
494,16.2523,20.0,9.0
495,16.2523,20.0,9.0
496,16.2523,20.0,9.1
497,16.2523,20.0,9.1
498,16.2523,20.0,9.1
499,16.2523,20.0,9.1
500,16.2523,20.0,9.1
501,16.2523,20.0,9.2
502,16.2523,20.0,9.2
503,16.2523,20.0,9.2
504,16.2523,20.0,9.2
505,16.2523,20.0,9.2
506,16.2523,20.0,9.2
507,16.2523,20.0,9.3
508,16.2523,20.0,9.3
509,16.2523,20.0,9.3
510,16.2523,20.0,9.3
511,16.2523,20.0,9.3
512,16.2523,20.0,9.4
513,16.2523,20.0,9.8
514,16.2523,20.0,9.8
515,16.2523,20.0,9.8
516,16.2523,20.0,9.8
517,16.2523,20.0,9.8
518,16.2523,20.0,9.8
519,16.2523,20.0,9.9
520,16.2523,20.0,9.9
521,16.2513,20.0,9.9
522,16.2513,20.0,9.9
523,16.2513,20.0,9.9
524,16.2513,20.0,10.0
525,16.2513,20.0,10.0
526,16.2513,20.0,10.0
527,16.2513,20.0,10.0
528,16.2513,20.0,10.0
529,16.2513,20.0,10.0
530,16.2513,20.0,10.1
531,16.2513,20.0,10.1
532,16.2513,20.0,10.1
533,16.2513,20.0,10.1
534,16.2513,20.0,10.1
535,16.2513,20.0,10.2
536,16.2513,20.0,10.2
537,16.2513,20.0,10.2
538,16.2513,20.0,10.2
539,16.2513,20.0,10.2
540,16.2513,20.0,10.3
541,16.2503,20.0,10.3
542,16.2503,20.0,10.3
543,16.2503,20.0,10.3
544,16.2503,20.0,10.3
545,16.2503,20.0,10.4
546,16.2503,20.0,10.4
547,16.2503,20.0,10.4
548,16.2503,20.0,10.4
549,16.2503,20.0,10.4
550,16.2503,20.0,10.5
551,16.2503,20.0,10.5
552,16.2503,20.0,10.5
553,16.2503,20.0,10.5
554,16.2503,20.0,10.6
555,16.2503,20.0,10.6
556,16.2503,20.0,10.6
557,16.2503,20.0,10.6
558,16.2503,20.0,10.6
559,16.2503,20.0,10.6
560,16.2503,20.0,10.7
561,16.2493,20.0,10.7
562,16.2493,20.0,10.7
563,16.2493,20.0,10.7
564,16.2493,20.0,10.7
565,16.2493,20.0,10.8
566,16.2493,20.0,10.8
567,16.2493,20.0,10.8
568,16.2493,20.0,10.8
569,16.2493,20.0,10.8
570,16.2493,20.0,10.8
571,16.2493,20.0,10.9
572,16.2493,20.0,10.9
573,16.2493,20.0,10.9
574,16.2493,20.0,10.9
575,16.2493,20.0,10.9
576,16.2493,20.0,11.0
577,16.2493,20.0,11.0
578,16.2493,20.0,11.0
579,16.2493,20.0,11.0
580,16.2493,20.0,11.0
581,16.2485,20.0,11.0
582,16.2485,20.0,11.1
583,16.2485,20.0,11.1
584,16.2485,20.0,11.1
585,16.2485,20.0,11.1
586,16.2485,20.0,11.1
587,16.2485,20.0,11.2
588,16.2485,20.0,11.2
589,16.2485,20.0,11.2
590,16.2485,20.0,11.2
591,16.2485,20.0,11.2
592,16.2485,20.0,11.2
593,16.2485,20.0,11.3
594,16.2485,20.0,11.3
595,16.2485,20.0,11.3
596,16.2485,20.0,11.3
597,16.2485,20.0,11.3
598,16.2485,20.0,11.3
599,16.2485,20.0,11.4
600,16.2485,20.0,11.4
601,16.2477,20.0,11.4
602,16.2477,20.0,11.4
603,16.2477,20.0,11.4
604,16.2477,20.0,11.5
605,16.2477,20.0,11.5
606,16.2477,20.0,11.5
607,16.2477,20.0,11.5
608,16.2477,20.0,11.5
609,16.2477,20.0,11.5
610,16.2477,20.0,11.6
611,16.2477,20.0,11.6
612,16.2477,20.0,11.6
613,16.2477,20.0,11.6
614,16.2477,20.0,11.6
615,16.2477,20.0,11.7
616,16.2477,20.0,11.7
617,16.2477,20.0,11.7
618,16.2477,20.0,11.7
619,16.2477,20.0,11.7
620,16.2477,20.0,11.8
621,16.2469,20.0,11.8
622,16.2469,20.0,11.8
623,16.2469,20.0,11.8
624,16.2469,20.0,11.8
625,16.2469,20.0,11.8
626,16.2469,20.0,11.9
627,16.2469,20.0,11.9
628,16.2469,20.0,11.9
629,16.2469,20.0,11.9
630,16.2469,20.0,11.9
631,16.2469,20.0,11.9
632,16.2469,20.0,12.0
633,16.2469,20.0,12.0
634,16.2469,20.0,12.0
635,16.2469,20.0,12.0
636,16.2469,20.0,12.0
637,16.2469,20.0,12.0
638,16.2469,20.0,12.1
639,16.2469,20.0,12.1
640,16.2469,20.0,12.1
641,16.2462,20.0,12.1
642,16.2462,20.0,12.1
643,16.2462,20.0,12.1
644,16.2462,20.0,12.2
645,16.2462,20.0,12.2
646,16.2462,20.0,12.2
647,16.2462,20.0,12.2
648,16.2462,20.0,12.2
649,16.2462,20.0,12.3
650,16.2462,20.0,12.3
651,16.2462,20.0,12.3
652,16.2462,20.0,12.3
653,16.2462,20.0,12.3
654,16.2462,20.0,12.4
655,16.2462,20.0,12.4
656,16.2462,20.0,12.4
657,16.2462,20.0,12.4
658,16.2462,20.0,12.4
659,16.2462,20.0,12.5
660,16.2462,20.0,12.5
661,16.2455,20.0,12.5
662,16.2455,20.0,12.5
663,16.2455,20.0,12.5
664,16.2455,20.0,12.5
665,16.2455,20.0,12.6
666,16.2455,20.0,12.6
667,16.2455,20.0,12.6
668,16.2455,20.0,12.6
669,16.2455,20.0,12.6
670,16.2455,20.0,12.6
671,16.2455,20.0,12.7
672,16.2455,20.0,12.7
673,16.2455,20.0,12.7
674,16.2455,20.0,12.7
675,16.2455,20.0,12.7
676,16.2455,20.0,12.8
677,16.2455,20.0,12.8
678,16.2455,20.0,12.8
679,16.2455,20.0,12.8
680,16.2455,20.0,12.8
681,16.2449,20.0,12.8
682,16.2449,20.0,12.9
683,16.2449,20.0,12.9
684,16.2449,20.0,12.9
685,16.2449,20.0,12.9
686,16.2449,20.0,12.9
687,16.2449,20.0,12.9
688,16.2449,20.0,13.0
689,16.2449,20.0,13.0
690,16.2449,20.0,13.0
691,16.2449,20.0,13.0
692,16.2449,20.0,13.0
693,16.2449,20.0,13.1
694,16.2449,20.0,13.1
695,16.2449,20.0,13.1
696,16.2449,20.0,13.1
697,16.2449,20.0,13.1
698,16.2449,20.0,13.2
699,16.2449,20.0,13.2
700,16.2449,20.0,13.2
701,16.2443,20.0,13.2
702,16.2443,20.0,13.2
703,16.2443,20.0,13.3
704,16.2443,20.0,13.3
705,16.2443,20.0,13.3
706,16.2443,20.0,13.3
707,16.2443,20.0,13.4
708,16.2443,20.0,13.4
709,16.2443,20.0,13.4
710,16.2443,20.0,13.4
711,16.2443,20.0,13.4
712,16.2443,20.0,13.4
713,16.2443,20.0,13.5
714,16.2443,20.0,13.5
715,16.2443,20.0,13.5
716,16.2443,20.0,13.5
717,16.2443,20.0,13.5
718,16.2443,20.0,13.6
719,16.2443,20.0,13.6
720,16.2443,20.0,13.6
721,16.2438,20.0,13.6
722,16.2438,20.0,13.6
723,16.2438,20.0,13.7
724,16.2438,20.0,13.7
725,16.2438,20.0,13.7
726,16.2438,20.0,13.7
727,16.2438,20.0,13.7
728,16.2438,20.0,13.7
729,16.2438,20.0,13.8
730,16.2438,20.0,13.8
731,16.2438,20.0,13.8
732,16.2438,20.0,13.8
733,16.2438,20.0,13.8
734,16.2438,20.0,13.9
735,16.2438,20.0,13.9
736,16.2438,20.0,13.9
737,16.2438,20.0,13.9
738,16.2438,20.0,13.9
739,16.2438,20.0,14.0
740,16.2438,20.0,14.0
741,16.2433,20.0,14.0
742,16.2433,20.0,14.0
743,16.2433,20.0,14.0
744,16.2433,20.0,14.0
745,16.2433,20.0,14.1
746,16.2433,20.0,14.1
747,16.2433,20.0,14.1
748,16.2433,20.0,14.1
749,16.2433,20.0,14.1
750,16.2433,20.0,14.1
751,16.2433,20.0,14.2
752,16.2433,20.0,14.2
753,16.2433,20.0,14.2
754,16.2433,20.0,14.2
755,16.2433,20.0,14.2
756,16.2433,20.0,14.2
757,16.2433,20.0,14.3
758,16.2433,20.0,14.3
759,16.2433,20.0,14.3
760,16.2433,20.0,14.3
761,16.2428,20.0,14.3
762,16.2428,20.0,14.4
763,16.2428,20.0,14.4
764,16.2428,20.0,14.4
765,16.2428,20.0,14.4
766,16.2428,20.0,14.4
767,16.2428,20.0,14.4
768,16.2428,20.0,14.5
769,16.2428,20.0,14.5
770,16.2428,20.0,14.5
771,16.2428,20.0,14.5
772,16.2428,20.0,14.5
773,16.2428,20.0,14.5
774,16.2428,20.0,14.6
775,16.2428,20.0,14.6
776,16.2428,20.0,14.6
777,16.2428,20.0,14.6
778,16.2428,20.0,14.6
779,16.2428,20.0,14.7
780,16.2428,20.0,14.7
781,16.2423,20.0,14.7
782,16.2423,20.0,14.7
783,16.2423,20.0,14.7
784,16.2423,20.0,14.7
785,16.2423,20.0,14.8
786,16.2423,20.0,14.8
787,16.2423,20.0,14.8
788,16.2423,20.0,14.8
789,16.2423,20.0,14.8
790,16.2423,20.0,14.9
791,16.2423,20.0,14.9
792,16.2423,20.0,14.9
793,16.2423,20.0,14.9
794,16.2423,20.0,14.9
795,16.2423,20.0,14.9
796,16.2423,20.0,14.9
797,16.2423,20.0,15.0
798,16.2423,20.0,15.0
799,16.2423,20.0,15.0
800,16.2423,20.0,15.0
801,16.2418,20.0,15.0
802,16.2418,20.0,15.1
803,16.2418,20.0,15.1
804,16.2418,20.0,15.1
805,16.2418,20.0,15.1
806,16.2418,20.0,15.1
807,16.2418,20.0,15.2
808,16.2418,20.0,15.2
809,16.2418,20.0,15.2
810,16.2418,20.0,15.2
811,16.2418,20.0,15.2
812,16.2418,20.0,15.2
813,16.2418,20.0,15.3
814,16.2418,20.0,15.3
815,16.2418,20.0,15.3
816,16.2418,20.0,15.3
817,16.2418,20.0,15.3
818,16.2418,20.0,15.4
819,16.2418,20.0,15.4
820,16.2418,20.0,15.4
821,16.2414,20.0,15.4
822,16.2414,20.0,15.4
823,16.2414,20.0,15.4
824,16.2414,20.0,15.5
825,16.2414,20.0,15.5
826,16.2414,20.0,15.5
827,16.2414,20.0,15.5
828,16.2414,20.0,15.5
829,16.2414,20.0,15.6
830,16.2414,20.0,15.6
831,16.2414,20.0,15.6
832,16.2414,20.0,15.6
833,16.2414,20.0,15.6
834,16.2414,20.0,15.6
835,16.2414,20.0,15.7
836,16.2414,20.0,15.7
837,16.2414,20.0,15.7
838,16.2414,20.0,15.7
839,16.2414,20.0,15.7
840,16.2414,20.0,15.7
841,16.2410,20.0,15.8
842,16.2410,20.0,15.8
843,16.2410,20.0,15.8
844,16.2410,20.0,15.8
845,16.2410,20.0,15.8
846,16.2410,20.0,15.9
847,16.2410,20.0,15.9
848,16.2410,20.0,15.9
849,16.2410,20.0,15.9
850,16.2410,20.0,15.9
851,16.2410,20.0,15.9
852,16.2410,20.0,16.0
853,16.2410,20.0,16.0
854,16.2410,20.0,16.0
855,16.2410,20.0,16.0
856,16.2410,20.0,16.0
857,16.2410,20.0,16.1
858,16.2410,20.0,16.1
859,16.2410,20.0,16.1
860,16.2410,20.0,16.1
861,16.2406,20.0,16.1
862,16.2406,20.0,16.1
863,16.2406,20.0,16.2
864,16.2406,20.0,16.2
865,16.2406,20.0,16.2
866,16.2406,20.0,16.2
867,16.2406,20.0,16.2
868,16.2406,20.0,16.3
869,16.2406,20.0,16.3
870,16.2406,20.0,16.3
871,16.2406,20.0,16.3
872,16.2406,20.0,16.3
873,16.2406,20.0,16.4
874,16.2406,20.0,16.4
875,16.2406,20.0,16.4
876,16.2406,20.0,16.4
877,16.2406,20.0,16.4
878,16.2406,20.0,16.4
879,16.2406,20.0,16.5
880,16.2406,20.0,16.5
881,16.2402,20.0,16.5
882,16.2402,20.0,16.5
883,16.2402,20.0,16.5
884,16.2402,20.0,16.6
885,16.2402,20.0,16.6
886,16.2402,20.0,16.6
887,16.2402,20.0,16.6
888,16.2402,20.0,16.6
889,16.2402,20.0,16.7
890,16.2402,20.0,16.7
891,16.2402,20.0,16.7
892,16.2402,20.0,16.7
893,16.2402,20.0,16.7
894,16.2402,20.0,16.7
895,16.2402,20.0,16.8
896,16.2402,20.0,16.8
897,16.2402,20.0,16.8
898,16.2402,20.0,16.8
899,16.2402,20.0,16.8
900,16.2402,20.0,16.9
901,16.2399,20.0,16.9
902,16.2399,20.0,16.9
903,16.2399,20.0,16.9
904,16.2399,20.0,16.9
905,16.2399,20.0,16.9
906,16.2399,20.0,17.0
907,16.2399,20.0,17.0
908,16.2399,20.0,17.0
909,16.2399,20.0,17.0
910,16.2399,20.0,17.0
911,16.2399,20.0,17.0
912,16.2399,20.0,17.1
913,16.2399,20.0,17.1
914,16.2399,20.0,17.1
915,16.2399,20.0,17.1
916,16.2399,20.0,17.1
917,16.2399,20.0,17.1
918,16.2399,20.0,17.2
919,16.2399,20.0,17.2
920,16.2399,20.0,17.2
921,16.2396,20.0,17.2
922,16.2396,20.0,17.2
923,16.2396,20.0,17.3
924,16.2396,20.0,17.3
925,16.2396,20.0,17.3
926,16.2396,20.0,17.3
927,16.2396,20.0,17.3
928,16.2396,20.0,17.3
929,16.2396,20.0,17.4
930,16.2396,20.0,17.4
931,16.2396,20.0,17.4
932,16.2396,20.0,17.4
933,16.2396,20.0,17.4
934,16.2396,20.0,17.5
935,16.2396,20.0,17.5
936,16.2396,20.0,17.5
937,16.2396,20.0,17.5
938,16.2396,20.0,17.5
939,16.2396,20.0,17.5
940,16.2396,20.0,17.6
941,16.2392,20.0,17.6
942,16.2392,20.0,17.6
943,16.2392,20.0,17.6
944,16.2392,20.0,17.6
945,16.2392,20.0,17.7
946,16.2392,20.0,17.7
947,16.2392,20.0,17.7
948,16.2392,20.0,17.7
949,16.2392,20.0,17.7
950,16.2392,20.0,17.7
951,16.2392,20.0,17.8
952,16.2392,20.0,17.8
953,16.2392,20.0,17.8
954,16.2392,20.0,17.8
955,16.2392,20.0,17.8
956,16.2392,20.0,17.9
957,16.2392,20.0,17.9
958,16.2392,20.0,17.9
959,16.2392,20.0,17.9
960,16.2392,20.0,17.9
961,16.2389,20.0,17.9
962,16.2389,20.0,18.0
963,16.2389,20.0,18.0
964,16.2389,20.0,18.0
965,16.2389,20.0,18.0
966,16.2389,20.0,18.0
967,16.2389,20.0,18.1
968,16.2389,20.0,18.1
969,16.2389,20.0,18.1
970,16.2389,20.0,18.1
971,16.2389,20.0,18.1
972,16.2389,20.0,18.1
973,16.2389,20.0,18.2
974,16.2389,20.0,18.2
975,16.2389,20.0,18.2
976,16.2389,20.0,18.2
977,16.2389,20.0,18.2
978,16.2389,20.0,18.2
979,16.2389,20.0,18.3
980,16.2389,20.0,18.3
981,16.2386,20.0,18.3
982,16.2386,20.0,18.3
983,16.2386,20.0,18.4
984,16.2386,20.0,18.4
985,16.2386,20.0,18.4
986,16.2386,20.0,18.4
987,16.2386,20.0,18.4
988,16.2386,20.0,18.4
989,16.2386,20.0,18.5
990,16.2386,20.0,18.5
991,16.2386,20.0,18.5
992,16.2386,20.0,18.5
993,16.2386,20.0,18.5
994,16.2386,20.0,18.6
995,16.2386,20.0,18.6
996,16.2386,20.0,18.6
997,16.2386,20.0,18.6
998,16.2386,20.0,18.6
999,16.2386,20.0,18.7
1000,16.2386,20.0,18.7
1001,16.2383,20.0,18.7
1002,16.2383,20.0,18.7
1003,16.2383,20.0,18.7
1004,16.2383,20.0,18.7
1005,16.2383,20.0,18.8
1006,16.2383,20.0,18.8
1007,16.2383,20.0,18.8
1008,16.2383,20.0,18.8
1009,16.2383,20.0,18.8
1010,16.2383,20.0,18.9
1011,16.2383,20.0,18.9
1012,16.2383,20.0,18.9
1013,16.2383,20.0,18.9
1014,16.2383,20.0,18.9
1015,16.2383,20.0,18.9
1016,16.2383,20.0,19.0
1017,16.2383,20.0,19.0
1018,16.2383,20.0,19.0
1019,16.2383,20.0,19.0
1020,16.2383,20.0,19.0
1021,16.2381,20.0,19.1
1022,16.2381,20.0,19.1
1023,16.2381,20.0,19.1
1024,16.2381,20.0,19.1
1025,16.2381,20.0,19.4
1026,16.2381,20.0,19.4
1027,16.2381,20.0,19.4
1028,16.2381,20.0,19.4
1029,16.2381,20.0,19.4
1030,16.2381,20.0,19.5
1031,16.2381,20.0,19.5
1032,16.2381,20.0,19.5
1033,16.2381,20.0,19.5
1034,16.2381,20.0,19.5
1035,16.2381,20.0,19.5
1036,16.2381,20.0,19.6
1037,16.2381,20.0,19.6
1038,16.2381,20.0,19.6
1039,16.2381,20.0,19.6
1040,16.2381,20.0,19.6
1041,16.1994,20.0,19.7
1042,16.1994,20.0,19.7
1043,16.1994,20.0,19.7
1044,16.1994,20.0,19.7
1045,16.1994,20.0,19.8
1046,16.1994,20.0,19.8
1047,16.1994,20.0,19.8
1048,16.1994,20.0,19.8
1049,16.1994,20.0,19.8
1050,16.1994,20.0,19.8
1051,16.1994,20.0,19.9
1052,16.1994,20.0,19.9
1053,16.1994,20.0,19.9
1054,16.1994,20.0,19.9
1055,16.1994,20.0,19.9
1056,16.1994,20.0,20.0
1057,16.1994,20.0,20.0
1058,16.1994,20.0,20.0
1059,16.1994,20.0,20.0
1060,16.1994,20.0,20.0
1061,16.1622,20.0,20.0
1062,16.1622,20.0,20.1
1063,16.1622,20.0,20.1
1064,16.1622,20.0,20.1
1065,16.1622,20.0,20.1
1066,16.1622,20.0,20.1
1067,16.1622,20.0,20.2
1068,16.1622,20.0,20.2
1069,16.1622,20.0,20.2
1070,16.1622,20.0,20.2
1071,16.1622,20.0,20.2
1072,16.1622,20.0,20.2
1073,16.1622,20.0,20.3
1074,16.1622,20.0,20.3
1075,16.1622,20.0,20.3
1076,16.1622,20.0,20.3
1077,16.1622,20.0,20.3
1078,16.1622,20.0,20.4
1079,16.1622,20.0,20.4
1080,16.1622,20.0,20.4
1081,16.1264,20.0,20.4
1082,16.1264,20.0,20.5
1083,16.1264,20.0,20.5
1084,16.1264,20.0,20.5
1085,16.1264,20.0,20.5
1086,16.1264,20.0,20.5
1087,16.1264,20.0,20.6
1088,16.1264,20.0,20.6
1089,16.1264,20.0,20.6
1090,16.1264,20.0,20.6
1091,16.1264,20.0,20.6
1092,16.1264,20.0,20.7
1093,16.1264,20.0,20.7
1094,16.1264,20.0,20.7
1095,16.1264,20.0,20.7
1096,16.1264,20.0,20.7
1097,16.1264,20.0,20.7
1098,16.1264,20.0,20.8
1099,16.1264,20.0,20.8
1100,16.1264,20.0,20.8
1101,16.0918,20.0,20.8
1102,16.0918,20.0,20.8
1103,16.0918,20.0,20.9
1104,16.0918,20.0,20.9
1105,16.0918,20.0,20.9
1106,16.0918,20.0,20.9
1107,16.0918,20.0,20.9
1108,16.0918,20.0,21.0
1109,16.0918,20.0,21.0
1110,16.0918,20.0,21.0
1111,16.0918,20.0,21.0
1112,16.0918,20.0,21.0
1113,16.0918,20.0,21.1
1114,16.0918,20.0,21.1
1115,16.0918,20.0,21.1
1116,16.0918,20.0,21.1
1117,16.0918,20.0,21.1
1118,16.0918,20.0,21.1
1119,16.0918,20.0,21.1
1120,16.0918,20.0,21.2
1121,16.0585,20.0,21.2
1122,16.0585,20.0,21.2
1123,16.0585,20.0,21.2
1124,16.0585,20.0,21.2
1125,16.0585,20.0,21.2
1126,16.0585,20.0,21.3
1127,16.0585,20.0,21.3
1128,16.0585,20.0,21.3
1129,16.0585,20.0,21.3
1130,16.0585,20.0,21.3
1131,16.0585,20.0,21.4
1132,16.0585,20.0,21.4
1133,16.0585,20.0,21.4
1134,16.0585,20.0,21.4
1135,16.0585,20.0,21.4
1136,16.0585,20.0,21.4
1137,16.0585,20.0,21.5
1138,16.0585,20.0,21.5
1139,16.0585,20.0,21.5
1140,16.0585,20.0,21.5
1141,16.0264,20.0,21.6
1142,16.0264,20.0,21.6
1143,16.0264,20.0,21.6
1144,16.0264,20.0,21.6
1145,16.0264,20.0,21.6
1146,16.0264,20.0,21.6
1147,16.0264,20.0,21.7
1148,16.0264,20.0,21.7
1149,16.0264,20.0,21.7
1150,16.0264,20.0,21.7
1151,16.0264,20.0,21.7
1152,16.0264,20.0,21.8
1153,16.0264,20.0,21.8
1154,16.0264,20.0,21.8
1155,16.0264,20.0,21.8
1156,16.0264,20.0,21.8
1157,16.0264,20.0,21.8
1158,16.0264,20.0,21.9
1159,16.0264,20.0,21.9
1160,16.0264,20.0,21.9
1161,15.9954,20.0,21.9
1162,15.9954,20.0,21.9
1163,15.9954,20.0,22.0
1164,15.9954,20.0,22.0
1165,15.9954,20.0,22.0
1166,15.9954,20.0,22.0
1167,15.9954,20.0,22.0
1168,15.9954,20.0,22.0
1169,15.9954,20.0,22.1
1170,15.9954,20.0,22.1
1171,15.9954,20.0,22.1
1172,15.9954,20.0,22.1
1173,15.9954,20.0,22.1
1174,15.9954,20.0,22.1
1175,15.9954,20.0,22.2
1176,15.9954,20.0,22.2
1177,15.9954,20.0,22.2
1178,15.9954,20.0,22.2
1179,15.9954,20.0,22.2
1180,15.9954,20.0,22.2
1181,15.9654,20.0,22.3
1182,15.9654,20.0,22.3
1183,15.9654,20.0,22.3
1184,15.9654,20.0,22.3
1185,15.9654,20.0,22.3
1186,15.9654,20.0,22.3
1187,15.9654,20.0,22.4
1188,15.9654,20.0,22.4
1189,15.9654,20.0,22.4
1190,15.9654,20.0,22.4
1191,15.9654,20.0,22.4
1192,15.9654,20.0,22.5
1193,15.9654,20.0,22.5
1194,15.9654,20.0,22.5
1195,15.9654,20.0,22.5
1196,15.9654,20.0,22.5
1197,15.9654,20.0,22.5
1198,15.9654,20.0,22.6
1199,15.9654,20.0,22.6
1200,15.9654,20.0,22.6
1201,15.9364,20.0,22.6
1202,15.9364,20.0,22.6
1203,15.9364,20.0,22.6
1204,15.9364,20.0,22.7
1205,15.9364,20.0,22.7
1206,15.9364,20.0,22.7
1207,15.9364,20.0,22.7
1208,15.9364,20.0,22.7
1209,15.9364,20.0,22.8
1210,15.9364,20.0,22.8
1211,15.9364,20.0,22.8
1212,15.9364,20.0,22.8
1213,15.9364,20.0,22.8
1214,15.9364,20.0,22.8
1215,15.9364,20.0,22.9
1216,15.9364,20.0,22.9
1217,15.9364,20.0,22.9
1218,15.9364,20.0,22.9
1219,15.9364,20.0,22.9
1220,15.9364,20.0,22.9
1221,15.9084,20.0,23.0
1222,15.9084,20.0,23.0
1223,15.9084,20.0,23.0
1224,15.9084,20.0,23.0
1225,15.9084,20.0,23.0
1226,15.9084,20.0,23.1
1227,15.9084,20.0,23.1
1228,15.9084,20.0,23.1
1229,15.9084,20.0,23.1
1230,15.9084,20.0,23.1
1231,15.9084,20.0,23.1
1232,15.9084,20.0,23.2
1233,15.9084,20.0,23.2
1234,15.9084,20.0,23.2
1235,15.9084,20.0,23.2
1236,15.9084,20.0,23.2
1237,15.9084,20.0,23.3
1238,15.9084,20.0,23.3
1239,15.9084,20.0,23.3
1240,15.9084,20.0,23.3
1241,15.8813,20.0,23.3
1242,15.8813,20.0,23.3
1243,15.8813,20.0,23.4
1244,15.8813,20.0,23.4
1245,15.8813,20.0,23.4
1246,15.8813,20.0,23.4
1247,15.8813,20.0,23.4
1248,15.8813,20.0,23.4
1249,15.8813,20.0,23.5
1250,15.8813,20.0,23.5
1251,15.8813,20.0,23.5
1252,15.8813,20.0,23.5
1253,15.8813,20.0,23.5
1254,15.8813,20.0,23.6
1255,15.8813,20.0,23.6
1256,15.8813,20.0,23.6
1257,15.8813,20.0,23.6
1258,15.8813,20.0,23.6
1259,15.8813,20.0,23.7
1260,15.8813,20.0,23.7
1261,15.8551,20.0,23.7
1262,15.8551,20.0,23.7
1263,15.8551,20.0,23.7
1264,15.8551,20.0,23.7
1265,15.8551,20.0,23.8
1266,15.8551,20.0,23.8
1267,15.8551,20.0,23.8
1268,15.8551,20.0,23.8
1269,15.8551,20.0,23.8
1270,15.8551,20.0,23.8
1271,15.8551,20.0,23.9
1272,15.8551,20.0,23.9
1273,15.8551,20.0,23.9
1274,15.8551,20.0,23.9
1275,15.8551,20.0,23.9
1276,15.8551,20.0,24.0
1277,15.8551,20.0,24.0
1278,15.8551,20.0,24.0
1279,15.8551,20.0,24.0
1280,15.8551,20.0,24.0
1281,15.8296,20.0,24.0
1282,15.8296,20.0,24.1
1283,15.8296,20.0,24.1
1284,15.8296,20.0,24.1
1285,15.8296,20.0,24.1
1286,15.8296,20.0,24.1
1287,15.8296,20.0,24.2
1288,15.8296,20.0,24.2
1289,15.8296,20.0,24.2
1290,15.8296,20.0,24.2
1291,15.8296,20.0,24.2
1292,15.8296,20.0,24.3
1293,15.8296,20.0,24.3
1294,15.8296,20.0,24.3
1295,15.8296,20.0,24.3
1296,15.8296,20.0,24.3
1297,15.8296,20.0,24.4
1298,15.8296,20.0,24.4
1299,15.8296,20.0,24.4
1300,15.8296,20.0,24.4
1301,15.8050,20.0,24.4
1302,15.8050,20.0,24.5
1303,15.8050,20.0,24.5
1304,15.8050,20.0,24.5
1305,15.8050,20.0,24.5
1306,15.8050,20.0,24.5
1307,15.8050,20.0,24.5
1308,15.8050,20.0,24.6
1309,15.8050,20.0,24.6
1310,15.8050,20.0,24.6
1311,15.8050,20.0,24.6
1312,15.8050,20.0,24.6
1313,15.8050,20.0,24.6
1314,15.8050,20.0,24.7
1315,15.8050,20.0,24.7
1316,15.8050,20.0,24.7
1317,15.8050,20.0,24.7
1318,15.8050,20.0,24.7
1319,15.8050,20.0,24.8
1320,15.8050,20.0,24.8
1321,15.7811,20.0,24.8
1322,15.7811,20.0,24.8
1323,15.7811,20.0,24.8
1324,15.7811,20.0,24.9
1325,15.7811,20.0,24.9
1326,15.7811,20.0,24.9
1327,15.7811,20.0,24.9
1328,15.7811,20.0,24.9
1329,15.7811,20.0,25.0
1330,15.7811,20.0,25.0
1331,15.7811,20.0,25.0
1332,15.7811,20.0,25.0
1333,15.7811,20.0,25.0
1334,15.7811,20.0,25.1
1335,15.7811,20.0,25.1
1336,15.7811,20.0,25.1
1337,15.7811,20.0,25.1
1338,15.7811,20.0,25.1
1339,15.7811,20.0,25.2
1340,15.7811,20.0,25.2
1341,15.7579,20.0,25.2
1342,15.7579,20.0,25.2
1343,15.7579,20.0,25.2
1344,15.7579,20.0,25.3
1345,15.7579,20.0,25.3
1346,15.7579,20.0,25.3
1347,15.7579,20.0,25.3
1348,15.7579,20.0,25.3
1349,15.7579,20.0,25.3
1350,15.7579,20.0,25.4
1351,15.7579,20.0,25.4
1352,15.7579,20.0,25.4
1353,15.7579,20.0,25.4
1354,15.7579,20.0,25.4
1355,15.7579,20.0,25.4
1356,15.7579,20.0,25.5
1357,15.7579,20.0,25.5
1358,15.7579,20.0,25.5
1359,15.7579,20.0,25.5
1360,15.7579,20.0,25.5
1361,15.7354,20.0,25.6
1362,15.7354,20.0,25.6
1363,15.7354,20.0,25.6
1364,15.7354,20.0,25.6
1365,15.7354,20.0,25.6
1366,15.7354,20.0,25.6
1367,15.7354,20.0,25.7
1368,15.7354,20.0,25.7
1369,15.7354,20.0,25.7
1370,15.7354,20.0,25.7
1371,15.7354,20.0,25.7
1372,15.7354,20.0,25.7
1373,15.7354,20.0,25.8
1374,15.7354,20.0,25.8
1375,15.7354,20.0,25.8
1376,15.7354,20.0,25.8
1377,15.7354,20.0,25.8
1378,15.7354,20.0,25.9
1379,15.7354,20.0,25.9
1380,15.7354,20.0,25.9
1381,15.7135,20.0,25.9
1382,15.7135,20.0,25.9
1383,15.7135,20.0,25.9
1384,15.7135,20.0,26.0
1385,15.7135,20.0,26.0
1386,15.7135,20.0,26.0
1387,15.7135,20.0,26.0
1388,15.7135,20.0,26.0
1389,15.7135,20.0,26.1
1390,15.7135,20.0,26.1
1391,15.7135,20.0,26.1
1392,15.7135,20.0,26.1
1393,15.7135,20.0,26.1
1394,15.7135,20.0,26.2
1395,15.7135,20.0,26.2
1396,15.7135,20.0,26.2
1397,15.7135,20.0,26.2
1398,15.7135,20.0,26.2
1399,15.7135,20.0,26.3
1400,15.7135,20.0,26.3
1401,15.6923,20.0,26.3
1402,15.6923,20.0,26.3
1403,15.6923,20.0,26.3
1404,15.6923,20.0,26.3
1405,15.6923,20.0,26.4
1406,15.6923,20.0,26.4
1407,15.6923,20.0,26.4
1408,15.6923,20.0,26.4
1409,15.6923,20.0,26.4
1410,15.6923,20.0,26.5
1411,15.6923,20.0,26.5
1412,15.6923,20.0,26.5
1413,15.6923,20.0,26.5
1414,15.6923,20.0,26.5
1415,15.6923,20.0,26.5
1416,15.6923,20.0,26.6
1417,15.6923,20.0,26.6
1418,15.6923,20.0,26.6
1419,15.6923,20.0,26.6
1420,15.6923,20.0,26.6
1421,15.6716,20.0,26.7
1422,15.6716,20.0,26.7
1423,15.6716,20.0,26.7
1424,15.6716,20.0,26.7
1425,15.6716,20.0,26.7
1426,15.6716,20.0,26.7
1427,15.6716,20.0,26.8
1428,15.6716,20.0,26.8
1429,15.6716,20.0,26.8
1430,15.6716,20.0,26.8
1431,15.6716,20.0,26.8
1432,15.6716,20.0,26.9
1433,15.6716,20.0,26.9
1434,15.6716,20.0,26.9
1435,15.6716,20.0,26.9
1436,15.6716,20.0,26.9
1437,15.6716,20.0,26.9
1438,15.6716,20.0,27.0
1439,15.6716,20.0,27.0
1440,15.6716,20.0,27.0
1441,15.6516,20.0,27.0
1442,15.6516,20.0,27.0
1443,15.6516,20.0,27.1
1444,15.6516,20.0,27.1
1445,15.6516,20.0,27.1
1446,15.6516,20.0,27.1
1447,15.6516,20.0,27.1
1448,15.6516,20.0,27.2
1449,15.6516,20.0,27.2
1450,15.6516,20.0,27.2
1451,15.6516,20.0,27.2
1452,15.6516,20.0,27.2
1453,15.6516,20.0,27.2
1454,15.6516,20.0,27.3
1455,15.6516,20.0,27.3
1456,15.6516,20.0,27.3
1457,15.6516,20.0,27.3
1458,15.6516,20.0,27.3
1459,15.6516,20.0,27.4
1460,15.6516,20.0,27.4
1461,15.6321,20.0,27.4
1462,15.6321,20.0,27.4
1463,15.6321,20.0,27.4
1464,15.6321,20.0,27.5
1465,15.6321,20.0,27.5
1466,15.6321,20.0,27.5
1467,15.6321,20.0,27.5
1468,15.6321,20.0,27.5
1469,15.6321,20.0,27.5
1470,15.6321,20.0,27.6
1471,15.6321,20.0,27.6
1472,15.6321,20.0,27.6
1473,15.6321,20.0,27.6
1474,15.6321,20.0,27.6
1475,15.6321,20.0,27.7
1476,15.6321,20.0,27.7
1477,15.6321,20.0,27.7
1478,15.6321,20.0,27.7
1479,15.6321,20.0,27.7
1480,15.6321,20.0,27.7
1481,15.6131,20.0,27.8
1482,15.6131,20.0,27.8
1483,15.6131,20.0,27.8
1484,15.6131,20.0,27.8
1485,15.6131,20.0,27.8
1486,15.6131,20.0,27.8
1487,15.6131,20.0,27.9
1488,15.6131,20.0,27.9
1489,15.6131,20.0,27.9
1490,15.6131,20.0,27.9
1491,15.6131,20.0,27.9
1492,15.6131,20.0,28.0
1493,15.6131,20.0,28.0
1494,15.6131,20.0,28.0
1495,15.6131,20.0,28.0
1496,15.6131,20.0,28.0
1497,15.6131,20.0,28.0
1498,15.6131,20.0,28.1
1499,15.6131,20.0,28.1
1500,15.6131,20.0,28.1
1501,15.5946,20.0,28.1
1502,15.5946,20.0,28.1
1503,15.5946,20.0,28.1
1504,15.5946,20.0,28.2
1505,15.5946,20.0,28.2
1506,15.5946,20.0,28.2
1507,15.5946,20.0,28.2
1508,15.5946,20.0,28.2
1509,15.5946,20.0,28.3
1510,15.5946,20.0,28.3
1511,15.5946,20.0,28.3
1512,15.5946,20.0,28.3
1513,15.5946,20.0,28.3
1514,15.5946,20.0,28.3
1515,15.5946,20.0,28.4
1516,15.5946,20.0,28.4
1517,15.5946,20.0,28.4
1518,15.5946,20.0,28.4
1519,15.5946,20.0,28.4
1520,15.5946,20.0,28.5
1521,15.5766,20.0,28.5
1522,15.5766,20.0,28.5
1523,15.5766,20.0,28.5
1524,15.5766,20.0,28.5
1525,15.5766,20.0,28.6
1526,15.5766,20.0,28.6
1527,15.5766,20.0,28.6
1528,15.5766,20.0,28.6
1529,15.5766,20.0,28.6
1530,15.5766,20.0,28.7
1531,15.5766,20.0,28.7
1532,15.5766,20.0,28.7
1533,15.5766,20.0,28.7
1534,15.5766,20.0,28.7
1535,15.5766,20.0,28.7
1536,15.5766,20.0,28.8
1537,15.5766,20.0,29.0
1538,15.5766,20.0,29.1
1539,15.5766,20.0,29.1
1540,15.5766,20.0,29.1
1541,15.5855,20.0,29.1
1542,15.5855,20.0,29.1
1543,15.5855,20.0,29.1
1544,15.5855,20.0,29.2
1545,15.5855,20.0,29.2
1546,15.5855,20.0,29.2
1547,15.5855,20.0,29.2
1548,15.5855,20.0,29.3
1549,15.5855,20.0,29.3
1550,15.5855,20.0,29.3
1551,15.5855,20.0,29.3
1552,15.5855,20.0,29.4
1553,15.5855,20.0,29.4
1554,15.5855,20.0,29.4
1555,15.5855,20.0,29.4
1556,15.5855,20.0,29.5
1557,15.5855,20.0,29.5
1558,15.5855,20.0,29.5
1559,15.5855,20.0,29.5
1560,15.5855,20.0,29.5
1561,15.6191,20.0,29.6
1562,15.6191,20.0,29.6
1563,15.6191,20.0,29.6
1564,15.6191,20.0,29.6
1565,15.6191,20.0,29.6
1566,15.6191,20.0,29.7
1567,15.6191,20.0,29.7
1568,15.6191,20.0,29.7
1569,15.6191,20.0,29.7
1570,15.6191,20.0,29.7
1571,15.6191,20.0,29.7
1572,15.6191,20.0,29.8
1573,15.6191,20.0,29.8
1574,15.6191,20.0,29.8
1575,15.6191,20.0,29.8
1576,15.6191,20.0,29.8
1577,15.6191,20.0,29.9
1578,15.6191,20.0,29.9
1579,15.6191,20.0,29.9
1580,15.6191,20.0,29.9
1581,15.6517,20.0,29.9
1582,15.6517,20.0,29.9
1583,15.6517,20.0,30.0
1584,15.6517,20.0,30.0
1585,15.6517,20.0,30.0
1586,15.6517,20.0,30.0
1587,15.6517,20.0,30.0
1588,15.6517,20.0,30.0
1589,15.6517,20.0,30.1
1590,15.6517,20.0,30.1
1591,15.6517,20.0,30.1
1592,15.6517,20.0,30.1
1593,15.6517,20.0,30.1
1594,15.6517,20.0,30.2
1595,15.6517,20.0,30.2
1596,15.6517,20.0,30.2
1597,15.6517,20.0,30.2
1598,15.6517,20.0,30.2
1599,15.6517,20.0,30.3
1600,15.6517,20.0,30.3
1601,15.6836,20.0,30.3
1602,15.6836,20.0,30.3
1603,15.6836,20.0,30.3
1604,15.6836,20.0,30.4
1605,15.6836,20.0,30.4
1606,15.6836,20.0,30.4
1607,15.6836,20.0,30.4
1608,15.6836,20.0,30.4
1609,15.6836,20.0,30.4
1610,15.6836,20.0,30.5
1611,15.6836,20.0,30.5
1612,15.6836,20.0,30.5
1613,15.6836,20.0,30.5
1614,15.6836,20.0,30.5
1615,15.6836,20.0,30.6
1616,15.6836,20.0,30.6
1617,15.6836,20.0,30.6
1618,15.6836,20.0,30.6
1619,15.6836,20.0,30.6
1620,15.6836,20.0,30.7
1621,15.7147,20.0,30.7
1622,15.7147,20.0,30.7
1623,15.7147,20.0,30.7
1624,15.7147,20.0,30.7
1625,15.7147,20.0,30.7
1626,15.7147,20.0,30.8
1627,15.7147,20.0,30.8
1628,15.7147,20.0,30.8
1629,15.7147,20.0,30.8
1630,15.7147,20.0,30.8
1631,15.7147,20.0,30.9
1632,15.7147,20.0,30.9
1633,15.7147,20.0,30.9
1634,15.7147,20.0,30.9
1635,15.7147,20.0,30.9
1636,15.7147,20.0,30.9
1637,15.7147,20.0,31.0
1638,15.7147,20.0,31.0
1639,15.7147,20.0,31.0
1640,15.7147,20.0,31.0
1641,15.7450,20.0,31.0
1642,15.7450,20.0,31.1
1643,15.7450,20.0,31.1
1644,15.7450,20.0,31.1
1645,15.7450,20.0,31.1
1646,15.7450,20.0,31.1
1647,15.7450,20.0,31.1
1648,15.7450,20.0,31.2
1649,15.7450,20.0,31.2
1650,15.7450,20.0,31.2
1651,15.7450,20.0,31.2
1652,15.7450,20.0,31.2
1653,15.7450,20.0,31.2
1654,15.7450,20.0,31.3
1655,15.7450,20.0,31.3
1656,15.7450,20.0,31.3
1657,15.7450,20.0,31.3
1658,15.7450,20.0,31.3
1659,15.7450,20.0,31.4
1660,15.7450,20.0,31.4
1661,15.7746,20.0,31.4
1662,15.7746,20.0,31.4
1663,15.7746,20.0,31.4
1664,15.7746,20.0,31.5
1665,15.7746,20.0,31.5
1666,15.7746,20.0,31.5
1667,15.7746,20.0,31.5
1668,15.7746,20.0,31.5
1669,15.7746,20.0,31.6
1670,15.7746,20.0,31.6
1671,15.7746,20.0,31.6
1672,15.7746,20.0,31.6
1673,15.7746,20.0,31.6
1674,15.7746,20.0,31.7
1675,15.7746,20.0,31.7
1676,15.7746,20.0,31.7
1677,15.7746,20.0,31.7
1678,15.7746,20.0,31.7
1679,15.7746,20.0,31.8
1680,15.7746,20.0,31.8
1681,15.8035,20.0,31.8
1682,15.8035,20.0,31.8
1683,15.8035,20.0,31.8
1684,15.8035,20.0,31.8
1685,15.8035,20.0,31.9
1686,15.8035,20.0,31.9
1687,15.8035,20.0,31.9
1688,15.8035,20.0,31.9
1689,15.8035,20.0,31.9
1690,15.8035,20.0,32.0
1691,15.8035,20.0,32.0
1692,15.8035,20.0,32.0
1693,15.8035,20.0,32.0
1694,15.8035,20.0,32.0
1695,15.8035,20.0,32.1
1696,15.8035,20.0,32.1
1697,15.8035,20.0,32.1
1698,15.8035,20.0,32.1
1699,15.8035,20.0,32.1
1700,15.8035,20.0,32.1
1701,15.8317,20.0,32.2
1702,15.8317,20.0,32.2
1703,15.8317,20.0,32.2
1704,15.8317,20.0,32.2
1705,15.8317,20.0,32.2
1706,15.8317,20.0,32.2
1707,15.8317,20.0,32.3
1708,15.8317,20.0,32.3
1709,15.8317,20.0,32.3
1710,15.8317,20.0,32.3
1711,15.8317,20.0,32.4
1712,15.8317,20.0,32.4
1713,15.8317,20.0,32.4
1714,15.8317,20.0,32.4
1715,15.8317,20.0,32.4
1716,15.8317,20.0,32.4
1717,15.8317,20.0,32.5
1718,15.8317,20.0,32.5
1719,15.8317,20.0,32.5
1720,15.8317,20.0,32.5
1721,15.8593,20.0,32.5
1722,15.8593,20.0,32.6
1723,15.8593,20.0,32.6
1724,15.8593,20.0,32.6
1725,15.8593,20.0,32.6
1726,15.8593,20.0,32.6
1727,15.8593,20.0,32.7
1728,15.8593,20.0,32.7
1729,15.8593,20.0,32.7
1730,15.8593,20.0,32.7
1731,15.8593,20.0,32.8
1732,15.8593,20.0,32.8
1733,15.8593,20.0,32.8
1734,15.8593,20.0,32.8
1735,15.8593,20.0,32.8
1736,15.8593,20.0,32.8
1737,15.8593,20.0,32.9
1738,15.8593,20.0,32.9
1739,15.8593,20.0,32.9
1740,15.8593,20.0,32.9
1741,15.8862,20.0,32.9
1742,15.8862,20.0,33.0
1743,15.8862,20.0,33.0
1744,15.8862,20.0,33.0
1745,15.8862,20.0,33.0
1746,15.8862,20.0,33.0
1747,15.8862,20.0,33.1
1748,15.8862,20.0,33.1
1749,15.8862,20.0,33.1
1750,15.8862,20.0,33.1
1751,15.8862,20.0,33.1
1752,15.8862,20.0,33.1
1753,15.8862,20.0,33.2
1754,15.8862,20.0,33.2
1755,15.8862,20.0,33.2
1756,15.8862,20.0,33.2
1757,15.8862,20.0,33.2
1758,15.8862,20.0,33.2
1759,15.8862,20.0,33.3
1760,15.8862,20.0,33.3
1761,15.9125,20.0,33.3
1762,15.9125,20.0,33.3
1763,15.9125,20.0,33.3
1764,15.9125,20.0,33.3
1765,15.9125,20.0,33.4
1766,15.9125,20.0,33.4
1767,15.9125,20.0,33.4
1768,15.9125,20.0,33.5
1769,15.9125,20.0,33.5
1770,15.9125,20.0,33.5
1771,15.9125,20.0,33.6
1772,15.9125,20.0,33.6
1773,15.9125,20.0,33.6
1774,15.9125,20.0,33.6
1775,15.9125,20.0,33.7
1776,15.9125,20.0,33.7
1777,15.9125,20.0,33.7
1778,15.9125,20.0,33.7
1779,15.9125,20.0,33.8
1780,15.9125,20.0,33.8
1781,15.9382,20.0,33.8
1782,15.9382,20.0,33.9
1783,15.9382,20.0,34.0
1784,15.9382,20.0,34.0
1785,15.9382,20.0,34.0
1786,15.9382,20.0,34.0
1787,15.9382,20.0,34.0
1788,15.9382,20.0,34.1
1789,15.9382,20.0,34.1
1790,15.9382,20.0,34.1
1791,15.9382,20.0,34.1
1792,15.9382,20.0,34.1
1793,15.9382,20.0,34.2
1794,15.9382,20.0,34.2
1795,15.9382,20.0,34.2
1796,15.9382,20.0,34.2
1797,15.9382,20.0,34.2
1798,15.9382,20.0,34.3
1799,15.9382,20.0,34.3
1800,15.9382,20.0,34.3
1801,15.9634,20.0,34.3
1802,15.9634,20.0,34.3
1803,15.9634,20.0,34.4
1804,15.9634,20.0,34.4
1805,15.9634,20.0,34.4
1806,15.9634,20.0,34.4
1807,15.9634,20.0,34.4
1808,15.9634,20.0,34.5
1809,15.9634,20.0,34.5
1810,15.9634,20.0,34.5
1811,15.9634,20.0,34.5
1812,15.9634,20.0,34.6
1813,15.9634,20.0,34.6
1814,15.9634,20.0,34.6
1815,15.9634,20.0,34.6
1816,15.9634,20.0,34.6
1817,15.9634,20.0,34.6
1818,15.9634,20.0,34.7
1819,15.9634,20.0,34.7
1820,15.9634,20.0,34.7
1821,15.9880,20.0,34.7
1822,15.9880,20.0,34.7
1823,15.9880,20.0,34.8
1824,15.9880,20.0,34.8
1825,15.9880,20.0,34.8
1826,15.9880,20.0,34.8
1827,15.9880,20.0,34.8
1828,15.9880,20.0,34.9
1829,15.9880,20.0,34.9
1830,15.9880,20.0,34.9
1831,15.9880,20.0,34.9
1832,15.9880,20.0,34.9
1833,15.9880,20.0,35.0
1834,15.9880,20.0,35.0
1835,15.9880,20.0,35.0
1836,15.9880,20.0,35.0
1837,15.9880,20.0,35.0
1838,15.9880,20.0,35.1
1839,15.9880,20.0,35.1
1840,15.9880,20.0,35.1
1841,16.0120,20.0,35.1
1842,16.0120,20.0,35.1
1843,16.0120,20.0,35.1
1844,16.0120,20.0,35.2
1845,16.0120,20.0,35.2
1846,16.0120,20.0,35.2
1847,16.0120,20.0,35.2
1848,16.0120,20.0,35.2
1849,16.0120,20.0,35.2
1850,16.0120,20.0,35.3
1851,16.0120,20.0,35.3
1852,16.0120,20.0,35.3
1853,16.0120,20.0,35.3
1854,16.0120,20.0,35.3
1855,16.0120,20.0,35.3
1856,16.0120,20.0,35.4
1857,16.0120,20.0,35.4
1858,16.0120,20.0,35.4
1859,16.0120,20.0,35.4
1860,16.0120,20.0,35.4
1861,16.0356,20.0,35.5
1862,16.0356,20.0,35.5
1863,16.0356,20.0,35.5
1864,16.0356,20.0,35.5
1865,16.0356,20.0,35.5
1866,16.0356,20.0,35.6
1867,16.0356,20.0,35.6
1868,16.0356,20.0,35.6
1869,16.0356,20.0,35.6
1870,16.0356,20.0,35.6
1871,16.0356,20.0,35.7
1872,16.0356,20.0,35.7
1873,16.0356,20.0,35.7
1874,16.0356,20.0,35.7
1875,16.0356,20.0,35.7
1876,16.0356,20.0,35.8
1877,16.0356,20.0,35.8
1878,16.0356,20.0,35.8
1879,16.0356,20.0,35.8
1880,16.0356,20.0,35.9
1881,16.0586,20.0,35.9
1882,16.0586,20.0,35.9
1883,16.0586,20.0,35.9
1884,16.0586,20.0,35.9
1885,16.0586,20.0,36.0
1886,16.0586,20.0,36.0
1887,16.0586,20.0,36.0
1888,16.0586,20.0,36.0
1889,16.0586,20.0,36.0
1890,16.0586,20.0,36.1
1891,16.0586,20.0,36.1
1892,16.0586,20.0,36.1
1893,16.0586,20.0,36.1
1894,16.0586,20.0,36.1
1895,16.0586,20.0,36.2
1896,16.0586,20.0,36.2
1897,16.0586,20.0,36.2
1898,16.0586,20.0,36.2
1899,16.0586,20.0,36.2
1900,16.0586,20.0,36.2
1901,16.0812,20.0,36.3
1902,16.0812,20.0,36.3
1903,16.0812,20.0,36.3
1904,16.0812,20.0,36.3
1905,16.0812,20.0,36.3
1906,16.0812,20.0,36.4
1907,16.0812,20.0,36.4
1908,16.0812,20.0,36.4
1909,16.0812,20.0,36.4
1910,16.0812,20.0,36.4
1911,16.0812,20.0,36.5
1912,16.0812,20.0,36.5
1913,16.0812,20.0,36.5
1914,16.0812,20.0,36.5
1915,16.0812,20.0,36.5
1916,16.0812,20.0,36.6
1917,16.0812,20.0,36.6
1918,16.0812,20.0,36.6
1919,16.0812,20.0,36.6
1920,16.0812,20.0,36.6
1921,16.1032,20.0,36.6
1922,16.1032,20.0,36.7
1923,16.1032,20.0,36.7
1924,16.1032,20.0,36.7
1925,16.1032,20.0,36.7
1926,16.1032,20.0,36.7
1927,16.1032,20.0,36.8
1928,16.1032,20.0,36.8
1929,16.1032,20.0,36.8
1930,16.1032,20.0,36.8
1931,16.1032,20.0,36.8
1932,16.1032,20.0,36.9
1933,16.1032,20.0,36.9
1934,16.1032,20.0,36.9
1935,16.1032,20.0,36.9
1936,16.1032,20.0,36.9
1937,16.1032,20.0,37.0
1938,16.1032,20.0,37.0
1939,16.1032,20.0,37.0
1940,16.1032,20.0,37.0
1941,16.1249,20.0,37.0
1942,16.1249,20.0,37.0
1943,16.1249,20.0,37.1
1944,16.1249,20.0,37.1
1945,16.1249,20.0,37.1
1946,16.1249,20.0,37.1
1947,16.1249,20.0,37.1
1948,16.1249,20.0,37.1
1949,16.1249,20.0,37.2
1950,16.1249,20.0,37.2
1951,16.1249,20.0,37.2
1952,16.1249,20.0,37.2
1953,16.1249,20.0,37.2
1954,16.1249,20.0,37.3
1955,16.1249,20.0,37.3
1956,16.1249,20.0,37.3
1957,16.1249,20.0,37.3
1958,16.1249,20.0,37.3
1959,16.1249,20.0,37.3
1960,16.1249,20.0,37.4
1961,16.1461,20.0,37.4
1962,16.1461,20.0,37.4
1963,16.1461,20.0,37.4
1964,16.1461,20.0,37.4
1965,16.1461,20.0,37.5
1966,16.1461,20.0,37.5
1967,16.1461,20.0,37.5
1968,16.1461,20.0,37.5
1969,16.1461,20.0,37.5
1970,16.1461,20.0,37.6
1971,16.1461,20.0,37.6
1972,16.1461,20.0,37.6
1973,16.1461,20.0,37.6
1974,16.1461,20.0,37.6
1975,16.1461,20.0,37.7
1976,16.1461,20.0,37.7
1977,16.1461,20.0,37.7
1978,16.1461,20.0,37.7
1979,16.1461,20.0,37.7
1980,16.1461,20.0,37.8
1981,16.1668,20.0,37.8
1982,16.1668,20.0,37.8
1983,16.1668,20.0,37.8
1984,16.1668,20.0,37.8
1985,16.1668,20.0,37.9
1986,16.1668,20.0,37.9
1987,16.1668,20.0,37.9
1988,16.1668,20.0,37.9
1989,16.1668,20.0,37.9
1990,16.1668,20.0,38.0
1991,16.1668,20.0,38.0
1992,16.1668,20.0,38.0
1993,16.1668,20.0,38.0
1994,16.1668,20.0,38.0
1995,16.1668,20.0,38.0
1996,16.1668,20.0,38.1
1997,16.1668,20.0,38.1
1998,16.1668,20.0,38.1
1999,16.1668,20.0,38.1
2000,16.1668,20.0,38.1
2001,16.1872,20.0,38.2
2002,16.1872,20.0,38.2
2003,16.1872,20.0,38.2
2004,16.1872,20.0,38.2
2005,16.1872,20.0,38.3
2006,16.1872,20.0,38.3
2007,16.1872,20.0,38.3
2008,16.1872,20.0,38.3
2009,16.1872,20.0,38.3
2010,16.1872,20.0,38.4
2011,16.1872,20.0,38.4
2012,16.1872,20.0,38.4
2013,16.1872,20.0,38.4
2014,16.1872,20.0,38.4
2015,16.1872,20.0,38.5
2016,16.1872,20.0,38.5
2017,16.1872,20.0,38.5
2018,16.1872,20.0,38.5
2019,16.1872,20.0,38.5
2020,16.1872,20.0,38.6
2021,16.2067,20.0,38.6
2022,16.2067,20.0,38.6
2023,16.2067,20.0,38.6
2024,16.2067,20.0,38.6
2025,16.2067,20.0,38.6
2026,16.2067,20.0,38.7
2027,16.2067,20.0,38.7
2028,16.2067,20.0,38.7
2029,16.2067,20.0,38.7
2030,16.2067,20.0,38.7
2031,16.2067,20.0,38.8
2032,16.2067,20.0,38.8
2033,16.2067,20.0,38.8
2034,16.2067,20.0,38.8
2035,16.2067,20.0,38.8
2036,16.2067,20.0,38.9
2037,16.2067,20.0,38.9
2038,16.2067,20.0,38.9
2039,16.2067,20.0,38.9
2040,16.2067,20.0,38.9
2041,16.2261,20.0,39.0
2042,16.2261,20.0,39.0
2043,16.2261,20.0,39.0
2044,16.2261,20.0,39.0
2045,16.2261,20.0,39.0
2046,16.2261,20.0,39.1
2047,16.2261,20.0,39.1
2048,16.2261,20.0,39.1
2049,16.2261,20.0,39.3
2050,16.2261,20.0,39.4
2051,16.2261,20.0,39.4
2052,16.2261,20.0,39.4
2053,16.2261,20.0,39.4
2054,16.2261,20.0,39.4
2055,16.2261,20.0,39.5
2056,16.2261,20.0,39.5
2057,16.2261,20.0,39.5
2058,16.2261,20.0,39.5
2059,16.2261,20.0,39.5
2060,16.2261,20.0,39.6
2061,16.2250,20.0,39.6
2062,16.2250,20.0,39.6
2063,16.2250,20.0,39.6
2064,16.2250,20.0,39.6
2065,16.2250,20.0,39.6
2066,16.2250,20.0,39.7
2067,16.2250,20.0,39.7
2068,16.2250,20.0,39.7
2069,16.2250,20.0,39.7
2070,16.2250,20.0,39.7
2071,16.2250,20.0,39.8
2072,16.2250,20.0,39.8
2073,16.2250,20.0,39.8
2074,16.2250,20.0,39.8
2075,16.2250,20.0,39.8
2076,16.2250,20.0,39.8
2077,16.2250,20.0,39.9
2078,16.2250,20.0,39.9
2079,16.2250,20.0,39.9
2080,16.2250,20.0,39.9
2081,16.2239,20.0,39.9
2082,16.2239,20.0,40.0
2083,16.2239,20.0,40.0
2084,16.2239,20.0,40.0
2085,16.2239,20.0,40.0
2086,16.2239,20.0,40.0
2087,16.2239,20.0,40.1
2088,16.2239,20.0,40.1
2089,16.2239,20.0,40.1
2090,16.2239,20.0,40.1
2091,16.2239,20.0,40.1
2092,16.2239,20.0,40.1
2093,16.2239,20.0,40.2
2094,16.2239,20.0,40.2
2095,16.2239,20.0,40.2
2096,16.2239,20.0,40.2
2097,16.2239,20.0,40.2
2098,16.2239,20.0,40.2
2099,16.2239,20.0,40.3
2100,16.2239,20.0,40.3
2101,16.2228,20.0,40.3
2102,16.2228,20.0,40.3
2103,16.2228,20.0,40.3
2104,16.2228,20.0,40.4
2105,16.2228,20.0,40.4
2106,16.2228,20.0,40.4
2107,16.2228,20.0,40.4
2108,16.2228,20.0,40.5
2109,16.2228,20.0,40.5
2110,16.2228,20.0,40.5
2111,16.2228,20.0,40.5
2112,16.2228,20.0,40.6
2113,16.2228,20.0,40.6
2114,16.2228,20.0,40.6
2115,16.2228,20.0,40.6
2116,16.2228,20.0,40.6
2117,16.2228,20.0,40.7
2118,16.2228,20.0,40.7
2119,16.2228,20.0,40.7
2120,16.2228,20.0,40.7
2121,16.2216,20.0,40.7
2122,16.2216,20.0,40.8
2123,16.2216,20.0,40.8
2124,16.2216,20.0,40.8
2125,16.2216,20.0,40.8
2126,16.2216,20.0,40.8
2127,16.2216,20.0,40.9
2128,16.2216,20.0,40.9
2129,16.2216,20.0,40.9
2130,16.2216,20.0,40.9
2131,16.2216,20.0,40.9
2132,16.2216,20.0,40.9
2133,16.2216,20.0,41.0
2134,16.2216,20.0,41.0
2135,16.2216,20.0,41.0
2136,16.2216,20.0,41.0
2137,16.2216,20.0,41.0
2138,16.2216,20.0,41.1
2139,16.2216,20.0,41.1
2140,16.2216,20.0,41.1
2141,16.2205,20.0,41.1
2142,16.2205,20.0,41.1
2143,16.2205,20.0,41.1
2144,16.2205,20.0,41.2
2145,16.2205,20.0,41.2
2146,16.2205,20.0,41.2
2147,16.2205,20.0,41.2
2148,16.2205,20.0,41.3
2149,16.2205,20.0,41.3
2150,16.2205,20.0,41.3
2151,16.2205,20.0,41.3
2152,16.2205,20.0,41.3
2153,16.2205,20.0,41.3
2154,16.2205,20.0,41.4
2155,16.2205,20.0,41.4
2156,16.2205,20.0,41.4
2157,16.2205,20.0,41.4
2158,16.2205,20.0,41.4
2159,16.2205,20.0,41.4
2160,16.2205,20.0,41.5
2161,16.2194,20.0,41.5
2162,16.2194,20.0,41.5
2163,16.2194,20.0,41.5
2164,16.2194,20.0,41.6
2165,16.2194,20.0,41.6
2166,16.2194,20.0,41.6
2167,16.2194,20.0,41.6
2168,16.2194,20.0,41.6
2169,16.2194,20.0,41.7
2170,16.2194,20.0,41.7
2171,16.2194,20.0,41.7
2172,16.2194,20.0,41.7
2173,16.2194,20.0,41.7
2174,16.2194,20.0,41.7
2175,16.2194,20.0,41.8
2176,16.2194,20.0,41.8
2177,16.2194,20.0,41.8
2178,16.2194,20.0,41.8
2179,16.2194,20.0,41.8
2180,16.2194,20.0,41.9
2181,16.2182,20.0,41.9
2182,16.2182,20.0,41.9
2183,16.2182,20.0,41.9
2184,16.2182,20.0,41.9
2185,16.2182,20.0,42.0
2186,16.2182,20.0,42.0
2187,16.2182,20.0,42.0
2188,16.2182,20.0,42.0
2189,16.2182,20.0,42.0
2190,16.2182,20.0,42.0
2191,16.2182,20.0,42.1
2192,16.2182,20.0,42.1
2193,16.2182,20.0,42.1
2194,16.2182,20.0,42.1
2195,16.2182,20.0,42.1
2196,16.2182,20.0,42.2
2197,16.2182,20.0,42.2
2198,16.2182,20.0,42.2
2199,16.2182,20.0,42.2
2200,16.2182,20.0,42.2
2201,16.2171,20.0,42.3
2202,16.2171,20.0,42.3
2203,16.2171,20.0,42.3
2204,16.2171,20.0,42.3
2205,16.2171,20.0,42.3
2206,16.2171,20.0,42.4
2207,16.2171,20.0,42.4
2208,16.2171,20.0,42.4
2209,16.2171,20.0,42.4
2210,16.2171,20.0,42.4
2211,16.2171,20.0,42.5
2212,16.2171,20.0,42.5
2213,16.2171,20.0,42.5
2214,16.2171,20.0,42.5
2215,16.2171,20.0,42.5
2216,16.2171,20.0,42.6
2217,16.2171,20.0,42.6
2218,16.2171,20.0,42.6
2219,16.2171,20.0,42.6
2220,16.2171,20.0,42.6
2221,16.2160,20.0,42.7
2222,16.2160,20.0,42.7
2223,16.2160,20.0,42.7
2224,16.2160,20.0,42.7
2225,16.2160,20.0,42.7
2226,16.2160,20.0,42.8
2227,16.2160,20.0,42.8
2228,16.2160,20.0,42.8
2229,16.2160,20.0,42.8
2230,16.2160,20.0,42.8
2231,16.2160,20.0,42.9
2232,16.2160,20.0,42.9
2233,16.2160,20.0,42.9
2234,16.2160,20.0,42.9
2235,16.2160,20.0,42.9
2236,16.2160,20.0,43.0
2237,16.2160,20.0,43.0
2238,16.2160,20.0,43.0
2239,16.2160,20.0,43.0
2240,16.2160,20.0,43.0
2241,16.2149,20.0,43.1
2242,16.2149,20.0,43.1
2243,16.2149,20.0,43.1
2244,16.2149,20.0,43.1
2245,16.2149,20.0,43.1
2246,16.2149,20.0,43.2
2247,16.2149,20.0,43.2
2248,16.2149,20.0,43.2
2249,16.2149,20.0,43.2
2250,16.2149,20.0,43.2
2251,16.2149,20.0,43.2
2252,16.2149,20.0,43.3
2253,16.2149,20.0,43.3
2254,16.2149,20.0,43.3
2255,16.2149,20.0,43.3
2256,16.2149,20.0,43.3
2257,16.2149,20.0,43.4
2258,16.2149,20.0,43.4
2259,16.2149,20.0,43.4
2260,16.2149,20.0,43.4
2261,16.2137,20.0,43.4
2262,16.2137,20.0,43.5
2263,16.2137,20.0,43.5
2264,16.2137,20.0,43.5
2265,16.2137,20.0,43.5
2266,16.2137,20.0,43.5
2267,16.2137,20.0,43.6
2268,16.2137,20.0,43.6
2269,16.2137,20.0,43.6
2270,16.2137,20.0,43.6
2271,16.2137,20.0,43.6
2272,16.2137,20.0,43.7
2273,16.2137,20.0,43.7
2274,16.2137,20.0,43.7
2275,16.2137,20.0,43.7
2276,16.2137,20.0,43.7
2277,16.2137,20.0,43.7
2278,16.2137,20.0,43.8
2279,16.2137,20.0,43.8
2280,16.2137,20.0,43.8
2281,16.2126,20.0,43.8
2282,16.2126,20.0,43.9
2283,16.2126,20.0,43.9
2284,16.2126,20.0,43.9
2285,16.2126,20.0,43.9
2286,16.2126,20.0,43.9
2287,16.2126,20.0,44.0
2288,16.2126,20.0,44.0
2289,16.2126,20.0,44.0
2290,16.2126,20.0,44.0
2291,16.2126,20.0,44.0
2292,16.2126,20.0,44.0
2293,16.2126,20.0,44.1
2294,16.2126,20.0,44.1
2295,16.2126,20.0,44.1
2296,16.2126,20.0,44.1
2297,16.2126,20.0,44.1
2298,16.2126,20.0,44.2
2299,16.2126,20.0,44.2
2300,16.2126,20.0,44.2
2301,16.2115,20.0,44.2
2302,16.2115,20.0,44.2
2303,16.2115,20.0,44.2
2304,16.2115,20.0,44.3
2305,16.2115,20.0,44.3
2306,16.2115,20.0,44.3
2307,16.2115,20.0,44.3
2308,16.2115,20.0,44.3
2309,16.2115,20.0,44.4
2310,16.2115,20.0,44.4
2311,16.2115,20.0,44.4
2312,16.2115,20.0,44.4
2313,16.2115,20.0,44.4
2314,16.2115,20.0,44.4
2315,16.2115,20.0,44.5
2316,16.2115,20.0,44.5
2317,16.2115,20.0,44.5
2318,16.2115,20.0,44.5
2319,16.2115,20.0,44.5
2320,16.2115,20.0,44.6
2321,16.2104,20.0,44.6
2322,16.2104,20.0,44.6
2323,16.2104,20.0,44.6
2324,16.2104,20.0,44.6
2325,16.2104,20.0,44.7
2326,16.2104,20.0,44.7
2327,16.2104,20.0,44.7
2328,16.2104,20.0,44.7
2329,16.2104,20.0,44.7
2330,16.2104,20.0,44.7
2331,16.2104,20.0,44.8
2332,16.2104,20.0,44.8
2333,16.2104,20.0,44.8
2334,16.2104,20.0,44.8
2335,16.2104,20.0,44.8
2336,16.2104,20.0,44.9
2337,16.2104,20.0,44.9
2338,16.2104,20.0,44.9
2339,16.2104,20.0,44.9
2340,16.2104,20.0,44.9
2341,16.2092,20.0,45.0
2342,16.2092,20.0,45.0
2343,16.2092,20.0,45.0
2344,16.2092,20.0,45.0
2345,16.2092,20.0,45.0
2346,16.2092,20.0,45.1
2347,16.2092,20.0,45.1
2348,16.2092,20.0,45.1
2349,16.2092,20.0,45.1
2350,16.2092,20.0,45.1
2351,16.2092,20.0,45.2
2352,16.2092,20.0,45.2
2353,16.2092,20.0,45.2
2354,16.2092,20.0,45.2
2355,16.2092,20.0,45.2
2356,16.2092,20.0,45.2
2357,16.2092,20.0,45.3
2358,16.2092,20.0,45.3
2359,16.2092,20.0,45.3
2360,16.2092,20.0,45.3
2361,16.2081,20.0,45.3
2362,16.2081,20.0,45.4
2363,16.2081,20.0,45.4
2364,16.2081,20.0,45.4
2365,16.2081,20.0,45.4
2366,16.2081,20.0,45.4
2367,16.2081,20.0,45.4
2368,16.2081,20.0,45.5
2369,16.2081,20.0,45.5
2370,16.2081,20.0,45.5
2371,16.2081,20.0,45.5
2372,16.2081,20.0,45.5
2373,16.2081,20.0,45.6
2374,16.2081,20.0,45.6
2375,16.2081,20.0,45.6
2376,16.2081,20.0,45.6
2377,16.2081,20.0,45.6
2378,16.2081,20.0,45.7
2379,16.2081,20.0,45.7
2380,16.2081,20.0,45.7
2381,16.2070,20.0,45.7
2382,16.2070,20.0,45.7
2383,16.2070,20.0,45.7
2384,16.2070,20.0,45.8
2385,16.2070,20.0,45.8
2386,16.2070,20.0,45.8
2387,16.2070,20.0,45.8
2388,16.2070,20.0,45.8
2389,16.2070,20.0,45.8
2390,16.2070,20.0,45.9
2391,16.2070,20.0,45.9
2392,16.2070,20.0,45.9
2393,16.2070,20.0,45.9
2394,16.2070,20.0,45.9
2395,16.2070,20.0,46.0
2396,16.2070,20.0,46.0
2397,16.2070,20.0,46.0
2398,16.2070,20.0,46.0
2399,16.2070,20.0,46.1
2400,16.2070,20.0,46.1
2401,16.2058,20.0,46.1
2402,16.2058,20.0,46.1
2403,16.2058,20.0,46.1
2404,16.2058,20.0,46.1
2405,16.2058,20.0,46.2
2406,16.2058,20.0,46.2
2407,16.2058,20.0,46.2
2408,16.2058,20.0,46.2
2409,16.2058,20.0,46.2
2410,16.2058,20.0,46.3
2411,16.2058,20.0,46.3
2412,16.2058,20.0,46.3
2413,16.2058,20.0,46.3
2414,16.2058,20.0,46.3
2415,16.2058,20.0,46.4
2416,16.2058,20.0,46.4
2417,16.2058,20.0,46.4
2418,16.2058,20.0,46.4
2419,16.2058,20.0,46.4
2420,16.2058,20.0,46.5
2421,16.2047,20.0,46.5
2422,16.2047,20.0,46.5
2423,16.2047,20.0,46.5
2424,16.2047,20.0,46.5
2425,16.2047,20.0,46.6
2426,16.2047,20.0,46.6
2427,16.2047,20.0,46.6
2428,16.2047,20.0,46.6
2429,16.2047,20.0,46.6
2430,16.2047,20.0,46.7
2431,16.2047,20.0,46.7
2432,16.2047,20.0,46.7
2433,16.2047,20.0,46.7
2434,16.2047,20.0,46.7
2435,16.2047,20.0,46.8
2436,16.2047,20.0,46.8
2437,16.2047,20.0,46.8
2438,16.2047,20.0,46.8
2439,16.2047,20.0,46.8
2440,16.2047,20.0,46.8
2441,16.2036,20.0,46.9
2442,16.2036,20.0,46.9
2443,16.2036,20.0,46.9
2444,16.2036,20.0,46.9
2445,16.2036,20.0,46.9
2446,16.2036,20.0,47.0
2447,16.2036,20.0,47.0
2448,16.2036,20.0,47.0
2449,16.2036,20.0,47.0
2450,16.2036,20.0,47.0
2451,16.2036,20.0,47.1
2452,16.2036,20.0,47.1
2453,16.2036,20.0,47.1
2454,16.2036,20.0,47.1
2455,16.2036,20.0,47.1
2456,16.2036,20.0,47.2
2457,16.2036,20.0,47.2
2458,16.2036,20.0,47.2
2459,16.2036,20.0,47.2
2460,16.2036,20.0,47.2
2461,16.2025,20.0,47.3
2462,16.2025,20.0,47.3
2463,16.2025,20.0,47.3
2464,16.2025,20.0,47.3
2465,16.2025,20.0,47.3
2466,16.2025,20.0,47.3
2467,16.2025,20.0,47.4
2468,16.2025,20.0,47.4
2469,16.2025,20.0,47.4
2470,16.2025,20.0,47.4
2471,16.2025,20.0,47.4
2472,16.2025,20.0,47.5
2473,16.2025,20.0,47.5
2474,16.2025,20.0,47.5
2475,16.2025,20.0,47.5
2476,16.2025,20.0,47.6
2477,16.2025,20.0,47.6
2478,16.2025,20.0,47.6
2479,16.2025,20.0,47.6
2480,16.2025,20.0,47.6
2481,16.2013,20.0,47.6
2482,16.2013,20.0,47.7
2483,16.2013,20.0,47.7
2484,16.2013,20.0,47.7
2485,16.2013,20.0,47.7
2486,16.2013,20.0,47.7
2487,16.2013,20.0,47.8
2488,16.2013,20.0,47.8
2489,16.2013,20.0,47.8
2490,16.2013,20.0,47.8
2491,16.2013,20.0,47.8
2492,16.2013,20.0,47.8
2493,16.2013,20.0,47.9
2494,16.2013,20.0,47.9
2495,16.2013,20.0,47.9
2496,16.2013,20.0,47.9
2497,16.2013,20.0,47.9
2498,16.2013,20.0,48.0
2499,16.2013,20.0,48.0
2500,16.2013,20.0,48.0
2501,16.2002,20.0,48.0
2502,16.2002,20.0,48.0
2503,16.2002,20.0,48.0
2504,16.2002,20.0,48.1
2505,16.2002,20.0,48.1
2506,16.2002,20.0,48.1
2507,16.2002,20.0,48.1
2508,16.2002,20.0,48.1
2509,16.2002,20.0,48.2
2510,16.2002,20.0,48.2
2511,16.2002,20.0,48.2
2512,16.2002,20.0,48.2
2513,16.2002,20.0,48.2
2514,16.2002,20.0,48.3
2515,16.2002,20.0,48.3
2516,16.2002,20.0,48.3
2517,16.2002,20.0,48.3
2518,16.2002,20.0,48.3
2519,16.2002,20.0,48.3
2520,16.2002,20.0,48.4
2521,16.1994,20.0,48.4
2522,16.1994,20.0,48.4
2523,16.1994,20.0,48.4
2524,16.1994,20.0,48.4
2525,16.1994,20.0,48.5
2526,16.1994,20.0,48.5
2527,16.1994,20.0,48.5
2528,16.1994,20.0,48.5
2529,16.1994,20.0,48.5
2530,16.1994,20.0,48.6
2531,16.1994,20.0,48.6
2532,16.1994,20.0,48.6
2533,16.1994,20.0,48.6
2534,16.1994,20.0,48.6
2535,16.1994,20.0,48.7
2536,16.1994,20.0,48.7
2537,16.1994,20.0,48.7
2538,16.1994,20.0,48.7
2539,16.1994,20.0,48.7
2540,16.1994,20.0,48.8
2541,16.1985,20.0,48.8
2542,16.1985,20.0,48.8
2543,16.1985,20.0,48.8
2544,16.1985,20.0,48.8
2545,16.1985,20.0,48.9
2546,16.1985,20.0,48.9
2547,16.1985,20.0,48.9
2548,16.1985,20.0,48.9
2549,16.1985,20.0,48.9
2550,16.1985,20.0,48.9
2551,16.1985,20.0,49.0
2552,16.1985,20.0,49.0
2553,16.1985,20.0,49.0
2554,16.1985,20.0,49.0
2555,16.1985,20.0,49.0
2556,16.1985,20.0,49.1
2557,16.1985,20.0,49.1
2558,16.1985,20.0,49.1
2559,16.1985,20.0,49.1
2560,16.1985,20.0,49.1
2561,16.1977,20.0,49.4
2562,16.1977,20.0,49.4
2563,16.1977,20.0,49.4
2564,16.1977,20.0,49.5
2565,16.1977,20.0,49.5
2566,16.1977,20.0,49.5
2567,16.1977,20.0,49.5
2568,16.1977,20.0,49.5
2569,16.1977,20.0,49.5
2570,16.1977,20.0,49.6
2571,16.1977,20.0,49.6
2572,16.1977,20.0,49.6
2573,16.1977,20.0,49.6
2574,16.1977,20.0,49.6
2575,16.1977,20.0,49.7
2576,16.1977,20.0,49.7
2577,16.1977,20.0,49.7
2578,16.1977,20.0,49.7
2579,16.1977,20.0,49.7
2580,16.1977,20.0,49.8
2581,16.2372,20.0,49.8
2582,16.2372,20.0,49.8
2583,16.2372,20.0,49.8
2584,16.2372,20.0,49.8
2585,16.2372,20.0,49.8
2586,16.2372,20.0,49.9
2587,16.2372,20.0,49.9
2588,16.2372,20.0,49.9
2589,16.2372,20.0,49.9
2590,16.2372,20.0,49.9
2591,16.2372,20.0,50.0
2592,16.2372,20.0,50.0
2593,16.2372,20.0,50.0
2594,16.2372,20.0,50.0
2595,16.2372,20.0,50.0
2596,16.2372,20.0,50.1
2597,16.2372,20.0,50.1
2598,16.2372,20.0,50.1
2599,16.2372,20.0,50.1
2600,16.2372,20.0,50.1
2601,16.2766,20.0,50.2
2602,16.2766,20.0,50.2
2603,16.2766,20.0,50.2
2604,16.2766,20.0,50.2
2605,16.2766,20.0,50.2
2606,16.2766,20.0,50.2
2607,16.2766,20.0,50.3
2608,16.2766,20.0,50.3
2609,16.2766,20.0,50.3
2610,16.2766,20.0,50.3
2611,16.2766,20.0,50.3
2612,16.2766,20.0,50.3
2613,16.2766,20.0,50.4
2614,16.2766,20.0,50.4
2615,16.2766,20.0,50.4
2616,16.2766,20.0,50.4
2617,16.2766,20.0,50.4
2618,16.2766,20.0,50.5
2619,16.2766,20.0,50.5
2620,16.2766,20.0,50.5
2621,16.3161,20.0,50.5
2622,16.3161,20.0,50.5
2623,16.3161,20.0,50.6
2624,16.3161,20.0,50.6
2625,16.3161,20.0,50.6
2626,16.3161,20.0,50.6
2627,16.3161,20.0,50.6
2628,16.3161,20.0,50.7
2629,16.3161,20.0,50.7
2630,16.3161,20.0,50.7
2631,16.3161,20.0,50.7
2632,16.3161,20.0,50.7
2633,16.3161,20.0,50.8
2634,16.3161,20.0,50.8
2635,16.3161,20.0,50.8
2636,16.3161,20.0,50.8
2637,16.3161,20.0,50.8
2638,16.3161,20.0,50.8
2639,16.3161,20.0,50.9
2640,16.3161,20.0,50.9
2641,16.3556,20.0,50.9
2642,16.3556,20.0,50.9
2643,16.3556,20.0,50.9
2644,16.3556,20.0,51.0
2645,16.3556,20.0,51.0
2646,16.3556,20.0,51.0
2647,16.3556,20.0,51.0
2648,16.3556,20.0,51.0
2649,16.3556,20.0,51.0
2650,16.3556,20.0,51.1
2651,16.3556,20.0,51.1
2652,16.3556,20.0,51.1
2653,16.3556,20.0,51.1
2654,16.3556,20.0,51.1
2655,16.3556,20.0,51.2
2656,16.3556,20.0,51.2
2657,16.3556,20.0,51.2
2658,16.3556,20.0,51.2
2659,16.3556,20.0,51.2
2660,16.3556,20.0,51.3
2661,16.3951,20.0,51.3
2662,16.3951,20.0,51.3
2663,16.3951,20.0,51.3
2664,16.3951,20.0,51.3
2665,16.3951,20.0,51.3
2666,16.3951,20.0,51.4
2667,16.3951,20.0,51.4
2668,16.3951,20.0,51.4
2669,16.3951,20.0,51.4
2670,16.3951,20.0,51.5
2671,16.3951,20.0,51.5
2672,16.3951,20.0,51.5
2673,16.3951,20.0,51.5
2674,16.3951,20.0,51.5
2675,16.3951,20.0,51.6
2676,16.3951,20.0,51.6
2677,16.3951,20.0,51.6
2678,16.3951,20.0,51.6
2679,16.3951,20.0,51.6
2680,16.3951,20.0,51.7
2681,16.4346,20.0,51.7
2682,16.4346,20.0,51.7
2683,16.4346,20.0,51.7
2684,16.4346,20.0,51.7
2685,16.4346,20.0,51.8
2686,16.4346,20.0,51.8
2687,16.4346,20.0,51.8
2688,16.4346,20.0,51.8
2689,16.4346,20.0,51.8
2690,16.4346,20.0,51.9
2691,16.4346,20.0,51.9
2692,16.4346,20.0,51.9
2693,16.4346,20.0,51.9
2694,16.4346,20.0,51.9
2695,16.4346,20.0,51.9
2696,16.4346,20.0,52.0
2697,16.4346,20.0,52.0
2698,16.4346,20.0,52.0
2699,16.4346,20.0,52.0
2700,16.4346,20.0,52.0
2701,16.4741,20.0,52.1
2702,16.4741,20.0,52.1
2703,16.4741,20.0,52.1
2704,16.4741,20.0,52.1
2705,16.4741,20.0,52.1
2706,16.4741,20.0,52.2
2707,16.4741,20.0,52.2
2708,16.4741,20.0,52.2
2709,16.4741,20.0,52.2
2710,16.4741,20.0,52.2
2711,16.4741,20.0,52.3
2712,16.4741,20.0,52.3
2713,16.4741,20.0,52.3
2714,16.4741,20.0,52.3
2715,16.4741,20.0,52.3
2716,16.4741,20.0,52.4
2717,16.4741,20.0,52.4
2718,16.4741,20.0,52.4
2719,16.4741,20.0,52.4
2720,16.4741,20.0,52.4
2721,16.5136,20.0,52.4
2722,16.5136,20.0,52.5
2723,16.5136,20.0,52.5
2724,16.5136,20.0,52.5
2725,16.5136,20.0,52.5
2726,16.5136,20.0,52.5
2727,16.5136,20.0,52.6
2728,16.5136,20.0,52.6
2729,16.5136,20.0,52.6
2730,16.5136,20.0,52.6
2731,16.5136,20.0,52.6
2732,16.5136,20.0,52.7
2733,16.5136,20.0,52.7
2734,16.5136,20.0,52.7
2735,16.5136,20.0,52.7
2736,16.5136,20.0,52.7
2737,16.5136,20.0,52.7
2738,16.5136,20.0,52.8
2739,16.5136,20.0,52.8
2740,16.5136,20.0,52.8
2741,16.5531,20.0,52.8
2742,16.5531,20.0,52.8
2743,16.5531,20.0,52.9
2744,16.5531,20.0,52.9
2745,16.5531,20.0,52.9
2746,16.5531,20.0,52.9
2747,16.5531,20.0,52.9
2748,16.5531,20.0,52.9
2749,16.5531,20.0,53.0
2750,16.5531,20.0,53.0
2751,16.5531,20.0,53.0
2752,16.5531,20.0,53.0
2753,16.5531,20.0,53.0
2754,16.5531,20.0,53.1
2755,16.5531,20.0,53.1
2756,16.5531,20.0,53.1
2757,16.5531,20.0,53.1
2758,16.5531,20.0,53.1
2759,16.5531,20.0,53.1
2760,16.5531,20.0,53.2
2761,16.5925,20.0,53.2
2762,16.5925,20.0,53.2
2763,16.5925,20.0,53.2
2764,16.5925,20.0,53.2
2765,16.5925,20.0,53.3
2766,16.5925,20.0,53.3
2767,16.5925,20.0,53.3
2768,16.5925,20.0,53.3
2769,16.5925,20.0,53.3
2770,16.5925,20.0,53.3
2771,16.5925,20.0,53.4
2772,16.5925,20.0,53.4
2773,16.5925,20.0,53.4
2774,16.5925,20.0,53.4
2775,16.5925,20.0,53.4
2776,16.5925,20.0,53.5
2777,16.5925,20.0,53.5
2778,16.5925,20.0,53.5
2779,16.5925,20.0,53.5
2780,16.5925,20.0,53.5
2781,16.6320,20.0,53.6
2782,16.6320,20.0,53.6
2783,16.6320,20.0,53.6
2784,16.6320,20.0,53.6
2785,16.6320,20.0,53.6
2786,16.6320,20.0,53.7
2787,16.6320,20.0,53.7
2788,16.6320,20.0,53.7
2789,16.6320,20.0,53.7
2790,16.6320,20.0,53.8
2791,16.6320,20.0,53.8
2792,16.6320,20.0,53.8
2793,16.6320,20.0,53.8
2794,16.6320,20.0,53.8
2795,16.6320,20.0,53.8
2796,16.6320,20.0,53.9
2797,16.6320,20.0,53.9
2798,16.6320,20.0,53.9
2799,16.6320,20.0,53.9
2800,16.6320,20.0,53.9
2801,16.6715,20.0,54.0
2802,16.6715,20.0,54.0
2803,16.6715,20.0,54.0
2804,16.6715,20.0,54.0
2805,16.6715,20.0,54.0
2806,16.6715,20.0,54.0
2807,16.6715,20.0,54.1
2808,16.6715,20.0,54.1
2809,16.6715,20.0,54.1
2810,16.6715,20.0,54.1
2811,16.6715,20.0,54.1
2812,16.6715,20.0,54.2
2813,16.6715,20.0,54.2
2814,16.6715,20.0,54.2
2815,16.6715,20.0,54.2
2816,16.6715,20.0,54.2
2817,16.6715,20.0,54.2
2818,16.6715,20.0,54.3
2819,16.6715,20.0,54.3
2820,16.6715,20.0,54.3
2821,16.7110,20.0,54.3
2822,16.7110,20.0,54.3
2823,16.7110,20.0,54.4
2824,16.7110,20.0,54.4
2825,16.7110,20.0,54.4
2826,16.7110,20.0,54.4
2827,16.7110,20.0,54.4
2828,16.7110,20.0,54.5
2829,16.7110,20.0,54.5
2830,16.7110,20.0,54.5
2831,16.7110,20.0,54.5
2832,16.7110,20.0,54.5
2833,16.7110,20.0,54.6
2834,16.7110,20.0,54.6
2835,16.7110,20.0,54.6
2836,16.7110,20.0,54.6
2837,16.7110,20.0,54.7
2838,16.7110,20.0,54.7
2839,16.7110,20.0,54.7
2840,16.7110,20.0,54.7
2841,16.7505,20.0,54.7
2842,16.7505,20.0,54.8
2843,16.7505,20.0,54.8
2844,16.7505,20.0,54.8
2845,16.7505,20.0,54.8
2846,16.7505,20.0,54.8
2847,16.7505,20.0,54.9
2848,16.7505,20.0,54.9
2849,16.7505,20.0,54.9
2850,16.7505,20.0,54.9
2851,16.7505,20.0,54.9
2852,16.7505,20.0,55.0
2853,16.7505,20.0,55.0
2854,16.7505,20.0,55.0
2855,16.7505,20.0,55.0
2856,16.7505,20.0,55.0
2857,16.7505,20.0,55.1
2858,16.7505,20.0,55.1
2859,16.7505,20.0,55.1
2860,16.7505,20.0,55.1
2861,16.7900,20.0,55.1
2862,16.7900,20.0,55.2
2863,16.7900,20.0,55.2
2864,16.7900,20.0,55.2
2865,16.7900,20.0,55.2
2866,16.7900,20.0,55.2
2867,16.7900,20.0,55.3
2868,16.7900,20.0,55.3
2869,16.7900,20.0,55.3
2870,16.7900,20.0,55.3
2871,16.7900,20.0,55.3
2872,16.7900,20.0,55.4
2873,16.7900,20.0,55.4
2874,16.7900,20.0,55.4
2875,16.7900,20.0,55.4
2876,16.7900,20.0,55.4
2877,16.7900,20.0,55.4
2878,16.7900,20.0,55.5
2879,16.7900,20.0,55.5
2880,16.7900,20.0,55.5
2881,16.8295,20.0,55.5
2882,16.8295,20.0,55.5
2883,16.8295,20.0,55.6
2884,16.8295,20.0,55.6
2885,16.8295,20.0,55.6
2886,16.8295,20.0,55.6
2887,16.8295,20.0,55.6
2888,16.8295,20.0,55.7
2889,16.8295,20.0,55.7
2890,16.8295,20.0,55.7
2891,16.8295,20.0,55.7
2892,16.8295,20.0,55.7
2893,16.8295,20.0,55.7
2894,16.8295,20.0,55.8
2895,16.8295,20.0,55.8
2896,16.8295,20.0,55.8
2897,16.8295,20.0,55.8
2898,16.8295,20.0,55.8
2899,16.8295,20.0,55.9
2900,16.8295,20.0,55.9
2901,16.8690,20.0,55.9
2902,16.8690,20.0,55.9
2903,16.8690,20.0,56.0
2904,16.8690,20.0,56.0
2905,16.8690,20.0,56.0
2906,16.8690,20.0,56.0
2907,16.8690,20.0,56.0
2908,16.8690,20.0,56.1
2909,16.8690,20.0,56.1
2910,16.8690,20.0,56.1
2911,16.8690,20.0,56.1
2912,16.8690,20.0,56.1
2913,16.8690,20.0,56.2
2914,16.8690,20.0,56.2
2915,16.8690,20.0,56.2
2916,16.8690,20.0,56.2
2917,16.8690,20.0,56.2
2918,16.8690,20.0,56.3
2919,16.8690,20.0,56.3
2920,16.8690,20.0,56.3
2921,16.9084,20.0,56.3
2922,16.9084,20.0,56.3
2923,16.9084,20.0,56.3
2924,16.9084,20.0,56.4
2925,16.9084,20.0,56.4
2926,16.9084,20.0,56.4
2927,16.9084,20.0,56.4
2928,16.9084,20.0,56.4
2929,16.9084,20.0,56.5
2930,16.9084,20.0,56.5
2931,16.9084,20.0,56.5
2932,16.9084,20.0,56.5
2933,16.9084,20.0,56.5
2934,16.9084,20.0,56.5
2935,16.9084,20.0,56.6
2936,16.9084,20.0,56.6
2937,16.9084,20.0,56.6
2938,16.9084,20.0,56.6
2939,16.9084,20.0,56.7
2940,16.9084,20.0,56.7
2941,16.9479,20.0,56.7
2942,16.9479,20.0,56.7
2943,16.9479,20.0,56.7
2944,16.9479,20.0,56.8
2945,16.9479,20.0,56.8
2946,16.9479,20.0,56.8
2947,16.9479,20.0,56.8
2948,16.9479,20.0,56.8
2949,16.9479,20.0,56.8
2950,16.9479,20.0,56.9
2951,16.9479,20.0,56.9
2952,16.9479,20.0,56.9
2953,16.9479,20.0,56.9
2954,16.9479,20.0,56.9
2955,16.9479,20.0,57.0
2956,16.9479,20.0,57.0
2957,16.9479,20.0,57.0
2958,16.9479,20.0,57.0
2959,16.9479,20.0,57.0
2960,16.9479,20.0,57.1
2961,16.9874,20.0,57.1
2962,16.9874,20.0,57.1
2963,16.9874,20.0,57.1
2964,16.9874,20.0,57.1
2965,16.9874,20.0,57.1
2966,16.9874,20.0,57.2
2967,16.9874,20.0,57.2
2968,16.9874,20.0,57.2
2969,16.9874,20.0,57.2
2970,16.9874,20.0,57.2
2971,16.9874,20.0,57.3
2972,16.9874,20.0,57.3
2973,16.9874,20.0,57.3
2974,16.9874,20.0,57.3
2975,16.9874,20.0,57.3
2976,16.9874,20.0,57.3
2977,16.9874,20.0,57.4
2978,16.9874,20.0,57.4
2979,16.9874,20.0,57.4
2980,16.9874,20.0,57.4
2981,17.0269,20.0,57.4
2982,17.0269,20.0,57.5
2983,17.0269,20.0,57.5
2984,17.0269,20.0,57.5
2985,17.0269,20.0,57.5
2986,17.0269,20.0,57.5
2987,17.0269,20.0,57.6
2988,17.0269,20.0,57.6
2989,17.0269,20.0,57.6
2990,17.0269,20.0,57.6
2991,17.0269,20.0,57.6
2992,17.0269,20.0,57.7
2993,17.0269,20.0,57.7
2994,17.0269,20.0,57.7
2995,17.0269,20.0,57.7
2996,17.0269,20.0,57.7
2997,17.0269,20.0,57.8
2998,17.0269,20.0,57.8
2999,17.0269,20.0,57.8
3000,17.0269,20.0,57.8
3001,17.0664,20.0,57.8
3002,17.0664,20.0,57.8
3003,17.0664,20.0,57.9
3004,17.0664,20.0,57.9
3005,17.0664,20.0,57.9
3006,17.0664,20.0,57.9
3007,17.0664,20.0,57.9
3008,17.0664,20.0,58.0
3009,17.0664,20.0,58.0
3010,17.0664,20.0,58.0
3011,17.0664,20.0,58.0
3012,17.0664,20.0,58.0
3013,17.0664,20.0,58.1
3014,17.0664,20.0,58.1
3015,17.0664,20.0,58.1
3016,17.0664,20.0,58.1
3017,17.0664,20.0,58.1
3018,17.0664,20.0,58.2
3019,17.0664,20.0,58.2
3020,17.0664,20.0,58.2
3021,17.1059,20.0,58.2
3022,17.1059,20.0,58.2
3023,17.1059,20.0,58.2
3024,17.1059,20.0,58.3
3025,17.1059,20.0,58.3
3026,17.1059,20.0,58.3
3027,17.1059,20.0,58.3
3028,17.1059,20.0,58.3
3029,17.1059,20.0,58.4
3030,17.1059,20.0,58.4
3031,17.1059,20.0,58.4
3032,17.1059,20.0,58.4
3033,17.1059,20.0,58.4
3034,17.1059,20.0,58.4
3035,17.1059,20.0,58.5
3036,17.1059,20.0,58.5
3037,17.1059,20.0,58.5
3038,17.1059,20.0,58.5
3039,17.1059,20.0,58.5
3040,17.1059,20.0,58.6
3041,17.1653,20.0,58.6
3042,17.1653,20.0,58.6
3043,17.1653,20.0,58.6
3044,17.1653,20.0,58.6
3045,17.1653,20.0,58.7
3046,17.1653,20.0,58.7
3047,17.1653,20.0,58.7
3048,17.1653,20.0,58.7
3049,17.1653,20.0,58.7
3050,17.1653,20.0,58.7
3051,17.1653,20.0,58.7
3052,17.1653,20.0,58.8
3053,17.1653,20.0,58.8
3054,17.1653,20.0,58.8
3055,17.1653,20.0,58.8
3056,17.1653,20.0,58.8
3057,17.1653,20.0,58.9
3058,17.1653,20.0,58.9
3059,17.1653,20.0,58.9
3060,17.1653,20.0,58.9
3061,17.2248,20.0,58.9
3062,17.2248,20.0,59.0
3063,17.2248,20.0,59.0
3064,17.2248,20.0,59.0
3065,17.2248,20.0,59.0
3066,17.2248,20.0,59.0
3067,17.2248,20.0,59.1
3068,17.2248,20.0,59.1
3069,17.2248,20.0,59.1
3070,17.2248,20.0,59.1
3071,17.2248,20.0,59.1
3072,17.2248,20.0,59.1
3073,17.2248,20.0,59.4
3074,17.2248,20.0,59.4
3075,17.2248,20.0,59.5
3076,17.2248,20.0,59.5
3077,17.2248,20.0,59.5
3078,17.2248,20.0,59.5
3079,17.2248,20.0,59.5
3080,17.2248,20.0,59.6
3081,17.2843,20.0,59.6
3082,17.2843,20.0,59.6
3083,17.2843,20.0,59.6
3084,17.2843,20.0,59.7
3085,17.2843,20.0,59.7
3086,17.2843,20.0,59.7
3087,17.2843,20.0,59.7
3088,17.2843,20.0,59.7
3089,17.2843,20.0,59.7
3090,17.2843,20.0,59.8
3091,17.2843,20.0,59.8
3092,17.2843,20.0,59.8
3093,17.2843,20.0,59.8
3094,17.2843,20.0,59.8
3095,17.2843,20.0,59.9
3096,17.2843,20.0,59.9
3097,17.2843,20.0,59.9
3098,17.2843,20.0,59.9
3099,17.2843,20.0,59.9
3100,17.2843,20.0,60.0
3101,17.3437,20.0,60.0
3102,17.3437,20.0,60.0
3103,17.3437,20.0,60.0
3104,17.3437,20.0,60.0
3105,17.3437,20.0,60.0
3106,17.3437,20.0,60.1
3107,17.3437,20.0,60.1
3108,17.3437,20.0,60.1
3109,17.3437,20.0,60.1
3110,17.3437,20.0,60.1
3111,17.3437,20.0,60.2
3112,17.3437,20.0,60.2
3113,17.3437,20.0,60.2
3114,17.3437,20.0,60.2
3115,17.3437,20.0,60.2
3116,17.3437,20.0,60.3
3117,17.3437,20.0,60.3
3118,17.3437,20.0,60.3
3119,17.3437,20.0,60.3
3120,17.3437,20.0,60.4
3121,17.4032,20.0,60.4
3122,17.4032,20.0,60.4
3123,17.4032,20.0,60.4
3124,17.4032,20.0,60.4
3125,17.4032,20.0,60.5
3126,17.4032,20.0,60.5
3127,17.4032,20.0,60.5
3128,17.4032,20.0,60.5
3129,17.4032,20.0,60.5
3130,17.4032,20.0,60.5
3131,17.4032,20.0,60.6
3132,17.4032,20.0,60.6
3133,17.4032,20.0,60.6
3134,17.4032,20.0,60.6
3135,17.4032,20.0,60.7
3136,17.4032,20.0,60.7
3137,17.4032,20.0,60.7
3138,17.4032,20.0,60.7
3139,17.4032,20.0,60.7
3140,17.4032,20.0,60.7
3141,17.4627,20.0,60.8
3142,17.4627,20.0,60.8
3143,17.4627,20.0,60.8
3144,17.4627,20.0,60.8
3145,17.4627,20.0,60.8
3146,17.4627,20.0,60.9
3147,17.4627,20.0,60.9
3148,17.4627,20.0,60.9
3149,17.4627,20.0,60.9
3150,17.4627,20.0,60.9
3151,17.4627,20.0,60.9
3152,17.4627,20.0,61.0
3153,17.4627,20.0,61.0
3154,17.4627,20.0,61.0
3155,17.4627,20.0,61.0
3156,17.4627,20.0,61.0
3157,17.4627,20.0,61.0
3158,17.4627,20.0,61.0
3159,17.4627,20.0,61.1
3160,17.4627,20.0,61.1
3161,17.5222,20.0,61.1
3162,17.5222,20.0,61.1
3163,17.5222,20.0,61.1
3164,17.5222,20.0,61.2
3165,17.5222,20.0,61.2
3166,17.5222,20.0,61.2
3167,17.5222,20.0,61.2
3168,17.5222,20.0,61.2
3169,17.5222,20.0,61.3
3170,17.5222,20.0,61.3
3171,17.5222,20.0,61.3
3172,17.5222,20.0,61.3
3173,17.5222,20.0,61.3
3174,17.5222,20.0,61.3
3175,17.5222,20.0,61.4
3176,17.5222,20.0,61.4
3177,17.5222,20.0,61.4
3178,17.5222,20.0,61.4
3179,17.5222,20.0,61.4
3180,17.5222,20.0,61.5
3181,17.5816,20.0,61.5
3182,17.5816,20.0,61.5
3183,17.5816,20.0,61.5
3184,17.5816,20.0,61.5
3185,17.5816,20.0,61.5
3186,17.5816,20.0,61.6
3187,17.5816,20.0,61.6
3188,17.5816,20.0,61.6
3189,17.5816,20.0,61.6
3190,17.5816,20.0,61.7
3191,17.5816,20.0,61.7
3192,17.5816,20.0,61.7
3193,17.5816,20.0,61.7
3194,17.5816,20.0,61.7
3195,17.5816,20.0,61.7
3196,17.5816,20.0,61.8
3197,17.5816,20.0,61.8
3198,17.5816,20.0,61.8
3199,17.5816,20.0,61.8
3200,17.5816,20.0,61.8
3201,17.6411,20.0,61.9
3202,17.6411,20.0,61.9
3203,17.6411,20.0,61.9
3204,17.6411,20.0,61.9
3205,17.6411,20.0,61.9
3206,17.6411,20.0,62.0
3207,17.6411,20.0,62.0
3208,17.6411,20.0,62.0
3209,17.6411,20.0,62.0
3210,17.6411,20.0,62.0
3211,17.6411,20.0,62.0
3212,17.6411,20.0,62.1
3213,17.6411,20.0,62.1
3214,17.6411,20.0,62.1
3215,17.6411,20.0,62.1
3216,17.6411,20.0,62.1
3217,17.6411,20.0,62.2
3218,17.6411,20.0,62.2
3219,17.6411,20.0,62.2
3220,17.6411,20.0,62.2
3221,17.7006,20.0,62.2
3222,17.7006,20.0,62.2
3223,17.7006,20.0,62.3
3224,17.7006,20.0,62.3
3225,17.7006,20.0,62.3
3226,17.7006,20.0,62.3
3227,17.7006,20.0,62.3
3228,17.7006,20.0,62.4
3229,17.7006,20.0,62.4
3230,17.7006,20.0,62.4
3231,17.7006,20.0,62.4
3232,17.7006,20.0,62.4
3233,17.7006,20.0,62.5
3234,17.7006,20.0,62.5
3235,17.7006,20.0,62.5
3236,17.7006,20.0,62.5
3237,17.7006,20.0,62.6
3238,17.7006,20.0,62.6
3239,17.7006,20.0,62.6
3240,17.7006,20.0,62.6
3241,17.7601,20.0,62.6
3242,17.7601,20.0,62.7
3243,17.7601,20.0,62.7
3244,17.7601,20.0,62.7
3245,17.7601,20.0,62.7
3246,17.7601,20.0,62.7
3247,17.7601,20.0,62.7
3248,17.7601,20.0,62.8
3249,17.7601,20.0,62.8
3250,17.7601,20.0,62.8
3251,17.7601,20.0,62.8
3252,17.7601,20.0,62.8
3253,17.7601,20.0,62.9
3254,17.7601,20.0,62.9
3255,17.7601,20.0,62.9
3256,17.7601,20.0,62.9
3257,17.7601,20.0,62.9
3258,17.7601,20.0,62.9
3259,17.7601,20.0,63.0
3260,17.7601,20.0,63.0
3261,17.8195,20.0,63.0
3262,17.8195,20.0,63.0
3263,17.8195,20.0,63.0
3264,17.8195,20.0,63.1
3265,17.8195,20.0,63.1
3266,17.8195,20.0,63.1
3267,17.8195,20.0,63.1
3268,17.8195,20.0,63.1
3269,17.8195,20.0,63.2
3270,17.8195,20.0,63.2
3271,17.8195,20.0,63.2
3272,17.8195,20.0,63.2
3273,17.8195,20.0,63.3
3274,17.8195,20.0,63.3
3275,17.8195,20.0,63.3
3276,17.8195,20.0,63.3
3277,17.8195,20.0,63.3
3278,17.8195,20.0,63.4
3279,17.8195,20.0,63.4
3280,17.8195,20.0,63.4
3281,17.8790,20.0,63.4
3282,17.8790,20.0,63.4
3283,17.8790,20.0,63.5
3284,17.8790,20.0,63.5
3285,17.8790,20.0,63.5
3286,17.8790,20.0,63.5
3287,17.8790,20.0,63.6
3288,17.8790,20.0,63.6
3289,17.8790,20.0,63.6
3290,17.8790,20.0,63.6
3291,17.8790,20.0,63.7
3292,17.8790,20.0,63.7
3293,17.8790,20.0,63.7
3294,17.8790,20.0,63.7
3295,17.8790,20.0,63.7
3296,17.8790,20.0,63.7
3297,17.8790,20.0,63.8
3298,17.8790,20.0,63.8
3299,17.8790,20.0,63.8
3300,17.8790,20.0,63.8
3301,17.9385,20.0,63.8
3302,17.9385,20.0,63.9
3303,17.9385,20.0,63.9
3304,17.9385,20.0,63.9
3305,17.9385,20.0,63.9
3306,17.9385,20.0,63.9
3307,17.9385,20.0,64.0
3308,17.9385,20.0,64.0
3309,17.9385,20.0,64.0
3310,17.9385,20.0,64.0
3311,17.9385,20.0,64.0
3312,17.9385,20.0,64.0
3313,17.9385,20.0,64.1
3314,17.9385,20.0,64.1
3315,17.9385,20.0,64.1
3316,17.9385,20.0,64.1
3317,17.9385,20.0,64.1
3318,17.9385,20.0,64.2
3319,17.9385,20.0,64.2
3320,17.9385,20.0,64.2
3321,17.9979,20.0,64.2
3322,17.9979,20.0,64.2
3323,17.9979,20.0,64.3
3324,17.9979,20.0,64.3
3325,17.9979,20.0,64.3
3326,17.9979,20.0,64.3
3327,17.9979,20.0,64.3
3328,17.9979,20.0,64.4
3329,17.9979,20.0,64.4
3330,17.9979,20.0,64.4
3331,17.9979,20.0,64.4
3332,17.9979,20.0,64.4
3333,17.9979,20.0,64.4
3334,17.9979,20.0,64.5
3335,17.9979,20.0,64.5
3336,17.9979,20.0,64.5
3337,17.9979,20.0,64.5
3338,17.9979,20.0,64.5
3339,17.9979,20.0,64.6
3340,17.9979,20.0,64.6
3341,18.0574,20.0,64.6
3342,18.0574,20.0,64.6
3343,18.0574,20.0,64.6
3344,18.0574,20.0,64.7
3345,18.0574,20.0,64.7
3346,18.0574,20.0,64.7
3347,18.0574,20.0,64.7
3348,18.0574,20.0,64.8
3349,18.0574,20.0,64.8
3350,18.0574,20.0,64.8
3351,18.0574,20.0,64.8
3352,18.0574,20.0,64.8
3353,18.0574,20.0,64.8
3354,18.0574,20.0,64.9
3355,18.0574,20.0,64.9
3356,18.0574,20.0,64.9
3357,18.0574,20.0,64.9
3358,18.0574,20.0,65.0
3359,18.0574,20.0,65.0
3360,18.0574,20.0,65.0
3361,18.1169,20.0,65.0
3362,18.1169,20.0,65.0
3363,18.1169,20.0,65.0
3364,18.1169,20.0,65.1
3365,18.1169,20.0,65.1
3366,18.1169,20.0,65.1
3367,18.1169,20.0,65.1
3368,18.1169,20.0,65.1
3369,18.1169,20.0,65.2
3370,18.1169,20.0,65.2
3371,18.1169,20.0,65.2
3372,18.1169,20.0,65.2
3373,18.1169,20.0,65.2
3374,18.1169,20.0,65.3
3375,18.1169,20.0,65.3
3376,18.1169,20.0,65.3
3377,18.1169,20.0,65.3
3378,18.1169,20.0,65.3
3379,18.1169,20.0,65.3
3380,18.1169,20.0,65.4
3381,18.1764,20.0,65.4
3382,18.1764,20.0,65.4
3383,18.1764,20.0,65.4
3384,18.1764,20.0,65.4
3385,18.1764,20.0,65.5
3386,18.1764,20.0,65.5
3387,18.1764,20.0,65.5
3388,18.1764,20.0,65.5
3389,18.1764,20.0,65.5
3390,18.1764,20.0,65.6
3391,18.1764,20.0,65.6
3392,18.1764,20.0,65.6
3393,18.1764,20.0,65.6
3394,18.1764,20.0,65.6
3395,18.1764,20.0,65.7
3396,18.1764,20.0,65.7
3397,18.1764,20.0,65.7
3398,18.1764,20.0,65.7
3399,18.1764,20.0,65.7
3400,18.1764,20.0,65.8
3401,18.2358,20.0,65.8
3402,18.2358,20.0,65.8
3403,18.2358,20.0,65.8
3404,18.2358,20.0,65.8
3405,18.2358,20.0,65.9
3406,18.2358,20.0,65.9
3407,18.2358,20.0,65.9
3408,18.2358,20.0,65.9
3409,18.2358,20.0,65.9
3410,18.2358,20.0,65.9
3411,18.2358,20.0,66.0
3412,18.2358,20.0,66.0
3413,18.2358,20.0,66.0
3414,18.2358,20.0,66.0
3415,18.2358,20.0,66.0
3416,18.2358,20.0,66.1
3417,18.2358,20.0,66.1
3418,18.2358,20.0,66.1
3419,18.2358,20.0,66.1
3420,18.2358,20.0,66.1
3421,18.2953,20.0,66.2
3422,18.2953,20.0,66.2
3423,18.2953,20.0,66.2
3424,18.2953,20.0,66.2
3425,18.2953,20.0,66.2
3426,18.2953,20.0,66.2
3427,18.2953,20.0,66.3
3428,18.2953,20.0,66.3
3429,18.2953,20.0,66.3
3430,18.2953,20.0,66.3
3431,18.2953,20.0,66.4
3432,18.2953,20.0,66.4
3433,18.2953,20.0,66.4
3434,18.2953,20.0,66.4
3435,18.2953,20.0,66.4
3436,18.2953,20.0,66.4
3437,18.2953,20.0,66.5
3438,18.2953,20.0,66.5
3439,18.2953,20.0,66.5
3440,18.2953,20.0,66.5
3441,18.3548,20.0,66.5
3442,18.3548,20.0,66.6
3443,18.3548,20.0,66.6
3444,18.3548,20.0,66.6
3445,18.3548,20.0,66.6
3446,18.3548,20.0,66.6
3447,18.3548,20.0,66.7
3448,18.3548,20.0,66.7
3449,18.3548,20.0,66.7
3450,18.3548,20.0,66.7
3451,18.3548,20.0,66.7
3452,18.3548,20.0,66.8
3453,18.3548,20.0,66.8
3454,18.3548,20.0,66.8
3455,18.3548,20.0,66.8
3456,18.3548,20.0,66.8
3457,18.3548,20.0,66.9
3458,18.3548,20.0,66.9
3459,18.3548,20.0,66.9
3460,18.3548,20.0,66.9
3461,18.4143,20.0,67.0
3462,18.4143,20.0,67.0
3463,18.4143,20.0,67.0
3464,18.4143,20.0,67.0
3465,18.4143,20.0,67.0
3466,18.4143,20.0,67.0
3467,18.4143,20.0,67.1
3468,18.4143,20.0,67.1
3469,18.4143,20.0,67.1
3470,18.4143,20.0,67.1
3471,18.4143,20.0,67.1
3472,18.4143,20.0,67.1
3473,18.4143,20.0,67.2
3474,18.4143,20.0,67.2
3475,18.4143,20.0,67.2
3476,18.4143,20.0,67.2
3477,18.4143,20.0,67.2
3478,18.4143,20.0,67.3
3479,18.4143,20.0,67.3
3480,18.4143,20.0,67.3
3481,18.4737,20.0,67.3
3482,18.4737,20.0,67.3
3483,18.4737,20.0,67.4
3484,18.4737,20.0,67.4
3485,18.4737,20.0,67.4
3486,18.4737,20.0,67.4
3487,18.4737,20.0,67.5
3488,18.4737,20.0,67.5
3489,18.4737,20.0,67.5
3490,18.4737,20.0,67.5
3491,18.4737,20.0,67.5
3492,18.4737,20.0,67.6
3493,18.4737,20.0,67.6
3494,18.4737,20.0,67.6
3495,18.4737,20.0,67.6
3496,18.4737,20.0,67.6
3497,18.4737,20.0,67.7
3498,18.4737,20.0,67.7
3499,18.4737,20.0,67.7
3500,18.4737,20.0,67.7
3501,18.5332,20.0,67.8
3502,18.5332,20.0,67.8
3503,18.5332,20.0,67.8
3504,18.5332,20.0,67.8
3505,18.5332,20.0,67.8
3506,18.5332,20.0,67.9
3507,18.5332,20.0,67.9
3508,18.5332,20.0,67.9
3509,18.5332,20.0,67.9
3510,18.5332,20.0,68.0
3511,18.5332,20.0,68.0
3512,18.5332,20.0,68.0
3513,18.5332,20.0,68.0
3514,18.5332,20.0,68.0
3515,18.5332,20.0,68.0
3516,18.5332,20.0,68.1
3517,18.5332,20.0,68.1
3518,18.5332,20.0,68.1
3519,18.5332,20.0,68.1
3520,18.5332,20.0,68.2
3521,18.5927,20.0,68.2
3522,18.5927,20.0,68.2
3523,18.5927,20.0,68.2
3524,18.5927,20.0,68.2
3525,18.5927,20.0,68.2
3526,18.5927,20.0,68.3
3527,18.5927,20.0,68.3
3528,18.5927,20.0,68.3
3529,18.5927,20.0,68.3
3530,18.5927,20.0,68.4
3531,18.5927,20.0,68.4
3532,18.5927,20.0,68.4
3533,18.5927,20.0,68.4
3534,18.5927,20.0,68.4
3535,18.5927,20.0,68.5
3536,18.5927,20.0,68.5
3537,18.5927,20.0,68.5
3538,18.5927,20.0,68.5
3539,18.5927,20.0,68.5
3540,18.5927,20.0,68.6
3541,18.6318,20.0,68.6
3542,18.6318,20.0,68.6
3543,18.6318,20.0,68.7
3544,18.6318,20.0,68.7
3545,18.6318,20.0,68.7
3546,18.6318,20.0,68.7
3547,18.6318,20.0,68.8
3548,18.6318,20.0,68.8
3549,18.6318,20.0,68.8
3550,18.6318,20.0,68.8
3551,18.6318,20.0,68.8
3552,18.6318,20.0,68.9
3553,18.6318,20.0,68.9
3554,18.6318,20.0,68.9
3555,18.6318,20.0,68.9
3556,18.6318,20.0,68.9
3557,18.6318,20.0,69.0
3558,18.6318,20.0,69.0
3559,18.6318,20.0,69.0
3560,18.6318,20.0,69.0
3561,18.6515,20.0,69.0
3562,18.6515,20.0,69.1
3563,18.6515,20.0,69.1
3564,18.6515,20.0,69.1
3565,18.6515,20.0,69.1
3566,18.6515,20.0,69.2
3567,18.6515,20.0,69.2
3568,18.6515,20.0,69.2
3569,18.6515,20.0,69.3
3570,18.6515,20.0,69.3
3571,18.6515,20.0,69.3
3572,18.6515,20.0,69.3
3573,18.6515,20.0,69.3
3574,18.6515,20.0,69.4
3575,18.6515,20.0,69.4
3576,18.6515,20.0,69.4
3577,18.6515,20.0,69.5
3578,18.6515,20.0,69.5
3579,18.6515,20.0,69.5
3580,18.6515,20.0,69.6
3581,18.6713,20.0,69.6
3582,18.6713,20.0,69.6
3583,18.6713,20.0,69.7
3584,18.6713,20.0,69.7
3585,18.6713,20.0,70.0
3586,18.6713,20.0,70.0
3587,18.6713,20.0,70.1
3588,18.6713,20.0,70.1
3589,18.6713,20.0,70.1
3590,18.6713,20.0,70.1
3591,18.6713,20.0,70.2
3592,18.6713,20.0,70.2
3593,18.6713,20.0,70.2
3594,18.6713,20.0,70.2
3595,18.6713,20.0,70.2
3596,18.6713,20.0,70.3
3597,18.6713,20.0,70.3
3598,18.6713,20.0,70.3
3599,18.6713,20.0,70.3
3600,18.6713,20.0,70.4
3601,18.6906,20.0,70.4
3602,18.6906,20.0,70.4
3603,18.6906,20.0,70.4
3604,18.6906,20.0,70.4
3605,18.6906,20.0,70.4
3606,18.6906,20.0,70.5
3607,18.6906,20.0,70.5
3608,18.6906,20.0,70.5
3609,18.6906,20.0,70.5
3610,18.6906,20.0,70.6
3611,18.6906,20.0,70.6
3612,18.6906,20.0,70.6
3613,18.6906,20.0,70.6
3614,18.6906,20.0,70.6
3615,18.6906,20.0,70.7
3616,18.6906,20.0,70.7
3617,18.6906,20.0,70.7
3618,18.6906,20.0,70.8
3619,18.6906,20.0,70.8
3620,18.6906,20.0,70.8
3621,18.7099,20.0,70.8
3622,18.7099,20.0,70.9
3623,18.7099,20.0,70.9
3624,18.7099,20.0,70.9
3625,18.7099,20.0,70.9
3626,18.7099,20.0,70.9
3627,18.7099,20.0,71.0
3628,18.7099,20.0,71.0
3629,18.7099,20.0,71.0
3630,18.7099,20.0,71.0
3631,18.7099,20.0,71.1
3632,18.7099,20.0,71.1
3633,18.7099,20.0,71.1
3634,18.7099,20.0,71.2
3635,18.7099,20.0,71.2
3636,18.7099,20.0,71.2
3637,18.7099,20.0,71.2
3638,18.7099,20.0,71.2
3639,18.7099,20.0,71.3
3640,18.7099,20.0,71.3
3641,18.7292,20.0,71.3
3642,18.7292,20.0,71.3
3643,18.7292,20.0,71.3
3644,18.7292,20.0,71.4
3645,18.7292,20.0,71.4
3646,18.7292,20.0,71.4
3647,18.7292,20.0,71.4
3648,18.7292,20.0,71.5
3649,18.7292,20.0,71.5
3650,18.7292,20.0,71.5
3651,18.7292,20.0,71.5
3652,18.7292,20.0,71.6
3653,18.7292,20.0,71.6
3654,18.7292,20.0,71.6
3655,18.7292,20.0,71.6
3656,18.7292,20.0,71.7
3657,18.7292,20.0,71.7
3658,18.7292,20.0,71.7
3659,18.7292,20.0,71.7
3660,18.7292,20.0,71.8
3661,18.7485,20.0,71.8
3662,18.7485,20.0,71.8
3663,18.7485,20.0,71.8
3664,18.7485,20.0,71.9
3665,18.7485,20.0,71.9
3666,18.7485,20.0,71.9
3667,18.7485,20.0,71.9
3668,18.7485,20.0,71.9
3669,18.7485,20.0,72.0
3670,18.7485,20.0,72.0
3671,18.7485,20.0,72.0
3672,18.7485,20.0,72.0
3673,18.7485,20.0,72.0
3674,18.7485,20.0,72.1
3675,18.7485,20.0,72.1
3676,18.7485,20.0,72.1
3677,18.7485,20.0,72.1
3678,18.7485,20.0,72.1
3679,18.7485,20.0,72.2
3680,18.7485,20.0,72.2
3681,18.7678,20.0,72.2
3682,18.7678,20.0,72.2
3683,18.7678,20.0,72.2
3684,18.7678,20.0,72.3
3685,18.7678,20.0,72.3
3686,18.7678,20.0,72.3
3687,18.7678,20.0,72.3
3688,18.7678,20.0,72.3
3689,18.7678,20.0,72.4
3690,18.7678,20.0,72.4
3691,18.7678,20.0,72.4
3692,18.7678,20.0,72.4
3693,18.7678,20.0,72.4
3694,18.7678,20.0,72.5
3695,18.7678,20.0,72.5
3696,18.7678,20.0,72.5
3697,18.7678,20.0,72.5
3698,18.7678,20.0,72.5
3699,18.7678,20.0,72.6
3700,18.7678,20.0,72.6
3701,18.7871,20.0,72.6
3702,18.7871,20.0,72.6
3703,18.7871,20.0,72.6
3704,18.7871,20.0,72.7
3705,18.7871,20.0,72.7
3706,18.7871,20.0,72.7
3707,18.7871,20.0,72.7
3708,18.7871,20.0,72.8
3709,18.7871,20.0,72.8
3710,18.7871,20.0,72.8
3711,18.7871,20.0,72.8
3712,18.7871,20.0,72.8
3713,18.7871,20.0,72.8
3714,18.7871,20.0,72.9
3715,18.7871,20.0,72.9
3716,18.7871,20.0,72.9
3717,18.7871,20.0,72.9
3718,18.7871,20.0,72.9
3719,18.7871,20.0,73.0
3720,18.7871,20.0,73.0
3721,18.8064,20.0,73.0
3722,18.8064,20.0,73.0
3723,18.8064,20.0,73.0
3724,18.8064,20.0,73.1
3725,18.8064,20.0,73.1
3726,18.8064,20.0,73.1
3727,18.8064,20.0,73.1
3728,18.8064,20.0,73.1
3729,18.8064,20.0,73.2
3730,18.8064,20.0,73.2
3731,18.8064,20.0,73.2
3732,18.8064,20.0,73.2
3733,18.8064,20.0,73.3
3734,18.8064,20.0,73.3
3735,18.8064,20.0,73.3
3736,18.8064,20.0,73.3
3737,18.8064,20.0,73.3
3738,18.8064,20.0,73.4
3739,18.8064,20.0,73.4
3740,18.8064,20.0,73.4
3741,18.8257,20.0,73.4
3742,18.8257,20.0,73.5
3743,18.8257,20.0,73.5
3744,18.8257,20.0,73.5
3745,18.8257,20.0,73.5
3746,18.8257,20.0,73.6
3747,18.8257,20.0,73.6
3748,18.8257,20.0,73.6
3749,18.8257,20.0,73.7
3750,18.8257,20.0,73.9
3751,18.8257,20.0,73.9
3752,18.8257,20.0,74.0
3753,18.8257,20.0,74.0
3754,18.8257,20.0,74.0
3755,18.8257,20.0,74.0
3756,18.8257,20.0,74.1
3757,18.8257,20.0,74.1
3758,18.8257,20.0,74.1
3759,18.8257,20.0,74.2
3760,18.8257,20.0,74.2
3761,18.8450,20.0,74.2
3762,18.8450,20.0,74.2
3763,18.8450,20.0,74.3
3764,18.8450,20.0,74.3
3765,18.8450,20.0,74.3
3766,18.8450,20.0,74.4
3767,18.8450,20.0,74.4
3768,18.8450,20.0,74.5
3769,18.8450,20.0,74.5
3770,18.8450,20.0,74.5
3771,18.8450,20.0,74.5
3772,18.8450,20.0,74.6
3773,18.8450,20.0,74.6
3774,18.8450,20.0,74.6
3775,18.8450,20.0,74.6
3776,18.8450,20.0,74.7
3777,18.8450,20.0,74.7
3778,18.8450,20.0,74.7
3779,18.8450,20.0,74.7
3780,18.8450,20.0,74.7
3781,18.8643,20.0,74.8
3782,18.8643,20.0,74.8
3783,18.8643,20.0,74.8
3784,18.8643,20.0,74.8
3785,18.8643,20.0,74.8
3786,18.8643,20.0,74.9
3787,18.8643,20.0,74.9
3788,18.8643,20.0,74.9
3789,18.8643,20.0,74.9
3790,18.8643,20.0,74.9
3791,18.8643,20.0,75.0
3792,18.8643,20.0,75.0
3793,18.8643,20.0,75.0
3794,18.8643,20.0,75.0
3795,18.8643,20.0,75.0
3796,18.8643,20.0,75.0
3797,18.8643,20.0,75.1
3798,18.8643,20.0,75.1
3799,18.8643,20.0,75.1
3800,18.8643,20.0,75.1
3801,18.8836,20.0,75.1
3802,18.8836,20.0,75.2
3803,18.8836,20.0,75.2
3804,18.8836,20.0,75.2
3805,18.8836,20.0,75.2
3806,18.8836,20.0,75.2
3807,18.8836,20.0,75.3
3808,18.8836,20.0,75.3
3809,18.8836,20.0,75.3
3810,18.8836,20.0,75.3
3811,18.8836,20.0,75.3
3812,18.8836,20.0,75.3
3813,18.8836,20.0,75.4
3814,18.8836,20.0,75.4
3815,18.8836,20.0,75.4
3816,18.8836,20.0,75.4
3817,18.8836,20.0,75.4
3818,18.8836,20.0,75.4
3819,18.8836,20.0,75.5
3820,18.8836,20.0,75.5
3821,18.9029,20.0,75.5
3822,18.9029,20.0,75.5
3823,18.9029,20.0,75.5
3824,18.9029,20.0,75.6
3825,18.9029,20.0,75.6
3826,18.9029,20.0,75.6
3827,18.9029,20.0,75.6
3828,18.9029,20.0,75.6
3829,18.9029,20.0,75.7
3830,18.9029,20.0,75.7
3831,18.9029,20.0,75.7
3832,18.9029,20.0,75.7
3833,18.9029,20.0,75.7
3834,18.9029,20.0,75.8
3835,18.9029,20.0,75.8
3836,18.9029,20.0,75.8
3837,18.9029,20.0,75.8
3838,18.9029,20.0,75.8
3839,18.9029,20.0,75.9
3840,18.9029,20.0,75.9
3841,18.9222,20.0,75.9
3842,18.9222,20.0,75.9
3843,18.9222,20.0,75.9
3844,18.9222,20.0,75.9
3845,18.9222,20.0,76.0
3846,18.9222,20.0,76.0
3847,18.9222,20.0,76.0
3848,18.9222,20.0,76.0
3849,18.9222,20.0,76.0
3850,18.9222,20.0,76.1
3851,18.9222,20.0,76.1
3852,18.9222,20.0,76.1
3853,18.9222,20.0,76.1
3854,18.9222,20.0,76.1
3855,18.9222,20.0,76.2
3856,18.9222,20.0,76.2
3857,18.9222,20.0,76.2
3858,18.9222,20.0,76.2
3859,18.9222,20.0,76.2
3860,18.9222,20.0,76.3
3861,18.9415,20.0,76.3
3862,18.9415,20.0,76.3
3863,18.9415,20.0,76.3
3864,18.9415,20.0,76.3
3865,18.9415,20.0,76.4
3866,18.9415,20.0,76.4
3867,18.9415,20.0,76.4
3868,18.9415,20.0,76.4
3869,18.9415,20.0,76.4
3870,18.9415,20.0,76.5
3871,18.9415,20.0,76.5
3872,18.9415,20.0,76.5
3873,18.9415,20.0,76.5
3874,18.9415,20.0,76.5
3875,18.9415,20.0,76.6
3876,18.9415,20.0,76.6
3877,18.9415,20.0,76.6
3878,18.9415,20.0,76.6
3879,18.9415,20.0,76.6
3880,18.9415,20.0,76.7
3881,18.9608,20.0,76.7
3882,18.9608,20.0,76.7
3883,18.9608,20.0,76.7
3884,18.9608,20.0,76.7
3885,18.9608,20.0,76.8
3886,18.9608,20.0,76.8
3887,18.9608,20.0,76.8
3888,18.9608,20.0,76.8
3889,18.9608,20.0,76.8
3890,18.9608,20.0,76.8
3891,18.9608,20.0,76.9
3892,18.9608,20.0,76.9
3893,18.9608,20.0,76.9
3894,18.9608,20.0,76.9
3895,18.9608,20.0,76.9
3896,18.9608,20.0,76.9
3897,18.9608,20.0,77.0
3898,18.9608,20.0,77.0
3899,18.9608,20.0,77.0
3900,18.9608,20.0,77.0
3901,18.9801,20.0,77.1
3902,18.9801,20.0,77.1
3903,18.9801,20.0,77.1
3904,18.9801,20.0,77.1
3905,18.9801,20.0,77.1
3906,18.9801,20.0,77.1
3907,18.9801,20.0,77.2
3908,18.9801,20.0,77.2
3909,18.9801,20.0,77.2
3910,18.9801,20.0,77.2
3911,18.9801,20.0,77.2
3912,18.9801,20.0,77.2
3913,18.9801,20.0,77.3
3914,18.9801,20.0,77.3
3915,18.9801,20.0,77.3
3916,18.9801,20.0,77.3
3917,18.9801,20.0,77.3
3918,18.9801,20.0,77.4
3919,18.9801,20.0,77.4
3920,18.9801,20.0,77.4
3921,18.9994,20.0,77.4
3922,18.9994,20.0,77.4
3923,18.9994,20.0,77.4
3924,18.9994,20.0,77.5
3925,18.9994,20.0,77.5
3926,18.9994,20.0,77.5
3927,18.9994,20.0,77.5
3928,18.9994,20.0,77.5
3929,18.9994,20.0,77.6
3930,18.9994,20.0,77.6
3931,18.9994,20.0,77.6
3932,18.9994,20.0,77.6
3933,18.9994,20.0,77.6
3934,18.9994,20.0,77.7
3935,18.9994,20.0,77.7
3936,18.9994,20.0,77.7
3937,18.9994,20.0,77.7
3938,18.9994,20.0,77.7
3939,18.9994,20.0,77.8
3940,18.9994,20.0,77.8
3941,19.0187,20.0,77.8
3942,19.0187,20.0,77.8
3943,19.0187,20.0,77.8
3944,19.0187,20.0,77.9
3945,19.0187,20.0,77.9
3946,19.0187,20.0,77.9
3947,19.0187,20.0,77.9
3948,19.0187,20.0,77.9
3949,19.0187,20.0,77.9
3950,19.0187,20.0,78.0
3951,19.0187,20.0,78.0
3952,19.0187,20.0,78.0
3953,19.0187,20.0,78.0
3954,19.0187,20.0,78.0
3955,19.0187,20.0,78.1
3956,19.0187,20.0,78.1
3957,19.0187,20.0,78.1
3958,19.0187,20.0,78.1
3959,19.0187,20.0,78.2
3960,19.0187,20.0,78.2
3961,19.0380,20.0,78.2
3962,19.0380,20.0,78.2
3963,19.0380,20.0,78.2
3964,19.0380,20.0,78.3
3965,19.0380,20.0,78.3
3966,19.0380,20.0,78.3
3967,19.0380,20.0,78.3
3968,19.0380,20.0,78.3
3969,19.0380,20.0,78.4
3970,19.0380,20.0,78.4
3971,19.0380,20.0,78.4
3972,19.0380,20.0,78.4
3973,19.0380,20.0,78.4
3974,19.0380,20.0,78.5
3975,19.0380,20.0,78.5
3976,19.0380,20.0,78.5
3977,19.0380,20.0,78.5
3978,19.0380,20.0,78.6
3979,19.0380,20.0,78.6
3980,19.0380,20.0,78.6
3981,19.0573,20.0,78.6
3982,19.0573,20.0,78.6
3983,19.0573,20.0,78.7
3984,19.0573,20.0,78.7
3985,19.0573,20.0,78.7
3986,19.0573,20.0,78.7
3987,19.0573,20.0,78.8
3988,19.0573,20.0,78.8
3989,19.0573,20.0,78.8
3990,19.0573,20.0,78.8
3991,19.0573,20.0,78.8
3992,19.0573,20.0,78.9
3993,19.0573,20.0,78.9
3994,19.0573,20.0,78.9
3995,19.0573,20.0,78.9
3996,19.0573,20.0,78.9
3997,19.0573,20.0,79.0
3998,19.0573,20.0,79.0
3999,19.0573,20.0,79.0
4000,19.0573,20.0,79.0
4001,19.0766,20.0,79.0
4002,19.0766,20.0,79.1
4003,19.0766,20.0,79.1
4004,19.0766,20.0,79.1
4005,19.0766,20.0,79.1
4006,19.0766,20.0,79.1
4007,19.0766,20.0,79.1
4008,19.0766,20.0,79.2
4009,19.0766,20.0,79.2
4010,19.0766,20.0,79.2
4011,19.0766,20.0,79.2
4012,19.0766,20.0,79.2
4013,19.0766,20.0,79.3
4014,19.0766,20.0,79.3
4015,19.0766,20.0,79.3
4016,19.0766,20.0,79.3
4017,19.0766,20.0,79.3
4018,19.0766,20.0,79.3
4019,19.0766,20.0,79.4
4020,19.0766,20.0,79.4
4021,19.0959,20.0,79.4
4022,19.0959,20.0,79.4
4023,19.0959,20.0,79.4
4024,19.0959,20.0,79.5
4025,19.0959,20.0,79.5
4026,19.0959,20.0,79.5
4027,19.0959,20.0,79.5
4028,19.0959,20.0,79.5
4029,19.0959,20.0,79.6
4030,19.0959,20.0,79.6
4031,19.0959,20.0,79.6
4032,19.0959,20.0,79.6
4033,19.0959,20.0,79.6
4034,19.0959,20.0,79.7
4035,19.0959,20.0,79.7
4036,19.0959,20.0,79.7
4037,19.0959,20.0,79.7
4038,19.0959,20.0,79.7
4039,19.0959,20.0,79.8
4040,19.0959,20.0,79.8
4041,19.1152,20.0,79.8
4042,19.1152,20.0,79.8
4043,19.1152,20.0,79.8
4044,19.1152,20.0,79.9
4045,19.1152,20.0,79.9
4046,19.1152,20.0,79.9
4047,19.1152,20.0,79.9
4048,19.1152,20.0,79.9
4049,19.1152,20.0,80.0
4050,19.1152,20.0,80.0
4051,19.1152,20.0,80.0
4052,19.1152,20.0,80.0
4053,19.1152,20.0,80.0
4054,19.1152,20.0,80.0
4055,19.1152,20.0,80.1
4056,19.1152,20.0,80.1
4057,19.1152,20.0,80.1
4058,19.1152,20.0,80.1
4059,19.1152,20.0,80.1
4060,19.1152,20.0,80.1
4061,19.1551,20.0,80.2
4062,19.1551,20.0,80.2
4063,19.1551,20.0,80.2
4064,19.1551,20.0,80.2
4065,19.1551,20.0,80.2
4066,19.1551,20.0,80.3
4067,19.1551,20.0,80.3
4068,19.1551,20.0,80.3
4069,19.1551,20.0,80.3
4070,19.1551,20.0,80.4
4071,19.1551,20.0,80.4
4072,19.1551,20.0,80.4
4073,19.1551,20.0,80.4
4074,19.1551,20.0,80.4
4075,19.1551,20.0,80.4
4076,19.1551,20.0,80.5
4077,19.1551,20.0,80.5
4078,19.1551,20.0,80.5
4079,19.1551,20.0,80.5
4080,19.1551,20.0,80.5
4081,19.1950,20.0,80.6
4082,19.1950,20.0,80.6
4083,19.1950,20.0,80.6
4084,19.1950,20.0,80.6
4085,19.1950,20.0,80.6
4086,19.1950,20.0,80.7
4087,19.1950,20.0,80.7
4088,19.1950,20.0,80.7
4089,19.1950,20.0,80.7
4090,19.1950,20.0,80.8
4091,19.1950,20.0,80.8
4092,19.1950,20.0,80.8
4093,19.1950,20.0,80.8
4094,19.1950,20.0,80.8
4095,19.1950,20.0,80.8
4096,19.1950,20.0,80.9
4097,19.1950,20.0,81.1
4098,19.1950,20.0,81.1
4099,19.1950,20.0,81.1
4100,19.1950,20.0,81.2
4101,19.2346,20.0,81.2
4102,19.2346,20.0,81.2
4103,19.2346,20.0,81.2
4104,19.2346,20.0,81.2
4105,19.2346,20.0,81.3
4106,19.2346,20.0,81.3
4107,19.2346,20.0,81.3
4108,19.2346,20.0,81.3
4109,19.2346,20.0,81.3
4110,19.2346,20.0,81.3
4111,19.2346,20.0,81.4
4112,19.2346,20.0,81.4
4113,19.2346,20.0,81.4
4114,19.2346,20.0,81.4
4115,19.2346,20.0,81.4
4116,19.2346,20.0,81.5
4117,19.2346,20.0,81.5
4118,19.2346,20.0,81.5
4119,19.2346,20.0,81.5
4120,19.2346,20.0,81.5
4121,19.2745,20.0,81.6
4122,19.2745,20.0,81.6
4123,19.2745,20.0,81.6
4124,19.2745,20.0,81.6
4125,19.2745,20.0,81.6
4126,19.2745,20.0,81.6
4127,19.2745,20.0,81.7
4128,19.2745,20.0,81.7
4129,19.2745,20.0,81.7
4130,19.2745,20.0,81.7
4131,19.2745,20.0,81.8
4132,19.2745,20.0,81.8
4133,19.2745,20.0,81.8
4134,19.2745,20.0,81.8
4135,19.2745,20.0,81.8
4136,19.2745,20.0,81.8
4137,19.2745,20.0,81.9
4138,19.2745,20.0,81.9
4139,19.2745,20.0,81.9
4140,19.2745,20.0,81.9
4141,19.3143,20.0,81.9
4142,19.3143,20.0,82.0
4143,19.3143,20.0,82.0
4144,19.3143,20.0,82.0
4145,19.3143,20.0,82.0
4146,19.3143,20.0,82.0
4147,19.3143,20.0,82.1
4148,19.3143,20.0,82.1
4149,19.3143,20.0,82.1
4150,19.3143,20.0,82.1
4151,19.3143,20.0,82.1
4152,19.3143,20.0,82.1
4153,19.3143,20.0,82.2
4154,19.3143,20.0,82.2
4155,19.3143,20.0,82.2
4156,19.3143,20.0,82.2
4157,19.3143,20.0,82.2
4158,19.3143,20.0,82.3
4159,19.3143,20.0,82.3
4160,19.3143,20.0,82.3
4161,19.3542,20.0,82.3
4162,19.3542,20.0,82.3
4163,19.3542,20.0,82.3
4164,19.3542,20.0,82.4
4165,19.3542,20.0,82.4
4166,19.3542,20.0,82.4
4167,19.3542,20.0,82.4
4168,19.3542,20.0,82.4
4169,19.3542,20.0,82.4
4170,19.3542,20.0,82.5
4171,19.3542,20.0,82.5
4172,19.3542,20.0,82.5
4173,19.3542,20.0,82.5
4174,19.3542,20.0,82.5
4175,19.3542,20.0,82.6
4176,19.3542,20.0,82.6
4177,19.3542,20.0,82.6
4178,19.3542,20.0,82.6
4179,19.3542,20.0,82.6
4180,19.3542,20.0,82.7
4181,19.3941,20.0,82.7
4182,19.3941,20.0,82.7
4183,19.3941,20.0,82.7
4184,19.3941,20.0,82.7
4185,19.3941,20.0,82.8
4186,19.3941,20.0,82.8
4187,19.3941,20.0,82.8
4188,19.3941,20.0,82.8
4189,19.3941,20.0,82.8
4190,19.3941,20.0,82.8
4191,19.3941,20.0,82.9
4192,19.3941,20.0,82.9
4193,19.3941,20.0,82.9
4194,19.3941,20.0,82.9
4195,19.3941,20.0,82.9
4196,19.3941,20.0,83.0
4197,19.3941,20.0,83.0
4198,19.3941,20.0,83.0
4199,19.3941,20.0,83.0
4200,19.3941,20.0,83.0
4201,19.4339,20.0,83.0
4202,19.4339,20.0,83.1
4203,19.4339,20.0,83.1
4204,19.4339,20.0,83.1
4205,19.4339,20.0,83.1
4206,19.4339,20.0,83.1
4207,19.4339,20.0,83.2
4208,19.4339,20.0,83.2
4209,19.4339,20.0,83.2
4210,19.4339,20.0,83.2
4211,19.4339,20.0,83.2
4212,19.4339,20.0,83.2
4213,19.4339,20.0,83.3
4214,19.4339,20.0,83.3
4215,19.4339,20.0,83.3
4216,19.4339,20.0,83.3
4217,19.4339,20.0,83.3
4218,19.4339,20.0,83.4
4219,19.4339,20.0,83.4
4220,19.4339,20.0,83.4
4221,19.4738,20.0,83.4
4222,19.4738,20.0,83.4
4223,19.4738,20.0,83.5
4224,19.4738,20.0,83.5
4225,19.4738,20.0,83.5
4226,19.4738,20.0,83.5
4227,19.4738,20.0,83.5
4228,19.4738,20.0,83.5
4229,19.4738,20.0,83.5
4230,19.4738,20.0,83.6
4231,19.4738,20.0,83.6
4232,19.4738,20.0,83.6
4233,19.4738,20.0,83.6
4234,19.4738,20.0,83.6
4235,19.4738,20.0,83.7
4236,19.4738,20.0,83.7
4237,19.4738,20.0,83.7
4238,19.4738,20.0,83.7
4239,19.4738,20.0,83.7
4240,19.4738,20.0,83.8
4241,19.5136,20.0,83.8
4242,19.5136,20.0,83.8
4243,19.5136,20.0,83.8
4244,19.5136,20.0,83.8
4245,19.5136,20.0,83.9
4246,19.5136,20.0,83.9
4247,19.5136,20.0,83.9
4248,19.5136,20.0,83.9
4249,19.5136,20.0,83.9
4250,19.5136,20.0,84.0
4251,19.5136,20.0,84.0
4252,19.5136,20.0,84.0
4253,19.5136,20.0,84.0
4254,19.5136,20.0,84.0
4255,19.5136,20.0,84.0
4256,19.5136,20.0,84.1
4257,19.5136,20.0,84.1
4258,19.5136,20.0,84.1
4259,19.5136,20.0,84.1
4260,19.5136,20.0,84.1
4261,19.5535,20.0,84.2
4262,19.5535,20.0,84.2
4263,19.5535,20.0,84.2
4264,19.5535,20.0,84.2
4265,19.5535,20.0,84.2
4266,19.5535,20.0,84.2
4267,19.5535,20.0,84.2
4268,19.5535,20.0,84.3
4269,19.5535,20.0,84.3
4270,19.5535,20.0,84.3
4271,19.5535,20.0,84.3
4272,19.5535,20.0,84.3
4273,19.5535,20.0,84.4
4274,19.5535,20.0,84.4
4275,19.5535,20.0,84.4
4276,19.5535,20.0,84.4
4277,19.5535,20.0,84.4
4278,19.5535,20.0,84.4
4279,19.5535,20.0,84.5
4280,19.5535,20.0,84.5
4281,19.5934,20.0,84.5
4282,19.5934,20.0,84.5
4283,19.5934,20.0,84.6
4284,19.5934,20.0,84.6
4285,19.5934,20.0,84.6
4286,19.5934,20.0,84.6
4287,19.5934,20.0,84.6
4288,19.5934,20.0,84.6
4289,19.5934,20.0,84.7
4290,19.5934,20.0,84.7
4291,19.5934,20.0,84.7
4292,19.5934,20.0,84.7
4293,19.5934,20.0,84.8
4294,19.5934,20.0,84.8
4295,19.5934,20.0,84.8
4296,19.5934,20.0,84.8
4297,19.5934,20.0,84.8
4298,19.5934,20.0,84.9
4299,19.5934,20.0,84.9
4300,19.5934,20.0,84.9
4301,19.6332,20.0,84.9
4302,19.6332,20.0,84.9
4303,19.6332,20.0,85.0
4304,19.6332,20.0,85.0
4305,19.6332,20.0,85.0
4306,19.6332,20.0,85.0
4307,19.6332,20.0,85.0
4308,19.6332,20.0,85.1
4309,19.6332,20.0,85.1
4310,19.6332,20.0,85.1
4311,19.6332,20.0,85.1
4312,19.6332,20.0,85.2
4313,19.6332,20.0,85.2
4314,19.6332,20.0,85.2
4315,19.6332,20.0,85.2
4316,19.6332,20.0,85.2
4317,19.6332,20.0,85.2
4318,19.6332,20.0,85.3
4319,19.6332,20.0,85.3
4320,19.6332,20.0,85.3
4321,19.6731,20.0,85.3
4322,19.6731,20.0,85.3
4323,19.6731,20.0,85.4
4324,19.6731,20.0,85.4
4325,19.6731,20.0,85.4
4326,19.6731,20.0,85.4
4327,19.6731,20.0,85.4
4328,19.6731,20.0,85.4
4329,19.6731,20.0,85.5
4330,19.6731,20.0,85.5
4331,19.6731,20.0,85.5
4332,19.6731,20.0,85.5
4333,19.6731,20.0,85.5
4334,19.6731,20.0,85.6
4335,19.6731,20.0,85.6
4336,19.6731,20.0,85.6
4337,19.6731,20.0,85.6
4338,19.6731,20.0,85.6
4339,19.6731,20.0,85.6
4340,19.6731,20.0,85.7
4341,19.7130,20.0,85.7
4342,19.7130,20.0,85.7
4343,19.7130,20.0,85.7
4344,19.7130,20.0,85.7
4345,19.7130,20.0,85.8
4346,19.7130,20.0,85.8
4347,19.7130,20.0,85.8
4348,19.7130,20.0,85.8
4349,19.7130,20.0,85.8
4350,19.7130,20.0,85.9
4351,19.7130,20.0,85.9
4352,19.7130,20.0,85.9
4353,19.7130,20.0,85.9
4354,19.7130,20.0,85.9
4355,19.7130,20.0,85.9
4356,19.7130,20.0,86.0
4357,19.7130,20.0,86.0
4358,19.7130,20.0,86.0
4359,19.7130,20.0,86.0
4360,19.7130,20.0,86.0
4361,19.7528,20.0,86.1
4362,19.7528,20.0,86.1
4363,19.7528,20.0,86.1
4364,19.7528,20.0,86.1
4365,19.7528,20.0,86.1
4366,19.7528,20.0,86.2
4367,19.7528,20.0,86.2
4368,19.7528,20.0,86.2
4369,19.7528,20.0,86.2
4370,19.7528,20.0,86.2
4371,19.7528,20.0,86.2
4372,19.7528,20.0,86.3
4373,19.7528,20.0,86.3
4374,19.7528,20.0,86.3
4375,19.7528,20.0,86.3
4376,19.7528,20.0,86.3
4377,19.7528,20.0,86.4
4378,19.7528,20.0,86.4
4379,19.7528,20.0,86.4
4380,19.7528,20.0,86.4
4381,19.7927,20.0,86.4
4382,19.7927,20.0,86.5
4383,19.7927,20.0,86.5
4384,19.7927,20.0,86.5
4385,19.7927,20.0,86.5
4386,19.7927,20.0,86.5
4387,19.7927,20.0,86.5
4388,19.7927,20.0,86.6
4389,19.7927,20.0,86.6
4390,19.7927,20.0,86.6
4391,19.7927,20.0,86.6
4392,19.7927,20.0,86.6
4393,19.7927,20.0,86.7
4394,19.7927,20.0,86.7
4395,19.7927,20.0,86.7
4396,19.7927,20.0,86.7
4397,19.7927,20.0,86.7
4398,19.7927,20.0,86.8
4399,19.7927,20.0,86.8
4400,19.7927,20.0,86.8
4401,19.8325,20.0,86.8
4402,19.8325,20.0,86.8
4403,19.8325,20.0,86.9
4404,19.8325,20.0,86.9
4405,19.8325,20.0,86.9
4406,19.8325,20.0,86.9
4407,19.8325,20.0,86.9
4408,19.8325,20.0,87.0
4409,19.8325,20.0,87.0
4410,19.8325,20.0,87.0
4411,19.8325,20.0,87.0
4412,19.8325,20.0,87.0
4413,19.8325,20.0,87.0
4414,19.8325,20.0,87.1
4415,19.8325,20.0,87.1
4416,19.8325,20.0,87.1
4417,19.8325,20.0,87.1
4418,19.8325,20.0,87.2
4419,19.8325,20.0,87.2
4420,19.8325,20.0,87.2
4421,19.8724,20.0,87.2
4422,19.8724,20.0,87.2
4423,19.8724,20.0,87.3
4424,19.8724,20.0,87.3
4425,19.8724,20.0,87.3
4426,19.8724,20.0,87.3
4427,19.8724,20.0,87.3
4428,19.8724,20.0,87.3
4429,19.8724,20.0,87.4
4430,19.8724,20.0,87.4
4431,19.8724,20.0,87.4
4432,19.8724,20.0,87.4
4433,19.8724,20.0,87.4
4434,19.8724,20.0,87.5
4435,19.8724,20.0,87.5
4436,19.8724,20.0,87.5
4437,19.8724,20.0,87.5
4438,19.8724,20.0,87.5
4439,19.8724,20.0,87.6
4440,19.8724,20.0,87.6
4441,19.9123,20.0,87.6
4442,19.9123,20.0,87.6
4443,19.9123,20.0,87.6
4444,19.9123,20.0,87.7
4445,19.9123,20.0,87.7
4446,19.9123,20.0,87.7
4447,19.9123,20.0,87.7
4448,19.9123,20.0,87.7
4449,19.9123,20.0,87.7
4450,19.9123,20.0,87.8
4451,19.9123,20.0,87.8
4452,19.9123,20.0,87.8
4453,19.9123,20.0,87.8
4454,19.9123,20.0,87.9
4455,19.9123,20.0,87.9
4456,19.9123,20.0,87.9
4457,19.9123,20.0,87.9
4458,19.9123,20.0,87.9
4459,19.9123,20.0,87.9
4460,19.9123,20.0,88.0
4461,19.9521,20.0,88.0
4462,19.9521,20.0,88.0
4463,19.9521,20.0,88.0
4464,19.9521,20.0,88.0
4465,19.9521,20.0,88.1
4466,19.9521,20.0,88.1
4467,19.9521,20.0,88.1
4468,19.9521,20.0,88.1
4469,19.9521,20.0,88.1
4470,19.9521,20.0,88.2
4471,19.9521,20.0,88.2
4472,19.9521,20.0,88.2
4473,19.9521,20.0,88.2
4474,19.9521,20.0,88.2
4475,19.9521,20.0,88.2
4476,19.9521,20.0,88.3
4477,19.9521,20.0,88.3
4478,19.9521,20.0,88.3
4479,19.9521,20.0,88.3
4480,19.9521,20.0,88.4
4481,19.9920,20.0,88.4
4482,19.9920,20.0,88.4
4483,19.9920,20.0,88.4
4484,19.9920,20.0,88.4
4485,19.9920,20.0,88.4
4486,19.9920,20.0,88.5
4487,19.9920,20.0,88.5
4488,19.9920,20.0,88.5
4489,19.9920,20.0,88.5
4490,19.9920,20.0,88.5
4491,19.9920,20.0,88.5
4492,19.9920,20.0,88.6
4493,19.9920,20.0,88.6
4494,19.9920,20.0,88.6
4495,19.9920,20.0,88.6
4496,19.9920,20.0,88.6
4497,19.9920,20.0,88.7
4498,19.9920,20.0,88.7
4499,19.9920,20.0,88.7
4500,19.9920,20.0,88.7
4501,20.0319,20.0,88.7
4502,20.0319,20.0,88.8
4503,20.0319,20.0,88.8
4504,20.0319,20.0,88.8
4505,20.0319,20.0,88.8
4506,20.0319,20.0,88.9
4507,20.0319,20.0,88.9
4508,20.0319,20.0,88.9
4509,20.0319,20.0,88.9
4510,20.0319,20.0,88.9
4511,20.0319,20.0,88.9
4512,20.0319,20.0,89.0
4513,20.0319,20.0,89.0
4514,20.0319,20.0,89.0
4515,20.0319,20.0,89.0
4516,20.0319,20.0,89.0
4517,20.0319,20.0,89.1
4518,20.0319,20.0,89.1
4519,20.0319,20.0,89.1
4520,20.0319,20.0,89.1
4521,20.0717,20.0,89.1
4522,20.0717,20.0,89.2
4523,20.0717,20.0,89.2
4524,20.0717,20.0,89.2
4525,20.0717,20.0,89.2
4526,20.0717,20.0,89.2
4527,20.0717,20.0,89.3
4528,20.0717,20.0,89.3
4529,20.0717,20.0,89.3
4530,20.0717,20.0,89.3
4531,20.0717,20.0,89.3
4532,20.0717,20.0,89.4
4533,20.0717,20.0,89.4
4534,20.0717,20.0,89.4
4535,20.0717,20.0,89.4
4536,20.0717,20.0,89.4
4537,20.0717,20.0,89.5
4538,20.0717,20.0,89.5
4539,20.0717,20.0,89.5
4540,20.0717,20.0,89.5
4541,20.1116,20.0,89.5
4542,20.1116,20.0,89.6
4543,20.1116,20.0,89.6
4544,20.1116,20.0,89.6
4545,20.1116,20.0,89.6
4546,20.1116,20.0,89.6
4547,20.1116,20.0,89.7
4548,20.1116,20.0,89.7
4549,20.1116,20.0,89.7
4550,20.1116,20.0,89.7
4551,20.1116,20.0,89.7
4552,20.1116,20.0,89.7
4553,20.1116,20.0,89.8
4554,20.1116,20.0,89.8
4555,20.1116,20.0,89.8
4556,20.1116,20.0,89.8
4557,20.1116,20.0,89.9
4558,20.1116,20.0,89.9
4559,20.1116,20.0,89.9
4560,20.1116,20.0,89.9
4561,20.1514,20.0,89.9
4562,20.1514,20.0,89.9
4563,20.1514,20.0,90.0
4564,20.1514,20.0,90.0
4565,20.1514,20.0,90.0
4566,20.1514,20.0,90.0
4567,20.1514,20.0,90.0
4568,20.1514,20.0,90.1
4569,20.1514,20.0,90.1
4570,20.1514,20.0,90.1
4571,20.1514,20.0,90.1
4572,20.1514,20.0,90.1
4573,20.1514,20.0,90.1
4574,20.1514,20.0,90.2
4575,20.1514,20.0,90.2
4576,20.1514,20.0,90.2
4577,20.1514,20.0,90.2
4578,20.1514,20.0,90.2
4579,20.1514,20.0,90.2
4580,20.1514,20.0,90.3
4581,20.1510,20.0,90.3
4582,20.1510,20.0,90.3
4583,20.1510,20.0,90.3
4584,20.1510,20.0,90.3
4585,20.1510,20.0,90.3
4586,20.1510,20.0,90.4
4587,20.1510,20.0,90.4
4588,20.1510,20.0,90.4
4589,20.1510,20.0,90.4
4590,20.1510,20.0,90.4
4591,20.1510,20.0,90.4
4592,20.1510,20.0,90.5
4593,20.1510,20.0,90.5
4594,20.1510,20.0,90.5
4595,20.1510,20.0,90.5
4596,20.1510,20.0,90.5
4597,20.1510,20.0,90.6
4598,20.1510,20.0,90.6
4599,20.1510,20.0,90.6
4600,20.1510,20.0,90.6
4601,20.1505,20.0,90.7
4602,20.1505,20.0,90.7
4603,20.1505,20.0,90.7
4604,20.1505,20.0,90.7
4605,20.1505,20.0,90.7
4606,20.1505,20.0,90.8
4607,20.1505,20.0,90.8
4608,20.1505,20.0,90.8
4609,20.1505,20.0,91.1
4610,20.1505,20.0,91.1
4611,20.1505,20.0,91.1
4612,20.1505,20.0,91.1
4613,20.1505,20.0,91.1
4614,20.1505,20.0,91.1
4615,20.1505,20.0,91.2
4616,20.1505,20.0,91.2
4617,20.1505,20.0,91.2
4618,20.1505,20.0,91.2
4619,20.1505,20.0,91.2
4620,20.1505,20.0,91.2
4621,20.1499,20.0,91.3
4622,20.1499,20.0,91.3
4623,20.1499,20.0,91.3
4624,20.1499,20.0,91.3
4625,20.1499,20.0,91.4
4626,20.1499,20.0,91.4
4627,20.1499,20.0,91.4
4628,20.1499,20.0,91.4
4629,20.1499,20.0,91.4
4630,20.1499,20.0,91.5
4631,20.1499,20.0,91.5
4632,20.1499,20.0,91.5
4633,20.1499,20.0,91.5
4634,20.1499,20.0,91.5
4635,20.1499,20.0,91.6
4636,20.1499,20.0,91.6
4637,20.1499,20.0,91.6
4638,20.1499,20.0,91.6
4639,20.1499,20.0,91.6
4640,20.1499,20.0,91.6
4641,20.1493,20.0,91.7
4642,20.1493,20.0,91.7
4643,20.1493,20.0,91.7
4644,20.1493,20.0,91.7
4645,20.1493,20.0,91.7
4646,20.1493,20.0,91.8
4647,20.1493,20.0,91.8
4648,20.1493,20.0,91.8
4649,20.1493,20.0,91.8
4650,20.1493,20.0,91.9
4651,20.1493,20.0,91.9
4652,20.1493,20.0,91.9
4653,20.1493,20.0,91.9
4654,20.1493,20.0,91.9
4655,20.1493,20.0,91.9
4656,20.1493,20.0,92.0
4657,20.1493,20.0,92.0
4658,20.1493,20.0,92.0
4659,20.1493,20.0,92.0
4660,20.1493,20.0,92.0
4661,20.1486,20.0,92.1
4662,20.1486,20.0,92.1
4663,20.1486,20.0,92.1
4664,20.1486,20.0,92.1
4665,20.1486,20.0,92.1
4666,20.1486,20.0,92.1
4667,20.1486,20.0,92.2
4668,20.1486,20.0,92.2
4669,20.1486,20.0,92.2
4670,20.1486,20.0,92.2
4671,20.1486,20.0,92.2
4672,20.1486,20.0,92.2
4673,20.1486,20.0,92.2
4674,20.1486,20.0,92.3
4675,20.1486,20.0,92.3
4676,20.1486,20.0,92.3
4677,20.1486,20.0,92.3
4678,20.1486,20.0,92.4
4679,20.1486,20.0,92.4
4680,20.1486,20.0,92.4
4681,20.1480,20.0,92.4
4682,20.1480,20.0,92.4
4683,20.1480,20.0,92.4
4684,20.1480,20.0,92.5
4685,20.1480,20.0,92.5
4686,20.1480,20.0,92.5
4687,20.1480,20.0,92.5
4688,20.1480,20.0,92.5
4689,20.1480,20.0,92.5
4690,20.1480,20.0,92.6
4691,20.1480,20.0,92.6
4692,20.1480,20.0,92.6
4693,20.1480,20.0,92.6
4694,20.1480,20.0,92.6
4695,20.1480,20.0,92.7
4696,20.1480,20.0,92.7
4697,20.1480,20.0,92.7
4698,20.1480,20.0,92.7
4699,20.1480,20.0,92.7
4700,20.1480,20.0,92.8
4701,20.1474,20.0,92.8
4702,20.1474,20.0,92.8
4703,20.1474,20.0,92.8
4704,20.1474,20.0,92.8
4705,20.1474,20.0,92.9
4706,20.1474,20.0,92.9
4707,20.1474,20.0,92.9
4708,20.1474,20.0,92.9
4709,20.1474,20.0,92.9
4710,20.1474,20.0,92.9
4711,20.1474,20.0,93.0
4712,20.1474,20.0,93.0
4713,20.1474,20.0,93.0
4714,20.1474,20.0,93.0
4715,20.1474,20.0,93.0
4716,20.1474,20.0,93.1
4717,20.1474,20.0,93.1
4718,20.1474,20.0,93.1
4719,20.1474,20.0,93.1
4720,20.1474,20.0,93.2
4721,20.1468,20.0,93.2
4722,20.1468,20.0,93.2
4723,20.1468,20.0,93.2
4724,20.1468,20.0,93.2
4725,20.1468,20.0,93.2
4726,20.1468,20.0,93.3
4727,20.1468,20.0,93.3
4728,20.1468,20.0,93.3
4729,20.1468,20.0,93.3
4730,20.1468,20.0,93.3
4731,20.1468,20.0,93.3
4732,20.1468,20.0,93.4
4733,20.1468,20.0,93.4
4734,20.1468,20.0,93.4
4735,20.1468,20.0,93.4
4736,20.1468,20.0,93.4
4737,20.1468,20.0,93.5
4738,20.1468,20.0,93.5
4739,20.1468,20.0,93.5
4740,20.1468,20.0,93.5
4741,20.1461,20.0,93.5
4742,20.1461,20.0,93.6
4743,20.1461,20.0,93.6
4744,20.1461,20.0,93.6
4745,20.1461,20.0,93.6
4746,20.1461,20.0,93.7
4747,20.1461,20.0,93.7
4748,20.1461,20.0,93.7
4749,20.1461,20.0,93.7
4750,20.1461,20.0,93.7
4751,20.1461,20.0,93.8
4752,20.1461,20.0,93.8
4753,20.1461,20.0,93.8
4754,20.1461,20.0,93.8
4755,20.1461,20.0,93.8
4756,20.1461,20.0,93.9
4757,20.1461,20.0,93.9
4758,20.1461,20.0,93.9
4759,20.1461,20.0,93.9
4760,20.1461,20.0,93.9
4761,20.1455,20.0,94.0
4762,20.1455,20.0,94.0
4763,20.1455,20.0,94.0
4764,20.1455,20.0,94.0
4765,20.1455,20.0,94.0
4766,20.1455,20.0,94.0
4767,20.1455,20.0,94.1
4768,20.1455,20.0,94.1
4769,20.1455,20.0,94.1
4770,20.1455,20.0,94.1
4771,20.1455,20.0,94.1
4772,20.1455,20.0,94.1
4773,20.1455,20.0,94.2
4774,20.1455,20.0,94.2
4775,20.1455,20.0,94.2
4776,20.1455,20.0,94.2
4777,20.1455,20.0,94.2
4778,20.1455,20.0,94.2
4779,20.1455,20.0,94.3
4780,20.1455,20.0,94.3
4781,20.1449,20.0,94.3
4782,20.1449,20.0,94.3
4783,20.1449,20.0,94.3
4784,20.1449,20.0,94.4
4785,20.1449,20.0,94.4
4786,20.1449,20.0,94.4
4787,20.1449,20.0,94.4
4788,20.1449,20.0,94.4
4789,20.1449,20.0,94.4
4790,20.1449,20.0,94.5
4791,20.1449,20.0,94.5
4792,20.1449,20.0,94.5
4793,20.1449,20.0,94.5
4794,20.1449,20.0,94.5
4795,20.1449,20.0,94.5
4796,20.1449,20.0,94.6
4797,20.1449,20.0,94.6
4798,20.1449,20.0,94.6
4799,20.1449,20.0,94.6
4800,20.1449,20.0,94.6
4801,20.1443,20.0,94.7
4802,20.1443,20.0,94.7
4803,20.1443,20.0,94.7
4804,20.1443,20.0,94.7
4805,20.1443,20.0,94.7
4806,20.1443,20.0,94.7
4807,20.1443,20.0,94.8
4808,20.1443,20.0,94.8
4809,20.1443,20.0,94.8
4810,20.1443,20.0,94.8
4811,20.1443,20.0,94.8
4812,20.1443,20.0,94.9
4813,20.1443,20.0,94.9
4814,20.1443,20.0,94.9
4815,20.1443,20.0,94.9
4816,20.1443,20.0,94.9
4817,20.1443,20.0,95.0
4818,20.1443,20.0,95.0
4819,20.1443,20.0,95.0
4820,20.1443,20.0,95.0
4821,20.1437,20.0,95.0
4822,20.1437,20.0,95.1
4823,20.1437,20.0,95.1
4824,20.1437,20.0,95.1
4825,20.1437,20.0,95.1
4826,20.1437,20.0,95.1
4827,20.1437,20.0,95.2
4828,20.1437,20.0,95.2
4829,20.1437,20.0,95.2
4830,20.1437,20.0,95.2
4831,20.1437,20.0,95.2
4832,20.1437,20.0,95.2
4833,20.1437,20.0,95.3
4834,20.1437,20.0,95.3
4835,20.1437,20.0,95.3
4836,20.1437,20.0,95.3
4837,20.1437,20.0,95.3
4838,20.1437,20.0,95.4
4839,20.1437,20.0,95.4
4840,20.1437,20.0,95.4
4841,20.1430,20.0,95.4
4842,20.1430,20.0,95.4
4843,20.1430,20.0,95.4
4844,20.1430,20.0,95.5
4845,20.1430,20.0,95.5
4846,20.1430,20.0,95.5
4847,20.1430,20.0,95.5
4848,20.1430,20.0,95.5
4849,20.1430,20.0,95.6
4850,20.1430,20.0,95.6
4851,20.1430,20.0,95.6
4852,20.1430,20.0,95.6
4853,20.1430,20.0,95.6
4854,20.1430,20.0,95.7
4855,20.1430,20.0,95.7
4856,20.1430,20.0,95.7
4857,20.1430,20.0,95.7
4858,20.1430,20.0,95.7
4859,20.1430,20.0,95.8
4860,20.1430,20.0,95.8
4861,20.1424,20.0,95.8
4862,20.1424,20.0,95.8
4863,20.1424,20.0,95.8
4864,20.1424,20.0,95.9
4865,20.1424,20.0,95.9
4866,20.1424,20.0,95.9
4867,20.1424,20.0,95.9
4868,20.1424,20.0,95.9
4869,20.1424,20.0,96.0
4870,20.1424,20.0,96.0
4871,20.1424,20.0,96.0
4872,20.1424,20.0,96.0
4873,20.1424,20.0,96.0
4874,20.1424,20.0,96.0
4875,20.1424,20.0,96.1
4876,20.1424,20.0,96.1
4877,20.1424,20.0,96.1
4878,20.1424,20.0,96.1
4879,20.1424,20.0,96.1
4880,20.1424,20.0,96.1
4881,20.1418,20.0,96.2
4882,20.1418,20.0,96.2
4883,20.1418,20.0,96.2
4884,20.1418,20.0,96.2
4885,20.1418,20.0,96.2
4886,20.1418,20.0,96.3
4887,20.1418,20.0,96.3
4888,20.1418,20.0,96.3
4889,20.1418,20.0,96.3
4890,20.1418,20.0,96.3
4891,20.1418,20.0,96.4
4892,20.1418,20.0,96.4
4893,20.1418,20.0,96.4
4894,20.1418,20.0,96.4
4895,20.1418,20.0,96.4
4896,20.1418,20.0,96.5
4897,20.1418,20.0,96.5
4898,20.1418,20.0,96.5
4899,20.1418,20.0,96.5
4900,20.1418,20.0,96.5
4901,20.1412,20.0,96.5
4902,20.1412,20.0,96.6
4903,20.1412,20.0,96.6
4904,20.1412,20.0,96.6
4905,20.1412,20.0,96.6
4906,20.1412,20.0,96.6
4907,20.1412,20.0,96.6
4908,20.1412,20.0,96.7
4909,20.1412,20.0,96.7
4910,20.1412,20.0,96.7
4911,20.1412,20.0,96.7
4912,20.1412,20.0,96.7
4913,20.1412,20.0,96.8
4914,20.1412,20.0,96.8
4915,20.1412,20.0,96.8
4916,20.1412,20.0,96.8
4917,20.1412,20.0,96.8
4918,20.1412,20.0,96.9
4919,20.1412,20.0,96.9
4920,20.1412,20.0,96.9
4921,20.1406,20.0,96.9
4922,20.1406,20.0,96.9
4923,20.1406,20.0,97.0
4924,20.1406,20.0,97.0
4925,20.1406,20.0,97.0
4926,20.1406,20.0,97.0
4927,20.1406,20.0,97.0
4928,20.1406,20.0,97.0
4929,20.1406,20.0,97.1
4930,20.1406,20.0,97.1
4931,20.1406,20.0,97.1
4932,20.1406,20.0,97.1
4933,20.1406,20.0,97.1
4934,20.1406,20.0,97.2
4935,20.1406,20.0,97.2
4936,20.1406,20.0,97.2
4937,20.1406,20.0,97.2
4938,20.1406,20.0,97.2
4939,20.1406,20.0,97.3
4940,20.1406,20.0,97.3
4941,20.1399,20.0,97.3
4942,20.1399,20.0,97.3
4943,20.1399,20.0,97.3
4944,20.1399,20.0,97.3
4945,20.1399,20.0,97.4
4946,20.1399,20.0,97.4
4947,20.1399,20.0,97.4
4948,20.1399,20.0,97.4
4949,20.1399,20.0,97.4
4950,20.1399,20.0,97.5
4951,20.1399,20.0,97.5
4952,20.1399,20.0,97.5
4953,20.1399,20.0,97.5
4954,20.1399,20.0,97.5
4955,20.1399,20.0,97.5
4956,20.1399,20.0,97.6
4957,20.1399,20.0,97.6
4958,20.1399,20.0,97.6
4959,20.1399,20.0,97.6
4960,20.1399,20.0,97.6
4961,20.1393,20.0,97.7
4962,20.1393,20.0,97.7
4963,20.1393,20.0,97.7
4964,20.1393,20.0,97.7
4965,20.1393,20.0,97.7
4966,20.1393,20.0,97.7
4967,20.1393,20.0,97.8
4968,20.1393,20.0,97.8
4969,20.1393,20.0,97.8
4970,20.1393,20.0,97.8
4971,20.1393,20.0,97.8
4972,20.1393,20.0,97.9
4973,20.1393,20.0,97.9
4974,20.1393,20.0,97.9
4975,20.1393,20.0,97.9
4976,20.1393,20.0,97.9
4977,20.1393,20.0,98.0
4978,20.1393,20.0,98.0
4979,20.1393,20.0,98.0
4980,20.1393,20.0,98.1
4981,20.1387,20.0,98.1
4982,20.1387,20.0,98.1
4983,20.1387,20.0,98.1
4984,20.1387,20.0,98.1
4985,20.1387,20.0,98.1
4986,20.1387,20.0,98.2
4987,20.1387,20.0,98.2
4988,20.1387,20.0,98.2
4989,20.1387,20.0,98.2
4990,20.1387,20.0,98.2
4991,20.1387,20.0,98.3
4992,20.1387,20.0,98.3
4993,20.1387,20.0,98.3
4994,20.1387,20.0,98.3
4995,20.1387,20.0,98.3
4996,20.1387,20.0,98.3
4997,20.1387,20.0,98.4
4998,20.1387,20.0,98.4
4999,20.1387,20.0,98.4
5000,20.1387,20.0,98.4
5001,20.1381,20.0,98.4
5002,20.1381,20.0,98.5
5003,20.1381,20.0,98.5
5004,20.1381,20.0,98.5
5005,20.1381,20.0,98.5
5006,20.1381,20.0,98.5
5007,20.1381,20.0,98.6
5008,20.1381,20.0,98.6
5009,20.1381,20.0,98.6
5010,20.1381,20.0,98.6
5011,20.1381,20.0,98.6
5012,20.1381,20.0,98.6
5013,20.1381,20.0,98.7
5014,20.1381,20.0,98.7
5015,20.1381,20.0,98.7
5016,20.1381,20.0,98.7
5017,20.1381,20.0,98.7
5018,20.1381,20.0,98.8
5019,20.1381,20.0,98.8
5020,20.1381,20.0,98.8
5021,20.1374,20.0,98.8
5022,20.1374,20.0,98.8
5023,20.1374,20.0,98.8
5024,20.1374,20.0,98.9
5025,20.1374,20.0,98.9
5026,20.1374,20.0,98.9
5027,20.1374,20.0,98.9
5028,20.1374,20.0,99.0
5029,20.1374,20.0,99.0
5030,20.1374,20.0,99.0
5031,20.1374,20.0,99.0
5032,20.1374,20.0,99.0
5033,20.1374,20.0,99.1
5034,20.1374,20.0,99.1
5035,20.1374,20.0,99.1
5036,20.1374,20.0,99.1
5037,20.1374,20.0,99.1
5038,20.1374,20.0,99.1
5039,20.1374,20.0,99.2
5040,20.1374,20.0,99.2
5041,20.1368,20.0,99.2
5042,20.1368,20.0,99.2
5043,20.1368,20.0,99.2
5044,20.1368,20.0,99.3
5045,20.1368,20.0,99.3
5046,20.1368,20.0,99.3
5047,20.1368,20.0,99.3
5048,20.1368,20.0,99.3
5049,20.1368,20.0,99.3
5050,20.1368,20.0,99.4
5051,20.1368,20.0,99.4
5052,20.1368,20.0,99.4
5053,20.1368,20.0,99.4
5054,20.1368,20.0,99.4
5055,20.1368,20.0,99.5
5056,20.1368,20.0,99.5
5057,20.1368,20.0,99.5
5058,20.1368,20.0,99.5
5059,20.1368,20.0,99.5
5060,20.1368,20.0,99.5
5061,20.1362,20.0,99.6
5062,20.1362,20.0,99.6
5063,20.1362,20.0,99.6
5064,20.1362,20.0,99.6
5065,20.1362,20.0,99.6
5066,20.1362,20.0,99.7
5067,20.1362,20.0,99.7
5068,20.1362,20.0,99.7
5069,20.1362,20.0,99.7
5070,20.1362,20.0,99.7
5071,20.1362,20.0,99.7
5072,20.1362,20.0,99.8
5073,20.1362,20.0,99.8
5074,20.1362,20.0,99.8
5075,20.1362,20.0,99.8
5076,20.1362,20.0,99.8
5077,20.1362,20.0,99.9
5078,20.1362,20.0,99.9
5079,20.1362,20.0,99.9
5080,20.1362,20.0,99.9
5081,20.1356,20.0,99.9
5082,20.1356,20.0,100.0
5083,20.1356,20.0,100.0
5084,20.1356,20.0,100.0
5085,20.1356,20.0,100.0
5086,20.1356,20.0,100.0
5087,20.1356,20.0,100.1
5088,20.1356,20.0,100.1
5089,20.1356,20.0,100.1
5090,20.1356,20.0,100.1
5091,20.1356,20.0,100.1
5092,20.1356,20.0,100.1
5093,20.1356,20.0,100.2
5094,20.1356,20.0,100.2
5095,20.1356,20.0,100.2
5096,20.1356,20.0,100.2
5097,20.1356,20.0,100.2
5098,20.1356,20.0,100.3
5099,20.1356,20.0,100.3
5100,20.1356,20.0,100.3
5101,20.1349,20.0,100.3
5102,20.1349,20.0,100.3
5103,20.1349,20.0,100.4
5104,20.1349,20.0,100.4
5105,20.1349,20.0,100.4
5106,20.1349,20.0,100.4
5107,20.1349,20.0,100.4
5108,20.1349,20.0,100.5
5109,20.1349,20.0,100.5
5110,20.1349,20.0,100.5
5111,20.1349,20.0,100.5
5112,20.1349,20.0,100.5
5113,20.1349,20.0,100.6
5114,20.1349,20.0,100.6
5115,20.1349,20.0,100.6
5116,20.1349,20.0,100.6
5117,20.1349,20.0,100.6
5118,20.1349,20.0,100.6
5119,20.1349,20.0,100.7
5120,20.1349,20.0,100.7
5121,20.1343,20.0,101.0
5122,20.1343,20.0,101.0
5123,20.1343,20.0,101.0
5124,20.1343,20.0,101.0
5125,20.1343,20.0,101.0
5126,20.1343,20.0,101.1
5127,20.1343,20.0,101.1
5128,20.1343,20.0,101.1
5129,20.1343,20.0,101.1
5130,20.1343,20.0,101.1
5131,20.1343,20.0,101.1
5132,20.1343,20.0,101.2
5133,20.1343,20.0,101.2
5134,20.1343,20.0,101.2
5135,20.1343,20.0,101.2
5136,20.1343,20.0,101.2
5137,20.1343,20.0,101.3
5138,20.1343,20.0,101.3
5139,20.1343,20.0,101.3
5140,20.1343,20.0,101.3
5141,20.1338,20.0,101.3
5142,20.1338,20.0,101.3
5143,20.1338,20.0,101.4
5144,20.1338,20.0,101.4
5145,20.1338,20.0,101.4
5146,20.1338,20.0,101.4
5147,20.1338,20.0,101.4
5148,20.1338,20.0,101.4
5149,20.1338,20.0,101.4
5150,20.1338,20.0,101.5
5151,20.1338,20.0,101.5
5152,20.1338,20.0,101.5
5153,20.1338,20.0,101.5
5154,20.1338,20.0,101.5
5155,20.1338,20.0,101.6
5156,20.1338,20.0,101.6
5157,20.1338,20.0,101.6
5158,20.1338,20.0,101.6
5159,20.1338,20.0,101.6
5160,20.1338,20.0,101.7
5161,20.1333,20.0,101.7
5162,20.1333,20.0,101.7
5163,20.1333,20.0,101.7
5164,20.1333,20.0,101.7
5165,20.1333,20.0,101.7
5166,20.1333,20.0,101.8
5167,20.1333,20.0,101.8
5168,20.1333,20.0,101.8
5169,20.1333,20.0,101.8
5170,20.1333,20.0,101.8
5171,20.1333,20.0,101.8
5172,20.1333,20.0,101.9
5173,20.1333,20.0,101.9
5174,20.1333,20.0,101.9
5175,20.1333,20.0,101.9
5176,20.1333,20.0,102.0
5177,20.1333,20.0,102.0
5178,20.1333,20.0,102.0
5179,20.1333,20.0,102.0
5180,20.1333,20.0,102.0
5181,20.1328,20.0,102.1
5182,20.1328,20.0,102.1
5183,20.1328,20.0,102.1
5184,20.1328,20.0,102.1
5185,20.1328,20.0,102.1
5186,20.1328,20.0,102.2
5187,20.1328,20.0,102.2
5188,20.1328,20.0,102.2
5189,20.1328,20.0,102.2
5190,20.1328,20.0,102.2
5191,20.1328,20.0,102.3
5192,20.1328,20.0,102.3
5193,20.1328,20.0,102.3
5194,20.1328,20.0,102.3
5195,20.1328,20.0,102.3
5196,20.1328,20.0,102.4
5197,20.1328,20.0,102.4
5198,20.1328,20.0,102.4
5199,20.1328,20.0,102.4
5200,20.1328,20.0,102.4
5201,20.1323,20.0,102.5
5202,20.1323,20.0,102.5
5203,20.1323,20.0,102.5
5204,20.1323,20.0,102.5
5205,20.1323,20.0,102.5
5206,20.1323,20.0,102.6
5207,20.1323,20.0,102.6
5208,20.1323,20.0,102.6
5209,20.1323,20.0,102.6
5210,20.1323,20.0,102.6
5211,20.1323,20.0,102.7
5212,20.1323,20.0,102.7
5213,20.1323,20.0,102.7
5214,20.1323,20.0,102.7
5215,20.1323,20.0,102.7
5216,20.1323,20.0,102.8
5217,20.1323,20.0,102.8
5218,20.1323,20.0,102.8
5219,20.1323,20.0,102.8
5220,20.1323,20.0,102.8
5221,20.1318,20.0,102.8
5222,20.1318,20.0,102.9
5223,20.1318,20.0,102.9
5224,20.1318,20.0,102.9
5225,20.1318,20.0,102.9
5226,20.1318,20.0,102.9
5227,20.1318,20.0,103.0
5228,20.1318,20.0,103.0
5229,20.1318,20.0,103.0
5230,20.1318,20.0,103.0
5231,20.1318,20.0,103.0
5232,20.1318,20.0,103.1
5233,20.1318,20.0,103.1
5234,20.1318,20.0,103.1
5235,20.1318,20.0,103.1
5236,20.1318,20.0,103.1
5237,20.1318,20.0,103.2
5238,20.1318,20.0,103.2
5239,20.1318,20.0,103.2
5240,20.1318,20.0,103.2
5241,20.1313,20.0,103.2
5242,20.1313,20.0,103.3
5243,20.1313,20.0,103.3
5244,20.1313,20.0,103.3
5245,20.1313,20.0,103.3
5246,20.1313,20.0,103.3
5247,20.1313,20.0,103.3
5248,20.1313,20.0,103.4
5249,20.1313,20.0,103.4
5250,20.1313,20.0,103.4
5251,20.1313,20.0,103.4
5252,20.1313,20.0,103.4
5253,20.1313,20.0,103.5
5254,20.1313,20.0,103.5
5255,20.1313,20.0,103.5
5256,20.1313,20.0,103.5
5257,20.1313,20.0,103.5
5258,20.1313,20.0,103.6
5259,20.1313,20.0,103.6
5260,20.1313,20.0,103.6
5261,20.1309,20.0,103.6
5262,20.1309,20.0,103.6
5263,20.1309,20.0,103.7
5264,20.1309,20.0,103.7
5265,20.1309,20.0,103.7
5266,20.1309,20.0,103.7
5267,20.1309,20.0,103.7
5268,20.1309,20.0,103.8
5269,20.1309,20.0,103.8
5270,20.1309,20.0,103.8
5271,20.1309,20.0,103.8
5272,20.1309,20.0,103.8
5273,20.1309,20.0,103.9
5274,20.1309,20.0,103.9
5275,20.1309,20.0,103.9
5276,20.1309,20.0,103.9
5277,20.1309,20.0,103.9
5278,20.1309,20.0,104.0
5279,20.1309,20.0,104.0
5280,20.1309,20.0,104.0
5281,20.1304,20.0,104.0
5282,20.1304,20.0,104.0
5283,20.1304,20.0,104.0
5284,20.1304,20.0,104.1
5285,20.1304,20.0,104.1
5286,20.1304,20.0,104.1
5287,20.1304,20.0,104.1
5288,20.1304,20.0,104.2
5289,20.1304,20.0,104.2
5290,20.1304,20.0,104.2
5291,20.1304,20.0,104.2
5292,20.1304,20.0,104.2
5293,20.1304,20.0,104.3
5294,20.1304,20.0,104.3
5295,20.1304,20.0,104.3
5296,20.1304,20.0,104.3
5297,20.1304,20.0,104.3
5298,20.1304,20.0,104.3
5299,20.1304,20.0,104.4
5300,20.1304,20.0,104.4
5301,20.1299,20.0,104.4
5302,20.1299,20.0,104.4
5303,20.1299,20.0,104.4
5304,20.1299,20.0,104.5
5305,20.1299,20.0,104.5
5306,20.1299,20.0,104.5
5307,20.1299,20.0,104.5
5308,20.1299,20.0,104.5
5309,20.1299,20.0,104.5
5310,20.1299,20.0,104.6
5311,20.1299,20.0,104.6
5312,20.1299,20.0,104.6
5313,20.1299,20.0,104.6
5314,20.1299,20.0,104.6
5315,20.1299,20.0,104.7
5316,20.1299,20.0,104.7
5317,20.1299,20.0,104.7
5318,20.1299,20.0,104.7
5319,20.1299,20.0,104.7
5320,20.1299,20.0,104.8
5321,20.1294,20.0,104.8
5322,20.1294,20.0,104.8
5323,20.1294,20.0,104.8
5324,20.1294,20.0,104.8
5325,20.1294,20.0,104.9
5326,20.1294,20.0,104.9
5327,20.1294,20.0,104.9
5328,20.1294,20.0,104.9
5329,20.1294,20.0,104.9
5330,20.1294,20.0,105.0
5331,20.1294,20.0,105.0
5332,20.1294,20.0,105.0
5333,20.1294,20.0,105.0
5334,20.1294,20.0,105.0
5335,20.1294,20.0,105.1
5336,20.1294,20.0,105.1
5337,20.1294,20.0,105.1
5338,20.1294,20.0,105.1
5339,20.1294,20.0,105.1
5340,20.1294,20.0,105.2
5341,20.1289,20.0,105.2
5342,20.1289,20.0,105.2
5343,20.1289,20.0,105.2
5344,20.1289,20.0,105.2
5345,20.1289,20.0,105.2
5346,20.1289,20.0,105.3
5347,20.1289,20.0,105.3
5348,20.1289,20.0,105.3
5349,20.1289,20.0,105.3
5350,20.1289,20.0,105.3
5351,20.1289,20.0,105.4
5352,20.1289,20.0,105.4
5353,20.1289,20.0,105.4
5354,20.1289,20.0,105.4
5355,20.1289,20.0,105.4
5356,20.1289,20.0,105.5
5357,20.1289,20.0,105.5
5358,20.1289,20.0,105.5
5359,20.1289,20.0,105.5
5360,20.1289,20.0,105.5
5361,20.1284,20.0,105.5
5362,20.1284,20.0,105.6
5363,20.1284,20.0,105.6
5364,20.1284,20.0,105.6
5365,20.1284,20.0,105.6
5366,20.1284,20.0,105.6
5367,20.1284,20.0,105.6
5368,20.1284,20.0,105.7
5369,20.1284,20.0,105.7
5370,20.1284,20.0,105.7
5371,20.1284,20.0,105.7
5372,20.1284,20.0,105.7
5373,20.1284,20.0,105.8
5374,20.1284,20.0,105.8
5375,20.1284,20.0,105.8
5376,20.1284,20.0,105.8
5377,20.1284,20.0,105.8
5378,20.1284,20.0,105.8
5379,20.1284,20.0,105.9
5380,20.1284,20.0,105.9
5381,20.1279,20.0,105.9
5382,20.1279,20.0,105.9
5383,20.1279,20.0,105.9
5384,20.1279,20.0,106.0
5385,20.1279,20.0,106.0
5386,20.1279,20.0,106.0
5387,20.1279,20.0,106.0
5388,20.1279,20.0,106.0
5389,20.1279,20.0,106.1
5390,20.1279,20.0,106.1
5391,20.1279,20.0,106.1
5392,20.1279,20.0,106.1
5393,20.1279,20.0,106.1
5394,20.1279,20.0,106.2
5395,20.1279,20.0,106.2
5396,20.1279,20.0,106.2
5397,20.1279,20.0,106.2
5398,20.1279,20.0,106.2
5399,20.1279,20.0,106.2
5400,20.1279,20.0,106.3
5401,20.1274,20.0,106.3
5402,20.1274,20.0,106.3
5403,20.1274,20.0,106.3
5404,20.1274,20.0,106.3
5405,20.1274,20.0,106.4
5406,20.1274,20.0,106.4
5407,20.1274,20.0,106.4
5408,20.1274,20.0,106.4
5409,20.1274,20.0,106.4
5410,20.1274,20.0,106.5
5411,20.1274,20.0,106.5
5412,20.1274,20.0,106.5
5413,20.1274,20.0,106.5
5414,20.1274,20.0,106.6
5415,20.1274,20.0,106.6
5416,20.1274,20.0,106.6
5417,20.1274,20.0,106.6
5418,20.1274,20.0,106.6
5419,20.1274,20.0,106.6
5420,20.1274,20.0,106.7
5421,20.1269,20.0,106.7
5422,20.1269,20.0,106.7
5423,20.1269,20.0,106.7
5424,20.1269,20.0,106.7
5425,20.1269,20.0,106.8
5426,20.1269,20.0,106.8
5427,20.1269,20.0,106.8
5428,20.1269,20.0,106.8
5429,20.1269,20.0,106.8
5430,20.1269,20.0,106.9
5431,20.1269,20.0,106.9
5432,20.1269,20.0,106.9
5433,20.1269,20.0,106.9
5434,20.1269,20.0,106.9
5435,20.1269,20.0,107.0
5436,20.1269,20.0,107.0
5437,20.1269,20.0,107.0
5438,20.1269,20.0,107.0
5439,20.1269,20.0,107.0
5440,20.1269,20.0,107.1
5441,20.1264,20.0,107.1
5442,20.1264,20.0,107.1
5443,20.1264,20.0,107.1
5444,20.1264,20.0,107.1
5445,20.1264,20.0,107.1
5446,20.1264,20.0,107.2
5447,20.1264,20.0,107.2
5448,20.1264,20.0,107.2
5449,20.1264,20.0,107.2
5450,20.1264,20.0,107.2
5451,20.1264,20.0,107.3
5452,20.1264,20.0,107.3
5453,20.1264,20.0,107.3
5454,20.1264,20.0,107.3
5455,20.1264,20.0,107.3
5456,20.1264,20.0,107.3
5457,20.1264,20.0,107.4
5458,20.1264,20.0,107.4
5459,20.1264,20.0,107.4
5460,20.1264,20.0,107.4
5461,20.1259,20.0,107.4
5462,20.1259,20.0,107.5
5463,20.1259,20.0,107.5
5464,20.1259,20.0,107.5
5465,20.1259,20.0,107.5
5466,20.1259,20.0,107.5
5467,20.1259,20.0,107.6
5468,20.1259,20.0,107.6
5469,20.1259,20.0,107.6
5470,20.1259,20.0,107.6
5471,20.1259,20.0,107.6
5472,20.1259,20.0,107.6
5473,20.1259,20.0,107.7
5474,20.1259,20.0,107.7
5475,20.1259,20.0,107.7
5476,20.1259,20.0,107.7
5477,20.1259,20.0,107.7
5478,20.1259,20.0,107.8
5479,20.1259,20.0,107.8
5480,20.1259,20.0,107.8
5481,20.1255,20.0,107.8
5482,20.1255,20.0,107.9
5483,20.1255,20.0,107.9
5484,20.1255,20.0,107.9
5485,20.1255,20.0,107.9
5486,20.1255,20.0,107.9
5487,20.1255,20.0,108.0
5488,20.1255,20.0,108.0
5489,20.1255,20.0,108.0
5490,20.1255,20.0,108.0
5491,20.1255,20.0,108.1
5492,20.1255,20.0,108.1
5493,20.1255,20.0,108.1
5494,20.1255,20.0,108.1
5495,20.1255,20.0,108.1
5496,20.1255,20.0,108.1
5497,20.1255,20.0,108.1
5498,20.1255,20.0,108.2
5499,20.1255,20.0,108.2
5500,20.1255,20.0,108.2
5501,20.1250,20.0,108.2
5502,20.1250,20.0,108.2
5503,20.1250,20.0,108.3
5504,20.1250,20.0,108.3
5505,20.1250,20.0,108.3
5506,20.1250,20.0,108.3
5507,20.1250,20.0,108.3
5508,20.1250,20.0,108.4
5509,20.1250,20.0,108.4
5510,20.1250,20.0,108.4
5511,20.1250,20.0,108.4
5512,20.1250,20.0,108.4
5513,20.1250,20.0,108.4
5514,20.1250,20.0,108.5
5515,20.1250,20.0,108.5
5516,20.1250,20.0,108.5
5517,20.1250,20.0,108.5
5518,20.1250,20.0,108.5
5519,20.1250,20.0,108.6
5520,20.1250,20.0,108.6
5521,20.1245,20.0,108.6
5522,20.1245,20.0,108.6
5523,20.1245,20.0,108.6
5524,20.1245,20.0,108.7
5525,20.1245,20.0,108.7
5526,20.1245,20.0,108.7
5527,20.1245,20.0,108.7
5528,20.1245,20.0,108.7
5529,20.1245,20.0,108.7
5530,20.1245,20.0,108.8
5531,20.1245,20.0,108.8
5532,20.1245,20.0,108.8
5533,20.1245,20.0,108.8
5534,20.1245,20.0,108.8
5535,20.1245,20.0,108.9
5536,20.1245,20.0,108.9
5537,20.1245,20.0,108.9
5538,20.1245,20.0,108.9
5539,20.1245,20.0,108.9
5540,20.1245,20.0,109.0
5541,20.1240,20.0,109.0
5542,20.1240,20.0,109.0
5543,20.1240,20.0,109.0
5544,20.1240,20.0,109.1
5545,20.1240,20.0,109.1
5546,20.1240,20.0,109.1
5547,20.1240,20.0,109.1
5548,20.1240,20.0,109.1
5549,20.1240,20.0,109.2
5550,20.1240,20.0,109.2
5551,20.1240,20.0,109.2
5552,20.1240,20.0,109.2
5553,20.1240,20.0,109.2
5554,20.1240,20.0,109.3
5555,20.1240,20.0,109.3
5556,20.1240,20.0,109.3
5557,20.1240,20.0,109.3
5558,20.1240,20.0,109.3
5559,20.1240,20.0,109.3
5560,20.1240,20.0,109.4
5561,20.1235,20.0,109.4
5562,20.1235,20.0,109.4
5563,20.1235,20.0,109.4
5564,20.1235,20.0,109.4
5565,20.1235,20.0,109.5
5566,20.1235,20.0,109.5
5567,20.1235,20.0,109.5
5568,20.1235,20.0,109.5
5569,20.1235,20.0,109.5
5570,20.1235,20.0,109.5
5571,20.1235,20.0,109.6
5572,20.1235,20.0,109.6
5573,20.1235,20.0,109.6
5574,20.1235,20.0,109.6
5575,20.1235,20.0,109.7
5576,20.1235,20.0,109.7
5577,20.1235,20.0,109.7
5578,20.1235,20.0,109.7
5579,20.1235,20.0,109.7
5580,20.1235,20.0,109.8
5581,20.1230,20.0,109.8
5582,20.1230,20.0,109.8
5583,20.1230,20.0,109.8
5584,20.1230,20.0,109.8
5585,20.1230,20.0,109.8
5586,20.1230,20.0,109.9
5587,20.1230,20.0,109.9
5588,20.1230,20.0,109.9
5589,20.1230,20.0,109.9
5590,20.1230,20.0,109.9
5591,20.1230,20.0,110.0
5592,20.1230,20.0,110.0
5593,20.1230,20.0,110.0
5594,20.1230,20.0,110.0
5595,20.1230,20.0,110.0
5596,20.1230,20.0,110.0
5597,20.1230,20.0,110.1
5598,20.1230,20.0,110.1
5599,20.1230,20.0,110.1
5600,20.1230,20.0,110.1
5601,20.1229,20.0,110.1
5602,20.1229,20.0,110.2
5603,20.1229,20.0,110.2
5604,20.1229,20.0,110.2
5605,20.1229,20.0,110.2
5606,20.1229,20.0,110.2
5607,20.1229,20.0,110.3
5608,20.1229,20.0,110.3
5609,20.1229,20.0,110.3
5610,20.1229,20.0,110.3
5611,20.1229,20.0,110.3
5612,20.1229,20.0,110.3
5613,20.1229,20.0,110.4
5614,20.1229,20.0,110.4
5615,20.1229,20.0,110.4
5616,20.1229,20.0,110.4
5617,20.1229,20.0,110.4
5618,20.1229,20.0,110.4
5619,20.1229,20.0,110.5
5620,20.1229,20.0,110.5
5621,20.1229,20.0,110.5
5622,20.1229,20.0,110.5
5623,20.1229,20.0,110.5
5624,20.1229,20.0,110.6
5625,20.1229,20.0,110.6
5626,20.1229,20.0,110.6
5627,20.1229,20.0,110.6
5628,20.1229,20.0,110.6
5629,20.1229,20.0,110.7
5630,20.1229,20.0,110.7
5631,20.1229,20.0,110.7
5632,20.1229,20.0,110.7
5633,20.1229,20.0,111.0
5634,20.1229,20.0,111.0
5635,20.1229,20.0,111.0
5636,20.1229,20.0,111.0
5637,20.1229,20.0,111.1
5638,20.1229,20.0,111.1
5639,20.1229,20.0,111.1
5640,20.1229,20.0,111.1
5641,20.1231,20.0,111.1
5642,20.1231,20.0,111.2
5643,20.1231,20.0,111.2
5644,20.1231,20.0,111.2
5645,20.1231,20.0,111.2
5646,20.1231,20.0,111.2
5647,20.1231,20.0,111.3
5648,20.1231,20.0,111.3
5649,20.1231,20.0,111.3
5650,20.1231,20.0,111.3
5651,20.1231,20.0,111.3
5652,20.1231,20.0,111.4
5653,20.1231,20.0,111.4
5654,20.1231,20.0,111.4
5655,20.1231,20.0,111.4
5656,20.1231,20.0,111.4
5657,20.1231,20.0,111.5
5658,20.1231,20.0,111.5
5659,20.1231,20.0,111.5
5660,20.1231,20.0,111.5
5661,20.1234,20.0,111.5
5662,20.1234,20.0,111.6
5663,20.1234,20.0,111.6
5664,20.1234,20.0,111.6
5665,20.1234,20.0,111.6
5666,20.1234,20.0,111.6
5667,20.1234,20.0,111.6
5668,20.1234,20.0,111.7
5669,20.1234,20.0,111.7
5670,20.1234,20.0,111.7
5671,20.1234,20.0,111.7
5672,20.1234,20.0,111.7
5673,20.1234,20.0,111.8
5674,20.1234,20.0,111.8
5675,20.1234,20.0,111.8
5676,20.1234,20.0,111.8
5677,20.1234,20.0,111.8
5678,20.1234,20.0,111.8
5679,20.1234,20.0,111.9
5680,20.1234,20.0,111.9
5681,20.1236,20.0,111.9
5682,20.1236,20.0,111.9
5683,20.1236,20.0,111.9
5684,20.1236,20.0,112.0
5685,20.1236,20.0,112.0
5686,20.1236,20.0,112.0
5687,20.1236,20.0,112.0
5688,20.1236,20.0,112.0
5689,20.1236,20.0,112.1
5690,20.1236,20.0,112.1
5691,20.1236,20.0,112.1
5692,20.1236,20.0,112.1
5693,20.1236,20.0,112.1
5694,20.1236,20.0,112.1
5695,20.1236,20.0,112.2
5696,20.1236,20.0,112.2
5697,20.1236,20.0,112.2
5698,20.1236,20.0,112.2
5699,20.1236,20.0,112.3
5700,20.1236,20.0,112.3
5701,20.1239,20.0,112.3
5702,20.1239,20.0,112.3
5703,20.1239,20.0,112.3
5704,20.1239,20.0,112.3
5705,20.1239,20.0,112.4
5706,20.1239,20.0,112.4
5707,20.1239,20.0,112.4
5708,20.1239,20.0,112.4
5709,20.1239,20.0,112.4
5710,20.1239,20.0,112.5
5711,20.1239,20.0,112.5
5712,20.1239,20.0,112.5
5713,20.1239,20.0,112.5
5714,20.1239,20.0,112.5
5715,20.1239,20.0,112.6
5716,20.1239,20.0,112.6
5717,20.1239,20.0,112.6
5718,20.1239,20.0,112.6
5719,20.1239,20.0,112.6
5720,20.1239,20.0,112.7
5721,20.1242,20.0,112.7
5722,20.1242,20.0,112.7
5723,20.1242,20.0,112.7
5724,20.1242,20.0,112.7
5725,20.1242,20.0,112.8
5726,20.1242,20.0,112.8
5727,20.1242,20.0,112.8
5728,20.1242,20.0,112.8
5729,20.1242,20.0,112.8
5730,20.1242,20.0,112.9
5731,20.1242,20.0,112.9
5732,20.1242,20.0,112.9
5733,20.1242,20.0,112.9
5734,20.1242,20.0,112.9
5735,20.1242,20.0,113.0
5736,20.1242,20.0,113.0
5737,20.1242,20.0,113.0
5738,20.1242,20.0,113.0
5739,20.1242,20.0,113.0
5740,20.1242,20.0,113.1
5741,20.1244,20.0,113.1
5742,20.1244,20.0,113.1
5743,20.1244,20.0,113.1
5744,20.1244,20.0,113.1
5745,20.1244,20.0,113.1
5746,20.1244,20.0,113.2
5747,20.1244,20.0,113.2
5748,20.1244,20.0,113.2
5749,20.1244,20.0,113.2
5750,20.1244,20.0,113.2
5751,20.1244,20.0,113.3
5752,20.1244,20.0,113.3
5753,20.1244,20.0,113.3
5754,20.1244,20.0,113.3
5755,20.1244,20.0,113.3
5756,20.1244,20.0,113.3
5757,20.1244,20.0,113.4
5758,20.1244,20.0,113.4
5759,20.1244,20.0,113.4
5760,20.1244,20.0,113.4
5761,20.1247,20.0,113.5
5762,20.1247,20.0,113.5
5763,20.1247,20.0,113.5
5764,20.1247,20.0,113.5
5765,20.1247,20.0,113.5
5766,20.1247,20.0,113.6
5767,20.1247,20.0,113.6
5768,20.1247,20.0,113.6
5769,20.1247,20.0,113.6
5770,20.1247,20.0,113.6
5771,20.1247,20.0,113.6
5772,20.1247,20.0,113.7
5773,20.1247,20.0,113.7
5774,20.1247,20.0,113.7
5775,20.1247,20.0,113.7
5776,20.1247,20.0,113.7
5777,20.1247,20.0,113.8
5778,20.1247,20.0,113.8
5779,20.1247,20.0,113.8
5780,20.1247,20.0,113.8
5781,20.1249,20.0,113.8
5782,20.1249,20.0,113.8
5783,20.1249,20.0,113.8
5784,20.1249,20.0,113.9
5785,20.1249,20.0,113.9
5786,20.1249,20.0,113.9
5787,20.1249,20.0,113.9
5788,20.1249,20.0,113.9
5789,20.1249,20.0,114.0
5790,20.1249,20.0,114.0
5791,20.1249,20.0,114.0
5792,20.1249,20.0,114.0
5793,20.1249,20.0,114.0
5794,20.1249,20.0,114.1
5795,20.1249,20.0,114.1
5796,20.1249,20.0,114.1
5797,20.1249,20.0,114.1
5798,20.1249,20.0,114.1
5799,20.1249,20.0,114.2
5800,20.1249,20.0,114.2
5801,20.1252,20.0,114.2
5802,20.1252,20.0,114.2
5803,20.1252,20.0,114.2
5804,20.1252,20.0,114.3
5805,20.1252,20.0,114.3
5806,20.1252,20.0,114.3
5807,20.1252,20.0,114.3
5808,20.1252,20.0,114.3
5809,20.1252,20.0,114.4
5810,20.1252,20.0,114.4
5811,20.1252,20.0,114.4
5812,20.1252,20.0,114.4
5813,20.1252,20.0,114.4
5814,20.1252,20.0,114.4
5815,20.1252,20.0,114.5
5816,20.1252,20.0,114.5
5817,20.1252,20.0,114.5
5818,20.1252,20.0,114.5
5819,20.1252,20.0,114.6
5820,20.1252,20.0,114.6
5821,20.1254,20.0,114.6
5822,20.1254,20.0,114.6
5823,20.1254,20.0,114.6
5824,20.1254,20.0,114.6
5825,20.1254,20.0,114.7
5826,20.1254,20.0,114.7
5827,20.1254,20.0,114.7
5828,20.1254,20.0,114.7
5829,20.1254,20.0,114.7
5830,20.1254,20.0,114.8
5831,20.1254,20.0,114.8
5832,20.1254,20.0,114.8
5833,20.1254,20.0,114.8
5834,20.1254,20.0,114.8
5835,20.1254,20.0,114.9
5836,20.1254,20.0,114.9
5837,20.1254,20.0,114.9
5838,20.1254,20.0,114.9
5839,20.1254,20.0,114.9
5840,20.1254,20.0,115.0
5841,20.1257,20.0,115.0
5842,20.1257,20.0,115.0
5843,20.1257,20.0,115.0
5844,20.1257,20.0,115.1
5845,20.1257,20.0,115.1
5846,20.1257,20.0,115.1
5847,20.1257,20.0,115.1
5848,20.1257,20.0,115.1
5849,20.1257,20.0,115.2
5850,20.1257,20.0,115.2
5851,20.1257,20.0,115.2
5852,20.1257,20.0,115.2
5853,20.1257,20.0,115.2
5854,20.1257,20.0,115.2
5855,20.1257,20.0,115.3
5856,20.1257,20.0,115.3
5857,20.1257,20.0,115.3
5858,20.1257,20.0,115.3
5859,20.1257,20.0,115.3
5860,20.1257,20.0,115.3
5861,20.1259,20.0,115.4
5862,20.1259,20.0,115.4
5863,20.1259,20.0,115.4
5864,20.1259,20.0,115.4
5865,20.1259,20.0,115.4
5866,20.1259,20.0,115.5
5867,20.1259,20.0,115.5
5868,20.1259,20.0,115.5
5869,20.1259,20.0,115.5
5870,20.1259,20.0,115.6
5871,20.1259,20.0,115.6
5872,20.1259,20.0,115.6
5873,20.1259,20.0,115.6
5874,20.1259,20.0,115.6
5875,20.1259,20.0,115.7
5876,20.1259,20.0,115.7
5877,20.1259,20.0,115.7
5878,20.1259,20.0,115.7
5879,20.1259,20.0,115.7
5880,20.1259,20.0,115.8
5881,20.1262,20.0,115.8
5882,20.1262,20.0,115.8
5883,20.1262,20.0,115.8
5884,20.1262,20.0,115.8
5885,20.1262,20.0,115.9
5886,20.1262,20.0,115.9
5887,20.1262,20.0,115.9
5888,20.1262,20.0,115.9
5889,20.1262,20.0,115.9
5890,20.1262,20.0,116.0
5891,20.1262,20.0,116.0
5892,20.1262,20.0,116.0
5893,20.1262,20.0,116.0
5894,20.1262,20.0,116.0
5895,20.1262,20.0,116.1
5896,20.1262,20.0,116.1
5897,20.1262,20.0,116.1
5898,20.1262,20.0,116.1
5899,20.1262,20.0,116.2
5900,20.1262,20.0,116.2
5901,20.1264,20.0,116.2
5902,20.1264,20.0,116.2
5903,20.1264,20.0,116.2
5904,20.1264,20.0,116.3
5905,20.1264,20.0,116.3
5906,20.1264,20.0,116.3
5907,20.1264,20.0,116.3
5908,20.1264,20.0,116.3
5909,20.1264,20.0,116.4
5910,20.1264,20.0,116.4
5911,20.1264,20.0,116.4
5912,20.1264,20.0,116.4
5913,20.1264,20.0,116.4
5914,20.1264,20.0,116.5
5915,20.1264,20.0,116.5
5916,20.1264,20.0,116.5
5917,20.1264,20.0,116.5
5918,20.1264,20.0,116.5
5919,20.1264,20.0,116.6
5920,20.1264,20.0,116.6
5921,20.1267,20.0,116.6
5922,20.1267,20.0,116.6
5923,20.1267,20.0,116.6
5924,20.1267,20.0,116.7
5925,20.1267,20.0,116.7
5926,20.1267,20.0,116.7
5927,20.1267,20.0,116.7
5928,20.1267,20.0,116.7
5929,20.1267,20.0,116.7
5930,20.1267,20.0,116.8
5931,20.1267,20.0,116.8
5932,20.1267,20.0,116.8
5933,20.1267,20.0,116.8
5934,20.1267,20.0,116.8
5935,20.1267,20.0,116.9
5936,20.1267,20.0,116.9
5937,20.1267,20.0,116.9
5938,20.1267,20.0,116.9
5939,20.1267,20.0,117.0
5940,20.1267,20.0,117.0
5941,20.1269,20.0,117.0
5942,20.1269,20.0,117.0
5943,20.1269,20.0,117.0
5944,20.1269,20.0,117.0
5945,20.1269,20.0,117.1
5946,20.1269,20.0,117.1
5947,20.1269,20.0,117.1
5948,20.1269,20.0,117.1
5949,20.1269,20.0,117.1
5950,20.1269,20.0,117.2
5951,20.1269,20.0,117.2
5952,20.1269,20.0,117.2
5953,20.1269,20.0,117.2
5954,20.1269,20.0,117.2
5955,20.1269,20.0,117.2
5956,20.1269,20.0,117.3
5957,20.1269,20.0,117.3
5958,20.1269,20.0,117.3
5959,20.1269,20.0,117.3
5960,20.1269,20.0,117.3
5961,20.1272,20.0,117.4
5962,20.1272,20.0,117.4
5963,20.1272,20.0,117.4
5964,20.1272,20.0,117.4
5965,20.1272,20.0,117.4
5966,20.1272,20.0,117.4
5967,20.1272,20.0,117.5
5968,20.1272,20.0,117.5
5969,20.1272,20.0,117.5
5970,20.1272,20.0,117.5
5971,20.1272,20.0,117.5
5972,20.1272,20.0,117.6
5973,20.1272,20.0,117.6
5974,20.1272,20.0,117.6
5975,20.1272,20.0,117.6
5976,20.1272,20.0,117.6
5977,20.1272,20.0,117.7
5978,20.1272,20.0,117.7
5979,20.1272,20.0,117.7
5980,20.1272,20.0,117.7
5981,20.1274,20.0,117.7
5982,20.1274,20.0,117.8
5983,20.1274,20.0,117.8
5984,20.1274,20.0,117.8
5985,20.1274,20.0,117.8
5986,20.1274,20.0,117.9
5987,20.1274,20.0,117.9
5988,20.1274,20.0,117.9
5989,20.1274,20.0,117.9
5990,20.1274,20.0,117.9
5991,20.1274,20.0,117.9
5992,20.1274,20.0,118.0
5993,20.1274,20.0,118.0
5994,20.1274,20.0,118.0
5995,20.1274,20.0,118.0
5996,20.1274,20.0,118.1
5997,20.1274,20.0,118.1
5998,20.1274,20.0,118.1
5999,20.1274,20.0,118.1
6000,20.1274,20.0,118.1
6001,20.1277,20.0,118.2
6002,20.1277,20.0,118.2
6003,20.1277,20.0,118.2
6004,20.1277,20.0,118.2
6005,20.1277,20.0,118.2
6006,20.1277,20.0,118.2
6007,20.1277,20.0,118.3
6008,20.1277,20.0,118.3
6009,20.1277,20.0,118.3
6010,20.1277,20.0,118.3
6011,20.1277,20.0,118.3
6012,20.1277,20.0,118.4
6013,20.1277,20.0,118.4
6014,20.1277,20.0,118.4
6015,20.1277,20.0,118.4
6016,20.1277,20.0,118.4
6017,20.1277,20.0,118.4
6018,20.1277,20.0,118.5
6019,20.1277,20.0,118.5
6020,20.1277,20.0,118.5
6021,20.1280,20.0,118.5
6022,20.1280,20.0,118.5
6023,20.1280,20.0,118.6
6024,20.1280,20.0,118.6
6025,20.1280,20.0,118.6
6026,20.1280,20.0,118.6
6027,20.1280,20.0,118.6
6028,20.1280,20.0,118.7
6029,20.1280,20.0,118.7
6030,20.1280,20.0,118.7
6031,20.1280,20.0,118.7
6032,20.1280,20.0,118.7
6033,20.1280,20.0,118.8
6034,20.1280,20.0,118.8
6035,20.1280,20.0,118.8
6036,20.1280,20.0,118.8
6037,20.1280,20.0,118.8
6038,20.1280,20.0,118.8
6039,20.1280,20.0,118.9
6040,20.1280,20.0,118.9
6041,20.1282,20.0,118.9
6042,20.1282,20.0,118.9
6043,20.1282,20.0,118.9
6044,20.1282,20.0,118.9
6045,20.1282,20.0,119.0
6046,20.1282,20.0,119.0
6047,20.1282,20.0,119.0
6048,20.1282,20.0,119.0
6049,20.1282,20.0,119.0
6050,20.1282,20.0,119.1
6051,20.1282,20.0,119.1
6052,20.1282,20.0,119.1
6053,20.1282,20.0,119.1
6054,20.1282,20.0,119.1
6055,20.1282,20.0,119.2
6056,20.1282,20.0,119.2
6057,20.1282,20.0,119.2
6058,20.1282,20.0,119.2
6059,20.1282,20.0,119.2
6060,20.1282,20.0,119.3
6061,20.1285,20.0,119.3
6062,20.1285,20.0,119.3
6063,20.1285,20.0,119.3
6064,20.1285,20.0,119.3
6065,20.1285,20.0,119.4
6066,20.1285,20.0,119.4
6067,20.1285,20.0,119.4
6068,20.1285,20.0,119.4
6069,20.1285,20.0,119.4
6070,20.1285,20.0,119.5
6071,20.1285,20.0,119.5
6072,20.1285,20.0,119.5
6073,20.1285,20.0,119.5
6074,20.1285,20.0,119.5
6075,20.1285,20.0,119.6
6076,20.1285,20.0,119.6
6077,20.1285,20.0,119.6
6078,20.1285,20.0,119.6
6079,20.1285,20.0,119.6
6080,20.1285,20.0,119.6
6081,20.1287,20.0,119.7
6082,20.1287,20.0,119.7
6083,20.1287,20.0,119.7
6084,20.1287,20.0,119.7
6085,20.1287,20.0,119.7
6086,20.1287,20.0,119.8
6087,20.1287,20.0,119.8
6088,20.1287,20.0,119.8
6089,20.1287,20.0,119.8
6090,20.1287,20.0,119.8
6091,20.1287,20.0,119.9
6092,20.1287,20.0,119.9
6093,20.1287,20.0,119.9
6094,20.1287,20.0,119.9
6095,20.1287,20.0,119.9
6096,20.1287,20.0,120.0
6097,20.1287,20.0,120.0
6098,20.1287,20.0,120.0
6099,20.1287,20.0,120.0
6100,20.1287,20.0,120.0
6101,20.1293,20.0,120.1
6102,20.1293,20.0,120.1
6103,20.1293,20.0,120.1
6104,20.1293,20.0,120.1
6105,20.1293,20.0,120.2
6106,20.1293,20.0,120.2
6107,20.1293,20.0,120.2
6108,20.1293,20.0,120.2
6109,20.1293,20.0,120.2
6110,20.1293,20.0,120.3
6111,20.1293,20.0,120.3
6112,20.1293,20.0,120.3
6113,20.1293,20.0,120.3
6114,20.1293,20.0,120.3
6115,20.1293,20.0,120.3
6116,20.1293,20.0,120.4
6117,20.1293,20.0,120.4
6118,20.1293,20.0,120.4
6119,20.1293,20.0,120.4
6120,20.1293,20.0,120.4
6121,20.1296,20.0,120.5
6122,20.1296,20.0,120.5
6123,20.1296,20.0,120.5
6124,20.1296,20.0,120.5
6125,20.1296,20.0,120.5
6126,20.1296,20.0,120.5
6127,20.1296,20.0,120.6
6128,20.1296,20.0,120.6
6129,20.1296,20.0,120.6
6130,20.1296,20.0,120.6
6131,20.1296,20.0,120.6
6132,20.1296,20.0,120.7
6133,20.1296,20.0,120.7
6134,20.1296,20.0,120.7
6135,20.1296,20.0,120.7
6136,20.1296,20.0,120.7
6137,20.1296,20.0,120.8
6138,20.1296,20.0,120.8
6139,20.1296,20.0,120.8
6140,20.1296,20.0,120.8
6141,20.1299,20.0,120.8
6142,20.1299,20.0,120.9
6143,20.1299,20.0,120.9
6144,20.1299,20.0,120.9
6145,20.1299,20.0,121.2
6146,20.1299,20.0,121.2
6147,20.1299,20.0,121.2
6148,20.1299,20.0,121.2
6149,20.1299,20.0,121.2
6150,20.1299,20.0,121.3
6151,20.1299,20.0,121.3
6152,20.1299,20.0,121.3
6153,20.1299,20.0,121.3
6154,20.1299,20.0,121.3
6155,20.1299,20.0,121.3
6156,20.1299,20.0,121.4
6157,20.1299,20.0,121.4
6158,20.1299,20.0,121.4
6159,20.1299,20.0,121.4
6160,20.1299,20.0,121.4
6161,20.1298,20.0,121.5
6162,20.1298,20.0,121.5
6163,20.1298,20.0,121.5
6164,20.1298,20.0,121.5
6165,20.1298,20.0,121.5
6166,20.1298,20.0,121.6
6167,20.1298,20.0,121.6
6168,20.1298,20.0,121.6
6169,20.1298,20.0,121.6
6170,20.1298,20.0,121.6
6171,20.1298,20.0,121.6
6172,20.1298,20.0,121.7
6173,20.1298,20.0,121.7
6174,20.1298,20.0,121.7
6175,20.1298,20.0,121.7
6176,20.1298,20.0,121.7
6177,20.1298,20.0,121.8
6178,20.1298,20.0,121.8
6179,20.1298,20.0,121.8
6180,20.1298,20.0,121.8
6181,20.1296,20.0,121.8
6182,20.1296,20.0,121.8
6183,20.1296,20.0,121.9
6184,20.1296,20.0,121.9
6185,20.1296,20.0,121.9
6186,20.1296,20.0,121.9
6187,20.1296,20.0,121.9
6188,20.1296,20.0,122.0
6189,20.1296,20.0,122.0
6190,20.1296,20.0,122.0
6191,20.1296,20.0,122.0
6192,20.1296,20.0,122.0
6193,20.1296,20.0,122.1
6194,20.1296,20.0,122.1
6195,20.1296,20.0,122.1
6196,20.1296,20.0,122.1
6197,20.1296,20.0,122.1
6198,20.1296,20.0,122.2
6199,20.1296,20.0,122.2
6200,20.1296,20.0,122.2
6201,20.1295,20.0,122.2
6202,20.1295,20.0,122.2
6203,20.1295,20.0,122.3
6204,20.1295,20.0,122.3
6205,20.1295,20.0,122.3
6206,20.1295,20.0,122.3
6207,20.1295,20.0,122.4
6208,20.1295,20.0,122.4
6209,20.1295,20.0,122.4
6210,20.1295,20.0,122.4
6211,20.1295,20.0,122.5
6212,20.1295,20.0,122.5
6213,20.1295,20.0,122.5
6214,20.1295,20.0,122.5
6215,20.1295,20.0,122.5
6216,20.1295,20.0,122.6
6217,20.1295,20.0,122.6
6218,20.1295,20.0,122.6
6219,20.1295,20.0,122.6
6220,20.1295,20.0,122.7
6221,20.1293,20.0,122.7
6222,20.1293,20.0,122.7
6223,20.1293,20.0,122.7
6224,20.1293,20.0,122.7
6225,20.1293,20.0,122.8
6226,20.1293,20.0,122.8
6227,20.1293,20.0,122.8
6228,20.1293,20.0,122.8
6229,20.1293,20.0,122.8
6230,20.1293,20.0,122.8
6231,20.1293,20.0,122.9
6232,20.1293,20.0,122.9
6233,20.1293,20.0,122.9
6234,20.1293,20.0,122.9
6235,20.1293,20.0,122.9
6236,20.1293,20.0,123.0
6237,20.1293,20.0,123.0
6238,20.1293,20.0,123.0
6239,20.1293,20.0,123.0
6240,20.1293,20.0,123.0
6241,20.1292,20.0,123.1
6242,20.1292,20.0,123.1
6243,20.1292,20.0,123.1
6244,20.1292,20.0,123.1
6245,20.1292,20.0,123.2
6246,20.1292,20.0,123.2
6247,20.1292,20.0,123.2
6248,20.1292,20.0,123.2
6249,20.1292,20.0,123.2
6250,20.1292,20.0,123.2
6251,20.1292,20.0,123.3
6252,20.1292,20.0,123.3
6253,20.1292,20.0,123.3
6254,20.1292,20.0,123.3
6255,20.1292,20.0,123.3
6256,20.1292,20.0,123.4
6257,20.1292,20.0,123.4
6258,20.1292,20.0,123.4
6259,20.1292,20.0,123.4
6260,20.1292,20.0,123.4
6261,20.1290,20.0,123.5
6262,20.1290,20.0,123.5
6263,20.1290,20.0,123.5
6264,20.1290,20.0,123.5
6265,20.1290,20.0,123.5
6266,20.1290,20.0,123.6
6267,20.1290,20.0,123.6
6268,20.1290,20.0,123.6
6269,20.1290,20.0,123.6
6270,20.1290,20.0,123.7
6271,20.1290,20.0,123.7
6272,20.1290,20.0,123.7
6273,20.1290,20.0,123.7
6274,20.1290,20.0,123.7
6275,20.1290,20.0,123.7
6276,20.1290,20.0,123.8
6277,20.1290,20.0,123.8
6278,20.1290,20.0,123.8
6279,20.1290,20.0,123.8
6280,20.1290,20.0,123.8
6281,20.1289,20.0,123.8
6282,20.1289,20.0,123.9
6283,20.1289,20.0,123.9
6284,20.1289,20.0,123.9
6285,20.1289,20.0,123.9
6286,20.1289,20.0,123.9
6287,20.1289,20.0,124.0
6288,20.1289,20.0,124.0
6289,20.1289,20.0,124.0
6290,20.1289,20.0,124.0
6291,20.1289,20.0,124.0
6292,20.1289,20.0,124.1
6293,20.1289,20.0,124.1
6294,20.1289,20.0,124.1
6295,20.1289,20.0,124.1
6296,20.1289,20.0,124.1
6297,20.1289,20.0,124.2
6298,20.1289,20.0,124.2
6299,20.1289,20.0,124.2
6300,20.1289,20.0,124.2
6301,20.1287,20.0,124.2
6302,20.1287,20.0,124.3
6303,20.1287,20.0,124.3
6304,20.1287,20.0,124.3
6305,20.1287,20.0,124.3
6306,20.1287,20.0,124.3
6307,20.1287,20.0,124.3
6308,20.1287,20.0,124.4
6309,20.1287,20.0,124.4
6310,20.1287,20.0,124.4
6311,20.1287,20.0,124.4
6312,20.1287,20.0,124.4
6313,20.1287,20.0,124.5
6314,20.1287,20.0,124.5
6315,20.1287,20.0,124.5
6316,20.1287,20.0,124.5
6317,20.1287,20.0,124.6
6318,20.1287,20.0,124.6
6319,20.1287,20.0,124.6
6320,20.1287,20.0,124.6
6321,20.1286,20.0,124.6
6322,20.1286,20.0,124.6
6323,20.1286,20.0,124.7
6324,20.1286,20.0,124.7
6325,20.1286,20.0,124.7
6326,20.1286,20.0,124.7
6327,20.1286,20.0,124.7
6328,20.1286,20.0,124.8
6329,20.1286,20.0,124.8
6330,20.1286,20.0,124.8
6331,20.1286,20.0,124.8
6332,20.1286,20.0,124.8
6333,20.1286,20.0,124.9
6334,20.1286,20.0,124.9
6335,20.1286,20.0,124.9
6336,20.1286,20.0,124.9
6337,20.1286,20.0,124.9
6338,20.1286,20.0,124.9
6339,20.1286,20.0,125.0
6340,20.1286,20.0,125.0
6341,20.1284,20.0,125.0
6342,20.1284,20.0,125.0
6343,20.1284,20.0,125.0
6344,20.1284,20.0,125.1
6345,20.1284,20.0,125.1
6346,20.1284,20.0,125.1
6347,20.1284,20.0,125.1
6348,20.1284,20.0,125.1
6349,20.1284,20.0,125.2
6350,20.1284,20.0,125.2
6351,20.1284,20.0,125.2
6352,20.1284,20.0,125.2
6353,20.1284,20.0,125.2
6354,20.1284,20.0,125.3
6355,20.1284,20.0,125.3
6356,20.1284,20.0,125.3
6357,20.1284,20.0,125.3
6358,20.1284,20.0,125.3
6359,20.1284,20.0,125.4
6360,20.1284,20.0,125.4
6361,20.1282,20.0,125.4
6362,20.1282,20.0,125.4
6363,20.1282,20.0,125.4
6364,20.1282,20.0,125.4
6365,20.1282,20.0,125.5
6366,20.1282,20.0,125.5
6367,20.1282,20.0,125.5
6368,20.1282,20.0,125.5
6369,20.1282,20.0,125.5
6370,20.1282,20.0,125.6
6371,20.1282,20.0,125.6
6372,20.1282,20.0,125.6
6373,20.1282,20.0,125.6
6374,20.1282,20.0,125.6
6375,20.1282,20.0,125.6
6376,20.1282,20.0,125.7
6377,20.1282,20.0,125.7
6378,20.1282,20.0,125.7
6379,20.1282,20.0,125.7
6380,20.1282,20.0,125.7
6381,20.1281,20.0,125.8
6382,20.1281,20.0,125.8
6383,20.1281,20.0,125.8
6384,20.1281,20.0,125.8
6385,20.1281,20.0,125.8
6386,20.1281,20.0,125.9
6387,20.1281,20.0,125.9
6388,20.1281,20.0,125.9
6389,20.1281,20.0,125.9
6390,20.1281,20.0,125.9
6391,20.1281,20.0,126.0
6392,20.1281,20.0,126.0
6393,20.1281,20.0,126.0
6394,20.1281,20.0,126.0
6395,20.1281,20.0,126.0
6396,20.1281,20.0,126.0
6397,20.1281,20.0,126.1
6398,20.1281,20.0,126.1
6399,20.1281,20.0,126.1
6400,20.1281,20.0,126.1
6401,20.1279,20.0,126.1
6402,20.1279,20.0,126.2
6403,20.1279,20.0,126.2
6404,20.1279,20.0,126.2
6405,20.1279,20.0,126.2
6406,20.1279,20.0,126.2
6407,20.1279,20.0,126.3
6408,20.1279,20.0,126.3
6409,20.1279,20.0,126.3
6410,20.1279,20.0,126.3
6411,20.1279,20.0,126.3
6412,20.1279,20.0,126.4
6413,20.1279,20.0,126.4
6414,20.1279,20.0,126.4
6415,20.1279,20.0,126.4
6416,20.1279,20.0,126.4
6417,20.1279,20.0,126.5
6418,20.1279,20.0,126.5
6419,20.1279,20.0,126.5
6420,20.1279,20.0,126.5
6421,20.1278,20.0,126.5
6422,20.1278,20.0,126.6
6423,20.1278,20.0,126.6
6424,20.1278,20.0,126.6
6425,20.1278,20.0,126.6
6426,20.1278,20.0,126.6
6427,20.1278,20.0,126.7
6428,20.1278,20.0,126.7
6429,20.1278,20.0,126.7
6430,20.1278,20.0,126.7
6431,20.1278,20.0,126.7
6432,20.1278,20.0,126.8
6433,20.1278,20.0,126.8
6434,20.1278,20.0,126.8
6435,20.1278,20.0,126.8
6436,20.1278,20.0,126.8
6437,20.1278,20.0,126.9
6438,20.1278,20.0,126.9
6439,20.1278,20.0,126.9
6440,20.1278,20.0,126.9
6441,20.1276,20.0,126.9
6442,20.1276,20.0,126.9
6443,20.1276,20.0,127.0
6444,20.1276,20.0,127.0
6445,20.1276,20.0,127.0
6446,20.1276,20.0,127.0
6447,20.1276,20.0,127.0
6448,20.1276,20.0,127.1
6449,20.1276,20.0,127.1
6450,20.1276,20.0,127.1
6451,20.1276,20.0,127.1
6452,20.1276,20.0,127.1
6453,20.1276,20.0,127.2
6454,20.1276,20.0,127.2
6455,20.1276,20.0,127.2
6456,20.1276,20.0,127.2
6457,20.1276,20.0,127.2
6458,20.1276,20.0,127.3
6459,20.1276,20.0,127.3
6460,20.1276,20.0,127.3
6461,20.1275,20.0,127.3
6462,20.1275,20.0,127.3
6463,20.1275,20.0,127.4
6464,20.1275,20.0,127.4
6465,20.1275,20.0,127.4
6466,20.1275,20.0,127.4
6467,20.1275,20.0,127.4
6468,20.1275,20.0,127.4
6469,20.1275,20.0,127.5
6470,20.1275,20.0,127.5
6471,20.1275,20.0,127.5
6472,20.1275,20.0,127.5
6473,20.1275,20.0,127.5
6474,20.1275,20.0,127.6
6475,20.1275,20.0,127.6
6476,20.1275,20.0,127.6
6477,20.1275,20.0,127.6
6478,20.1275,20.0,127.7
6479,20.1275,20.0,127.7
6480,20.1275,20.0,127.7
6481,20.1273,20.0,127.7
6482,20.1273,20.0,127.7
6483,20.1273,20.0,127.8
6484,20.1273,20.0,127.8
6485,20.1273,20.0,127.8
6486,20.1273,20.0,127.8
6487,20.1273,20.0,127.8
6488,20.1273,20.0,127.9
6489,20.1273,20.0,127.9
6490,20.1273,20.0,127.9
6491,20.1273,20.0,127.9
6492,20.1273,20.0,127.9
6493,20.1273,20.0,127.9
6494,20.1273,20.0,128.0
6495,20.1273,20.0,128.0
6496,20.1273,20.0,128.0
6497,20.1273,20.0,128.0
6498,20.1273,20.0,128.0
6499,20.1273,20.0,128.1
6500,20.1273,20.0,128.1
6501,20.1272,20.0,128.1
6502,20.1272,20.0,128.1
6503,20.1272,20.0,128.1
6504,20.1272,20.0,128.2
6505,20.1272,20.0,128.2
6506,20.1272,20.0,128.2
6507,20.1272,20.0,128.2
6508,20.1272,20.0,128.2
6509,20.1272,20.0,128.2
6510,20.1272,20.0,128.3
6511,20.1272,20.0,128.3
6512,20.1272,20.0,128.3
6513,20.1272,20.0,128.3
6514,20.1272,20.0,128.3
6515,20.1272,20.0,128.4
6516,20.1272,20.0,128.4
6517,20.1272,20.0,128.4
6518,20.1272,20.0,128.4
6519,20.1272,20.0,128.4
6520,20.1272,20.0,128.5
6521,20.1270,20.0,128.5
6522,20.1270,20.0,128.5
6523,20.1270,20.0,128.5
6524,20.1270,20.0,128.5
6525,20.1270,20.0,128.5
6526,20.1270,20.0,128.6
6527,20.1270,20.0,128.6
6528,20.1270,20.0,128.6
6529,20.1270,20.0,128.6
6530,20.1270,20.0,128.6
6531,20.1270,20.0,128.6
6532,20.1270,20.0,128.7
6533,20.1270,20.0,128.7
6534,20.1270,20.0,128.7
6535,20.1270,20.0,128.7
6536,20.1270,20.0,128.7
6537,20.1270,20.0,128.8
6538,20.1270,20.0,128.8
6539,20.1270,20.0,128.8
6540,20.1270,20.0,128.8
6541,20.1269,20.0,128.8
6542,20.1269,20.0,128.9
6543,20.1269,20.0,128.9
6544,20.1269,20.0,128.9
6545,20.1269,20.0,128.9
6546,20.1269,20.0,128.9
6547,20.1269,20.0,128.9
6548,20.1269,20.0,129.0
6549,20.1269,20.0,129.0
6550,20.1269,20.0,129.0
6551,20.1269,20.0,129.0
6552,20.1269,20.0,129.0
6553,20.1269,20.0,129.1
6554,20.1269,20.0,129.1
6555,20.1269,20.0,129.1
6556,20.1269,20.0,129.1
6557,20.1269,20.0,129.2
6558,20.1269,20.0,129.2
6559,20.1269,20.0,129.2
6560,20.1269,20.0,129.2
6561,20.1267,20.0,129.2
6562,20.1267,20.0,129.3
6563,20.1267,20.0,129.3
6564,20.1267,20.0,129.3
6565,20.1267,20.0,129.3
6566,20.1267,20.0,129.3
6567,20.1267,20.0,129.4
6568,20.1267,20.0,129.4
6569,20.1267,20.0,129.4
6570,20.1267,20.0,129.4
6571,20.1267,20.0,129.4
6572,20.1267,20.0,129.5
6573,20.1267,20.0,129.5
6574,20.1267,20.0,129.5
6575,20.1267,20.0,129.5
6576,20.1267,20.0,129.5
6577,20.1267,20.0,129.5
6578,20.1267,20.0,129.6
6579,20.1267,20.0,129.6
6580,20.1267,20.0,129.6
6581,20.1265,20.0,129.6
6582,20.1265,20.0,129.6
6583,20.1265,20.0,129.7
6584,20.1265,20.0,129.7
6585,20.1265,20.0,129.7
6586,20.1265,20.0,129.7
6587,20.1265,20.0,129.8
6588,20.1265,20.0,129.8
6589,20.1265,20.0,129.8
6590,20.1265,20.0,129.8
6591,20.1265,20.0,129.8
6592,20.1265,20.0,129.8
6593,20.1265,20.0,129.9
6594,20.1265,20.0,129.9
6595,20.1265,20.0,129.9
6596,20.1265,20.0,129.9
6597,20.1265,20.0,129.9
6598,20.1265,20.0,129.9
6599,20.1265,20.0,130.0
6600,20.1265,20.0,130.0
6601,20.1264,20.0,130.0
6602,20.1264,20.0,130.0
6603,20.1264,20.0,130.1
6604,20.1264,20.0,130.1
6605,20.1264,20.0,130.1
6606,20.1264,20.0,130.1
6607,20.1264,20.0,130.1
6608,20.1264,20.0,130.2
6609,20.1264,20.0,130.2
6610,20.1264,20.0,130.2
6611,20.1264,20.0,130.2
6612,20.1264,20.0,130.2
6613,20.1264,20.0,130.3
6614,20.1264,20.0,130.3
6615,20.1264,20.0,130.3
6616,20.1264,20.0,130.3
6617,20.1264,20.0,130.3
6618,20.1264,20.0,130.4
6619,20.1264,20.0,130.4
6620,20.1264,20.0,130.4
6621,20.1264,20.0,130.4
6622,20.1264,20.0,130.4
6623,20.1264,20.0,130.4
6624,20.1264,20.0,130.5
6625,20.1264,20.0,130.5
6626,20.1264,20.0,130.5
6627,20.1264,20.0,130.5
6628,20.1264,20.0,130.5
6629,20.1264,20.0,130.6
6630,20.1264,20.0,130.6
6631,20.1264,20.0,130.6
6632,20.1264,20.0,130.6
6633,20.1264,20.0,130.6
6634,20.1264,20.0,130.7
6635,20.1264,20.0,130.7
6636,20.1264,20.0,130.7
6637,20.1264,20.0,130.7
6638,20.1264,20.0,130.7
6639,20.1264,20.0,130.7
6640,20.1264,20.0,130.8
6641,20.1264,20.0,130.8
6642,20.1264,20.0,130.8
6643,20.1264,20.0,130.8
6644,20.1264,20.0,130.8
6645,20.1264,20.0,130.9
6646,20.1264,20.0,130.9
6647,20.1264,20.0,130.9
6648,20.1264,20.0,130.9
6649,20.1264,20.0,130.9
6650,20.1264,20.0,130.9
6651,20.1264,20.0,131.0
6652,20.1264,20.0,131.0
6653,20.1264,20.0,131.0
6654,20.1264,20.0,131.0
6655,20.1264,20.0,131.0
6656,20.1264,20.0,131.0
6657,20.1264,20.0,131.3
6658,20.1264,20.0,131.4
6659,20.1264,20.0,131.4
6660,20.1264,20.0,131.4
6661,20.1267,20.0,131.4
6662,20.1267,20.0,131.4
6663,20.1267,20.0,131.5
6664,20.1267,20.0,131.5
6665,20.1267,20.0,131.5
6666,20.1267,20.0,131.5
6667,20.1267,20.0,131.5
6668,20.1267,20.0,131.6
6669,20.1267,20.0,131.6
6670,20.1267,20.0,131.6
6671,20.1267,20.0,131.6
6672,20.1267,20.0,131.6
6673,20.1267,20.0,131.7
6674,20.1267,20.0,131.7
6675,20.1267,20.0,131.7
6676,20.1267,20.0,131.7
6677,20.1267,20.0,131.7
6678,20.1267,20.0,131.7
6679,20.1267,20.0,131.8
6680,20.1267,20.0,131.8
6681,20.1273,20.0,131.8
6682,20.1273,20.0,131.8
6683,20.1273,20.0,131.8
6684,20.1273,20.0,131.9
6685,20.1273,20.0,131.9
6686,20.1273,20.0,131.9
6687,20.1273,20.0,131.9
6688,20.1273,20.0,131.9
6689,20.1273,20.0,132.0
6690,20.1273,20.0,132.0
6691,20.1273,20.0,132.0
6692,20.1273,20.0,132.0
6693,20.1273,20.0,132.0
6694,20.1273,20.0,132.1
6695,20.1273,20.0,132.1
6696,20.1273,20.0,132.1
6697,20.1273,20.0,132.1
6698,20.1273,20.0,132.2
6699,20.1273,20.0,132.2
6700,20.1273,20.0,132.2
6701,20.1279,20.0,132.2
6702,20.1279,20.0,132.2
6703,20.1279,20.0,132.3
6704,20.1279,20.0,132.3
6705,20.1279,20.0,132.3
6706,20.1279,20.0,132.3
6707,20.1279,20.0,132.3
6708,20.1279,20.0,132.3
6709,20.1279,20.0,132.4
6710,20.1279,20.0,132.4
6711,20.1279,20.0,132.4
6712,20.1279,20.0,132.4
6713,20.1279,20.0,132.4
6714,20.1279,20.0,132.5
6715,20.1279,20.0,132.5
6716,20.1279,20.0,132.5
6717,20.1279,20.0,132.5
6718,20.1279,20.0,132.5
6719,20.1279,20.0,132.6
6720,20.1279,20.0,132.6
6721,20.1285,20.0,132.6
6722,20.1285,20.0,132.6
6723,20.1285,20.0,132.6
6724,20.1285,20.0,132.7
6725,20.1285,20.0,132.7
6726,20.1285,20.0,132.7
6727,20.1285,20.0,132.7
6728,20.1285,20.0,132.7
6729,20.1285,20.0,132.8
6730,20.1285,20.0,132.8
6731,20.1285,20.0,132.8
6732,20.1285,20.0,132.8
6733,20.1285,20.0,132.8
6734,20.1285,20.0,132.9
6735,20.1285,20.0,132.9
6736,20.1285,20.0,132.9
6737,20.1285,20.0,132.9
6738,20.1285,20.0,132.9
6739,20.1285,20.0,132.9
6740,20.1285,20.0,133.0
6741,20.1291,20.0,133.0
6742,20.1291,20.0,133.0
6743,20.1291,20.0,133.0
6744,20.1291,20.0,133.0
6745,20.1291,20.0,133.0
6746,20.1291,20.0,133.1
6747,20.1291,20.0,133.1
6748,20.1291,20.0,133.1
6749,20.1291,20.0,133.1
6750,20.1291,20.0,133.1
6751,20.1291,20.0,133.2
6752,20.1291,20.0,133.2
6753,20.1291,20.0,133.2
6754,20.1291,20.0,133.2
6755,20.1291,20.0,133.2
6756,20.1291,20.0,133.3
6757,20.1291,20.0,133.3
6758,20.1291,20.0,133.3
6759,20.1291,20.0,133.3
6760,20.1291,20.0,133.4
6761,20.1297,20.0,133.4
6762,20.1297,20.0,133.4
6763,20.1297,20.0,133.4
6764,20.1297,20.0,133.5
6765,20.1297,20.0,133.5
6766,20.1297,20.0,133.5
6767,20.1297,20.0,133.5
6768,20.1297,20.0,133.6
6769,20.1297,20.0,133.6
6770,20.1297,20.0,133.6
6771,20.1297,20.0,133.6
6772,20.1297,20.0,133.6
6773,20.1297,20.0,133.7
6774,20.1297,20.0,133.7
6775,20.1297,20.0,133.7
6776,20.1297,20.0,133.7
6777,20.1297,20.0,133.7
6778,20.1297,20.0,133.8
6779,20.1297,20.0,133.8
6780,20.1297,20.0,133.8
6781,20.1303,20.0,133.8
6782,20.1303,20.0,133.8
6783,20.1303,20.0,133.9
6784,20.1303,20.0,133.9
6785,20.1303,20.0,133.9
6786,20.1303,20.0,133.9
6787,20.1303,20.0,133.9
6788,20.1303,20.0,134.0
6789,20.1303,20.0,134.0
6790,20.1303,20.0,134.0
6791,20.1303,20.0,134.0
6792,20.1303,20.0,134.0
6793,20.1303,20.0,134.1
6794,20.1303,20.0,134.1
6795,20.1303,20.0,134.1
6796,20.1303,20.0,134.1
6797,20.1303,20.0,134.1
6798,20.1303,20.0,134.1
6799,20.1303,20.0,134.2
6800,20.1303,20.0,134.2
6801,20.1309,20.0,134.2
6802,20.1309,20.0,134.2
6803,20.1309,20.0,134.3
6804,20.1309,20.0,134.3
6805,20.1309,20.0,134.3
6806,20.1309,20.0,134.3
6807,20.1309,20.0,134.3
6808,20.1309,20.0,134.4
6809,20.1309,20.0,134.4
6810,20.1309,20.0,134.4
6811,20.1309,20.0,134.4
6812,20.1309,20.0,134.4
6813,20.1309,20.0,134.4
6814,20.1309,20.0,134.5
6815,20.1309,20.0,134.5
6816,20.1309,20.0,134.5
6817,20.1309,20.0,134.5
6818,20.1309,20.0,134.5
6819,20.1309,20.0,134.6
6820,20.1309,20.0,134.6
6821,20.1315,20.0,134.6
6822,20.1315,20.0,134.6
6823,20.1315,20.0,134.6
6824,20.1315,20.0,134.7
6825,20.1315,20.0,134.7
6826,20.1315,20.0,134.7
6827,20.1315,20.0,134.7
6828,20.1315,20.0,134.7
6829,20.1315,20.0,134.8
6830,20.1315,20.0,134.8
6831,20.1315,20.0,134.8
6832,20.1315,20.0,134.8
6833,20.1315,20.0,134.8
6834,20.1315,20.0,134.8
6835,20.1315,20.0,134.9
6836,20.1315,20.0,134.9
6837,20.1315,20.0,134.9
6838,20.1315,20.0,134.9
6839,20.1315,20.0,134.9
6840,20.1315,20.0,135.0
6841,20.1321,20.0,135.0
6842,20.1321,20.0,135.0
6843,20.1321,20.0,135.0
6844,20.1321,20.0,135.0
6845,20.1321,20.0,135.1
6846,20.1321,20.0,135.1
6847,20.1321,20.0,135.1
6848,20.1321,20.0,135.1
6849,20.1321,20.0,135.1
6850,20.1321,20.0,135.2
6851,20.1321,20.0,135.2
6852,20.1321,20.0,135.2
6853,20.1321,20.0,135.2
6854,20.1321,20.0,135.2
6855,20.1321,20.0,135.3
6856,20.1321,20.0,135.3
6857,20.1321,20.0,135.3
6858,20.1321,20.0,135.3
6859,20.1321,20.0,135.3
6860,20.1321,20.0,135.3
6861,20.1327,20.0,135.4
6862,20.1327,20.0,135.4
6863,20.1327,20.0,135.4
6864,20.1327,20.0,135.4
6865,20.1327,20.0,135.4
6866,20.1327,20.0,135.5
6867,20.1327,20.0,135.5
6868,20.1327,20.0,135.5
6869,20.1327,20.0,135.5
6870,20.1327,20.0,135.5
6871,20.1327,20.0,135.6
6872,20.1327,20.0,135.6
6873,20.1327,20.0,135.6
6874,20.1327,20.0,135.6
6875,20.1327,20.0,135.7
6876,20.1327,20.0,135.7
6877,20.1327,20.0,135.7
6878,20.1327,20.0,135.7
6879,20.1327,20.0,135.7
6880,20.1327,20.0,135.7
6881,20.1333,20.0,135.8
6882,20.1333,20.0,135.8
6883,20.1333,20.0,135.8
6884,20.1333,20.0,135.8
6885,20.1333,20.0,135.8
6886,20.1333,20.0,135.9
6887,20.1333,20.0,135.9
6888,20.1333,20.0,135.9
6889,20.1333,20.0,135.9
6890,20.1333,20.0,135.9
6891,20.1333,20.0,135.9
6892,20.1333,20.0,136.0
6893,20.1333,20.0,136.0
6894,20.1333,20.0,136.0
6895,20.1333,20.0,136.0
6896,20.1333,20.0,136.0
6897,20.1333,20.0,136.1
6898,20.1333,20.0,136.1
6899,20.1333,20.0,136.1
6900,20.1333,20.0,136.1
6901,20.1339,20.0,136.1
6902,20.1339,20.0,136.2
6903,20.1339,20.0,136.2
6904,20.1339,20.0,136.2
6905,20.1339,20.0,136.2
6906,20.1339,20.0,136.3
6907,20.1339,20.0,136.3
6908,20.1339,20.0,136.3
6909,20.1339,20.0,136.3
6910,20.1339,20.0,136.3
6911,20.1339,20.0,136.4
6912,20.1339,20.0,136.4
6913,20.1339,20.0,136.4
6914,20.1339,20.0,136.4
6915,20.1339,20.0,136.4
6916,20.1339,20.0,136.5
6917,20.1339,20.0,136.5
6918,20.1339,20.0,136.5
6919,20.1339,20.0,136.5
6920,20.1339,20.0,136.6
6921,20.1346,20.0,136.6
6922,20.1346,20.0,136.6
6923,20.1346,20.0,136.6
6924,20.1346,20.0,136.6
6925,20.1346,20.0,136.6
6926,20.1346,20.0,136.7
6927,20.1346,20.0,136.7
6928,20.1346,20.0,136.7
6929,20.1346,20.0,136.7
6930,20.1346,20.0,136.7
6931,20.1346,20.0,136.8
6932,20.1346,20.0,136.8
6933,20.1346,20.0,136.8
6934,20.1346,20.0,136.8
6935,20.1346,20.0,136.8
6936,20.1346,20.0,136.9
6937,20.1346,20.0,136.9
6938,20.1346,20.0,136.9
6939,20.1346,20.0,136.9
6940,20.1346,20.0,136.9
6941,20.1352,20.0,137.0
6942,20.1352,20.0,137.0
6943,20.1352,20.0,137.0
6944,20.1352,20.0,137.0
6945,20.1352,20.0,137.0
6946,20.1352,20.0,137.0
6947,20.1352,20.0,137.1
6948,20.1352,20.0,137.1
6949,20.1352,20.0,137.1
6950,20.1352,20.0,137.1
6951,20.1352,20.0,137.1
6952,20.1352,20.0,137.2
6953,20.1352,20.0,137.2
6954,20.1352,20.0,137.2
6955,20.1352,20.0,137.2
6956,20.1352,20.0,137.2
6957,20.1352,20.0,137.3
6958,20.1352,20.0,137.3
6959,20.1352,20.0,137.3
6960,20.1352,20.0,137.3
6961,20.1358,20.0,137.3
6962,20.1358,20.0,137.4
6963,20.1358,20.0,137.4
6964,20.1358,20.0,137.4
6965,20.1358,20.0,137.4
6966,20.1358,20.0,137.4
6967,20.1358,20.0,137.5
6968,20.1358,20.0,137.5
6969,20.1358,20.0,137.5
6970,20.1358,20.0,137.5
6971,20.1358,20.0,137.5
6972,20.1358,20.0,137.5
6973,20.1358,20.0,137.6
6974,20.1358,20.0,137.6
6975,20.1358,20.0,137.6
6976,20.1358,20.0,137.6
6977,20.1358,20.0,137.6
6978,20.1358,20.0,137.7
6979,20.1358,20.0,137.7
6980,20.1358,20.0,137.7
6981,20.1364,20.0,137.7
6982,20.1364,20.0,137.7
6983,20.1364,20.0,137.8
6984,20.1364,20.0,137.8
6985,20.1364,20.0,137.8
6986,20.1364,20.0,137.8
6987,20.1364,20.0,137.8
6988,20.1364,20.0,137.9
6989,20.1364,20.0,137.9
6990,20.1364,20.0,137.9
6991,20.1364,20.0,137.9
6992,20.1364,20.0,137.9
6993,20.1364,20.0,138.0
6994,20.1364,20.0,138.0
6995,20.1364,20.0,138.0
6996,20.1364,20.0,138.0
6997,20.1364,20.0,138.0
6998,20.1364,20.0,138.1
6999,20.1364,20.0,138.1
7000,20.1364,20.0,138.1
7001,20.1370,20.0,138.1
7002,20.1370,20.0,138.1
7003,20.1370,20.0,138.2
7004,20.1370,20.0,138.2
7005,20.1370,20.0,138.2
7006,20.1370,20.0,138.2
7007,20.1370,20.0,138.2
7008,20.1370,20.0,138.2
7009,20.1370,20.0,138.3
7010,20.1370,20.0,138.3
7011,20.1370,20.0,138.3
7012,20.1370,20.0,138.3
7013,20.1370,20.0,138.3
7014,20.1370,20.0,138.4
7015,20.1370,20.0,138.4
7016,20.1370,20.0,138.4
7017,20.1370,20.0,138.4
7018,20.1370,20.0,138.4
7019,20.1370,20.0,138.4
7020,20.1370,20.0,138.5
7021,20.1376,20.0,138.5
7022,20.1376,20.0,138.5
7023,20.1376,20.0,138.5
7024,20.1376,20.0,138.5
7025,20.1376,20.0,138.5
7026,20.1376,20.0,138.6
7027,20.1376,20.0,138.6
7028,20.1376,20.0,138.6
7029,20.1376,20.0,138.6
7030,20.1376,20.0,138.7
7031,20.1376,20.0,138.7
7032,20.1376,20.0,138.7
7033,20.1376,20.0,138.7
7034,20.1376,20.0,138.7
7035,20.1376,20.0,138.7
7036,20.1376,20.0,138.8
7037,20.1376,20.0,138.8
7038,20.1376,20.0,138.8
7039,20.1376,20.0,138.8
7040,20.1376,20.0,138.8
7041,20.1382,20.0,138.9
7042,20.1382,20.0,138.9
7043,20.1382,20.0,138.9
7044,20.1382,20.0,138.9
7045,20.1382,20.0,138.9
7046,20.1382,20.0,138.9
7047,20.1382,20.0,139.0
7048,20.1382,20.0,139.0
7049,20.1382,20.0,139.0
7050,20.1382,20.0,139.0
7051,20.1382,20.0,139.0
7052,20.1382,20.0,139.1
7053,20.1382,20.0,139.1
7054,20.1382,20.0,139.1
7055,20.1382,20.0,139.1
7056,20.1382,20.0,139.1
7057,20.1382,20.0,139.2
7058,20.1382,20.0,139.2
7059,20.1382,20.0,139.2
7060,20.1382,20.0,139.2
7061,20.1388,20.0,139.2
7062,20.1388,20.0,139.3
7063,20.1388,20.0,139.3
7064,20.1388,20.0,139.3
7065,20.1388,20.0,139.3
7066,20.1388,20.0,139.3
7067,20.1388,20.0,139.3
7068,20.1388,20.0,139.4
7069,20.1388,20.0,139.4
7070,20.1388,20.0,139.4
7071,20.1388,20.0,139.4
7072,20.1388,20.0,139.4
7073,20.1388,20.0,139.4
7074,20.1388,20.0,139.5
7075,20.1388,20.0,139.5
7076,20.1388,20.0,139.5
7077,20.1388,20.0,139.5
7078,20.1388,20.0,139.5
7079,20.1388,20.0,139.6
7080,20.1388,20.0,139.6
7081,20.1394,20.0,139.6
7082,20.1394,20.0,139.6
7083,20.1394,20.0,139.6
7084,20.1394,20.0,139.7
7085,20.1394,20.0,139.7
7086,20.1394,20.0,139.7
7087,20.1394,20.0,139.7
7088,20.1394,20.0,139.7
7089,20.1394,20.0,139.8
7090,20.1394,20.0,139.8
7091,20.1394,20.0,139.8
7092,20.1394,20.0,139.8
7093,20.1394,20.0,139.8
7094,20.1394,20.0,139.9
7095,20.1394,20.0,139.9
7096,20.1394,20.0,139.9
7097,20.1394,20.0,139.9
7098,20.1394,20.0,139.9
7099,20.1394,20.0,140.0
7100,20.1394,20.0,140.0
7101,20.1400,20.0,140.0
7102,20.1400,20.0,140.0
7103,20.1400,20.0,140.0
7104,20.1400,20.0,140.0
7105,20.1400,20.0,140.1
7106,20.1400,20.0,140.1
7107,20.1400,20.0,140.1
7108,20.1400,20.0,140.1
7109,20.1400,20.0,140.1
7110,20.1400,20.0,140.2
7111,20.1400,20.0,140.2
7112,20.1400,20.0,140.2
7113,20.1400,20.0,140.2
7114,20.1400,20.0,140.2
7115,20.1400,20.0,140.3
7116,20.1400,20.0,140.3
7117,20.1400,20.0,140.3
7118,20.1400,20.0,140.3
7119,20.1400,20.0,140.4
7120,20.1400,20.0,140.4
7121,20.1406,20.0,140.4
7122,20.1406,20.0,140.4
7123,20.1406,20.0,140.4
7124,20.1406,20.0,140.4
7125,20.1406,20.0,140.5
7126,20.1406,20.0,140.5
7127,20.1406,20.0,140.5
7128,20.1406,20.0,140.5
7129,20.1406,20.0,140.5
7130,20.1406,20.0,140.6
7131,20.1406,20.0,140.6
7132,20.1406,20.0,140.6
7133,20.1406,20.0,140.6
7134,20.1406,20.0,140.6
7135,20.1406,20.0,140.7
7136,20.1406,20.0,140.7
7137,20.1406,20.0,140.7
7138,20.1406,20.0,140.7
7139,20.1406,20.0,140.8
7140,20.1406,20.0,140.8
7141,20.1411,20.0,140.8
7142,20.1411,20.0,140.8
7143,20.1411,20.0,140.8
7144,20.1411,20.0,140.8
7145,20.1411,20.0,140.9
7146,20.1411,20.0,140.9
7147,20.1411,20.0,140.9
7148,20.1411,20.0,140.9
7149,20.1411,20.0,141.0
7150,20.1411,20.0,141.0
7151,20.1411,20.0,141.0
7152,20.1411,20.0,141.0
7153,20.1411,20.0,141.0
7154,20.1411,20.0,141.0
7155,20.1411,20.0,141.1
7156,20.1411,20.0,141.1
7157,20.1411,20.0,141.1
7158,20.1411,20.0,141.1
7159,20.1411,20.0,141.1
7160,20.1411,20.0,141.2
7161,20.1415,20.0,141.2
7162,20.1415,20.0,141.2
7163,20.1415,20.0,141.2
7164,20.1415,20.0,141.2
7165,20.1415,20.0,141.3
7166,20.1415,20.0,141.3
7167,20.1415,20.0,141.3
7168,20.1415,20.0,141.3
7169,20.1415,20.0,141.6
7170,20.1415,20.0,141.6
7171,20.1415,20.0,141.6
7172,20.1415,20.0,141.6
7173,20.1415,20.0,141.7
7174,20.1415,20.0,141.7
7175,20.1415,20.0,141.7
7176,20.1415,20.0,141.7
7177,20.1415,20.0,141.7
7178,20.1415,20.0,141.8
7179,20.1415,20.0,141.8
7180,20.1415,20.0,141.8
7181,20.1417,20.0,141.8
7182,20.1417,20.0,141.8
7183,20.1417,20.0,141.9
7184,20.1417,20.0,141.9
7185,20.1417,20.0,141.9
7186,20.1417,20.0,141.9
7187,20.1417,20.0,141.9
7188,20.1417,20.0,142.0
7189,20.1417,20.0,142.0
7190,20.1417,20.0,142.0
7191,20.1417,20.0,142.0
7192,20.1417,20.0,142.0
7193,20.1417,20.0,142.1
7194,20.1417,20.0,142.1
7195,20.1417,20.0,142.1
7196,20.1417,20.0,142.1
7197,20.1417,20.0,142.1
7198,20.1417,20.0,142.2
7199,20.1417,20.0,142.2
7200,20.1417,20.0,142.2
7201,20.1418,20.0,142.2
7202,20.1418,20.0,142.2
7203,20.1418,20.0,142.3
7204,20.1418,20.0,142.3
7205,20.1418,20.0,142.3
7206,20.1418,20.0,142.3
7207,20.1418,20.0,142.3
7208,20.1418,20.0,142.4
7209,20.1418,20.0,142.4
7210,20.1418,20.0,142.4
7211,20.1418,20.0,142.4
7212,20.1418,20.0,142.4
7213,20.1418,20.0,142.5
7214,20.1418,20.0,142.5
7215,20.1418,20.0,142.5
7216,20.1418,20.0,142.5
7217,20.1418,20.0,142.5
7218,20.1418,20.0,142.6
7219,20.1418,20.0,142.6
7220,20.1418,20.0,142.6
7221,20.1420,20.0,142.6
7222,20.1420,20.0,142.6
7223,20.1420,20.0,142.6
7224,20.1420,20.0,142.7
7225,20.1420,20.0,142.7
7226,20.1420,20.0,142.7
7227,20.1420,20.0,142.7
7228,20.1420,20.0,142.7
7229,20.1420,20.0,142.8
7230,20.1420,20.0,142.8
7231,20.1420,20.0,142.8
7232,20.1420,20.0,142.8
7233,20.1420,20.0,142.8
7234,20.1420,20.0,142.9
7235,20.1420,20.0,142.9
7236,20.1420,20.0,142.9
7237,20.1420,20.0,142.9
7238,20.1420,20.0,142.9
7239,20.1420,20.0,142.9
7240,20.1420,20.0,143.0
7241,20.1421,20.0,143.0
7242,20.1421,20.0,143.0
7243,20.1421,20.0,143.0
7244,20.1421,20.0,143.0
7245,20.1421,20.0,143.1
7246,20.1421,20.0,143.1
7247,20.1421,20.0,143.1
7248,20.1421,20.0,143.1
7249,20.1421,20.0,143.1
7250,20.1421,20.0,143.2
7251,20.1421,20.0,143.2
7252,20.1421,20.0,143.2
7253,20.1421,20.0,143.2
7254,20.1421,20.0,143.2
7255,20.1421,20.0,143.2
7256,20.1421,20.0,143.3
7257,20.1421,20.0,143.3
7258,20.1421,20.0,143.3
7259,20.1421,20.0,143.3
7260,20.1421,20.0,143.3
7261,20.1423,20.0,143.4
7262,20.1423,20.0,143.4
7263,20.1423,20.0,143.4
7264,20.1423,20.0,143.4
7265,20.1423,20.0,143.5
7266,20.1423,20.0,143.5
7267,20.1423,20.0,143.5
7268,20.1423,20.0,143.5
7269,20.1423,20.0,143.5
7270,20.1423,20.0,143.5
7271,20.1423,20.0,143.6
7272,20.1423,20.0,143.6
7273,20.1423,20.0,143.6
7274,20.1423,20.0,143.6
7275,20.1423,20.0,143.6
7276,20.1423,20.0,143.7
7277,20.1423,20.0,143.7
7278,20.1423,20.0,143.7
7279,20.1423,20.0,143.7
7280,20.1423,20.0,143.7
7281,20.1424,20.0,143.8
7282,20.1424,20.0,143.8
7283,20.1424,20.0,143.8
7284,20.1424,20.0,143.8
7285,20.1424,20.0,143.9
7286,20.1424,20.0,143.9
7287,20.1424,20.0,143.9
7288,20.1424,20.0,143.9
7289,20.1424,20.0,143.9
7290,20.1424,20.0,144.0
7291,20.1424,20.0,144.0
7292,20.1424,20.0,144.0
7293,20.1424,20.0,144.0
7294,20.1424,20.0,144.0
7295,20.1424,20.0,144.0
7296,20.1424,20.0,144.0
7297,20.1424,20.0,144.1
7298,20.1424,20.0,144.1
7299,20.1424,20.0,144.1
7300,20.1424,20.0,144.1
7301,20.1426,20.0,144.1
7302,20.1426,20.0,144.2
7303,20.1426,20.0,144.2
7304,20.1426,20.0,144.2
7305,20.1426,20.0,144.2
7306,20.1426,20.0,144.2
7307,20.1426,20.0,144.3
7308,20.1426,20.0,144.3
7309,20.1426,20.0,144.3
7310,20.1426,20.0,144.3
7311,20.1426,20.0,144.3
7312,20.1426,20.0,144.4
7313,20.1426,20.0,144.4
7314,20.1426,20.0,144.4
7315,20.1426,20.0,144.4
7316,20.1426,20.0,144.5
7317,20.1426,20.0,144.5
7318,20.1426,20.0,144.5
7319,20.1426,20.0,144.5
7320,20.1426,20.0,144.5
7321,20.1427,20.0,144.6
7322,20.1427,20.0,144.6
7323,20.1427,20.0,144.6
7324,20.1427,20.0,144.6
7325,20.1427,20.0,144.6
7326,20.1427,20.0,144.6
7327,20.1427,20.0,144.7
7328,20.1427,20.0,144.7
7329,20.1427,20.0,144.7
7330,20.1427,20.0,144.7
7331,20.1427,20.0,144.7
7332,20.1427,20.0,144.8
7333,20.1427,20.0,144.8
7334,20.1427,20.0,144.8
7335,20.1427,20.0,144.8
7336,20.1427,20.0,144.9
7337,20.1427,20.0,144.9
7338,20.1427,20.0,144.9
7339,20.1427,20.0,144.9
7340,20.1427,20.0,144.9
7341,20.1429,20.0,145.0
7342,20.1429,20.0,145.0
7343,20.1429,20.0,145.0
7344,20.1429,20.0,145.0
7345,20.1429,20.0,145.0
7346,20.1429,20.0,145.0
7347,20.1429,20.0,145.1
7348,20.1429,20.0,145.1
7349,20.1429,20.0,145.1
7350,20.1429,20.0,145.1
7351,20.1429,20.0,145.1
7352,20.1429,20.0,145.2
7353,20.1429,20.0,145.2
7354,20.1429,20.0,145.2
7355,20.1429,20.0,145.2
7356,20.1429,20.0,145.3
7357,20.1429,20.0,145.3
7358,20.1429,20.0,145.3
7359,20.1429,20.0,145.3
7360,20.1429,20.0,145.3
7361,20.1430,20.0,145.4
7362,20.1430,20.0,145.4
7363,20.1430,20.0,145.4
7364,20.1430,20.0,145.4
7365,20.1430,20.0,145.4
7366,20.1430,20.0,145.4
7367,20.1430,20.0,145.5
7368,20.1430,20.0,145.5
7369,20.1430,20.0,145.5
7370,20.1430,20.0,145.5
7371,20.1430,20.0,145.5
7372,20.1430,20.0,145.5
7373,20.1430,20.0,145.6
7374,20.1430,20.0,145.6
7375,20.1430,20.0,145.6
7376,20.1430,20.0,145.6
7377,20.1430,20.0,145.6
7378,20.1430,20.0,145.7
7379,20.1430,20.0,145.7
7380,20.1430,20.0,145.7
7381,20.1432,20.0,145.7
7382,20.1432,20.0,145.7
7383,20.1432,20.0,145.8
7384,20.1432,20.0,145.8
7385,20.1432,20.0,145.8
7386,20.1432,20.0,145.8
7387,20.1432,20.0,145.8
7388,20.1432,20.0,145.8
7389,20.1432,20.0,145.9
7390,20.1432,20.0,145.9
7391,20.1432,20.0,145.9
7392,20.1432,20.0,145.9
7393,20.1432,20.0,145.9
7394,20.1432,20.0,146.0
7395,20.1432,20.0,146.0
7396,20.1432,20.0,146.0
7397,20.1432,20.0,146.0
7398,20.1432,20.0,146.0
7399,20.1432,20.0,146.0
7400,20.1432,20.0,146.1
7401,20.1433,20.0,146.1
7402,20.1433,20.0,146.1
7403,20.1433,20.0,146.1
7404,20.1433,20.0,146.1
7405,20.1433,20.0,146.2
7406,20.1433,20.0,146.2
7407,20.1433,20.0,146.2
7408,20.1433,20.0,146.2
7409,20.1433,20.0,146.2
7410,20.1433,20.0,146.3
7411,20.1433,20.0,146.3
7412,20.1433,20.0,146.3
7413,20.1433,20.0,146.3
7414,20.1433,20.0,146.3
7415,20.1433,20.0,146.4
7416,20.1433,20.0,146.4
7417,20.1433,20.0,146.4
7418,20.1433,20.0,146.4
7419,20.1433,20.0,146.4
7420,20.1433,20.0,146.4
7421,20.1435,20.0,146.5
7422,20.1435,20.0,146.5
7423,20.1435,20.0,146.5
7424,20.1435,20.0,146.5
7425,20.1435,20.0,146.5
7426,20.1435,20.0,146.6
7427,20.1435,20.0,146.6
7428,20.1435,20.0,146.6
7429,20.1435,20.0,146.6
7430,20.1435,20.0,146.7
7431,20.1435,20.0,146.7
7432,20.1435,20.0,146.7
7433,20.1435,20.0,146.7
7434,20.1435,20.0,146.7
7435,20.1435,20.0,146.7
7436,20.1435,20.0,146.8
7437,20.1435,20.0,146.8
7438,20.1435,20.0,146.8
7439,20.1435,20.0,146.8
7440,20.1435,20.0,146.8
7441,20.1437,20.0,146.9
7442,20.1437,20.0,146.9
7443,20.1437,20.0,146.9
7444,20.1437,20.0,146.9
7445,20.1437,20.0,146.9
7446,20.1437,20.0,146.9
7447,20.1437,20.0,147.0
7448,20.1437,20.0,147.0
7449,20.1437,20.0,147.0
7450,20.1437,20.0,147.0
7451,20.1437,20.0,147.0
7452,20.1437,20.0,147.1
7453,20.1437,20.0,147.1
7454,20.1437,20.0,147.1
7455,20.1437,20.0,147.1
7456,20.1437,20.0,147.1
7457,20.1437,20.0,147.2
7458,20.1437,20.0,147.2
7459,20.1437,20.0,147.2
7460,20.1437,20.0,147.2
7461,20.1438,20.0,147.2
7462,20.1438,20.0,147.2
7463,20.1438,20.0,147.3
7464,20.1438,20.0,147.3
7465,20.1438,20.0,147.3
7466,20.1438,20.0,147.3
7467,20.1438,20.0,147.4
7468,20.1438,20.0,147.4
7469,20.1438,20.0,147.4
7470,20.1438,20.0,147.4
7471,20.1438,20.0,147.4
7472,20.1438,20.0,147.4
7473,20.1438,20.0,147.5
7474,20.1438,20.0,147.5
7475,20.1438,20.0,147.5
7476,20.1438,20.0,147.5
7477,20.1438,20.0,147.5
7478,20.1438,20.0,147.6
7479,20.1438,20.0,147.6
7480,20.1438,20.0,147.6
7481,20.1440,20.0,147.6
7482,20.1440,20.0,147.6
7483,20.1440,20.0,147.7
7484,20.1440,20.0,147.7
7485,20.1440,20.0,147.7
7486,20.1440,20.0,147.7
7487,20.1440,20.0,147.7
7488,20.1440,20.0,147.7
7489,20.1440,20.0,147.8
7490,20.1440,20.0,147.8
7491,20.1440,20.0,147.8
7492,20.1440,20.0,147.8
7493,20.1440,20.0,147.8
7494,20.1440,20.0,147.9
7495,20.1440,20.0,147.9
7496,20.1440,20.0,147.9
7497,20.1440,20.0,147.9
7498,20.1440,20.0,147.9
7499,20.1440,20.0,147.9
7500,20.1440,20.0,148.0
7501,20.1441,20.0,148.0
7502,20.1441,20.0,148.0
7503,20.1441,20.0,148.0
7504,20.1441,20.0,148.0
7505,20.1441,20.0,148.0
7506,20.1441,20.0,148.1
7507,20.1441,20.0,148.1
7508,20.1441,20.0,148.1
7509,20.1441,20.0,148.1
7510,20.1441,20.0,148.1
7511,20.1441,20.0,148.1
7512,20.1441,20.0,148.2
7513,20.1441,20.0,148.2
7514,20.1441,20.0,148.2
7515,20.1441,20.0,148.2
7516,20.1441,20.0,148.3
7517,20.1441,20.0,148.3
7518,20.1441,20.0,148.3
7519,20.1441,20.0,148.3
7520,20.1441,20.0,148.3
7521,20.1443,20.0,148.4
7522,20.1443,20.0,148.4
7523,20.1443,20.0,148.4
7524,20.1443,20.0,148.4
7525,20.1443,20.0,148.4
7526,20.1443,20.0,148.5
7527,20.1443,20.0,148.5
7528,20.1443,20.0,148.5
7529,20.1443,20.0,148.5
7530,20.1443,20.0,148.5
7531,20.1443,20.0,148.5
7532,20.1443,20.0,148.6
7533,20.1443,20.0,148.6
7534,20.1443,20.0,148.6
7535,20.1443,20.0,148.6
7536,20.1443,20.0,148.6
7537,20.1443,20.0,148.6
7538,20.1443,20.0,148.7
7539,20.1443,20.0,148.7
7540,20.1443,20.0,148.7
7541,20.1444,20.0,148.7
7542,20.1444,20.0,148.7
7543,20.1444,20.0,148.8
7544,20.1444,20.0,148.8
7545,20.1444,20.0,148.8
7546,20.1444,20.0,148.8
7547,20.1444,20.0,148.9
7548,20.1444,20.0,148.9
7549,20.1444,20.0,148.9
7550,20.1444,20.0,148.9
7551,20.1444,20.0,148.9
7552,20.1444,20.0,148.9
7553,20.1444,20.0,149.0
7554,20.1444,20.0,149.0
7555,20.1444,20.0,149.0
7556,20.1444,20.0,149.0
7557,20.1444,20.0,149.0
7558,20.1444,20.0,149.1
7559,20.1444,20.0,149.1
7560,20.1444,20.0,149.1
7561,20.1446,20.0,149.1
7562,20.1446,20.0,149.1
7563,20.1446,20.0,149.2
7564,20.1446,20.0,149.2
7565,20.1446,20.0,149.2
7566,20.1446,20.0,149.2
7567,20.1446,20.0,149.2
7568,20.1446,20.0,149.3
7569,20.1446,20.0,149.3
7570,20.1446,20.0,149.3
7571,20.1446,20.0,149.3
7572,20.1446,20.0,149.3
7573,20.1446,20.0,149.4
7574,20.1446,20.0,149.4
7575,20.1446,20.0,149.4
7576,20.1446,20.0,149.4
7577,20.1446,20.0,149.4
7578,20.1446,20.0,149.5
7579,20.1446,20.0,149.5
7580,20.1446,20.0,149.5
7581,20.1447,20.0,149.5
7582,20.1447,20.0,149.5
7583,20.1447,20.0,149.5
7584,20.1447,20.0,149.6
7585,20.1447,20.0,149.6
7586,20.1447,20.0,149.6
7587,20.1447,20.0,149.6
7588,20.1447,20.0,149.6
7589,20.1447,20.0,149.6
7590,20.1447,20.0,149.7
7591,20.1447,20.0,149.7
7592,20.1447,20.0,149.7
7593,20.1447,20.0,149.7
7594,20.1447,20.0,149.7
7595,20.1447,20.0,149.8
7596,20.1447,20.0,149.8
7597,20.1447,20.0,149.8
7598,20.1447,20.0,149.8
7599,20.1447,20.0,149.8
7600,20.1447,20.0,149.9
7601,20.1449,20.0,149.9
7602,20.1449,20.0,149.9
7603,20.1449,20.0,149.9
7604,20.1449,20.0,149.9
7605,20.1449,20.0,149.9
7606,20.1449,20.0,150.0
7607,20.1449,20.0,150.0
7608,20.1449,20.0,150.0
7609,20.1449,20.0,150.0
7610,20.1449,20.0,150.0
7611,20.1449,20.0,150.0
7612,20.1449,20.0,150.1
7613,20.1449,20.0,150.1
7614,20.1449,20.0,150.1
7615,20.1449,20.0,150.1
7616,20.1449,20.0,150.1
7617,20.1449,20.0,150.2
7618,20.1449,20.0,150.2
7619,20.1449,20.0,150.2
7620,20.1449,20.0,150.2
7621,20.1450,20.0,150.2
7622,20.1450,20.0,150.2
7623,20.1450,20.0,150.3
7624,20.1450,20.0,150.3
7625,20.1450,20.0,150.3
7626,20.1450,20.0,150.3
7627,20.1450,20.0,150.4
7628,20.1450,20.0,150.4
7629,20.1450,20.0,150.4
7630,20.1450,20.0,150.4
7631,20.1450,20.0,150.4
7632,20.1450,20.0,150.5
7633,20.1450,20.0,150.5
7634,20.1450,20.0,150.5
7635,20.1450,20.0,150.5
7636,20.1450,20.0,150.5
7637,20.1450,20.0,150.5
7638,20.1450,20.0,150.6
7639,20.1450,20.0,150.6
7640,20.1450,20.0,150.6
7641,20.1449,20.0,150.6
7642,20.1449,20.0,150.6
7643,20.1449,20.0,150.7
7644,20.1449,20.0,150.7
7645,20.1449,20.0,150.7
7646,20.1449,20.0,150.7
7647,20.1449,20.0,150.7
7648,20.1449,20.0,150.7
7649,20.1449,20.0,150.8
7650,20.1449,20.0,150.8
7651,20.1449,20.0,150.8
7652,20.1449,20.0,150.8
7653,20.1449,20.0,150.9
7654,20.1449,20.0,150.9
7655,20.1449,20.0,150.9
7656,20.1449,20.0,150.9
7657,20.1449,20.0,150.9
7658,20.1449,20.0,150.9
7659,20.1449,20.0,151.0
7660,20.1449,20.0,151.0
7661,20.1447,20.0,151.0
7662,20.1447,20.0,151.0
7663,20.1447,20.0,151.1
7664,20.1447,20.0,151.1
7665,20.1447,20.0,151.1
7666,20.1447,20.0,151.1
7667,20.1447,20.0,151.1
7668,20.1447,20.0,151.1
7669,20.1447,20.0,151.2
7670,20.1447,20.0,151.2
7671,20.1447,20.0,151.2
7672,20.1447,20.0,151.2
7673,20.1447,20.0,151.2
7674,20.1447,20.0,151.2
7675,20.1447,20.0,151.3
7676,20.1447,20.0,151.3
7677,20.1447,20.0,151.3
7678,20.1447,20.0,151.3
7679,20.1447,20.0,151.3
7680,20.1447,20.0,151.4
7681,20.1445,20.0,151.7
7682,20.1445,20.0,151.7
7683,20.1445,20.0,151.7
7684,20.1445,20.0,151.7
7685,20.1445,20.0,151.7
7686,20.1445,20.0,151.7
7687,20.1445,20.0,151.8
7688,20.1445,20.0,151.8
7689,20.1445,20.0,151.8
7690,20.1445,20.0,151.8
7691,20.1445,20.0,151.8
7692,20.1445,20.0,151.9
7693,20.1445,20.0,151.9
7694,20.1445,20.0,151.9
7695,20.1445,20.0,151.9
7696,20.1445,20.0,151.9
7697,20.1445,20.0,152.0
7698,20.1445,20.0,152.0
7699,20.1445,20.0,152.0
7700,20.1445,20.0,152.0
7701,20.1445,20.0,152.0
7702,20.1445,20.0,152.0
7703,20.1445,20.0,152.0
7704,20.1445,20.0,152.1
7705,20.1445,20.0,152.1
7706,20.1445,20.0,152.1
7707,20.1445,20.0,152.1
7708,20.1445,20.0,152.1
7709,20.1445,20.0,152.2
7710,20.1445,20.0,152.2
7711,20.1445,20.0,152.2
7712,20.1445,20.0,152.2
7713,20.1445,20.0,152.2
7714,20.1445,20.0,152.3
7715,20.1445,20.0,152.3
7716,20.1445,20.0,152.3
7717,20.1445,20.0,152.3
7718,20.1445,20.0,152.3
7719,20.1445,20.0,152.4
7720,20.1445,20.0,152.4
7721,20.1445,20.0,152.4
7722,20.1445,20.0,152.4
7723,20.1445,20.0,152.4
7724,20.1445,20.0,152.5
7725,20.1445,20.0,152.5
7726,20.1445,20.0,152.5
7727,20.1445,20.0,152.5
7728,20.1445,20.0,152.5
7729,20.1445,20.0,152.5
7730,20.1445,20.0,152.6
7731,20.1445,20.0,152.6
7732,20.1445,20.0,152.6
7733,20.1445,20.0,152.6
7734,20.1445,20.0,152.6
7735,20.1445,20.0,152.7
7736,20.1445,20.0,152.7
7737,20.1445,20.0,152.7
7738,20.1445,20.0,152.7
7739,20.1445,20.0,152.7
7740,20.1445,20.0,152.7
7741,20.1445,20.0,152.8
7742,20.1445,20.0,152.8
7743,20.1445,20.0,152.8
7744,20.1445,20.0,152.8
7745,20.1445,20.0,152.8
7746,20.1445,20.0,152.9
7747,20.1445,20.0,152.9
7748,20.1445,20.0,152.9
7749,20.1445,20.0,152.9
7750,20.1445,20.0,152.9
7751,20.1445,20.0,153.0
7752,20.1445,20.0,153.0
7753,20.1445,20.0,153.0
7754,20.1445,20.0,153.0
7755,20.1445,20.0,153.0
7756,20.1445,20.0,153.1
7757,20.1445,20.0,153.1
7758,20.1445,20.0,153.1
7759,20.1445,20.0,153.1
7760,20.1445,20.0,153.1
7761,20.1445,20.0,153.2
7762,20.1445,20.0,153.2
7763,20.1445,20.0,153.2
7764,20.1445,20.0,153.2
7765,20.1445,20.0,153.2
7766,20.1445,20.0,153.3
7767,20.1445,20.0,153.3
7768,20.1445,20.0,153.3
7769,20.1445,20.0,153.3
7770,20.1445,20.0,153.3
7771,20.1445,20.0,153.4
7772,20.1445,20.0,153.4
7773,20.1445,20.0,153.4
7774,20.1445,20.0,153.4
7775,20.1445,20.0,153.5
7776,20.1445,20.0,153.5
7777,20.1445,20.0,153.5
7778,20.1445,20.0,153.5
7779,20.1445,20.0,153.5
7780,20.1445,20.0,153.6
7781,20.1445,20.0,153.6
7782,20.1445,20.0,153.6
7783,20.1445,20.0,153.6
7784,20.1445,20.0,153.6
7785,20.1445,20.0,153.6
7786,20.1445,20.0,153.7
7787,20.1445,20.0,153.7
7788,20.1445,20.0,153.7
7789,20.1445,20.0,153.7
7790,20.1445,20.0,153.7
7791,20.1445,20.0,153.8
7792,20.1445,20.0,153.8
7793,20.1445,20.0,153.8
7794,20.1445,20.0,153.8
7795,20.1445,20.0,153.8
7796,20.1445,20.0,153.8
7797,20.1445,20.0,153.9
7798,20.1445,20.0,153.9
7799,20.1445,20.0,153.9
7800,20.1445,20.0,153.9
7801,20.1445,20.0,153.9
7802,20.1445,20.0,154.0
7803,20.1445,20.0,154.0
7804,20.1445,20.0,154.0
7805,20.1445,20.0,154.0
7806,20.1445,20.0,154.0
7807,20.1445,20.0,154.1
7808,20.1445,20.0,154.1
7809,20.1445,20.0,154.1
7810,20.1445,20.0,154.1
7811,20.1445,20.0,154.1
7812,20.1445,20.0,154.1
7813,20.1445,20.0,154.2
7814,20.1445,20.0,154.2
7815,20.1445,20.0,154.2
7816,20.1445,20.0,154.2
7817,20.1445,20.0,154.2
7818,20.1445,20.0,154.2
7819,20.1445,20.0,154.3
7820,20.1445,20.0,154.3
7821,20.1445,20.0,154.3
7822,20.1445,20.0,154.3
7823,20.1445,20.0,154.3
7824,20.1445,20.0,154.4
7825,20.1445,20.0,154.4
7826,20.1445,20.0,154.4
7827,20.1445,20.0,154.4
7828,20.1445,20.0,154.4
7829,20.1445,20.0,154.5
7830,20.1445,20.0,154.5
7831,20.1445,20.0,154.5
7832,20.1445,20.0,154.5
7833,20.1445,20.0,154.5
7834,20.1445,20.0,154.6
7835,20.1445,20.0,154.6
7836,20.1445,20.0,154.6
7837,20.1445,20.0,154.6
7838,20.1445,20.0,154.6
7839,20.1445,20.0,154.7
7840,20.1445,20.0,154.7
7841,20.1445,20.0,154.7
7842,20.1445,20.0,154.7
7843,20.1445,20.0,154.7
7844,20.1445,20.0,154.7
7845,20.1445,20.0,154.8
7846,20.1445,20.0,154.8
7847,20.1445,20.0,154.8
7848,20.1445,20.0,154.8
7849,20.1445,20.0,154.8
7850,20.1445,20.0,154.9
7851,20.1445,20.0,154.9
7852,20.1445,20.0,154.9
7853,20.1445,20.0,154.9
7854,20.1445,20.0,154.9
7855,20.1445,20.0,154.9
7856,20.1445,20.0,155.0
7857,20.1445,20.0,155.0
7858,20.1445,20.0,155.0
7859,20.1445,20.0,155.0
7860,20.1445,20.0,155.1
7861,20.1445,20.0,155.1
7862,20.1445,20.0,155.1
7863,20.1445,20.0,155.1
7864,20.1445,20.0,155.1
7865,20.1445,20.0,155.1
7866,20.1445,20.0,155.2
7867,20.1445,20.0,155.2
7868,20.1445,20.0,155.2
7869,20.1445,20.0,155.2
7870,20.1445,20.0,155.2
7871,20.1445,20.0,155.3
7872,20.1445,20.0,155.3
7873,20.1445,20.0,155.3
7874,20.1445,20.0,155.3
7875,20.1445,20.0,155.3
7876,20.1445,20.0,155.3
7877,20.1445,20.0,155.4
7878,20.1445,20.0,155.4
7879,20.1445,20.0,155.4
7880,20.1445,20.0,155.4
7881,20.1445,20.0,155.5
7882,20.1445,20.0,155.5
7883,20.1445,20.0,155.5
7884,20.1445,20.0,155.5
7885,20.1445,20.0,155.5
7886,20.1445,20.0,155.6
7887,20.1445,20.0,155.6
7888,20.1445,20.0,155.6
7889,20.1445,20.0,155.6
7890,20.1445,20.0,155.6
7891,20.1445,20.0,155.7
7892,20.1445,20.0,155.7
7893,20.1445,20.0,155.7
7894,20.1445,20.0,155.7
7895,20.1445,20.0,155.7
7896,20.1445,20.0,155.7
7897,20.1445,20.0,155.8
7898,20.1445,20.0,155.8
7899,20.1445,20.0,155.8
7900,20.1445,20.0,155.8
7901,20.1445,20.0,155.8
7902,20.1445,20.0,155.9
7903,20.1445,20.0,155.9
7904,20.1445,20.0,155.9
7905,20.1445,20.0,155.9
7906,20.1445,20.0,155.9
7907,20.1445,20.0,155.9
7908,20.1445,20.0,156.0
7909,20.1445,20.0,156.0
7910,20.1445,20.0,156.0
7911,20.1445,20.0,156.0
7912,20.1445,20.0,156.0
7913,20.1445,20.0,156.0
7914,20.1445,20.0,156.1
7915,20.1445,20.0,156.1
7916,20.1445,20.0,156.1
7917,20.1445,20.0,156.1
7918,20.1445,20.0,156.1
7919,20.1445,20.0,156.2
7920,20.1445,20.0,156.2
7921,20.1445,20.0,156.2
7922,20.1445,20.0,156.2
7923,20.1445,20.0,156.2
7924,20.1445,20.0,156.2
7925,20.1445,20.0,156.3
7926,20.1445,20.0,156.3
7927,20.1445,20.0,156.3
7928,20.1445,20.0,156.3
7929,20.1445,20.0,156.3
7930,20.1445,20.0,156.4
7931,20.1445,20.0,156.4
7932,20.1445,20.0,156.4
7933,20.1445,20.0,156.4
7934,20.1445,20.0,156.4
7935,20.1445,20.0,156.5
7936,20.1445,20.0,156.5
7937,20.1445,20.0,156.5
7938,20.1445,20.0,156.5
7939,20.1445,20.0,156.5
7940,20.1445,20.0,156.6
7941,20.1445,20.0,156.6
7942,20.1445,20.0,156.6
7943,20.1445,20.0,156.6
7944,20.1445,20.0,156.6
7945,20.1445,20.0,156.7
7946,20.1445,20.0,156.7
7947,20.1445,20.0,156.7
7948,20.1445,20.0,156.7
7949,20.1445,20.0,156.7
7950,20.1445,20.0,156.7
7951,20.1445,20.0,156.8
7952,20.1445,20.0,156.8
7953,20.1445,20.0,156.8
7954,20.1445,20.0,156.8
7955,20.1445,20.0,156.8
7956,20.1445,20.0,156.9
7957,20.1445,20.0,156.9
7958,20.1445,20.0,156.9
7959,20.1445,20.0,156.9
7960,20.1445,20.0,156.9
7961,20.1444,20.0,157.0
7962,20.1444,20.0,157.0
7963,20.1444,20.0,157.0
7964,20.1444,20.0,157.0
7965,20.1444,20.0,157.0
7966,20.1444,20.0,157.1
7967,20.1444,20.0,157.1
7968,20.1444,20.0,157.1
7969,20.1444,20.0,157.1
7970,20.1444,20.0,157.1
7971,20.1444,20.0,157.1
7972,20.1444,20.0,157.2
7973,20.1444,20.0,157.2
7974,20.1444,20.0,157.2
7975,20.1444,20.0,157.2
7976,20.1444,20.0,157.2
7977,20.1444,20.0,157.3
7978,20.1444,20.0,157.3
7979,20.1444,20.0,157.3
7980,20.1444,20.0,157.3
7981,20.1444,20.0,157.3
7982,20.1444,20.0,157.3
7983,20.1444,20.0,157.4
7984,20.1444,20.0,157.4
7985,20.1444,20.0,157.4
7986,20.1444,20.0,157.4
7987,20.1444,20.0,157.5
7988,20.1444,20.0,157.5
7989,20.1444,20.0,157.5
7990,20.1444,20.0,157.5
7991,20.1444,20.0,157.5
7992,20.1444,20.0,157.6
7993,20.1444,20.0,157.6
7994,20.1444,20.0,157.6
7995,20.1444,20.0,157.6
7996,20.1444,20.0,157.7
7997,20.1444,20.0,157.7
7998,20.1444,20.0,157.7
7999,20.1444,20.0,157.7
8000,20.1444,20.0,157.7
8001,20.1444,20.0,157.8
8002,20.1444,20.0,157.8
8003,20.1444,20.0,157.8
8004,20.1444,20.0,157.8
8005,20.1444,20.0,157.8
8006,20.1444,20.0,157.8
8007,20.1444,20.0,157.9
8008,20.1444,20.0,157.9
8009,20.1444,20.0,157.9
8010,20.1444,20.0,157.9
8011,20.1444,20.0,158.0
8012,20.1444,20.0,158.0
8013,20.1444,20.0,158.0
8014,20.1444,20.0,158.0
8015,20.1444,20.0,158.0
8016,20.1444,20.0,158.0
8017,20.1444,20.0,158.1
8018,20.1444,20.0,158.1
8019,20.1444,20.0,158.1
8020,20.1444,20.0,158.1
8021,20.1444,20.0,158.1
8022,20.1444,20.0,158.2
8023,20.1444,20.0,158.2
8024,20.1444,20.0,158.2
8025,20.1444,20.0,158.2
8026,20.1444,20.0,158.2
8027,20.1444,20.0,158.3
8028,20.1444,20.0,158.3
8029,20.1444,20.0,158.3
8030,20.1444,20.0,158.3
8031,20.1444,20.0,158.3
8032,20.1444,20.0,158.4
8033,20.1444,20.0,158.4
8034,20.1444,20.0,158.4
8035,20.1444,20.0,158.4
8036,20.1444,20.0,158.4
8037,20.1444,20.0,158.5
8038,20.1444,20.0,158.5
8039,20.1444,20.0,158.5
8040,20.1444,20.0,158.5
8041,20.1444,20.0,158.5
8042,20.1444,20.0,158.6
8043,20.1444,20.0,158.6
8044,20.1444,20.0,158.6
8045,20.1444,20.0,158.6
8046,20.1444,20.0,158.6
8047,20.1444,20.0,158.7
8048,20.1444,20.0,158.7
8049,20.1444,20.0,158.7
8050,20.1444,20.0,158.7
8051,20.1444,20.0,158.7
8052,20.1444,20.0,158.8
8053,20.1444,20.0,158.8
8054,20.1444,20.0,158.8
8055,20.1444,20.0,158.8
8056,20.1444,20.0,158.8
8057,20.1444,20.0,158.8
8058,20.1444,20.0,158.9
8059,20.1444,20.0,158.9
8060,20.1444,20.0,158.9
8061,20.1444,20.0,158.9
8062,20.1444,20.0,158.9
8063,20.1444,20.0,159.0
8064,20.1444,20.0,159.0
8065,20.1444,20.0,159.0
8066,20.1444,20.0,159.0
8067,20.1444,20.0,159.0
8068,20.1444,20.0,159.1
8069,20.1444,20.0,159.1
8070,20.1444,20.0,159.1
8071,20.1444,20.0,159.1
8072,20.1444,20.0,159.1
8073,20.1444,20.0,159.1
8074,20.1444,20.0,159.2
8075,20.1444,20.0,159.2
8076,20.1444,20.0,159.2
8077,20.1444,20.0,159.2
8078,20.1444,20.0,159.3
8079,20.1444,20.0,159.3
8080,20.1444,20.0,159.3
8081,20.1444,20.0,159.3
8082,20.1444,20.0,159.3
8083,20.1444,20.0,159.3
8084,20.1444,20.0,159.4
8085,20.1444,20.0,159.4
8086,20.1444,20.0,159.4
8087,20.1444,20.0,159.4
8088,20.1444,20.0,159.4
8089,20.1444,20.0,159.5
8090,20.1444,20.0,159.5
8091,20.1444,20.0,159.5
8092,20.1444,20.0,159.5
8093,20.1444,20.0,159.5
8094,20.1444,20.0,159.6
8095,20.1444,20.0,159.6
8096,20.1444,20.0,159.6
8097,20.1444,20.0,159.6
8098,20.1444,20.0,159.6
8099,20.1444,20.0,159.6
8100,20.1444,20.0,159.7
8101,20.1444,20.0,159.7
8102,20.1444,20.0,159.7
8103,20.1444,20.0,159.7
8104,20.1444,20.0,159.7
8105,20.1444,20.0,159.7
8106,20.1444,20.0,159.8
8107,20.1444,20.0,159.8
8108,20.1444,20.0,159.8
8109,20.1444,20.0,159.8
8110,20.1444,20.0,159.9
8111,20.1444,20.0,159.9
8112,20.1444,20.0,159.9
8113,20.1444,20.0,159.9
8114,20.1444,20.0,159.9
8115,20.1444,20.0,160.0
8116,20.1444,20.0,160.0
8117,20.1444,20.0,160.0
8118,20.1444,20.0,160.0
8119,20.1444,20.0,160.0
8120,20.1444,20.0,160.1
8121,20.1444,20.0,160.1
8122,20.1444,20.0,160.1
8123,20.1444,20.0,160.1
8124,20.1444,20.0,160.1
8125,20.1444,20.0,160.1
8126,20.1444,20.0,160.2
8127,20.1444,20.0,160.2
8128,20.1444,20.0,160.2
8129,20.1444,20.0,160.2
8130,20.1444,20.0,160.3
8131,20.1444,20.0,160.3
8132,20.1444,20.0,160.3
8133,20.1444,20.0,160.3
8134,20.1444,20.0,160.3
8135,20.1444,20.0,160.3
8136,20.1444,20.0,160.4
8137,20.1444,20.0,160.4
8138,20.1444,20.0,160.4
8139,20.1444,20.0,160.4
8140,20.1444,20.0,160.4
8141,20.1444,20.0,160.5
8142,20.1444,20.0,160.5
8143,20.1444,20.0,160.5
8144,20.1444,20.0,160.5
8145,20.1444,20.0,160.5
8146,20.1444,20.0,160.6
8147,20.1444,20.0,160.6
8148,20.1444,20.0,160.6
8149,20.1444,20.0,160.6
8150,20.1444,20.0,160.6
8151,20.1444,20.0,160.6
8152,20.1444,20.0,160.7
8153,20.1444,20.0,160.7
8154,20.1444,20.0,160.7
8155,20.1444,20.0,160.7
8156,20.1444,20.0,160.7
8157,20.1444,20.0,160.7
8158,20.1444,20.0,160.8
8159,20.1444,20.0,160.8
8160,20.1444,20.0,160.8
8161,20.1448,20.0,160.8
8162,20.1448,20.0,160.8
8163,20.1448,20.0,160.9
8164,20.1448,20.0,160.9
8165,20.1448,20.0,160.9
8166,20.1448,20.0,160.9
8167,20.1448,20.0,160.9
8168,20.1448,20.0,160.9
8169,20.1448,20.0,160.9
8170,20.1448,20.0,161.0
8171,20.1448,20.0,161.0
8172,20.1448,20.0,161.0
8173,20.1448,20.0,161.0
8174,20.1448,20.0,161.0
8175,20.1448,20.0,161.1
8176,20.1448,20.0,161.1
8177,20.1448,20.0,161.1
8178,20.1448,20.0,161.1
8179,20.1448,20.0,161.1
8180,20.1448,20.0,161.1
8181,20.1453,20.0,161.2
8182,20.1453,20.0,161.2
8183,20.1453,20.0,161.2
8184,20.1453,20.0,161.2
8185,20.1453,20.0,161.2
8186,20.1453,20.0,161.3
8187,20.1453,20.0,161.3
8188,20.1453,20.0,161.3
8189,20.1453,20.0,161.3
8190,20.1453,20.0,161.3
8191,20.1453,20.0,161.3
8192,20.1453,20.0,161.4
8193,20.1453,20.0,161.6
8194,20.1453,20.0,161.7
8195,20.1453,20.0,161.7
8196,20.1453,20.0,161.7
8197,20.1453,20.0,161.7
8198,20.1453,20.0,161.7
8199,20.1453,20.0,161.7
8200,20.1453,20.0,161.8
8201,20.1458,20.0,161.8
8202,20.1458,20.0,161.8
8203,20.1458,20.0,161.8
8204,20.1458,20.0,161.8
8205,20.1458,20.0,161.9
8206,20.1458,20.0,161.9
8207,20.1458,20.0,161.9
8208,20.1458,20.0,161.9
8209,20.1458,20.0,161.9
8210,20.1458,20.0,162.0
8211,20.1458,20.0,162.0
8212,20.1458,20.0,162.0
8213,20.1458,20.0,162.0
8214,20.1458,20.0,162.1
8215,20.1458,20.0,162.1
8216,20.1458,20.0,162.1
8217,20.1458,20.0,162.1
8218,20.1458,20.0,162.1
8219,20.1458,20.0,162.2
8220,20.1458,20.0,162.2
8221,20.1461,20.0,162.2
8222,20.1461,20.0,162.2
8223,20.1461,20.0,162.2
8224,20.1461,20.0,162.3
8225,20.1461,20.0,162.3
8226,20.1461,20.0,162.3
8227,20.1461,20.0,162.3
8228,20.1461,20.0,162.3
8229,20.1461,20.0,162.3
8230,20.1461,20.0,162.4
8231,20.1461,20.0,162.4
8232,20.1461,20.0,162.4
8233,20.1461,20.0,162.4
8234,20.1461,20.0,162.5
8235,20.1461,20.0,162.5
8236,20.1461,20.0,162.5
8237,20.1461,20.0,162.5
8238,20.1461,20.0,162.5
8239,20.1461,20.0,162.5
8240,20.1461,20.0,162.6
8241,20.1464,20.0,162.6
8242,20.1464,20.0,162.6
8243,20.1464,20.0,162.6
8244,20.1464,20.0,162.6
8245,20.1464,20.0,162.7
8246,20.1464,20.0,162.7
8247,20.1464,20.0,162.7
8248,20.1464,20.0,162.7
8249,20.1464,20.0,162.7
8250,20.1464,20.0,162.7
8251,20.1464,20.0,162.8
8252,20.1464,20.0,162.8
8253,20.1464,20.0,162.8
8254,20.1464,20.0,162.8
8255,20.1464,20.0,162.8
8256,20.1464,20.0,162.9
8257,20.1464,20.0,162.9
8258,20.1464,20.0,162.9
8259,20.1464,20.0,162.9
8260,20.1464,20.0,163.0
8261,20.1467,20.0,163.0
8262,20.1467,20.0,163.0
8263,20.1467,20.0,163.0
8264,20.1467,20.0,163.0
8265,20.1467,20.0,163.0
8266,20.1467,20.0,163.0
8267,20.1467,20.0,163.1
8268,20.1467,20.0,163.1
8269,20.1467,20.0,163.1
8270,20.1467,20.0,163.1
8271,20.1467,20.0,163.1
8272,20.1467,20.0,163.2
8273,20.1467,20.0,163.2
8274,20.1467,20.0,163.2
8275,20.1467,20.0,163.2
8276,20.1467,20.0,163.2
8277,20.1467,20.0,163.3
8278,20.1467,20.0,163.3
8279,20.1467,20.0,163.3
8280,20.1467,20.0,163.3
8281,20.1469,20.0,163.3
8282,20.1469,20.0,163.4
8283,20.1469,20.0,163.4
8284,20.1469,20.0,163.4
8285,20.1469,20.0,163.4
8286,20.1469,20.0,163.5
8287,20.1469,20.0,163.5
8288,20.1469,20.0,163.5
8289,20.1469,20.0,163.5
8290,20.1469,20.0,163.5
8291,20.1469,20.0,163.5
8292,20.1469,20.0,163.6
8293,20.1469,20.0,163.6
8294,20.1469,20.0,163.6
8295,20.1469,20.0,163.6
8296,20.1469,20.0,163.6
8297,20.1469,20.0,163.7
8298,20.1469,20.0,163.7
8299,20.1469,20.0,163.7
8300,20.1469,20.0,163.7
8301,20.1472,20.0,163.7
8302,20.1472,20.0,163.7
8303,20.1472,20.0,163.8
8304,20.1472,20.0,163.8
8305,20.1472,20.0,163.8
8306,20.1472,20.0,163.8
8307,20.1472,20.0,163.8
8308,20.1472,20.0,163.8
8309,20.1472,20.0,163.9
8310,20.1472,20.0,163.9
8311,20.1472,20.0,163.9
8312,20.1472,20.0,163.9
8313,20.1472,20.0,163.9
8314,20.1472,20.0,164.0
8315,20.1472,20.0,164.0
8316,20.1472,20.0,164.0
8317,20.1472,20.0,164.0
8318,20.1472,20.0,164.0
8319,20.1472,20.0,164.0
8320,20.1472,20.0,164.1
8321,20.1475,20.0,164.1
8322,20.1475,20.0,164.1
8323,20.1475,20.0,164.1
8324,20.1475,20.0,164.1
8325,20.1475,20.0,164.2
8326,20.1475,20.0,164.2
8327,20.1475,20.0,164.2
8328,20.1475,20.0,164.2
8329,20.1475,20.0,164.3
8330,20.1475,20.0,164.3
8331,20.1475,20.0,164.3
8332,20.1475,20.0,164.3
8333,20.1475,20.0,164.3
8334,20.1475,20.0,164.4
8335,20.1475,20.0,164.4
8336,20.1475,20.0,164.4
8337,20.1475,20.0,164.4
8338,20.1475,20.0,164.5
8339,20.1475,20.0,164.5
8340,20.1475,20.0,164.5
8341,20.1478,20.0,164.5
8342,20.1478,20.0,164.5
8343,20.1478,20.0,164.6
8344,20.1478,20.0,164.6
8345,20.1478,20.0,164.6
8346,20.1478,20.0,164.6
8347,20.1478,20.0,164.6
8348,20.1478,20.0,164.6
8349,20.1478,20.0,164.6
8350,20.1478,20.0,164.7
8351,20.1478,20.0,164.7
8352,20.1478,20.0,164.7
8353,20.1478,20.0,164.7
8354,20.1478,20.0,164.7
8355,20.1478,20.0,164.8
8356,20.1478,20.0,164.8
8357,20.1478,20.0,164.8
8358,20.1478,20.0,164.8
8359,20.1478,20.0,164.9
8360,20.1478,20.0,164.9
8361,20.1481,20.0,164.9
8362,20.1481,20.0,164.9
8363,20.1481,20.0,164.9
8364,20.1481,20.0,165.0
8365,20.1481,20.0,165.0
8366,20.1481,20.0,165.0
8367,20.1481,20.0,165.0
8368,20.1481,20.0,165.0
8369,20.1481,20.0,165.0
8370,20.1481,20.0,165.1
8371,20.1481,20.0,165.1
8372,20.1481,20.0,165.1
8373,20.1481,20.0,165.1
8374,20.1481,20.0,165.1
8375,20.1481,20.0,165.1
8376,20.1481,20.0,165.2
8377,20.1481,20.0,165.2
8378,20.1481,20.0,165.2
8379,20.1481,20.0,165.2
8380,20.1481,20.0,165.2
8381,20.1484,20.0,165.3
8382,20.1484,20.0,165.3
8383,20.1484,20.0,165.3
8384,20.1484,20.0,165.3
8385,20.1484,20.0,165.3
8386,20.1484,20.0,165.3
8387,20.1484,20.0,165.4
8388,20.1484,20.0,165.4
8389,20.1484,20.0,165.4
8390,20.1484,20.0,165.4
8391,20.1484,20.0,165.4
8392,20.1484,20.0,165.5
8393,20.1484,20.0,165.5
8394,20.1484,20.0,165.5
8395,20.1484,20.0,165.5
8396,20.1484,20.0,165.5
8397,20.1484,20.0,165.6
8398,20.1484,20.0,165.6
8399,20.1484,20.0,165.6
8400,20.1484,20.0,165.6
8401,20.1487,20.0,165.6
8402,20.1487,20.0,165.6
8403,20.1487,20.0,165.6
8404,20.1487,20.0,165.7
8405,20.1487,20.0,165.7
8406,20.1487,20.0,165.7
8407,20.1487,20.0,165.7
8408,20.1487,20.0,165.7
8409,20.1487,20.0,165.8
8410,20.1487,20.0,165.8
8411,20.1487,20.0,165.8
8412,20.1487,20.0,165.8
8413,20.1487,20.0,165.8
8414,20.1487,20.0,165.8
8415,20.1487,20.0,165.9
8416,20.1487,20.0,165.9
8417,20.1487,20.0,165.9
8418,20.1487,20.0,165.9
8419,20.1487,20.0,165.9
8420,20.1487,20.0,166.0
8421,20.1490,20.0,166.0
8422,20.1490,20.0,166.0
8423,20.1490,20.0,166.0
8424,20.1490,20.0,166.0
8425,20.1490,20.0,166.1
8426,20.1490,20.0,166.1
8427,20.1490,20.0,166.1
8428,20.1490,20.0,166.1
8429,20.1490,20.0,166.1
8430,20.1490,20.0,166.2
8431,20.1490,20.0,166.2
8432,20.1490,20.0,166.2
8433,20.1490,20.0,166.2
8434,20.1490,20.0,166.2
8435,20.1490,20.0,166.3
8436,20.1490,20.0,166.3
8437,20.1490,20.0,166.3
8438,20.1490,20.0,166.3
8439,20.1490,20.0,166.4
8440,20.1490,20.0,166.4
8441,20.1493,20.0,166.4
8442,20.1493,20.0,166.4
8443,20.1493,20.0,166.4
8444,20.1493,20.0,166.5
8445,20.1493,20.0,166.5
8446,20.1493,20.0,166.5
8447,20.1493,20.0,166.5
8448,20.1493,20.0,166.5
8449,20.1493,20.0,166.6
8450,20.1493,20.0,166.6
8451,20.1493,20.0,166.6
8452,20.1493,20.0,166.6
8453,20.1493,20.0,166.7
8454,20.1493,20.0,166.7
8455,20.1493,20.0,166.7
8456,20.1493,20.0,166.7
8457,20.1493,20.0,166.7
8458,20.1493,20.0,166.8
8459,20.1493,20.0,166.8
8460,20.1493,20.0,166.8
8461,20.1496,20.0,166.8
8462,20.1496,20.0,166.8
8463,20.1496,20.0,166.9
8464,20.1496,20.0,166.9
8465,20.1496,20.0,166.9
8466,20.1496,20.0,166.9
8467,20.1496,20.0,166.9
8468,20.1496,20.0,167.0
8469,20.1496,20.0,167.0
8470,20.1496,20.0,167.0
8471,20.1496,20.0,167.0
8472,20.1496,20.0,167.0
8473,20.1496,20.0,167.0
8474,20.1496,20.0,167.1
8475,20.1496,20.0,167.1
8476,20.1496,20.0,167.1
8477,20.1496,20.0,167.1
8478,20.1496,20.0,167.1
8479,20.1496,20.0,167.2
8480,20.1496,20.0,167.2
8481,20.1499,20.0,167.2
8482,20.1499,20.0,167.2
8483,20.1499,20.0,167.2
8484,20.1499,20.0,167.3
8485,20.1499,20.0,167.3
8486,20.1499,20.0,167.3
8487,20.1499,20.0,167.3
8488,20.1499,20.0,167.3
8489,20.1499,20.0,167.4
8490,20.1499,20.0,167.4
8491,20.1499,20.0,167.4
8492,20.1499,20.0,167.4
8493,20.1499,20.0,167.4
8494,20.1499,20.0,167.5
8495,20.1499,20.0,167.5
8496,20.1499,20.0,167.5
8497,20.1499,20.0,167.5
8498,20.1499,20.0,167.5
8499,20.1499,20.0,167.5
8500,20.1499,20.0,167.6
8501,20.1502,20.0,167.6
8502,20.1502,20.0,167.6
8503,20.1502,20.0,167.6
8504,20.1502,20.0,167.6
8505,20.1502,20.0,167.7
8506,20.1502,20.0,167.7
8507,20.1502,20.0,167.7
8508,20.1502,20.0,167.7
8509,20.1502,20.0,167.7
8510,20.1502,20.0,167.8
8511,20.1502,20.0,167.8
8512,20.1502,20.0,167.8
8513,20.1502,20.0,167.8
8514,20.1502,20.0,167.8
8515,20.1502,20.0,167.8
8516,20.1502,20.0,167.9
8517,20.1502,20.0,167.9
8518,20.1502,20.0,167.9
8519,20.1502,20.0,167.9
8520,20.1502,20.0,167.9
8521,20.1505,20.0,168.0
8522,20.1505,20.0,168.0
8523,20.1505,20.0,168.0
8524,20.1505,20.0,168.0
8525,20.1505,20.0,168.0
8526,20.1505,20.0,168.1
8527,20.1505,20.0,168.1
8528,20.1505,20.0,168.1
8529,20.1505,20.0,168.1
8530,20.1505,20.0,168.1
8531,20.1505,20.0,168.1
8532,20.1505,20.0,168.2
8533,20.1505,20.0,168.2
8534,20.1505,20.0,168.2
8535,20.1505,20.0,168.2
8536,20.1505,20.0,168.2
8537,20.1505,20.0,168.2
8538,20.1505,20.0,168.3
8539,20.1505,20.0,168.3
8540,20.1505,20.0,168.3
8541,20.1508,20.0,168.3
8542,20.1508,20.0,168.3
8543,20.1508,20.0,168.4
8544,20.1508,20.0,168.4
8545,20.1508,20.0,168.4
8546,20.1508,20.0,168.4
8547,20.1508,20.0,168.5
8548,20.1508,20.0,168.5
8549,20.1508,20.0,168.5
8550,20.1508,20.0,168.5
8551,20.1508,20.0,168.5
8552,20.1508,20.0,168.5
8553,20.1508,20.0,168.6
8554,20.1508,20.0,168.6
8555,20.1508,20.0,168.6
8556,20.1508,20.0,168.6
8557,20.1508,20.0,168.6
8558,20.1508,20.0,168.7
8559,20.1508,20.0,168.7
8560,20.1508,20.0,168.7
8561,20.1511,20.0,168.7
8562,20.1511,20.0,168.8
8563,20.1511,20.0,168.8
8564,20.1511,20.0,168.8
8565,20.1511,20.0,168.8
8566,20.1511,20.0,168.8
8567,20.1511,20.0,168.9
8568,20.1511,20.0,168.9
8569,20.1511,20.0,168.9
8570,20.1511,20.0,168.9
8571,20.1511,20.0,168.9
8572,20.1511,20.0,168.9
8573,20.1511,20.0,168.9
8574,20.1511,20.0,169.0
8575,20.1511,20.0,169.0
8576,20.1511,20.0,169.0
8577,20.1511,20.0,169.0
8578,20.1511,20.0,169.0
8579,20.1511,20.0,169.1
8580,20.1511,20.0,169.1
8581,20.1514,20.0,169.1
8582,20.1514,20.0,169.1
8583,20.1514,20.0,169.1
8584,20.1514,20.0,169.2
8585,20.1514,20.0,169.2
8586,20.1514,20.0,169.2
8587,20.1514,20.0,169.2
8588,20.1514,20.0,169.2
8589,20.1514,20.0,169.3
8590,20.1514,20.0,169.3
8591,20.1514,20.0,169.3
8592,20.1514,20.0,169.3
8593,20.1514,20.0,169.3
8594,20.1514,20.0,169.3
8595,20.1514,20.0,169.4
8596,20.1514,20.0,169.4
8597,20.1514,20.0,169.4
8598,20.1514,20.0,169.4
8599,20.1514,20.0,169.4
8600,20.1514,20.0,169.5
8601,20.1517,20.0,169.5
8602,20.1517,20.0,169.5
8603,20.1517,20.0,169.5
8604,20.1517,20.0,169.5
8605,20.1517,20.0,169.5
8606,20.1517,20.0,169.6
8607,20.1517,20.0,169.6
8608,20.1517,20.0,169.6
8609,20.1517,20.0,169.6
8610,20.1517,20.0,169.6
8611,20.1517,20.0,169.7
8612,20.1517,20.0,169.7
8613,20.1517,20.0,169.7
8614,20.1517,20.0,169.7
8615,20.1517,20.0,169.7
8616,20.1517,20.0,169.8
8617,20.1517,20.0,169.8
8618,20.1517,20.0,169.8
8619,20.1517,20.0,169.8
8620,20.1517,20.0,169.8
8621,20.1520,20.0,169.8
8622,20.1520,20.0,169.9
8623,20.1520,20.0,169.9
8624,20.1520,20.0,169.9
8625,20.1520,20.0,169.9
8626,20.1520,20.0,169.9
8627,20.1520,20.0,170.0
8628,20.1520,20.0,170.0
8629,20.1520,20.0,170.0
8630,20.1520,20.0,170.0
8631,20.1520,20.0,170.0
8632,20.1520,20.0,170.1
8633,20.1520,20.0,170.1
8634,20.1520,20.0,170.1
8635,20.1520,20.0,170.1
8636,20.1520,20.0,170.1
8637,20.1520,20.0,170.1
8638,20.1520,20.0,170.2
8639,20.1520,20.0,170.2
8640,20.1520,20.0,170.2
8641,20.1523,20.0,170.2
8642,20.1523,20.0,170.2
8643,20.1523,20.0,170.3
8644,20.1523,20.0,170.3
8645,20.1523,20.0,170.3
8646,20.1523,20.0,170.3
8647,20.1523,20.0,170.3
8648,20.1523,20.0,170.4
8649,20.1523,20.0,170.4
8650,20.1523,20.0,170.4
8651,20.1523,20.0,170.4
8652,20.1523,20.0,170.4
8653,20.1523,20.0,170.5
8654,20.1523,20.0,170.5
8655,20.1523,20.0,170.5
8656,20.1523,20.0,170.5
8657,20.1523,20.0,170.6
8658,20.1523,20.0,170.6
8659,20.1523,20.0,170.6
8660,20.1523,20.0,170.6
8661,20.1523,20.0,170.6
8662,20.1523,20.0,170.7
8663,20.1523,20.0,170.7
8664,20.1523,20.0,170.7
8665,20.1523,20.0,170.7
8666,20.1523,20.0,170.7
8667,20.1523,20.0,170.8
8668,20.1523,20.0,170.8
8669,20.1523,20.0,170.8
8670,20.1523,20.0,170.8
8671,20.1523,20.0,170.8
8672,20.1523,20.0,170.9
8673,20.1523,20.0,170.9
8674,20.1523,20.0,170.9
8675,20.1523,20.0,170.9
8676,20.1523,20.0,171.0
8677,20.1523,20.0,171.0
8678,20.1523,20.0,171.0
8679,20.1523,20.0,171.0
8680,20.1523,20.0,171.0
8681,20.1520,20.0,171.0
8682,20.1520,20.0,171.1
8683,20.1520,20.0,171.1
8684,20.1520,20.0,171.1
8685,20.1520,20.0,171.1
8686,20.1520,20.0,171.1
8687,20.1520,20.0,171.2
8688,20.1520,20.0,171.2
8689,20.1520,20.0,171.2
8690,20.1520,20.0,171.2
8691,20.1520,20.0,171.2
8692,20.1520,20.0,171.3
8693,20.1520,20.0,171.3
8694,20.1520,20.0,171.3
8695,20.1520,20.0,171.3
8696,20.1520,20.0,171.3
8697,20.1520,20.0,171.3
8698,20.1520,20.0,171.4
8699,20.1520,20.0,171.4
8700,20.1520,20.0,171.4
8701,20.1517,20.0,171.4
8702,20.1517,20.0,171.5
8703,20.1517,20.0,171.5
8704,20.1517,20.0,171.5
8705,20.1517,20.0,171.8
8706,20.1517,20.0,171.8
8707,20.1517,20.0,171.8
8708,20.1517,20.0,171.8
8709,20.1517,20.0,171.8
8710,20.1517,20.0,171.9
8711,20.1517,20.0,171.9
8712,20.1517,20.0,171.9
8713,20.1517,20.0,171.9
8714,20.1517,20.0,171.9
8715,20.1517,20.0,171.9
8716,20.1517,20.0,172.0
8717,20.1517,20.0,172.0
8718,20.1517,20.0,172.0
8719,20.1517,20.0,172.0
8720,20.1517,20.0,172.0
8721,20.1512,20.0,172.1
8722,20.1512,20.0,172.1
8723,20.1512,20.0,172.1
8724,20.1512,20.0,172.1
8725,20.1512,20.0,172.1
8726,20.1512,20.0,172.2
8727,20.1512,20.0,172.2
8728,20.1512,20.0,172.2
8729,20.1512,20.0,172.2
8730,20.1512,20.0,172.2
8731,20.1512,20.0,172.2
8732,20.1512,20.0,172.3
8733,20.1512,20.0,172.3
8734,20.1512,20.0,172.3
8735,20.1512,20.0,172.3
8736,20.1512,20.0,172.3
8737,20.1512,20.0,172.4
8738,20.1512,20.0,172.4
8739,20.1512,20.0,172.4
8740,20.1512,20.0,172.4
8741,20.1508,20.0,172.4
8742,20.1508,20.0,172.4
8743,20.1508,20.0,172.5
8744,20.1508,20.0,172.5
8745,20.1508,20.0,172.5
8746,20.1508,20.0,172.5
8747,20.1508,20.0,172.5
8748,20.1508,20.0,172.6
8749,20.1508,20.0,172.6
8750,20.1508,20.0,172.6
8751,20.1508,20.0,172.6
8752,20.1508,20.0,172.6
8753,20.1508,20.0,172.7
8754,20.1508,20.0,172.7
8755,20.1508,20.0,172.7
8756,20.1508,20.0,172.7
8757,20.1508,20.0,172.7
8758,20.1508,20.0,172.8
8759,20.1508,20.0,172.8
8760,20.1508,20.0,172.8
8761,20.1503,20.0,172.8
8762,20.1503,20.0,172.8
8763,20.1503,20.0,172.9
8764,20.1503,20.0,172.9
8765,20.1503,20.0,172.9
8766,20.1503,20.0,172.9
8767,20.1503,20.0,172.9
8768,20.1503,20.0,173.0
8769,20.1503,20.0,173.0
8770,20.1503,20.0,173.0
8771,20.1503,20.0,173.0
8772,20.1503,20.0,173.0
8773,20.1503,20.0,173.0
8774,20.1503,20.0,173.1
8775,20.1503,20.0,173.1
8776,20.1503,20.0,173.1
8777,20.1503,20.0,173.1
8778,20.1503,20.0,173.2
8779,20.1503,20.0,173.2
8780,20.1503,20.0,173.2
8781,20.1499,20.0,173.2
8782,20.1499,20.0,173.2
8783,20.1499,20.0,173.3
8784,20.1499,20.0,173.3
8785,20.1499,20.0,173.3
8786,20.1499,20.0,173.3
8787,20.1499,20.0,173.3
8788,20.1499,20.0,173.3
8789,20.1499,20.0,173.4
8790,20.1499,20.0,173.4
8791,20.1499,20.0,173.4
8792,20.1499,20.0,173.4
8793,20.1499,20.0,173.4
8794,20.1499,20.0,173.5
8795,20.1499,20.0,173.5
8796,20.1499,20.0,173.5
8797,20.1499,20.0,173.5
8798,20.1499,20.0,173.5
8799,20.1499,20.0,173.6
8800,20.1499,20.0,173.6
8801,20.1494,20.0,173.6
8802,20.1494,20.0,173.6
8803,20.1494,20.0,173.6
8804,20.1494,20.0,173.7
8805,20.1494,20.0,173.7
8806,20.1494,20.0,173.7
8807,20.1494,20.0,173.7
8808,20.1494,20.0,173.7
8809,20.1494,20.0,173.8
8810,20.1494,20.0,173.8
8811,20.1494,20.0,173.8
8812,20.1494,20.0,173.8
8813,20.1494,20.0,173.8
8814,20.1494,20.0,173.9
8815,20.1494,20.0,173.9
8816,20.1494,20.0,173.9
8817,20.1494,20.0,173.9
8818,20.1494,20.0,173.9
8819,20.1494,20.0,174.0
8820,20.1494,20.0,174.0
8821,20.1489,20.0,174.0
8822,20.1489,20.0,174.0
8823,20.1489,20.0,174.0
8824,20.1489,20.0,174.0
8825,20.1489,20.0,174.1
8826,20.1489,20.0,174.1
8827,20.1489,20.0,174.1
8828,20.1489,20.0,174.1
8829,20.1489,20.0,174.1
8830,20.1489,20.0,174.2
8831,20.1489,20.0,174.2
8832,20.1489,20.0,174.2
8833,20.1489,20.0,174.2
8834,20.1489,20.0,174.2
8835,20.1489,20.0,174.2
8836,20.1489,20.0,174.3
8837,20.1489,20.0,174.3
8838,20.1489,20.0,174.3
8839,20.1489,20.0,174.3
8840,20.1489,20.0,174.4
8841,20.1485,20.0,174.4
8842,20.1485,20.0,174.4
8843,20.1485,20.0,174.4
8844,20.1485,20.0,174.4
8845,20.1485,20.0,174.4
8846,20.1485,20.0,174.5
8847,20.1485,20.0,174.5
8848,20.1485,20.0,174.5
8849,20.1485,20.0,174.5
8850,20.1485,20.0,174.6
8851,20.1485,20.0,174.6
8852,20.1485,20.0,174.6
8853,20.1485,20.0,174.6
8854,20.1485,20.0,174.6
8855,20.1485,20.0,174.7
8856,20.1485,20.0,174.7
8857,20.1485,20.0,174.7
8858,20.1485,20.0,174.7
8859,20.1485,20.0,174.7
8860,20.1485,20.0,174.8
8861,20.1480,20.0,174.8
8862,20.1480,20.0,174.8
8863,20.1480,20.0,174.8
8864,20.1480,20.0,174.8
8865,20.1480,20.0,174.8
8866,20.1480,20.0,174.9
8867,20.1480,20.0,174.9
8868,20.1480,20.0,174.9
8869,20.1480,20.0,174.9
8870,20.1480,20.0,175.0
8871,20.1480,20.0,175.0
8872,20.1480,20.0,175.0
8873,20.1480,20.0,175.0
8874,20.1480,20.0,175.0
8875,20.1480,20.0,175.0
8876,20.1480,20.0,175.1
8877,20.1480,20.0,175.1
8878,20.1480,20.0,175.1
8879,20.1480,20.0,175.1
8880,20.1480,20.0,175.1
8881,20.1476,20.0,175.2
8882,20.1476,20.0,175.2
8883,20.1476,20.0,175.2
8884,20.1476,20.0,175.2
8885,20.1476,20.0,175.2
8886,20.1476,20.0,175.3
8887,20.1476,20.0,175.3
8888,20.1476,20.0,175.3
8889,20.1476,20.0,175.3
8890,20.1476,20.0,175.3
8891,20.1476,20.0,175.4
8892,20.1476,20.0,175.4
8893,20.1476,20.0,175.4
8894,20.1476,20.0,175.4
8895,20.1476,20.0,175.4
8896,20.1476,20.0,175.5
8897,20.1476,20.0,175.5
8898,20.1476,20.0,175.5
8899,20.1476,20.0,175.5
8900,20.1476,20.0,175.6
8901,20.1471,20.0,175.6
8902,20.1471,20.0,175.6
8903,20.1471,20.0,175.6
8904,20.1471,20.0,175.6
8905,20.1471,20.0,175.6
8906,20.1471,20.0,175.7
8907,20.1471,20.0,175.7
8908,20.1471,20.0,175.7
8909,20.1471,20.0,175.7
8910,20.1471,20.0,175.7
8911,20.1471,20.0,175.8
8912,20.1471,20.0,175.8
8913,20.1471,20.0,175.8
8914,20.1471,20.0,175.8
8915,20.1471,20.0,175.8
8916,20.1471,20.0,175.8
8917,20.1471,20.0,175.9
8918,20.1471,20.0,175.9
8919,20.1471,20.0,175.9
8920,20.1471,20.0,175.9
8921,20.1467,20.0,175.9
8922,20.1467,20.0,175.9
8923,20.1467,20.0,176.0
8924,20.1467,20.0,176.0
8925,20.1467,20.0,176.0
8926,20.1467,20.0,176.0
8927,20.1467,20.0,176.0
8928,20.1467,20.0,176.1
8929,20.1467,20.0,176.1
8930,20.1467,20.0,176.1
8931,20.1467,20.0,176.1
8932,20.1467,20.0,176.1
8933,20.1467,20.0,176.1
8934,20.1467,20.0,176.2
8935,20.1467,20.0,176.2
8936,20.1467,20.0,176.2
8937,20.1467,20.0,176.2
8938,20.1467,20.0,176.2
8939,20.1467,20.0,176.2
8940,20.1467,20.0,176.3
8941,20.1462,20.0,176.3
8942,20.1462,20.0,176.3
8943,20.1462,20.0,176.3
8944,20.1462,20.0,176.4
8945,20.1462,20.0,176.4
8946,20.1462,20.0,176.4
8947,20.1462,20.0,176.4
8948,20.1462,20.0,176.5
8949,20.1462,20.0,176.5
8950,20.1462,20.0,176.5
8951,20.1462,20.0,176.5
8952,20.1462,20.0,176.6
8953,20.1462,20.0,176.6
8954,20.1462,20.0,176.6
8955,20.1462,20.0,176.6
8956,20.1462,20.0,176.6
8957,20.1462,20.0,176.7
8958,20.1462,20.0,176.7
8959,20.1462,20.0,176.7
8960,20.1462,20.0,176.7
8961,20.1457,20.0,176.7
8962,20.1457,20.0,176.8
8963,20.1457,20.0,176.8
8964,20.1457,20.0,176.8
8965,20.1457,20.0,176.8
8966,20.1457,20.0,176.8
8967,20.1457,20.0,176.8
8968,20.1457,20.0,176.9
8969,20.1457,20.0,176.9
8970,20.1457,20.0,176.9
8971,20.1457,20.0,176.9
8972,20.1457,20.0,176.9
8973,20.1457,20.0,177.0
8974,20.1457,20.0,177.0
8975,20.1457,20.0,177.0
8976,20.1457,20.0,177.0
8977,20.1457,20.0,177.0
8978,20.1457,20.0,177.0
8979,20.1457,20.0,177.1
8980,20.1457,20.0,177.1
8981,20.1453,20.0,177.1
8982,20.1453,20.0,177.1
8983,20.1453,20.0,177.1
8984,20.1453,20.0,177.1
8985,20.1453,20.0,177.2
8986,20.1453,20.0,177.2
8987,20.1453,20.0,177.2
8988,20.1453,20.0,177.2
8989,20.1453,20.0,177.2
8990,20.1453,20.0,177.3
8991,20.1453,20.0,177.3
8992,20.1453,20.0,177.3
8993,20.1453,20.0,177.3
8994,20.1453,20.0,177.3
8995,20.1453,20.0,177.4
8996,20.1453,20.0,177.4
8997,20.1453,20.0,177.4
8998,20.1453,20.0,177.4
8999,20.1453,20.0,177.4
9000,20.1453,20.0,177.5
9001,20.1448,20.0,177.5
9002,20.1448,20.0,177.5
9003,20.1448,20.0,177.5
9004,20.1448,20.0,177.5
9005,20.1448,20.0,177.6
9006,20.1448,20.0,177.6
9007,20.1448,20.0,177.6
9008,20.1448,20.0,177.6
9009,20.1448,20.0,177.6
9010,20.1448,20.0,177.7
9011,20.1448,20.0,177.7
9012,20.1448,20.0,177.7
9013,20.1448,20.0,177.7
9014,20.1448,20.0,177.7
9015,20.1448,20.0,177.7
9016,20.1448,20.0,177.8
9017,20.1448,20.0,177.8
9018,20.1448,20.0,177.8
9019,20.1448,20.0,177.8
9020,20.1448,20.0,177.8
9021,20.1444,20.0,177.9
9022,20.1444,20.0,177.9
9023,20.1444,20.0,177.9
9024,20.1444,20.0,177.9
9025,20.1444,20.0,177.9
9026,20.1444,20.0,178.0
9027,20.1444,20.0,178.0
9028,20.1444,20.0,178.0
9029,20.1444,20.0,178.0
9030,20.1444,20.0,178.0
9031,20.1444,20.0,178.0
9032,20.1444,20.0,178.1
9033,20.1444,20.0,178.1
9034,20.1444,20.0,178.1
9035,20.1444,20.0,178.1
9036,20.1444,20.0,178.1
9037,20.1444,20.0,178.2
9038,20.1444,20.0,178.2
9039,20.1444,20.0,178.2
9040,20.1444,20.0,178.2
9041,20.1439,20.0,178.2
9042,20.1439,20.0,178.3
9043,20.1439,20.0,178.3
9044,20.1439,20.0,178.3
9045,20.1439,20.0,178.3
9046,20.1439,20.0,178.3
9047,20.1439,20.0,178.3
9048,20.1439,20.0,178.4
9049,20.1439,20.0,178.4
9050,20.1439,20.0,178.4
9051,20.1439,20.0,178.4
9052,20.1439,20.0,178.4
9053,20.1439,20.0,178.5
9054,20.1439,20.0,178.5
9055,20.1439,20.0,178.5
9056,20.1439,20.0,178.5
9057,20.1439,20.0,178.5
9058,20.1439,20.0,178.6
9059,20.1439,20.0,178.6
9060,20.1439,20.0,178.6
9061,20.1435,20.0,178.6
9062,20.1435,20.0,178.6
9063,20.1435,20.0,178.7
9064,20.1435,20.0,178.7
9065,20.1435,20.0,178.7
9066,20.1435,20.0,178.7
9067,20.1435,20.0,178.7
9068,20.1435,20.0,178.7
9069,20.1435,20.0,178.8
9070,20.1435,20.0,178.8
9071,20.1435,20.0,178.8
9072,20.1435,20.0,178.8
9073,20.1435,20.0,178.8
9074,20.1435,20.0,178.9
9075,20.1435,20.0,178.9
9076,20.1435,20.0,178.9
9077,20.1435,20.0,178.9
9078,20.1435,20.0,178.9
9079,20.1435,20.0,179.0
9080,20.1435,20.0,179.0
9081,20.1430,20.0,179.0
9082,20.1430,20.0,179.0
9083,20.1430,20.0,179.0
9084,20.1430,20.0,179.1
9085,20.1430,20.0,179.1
9086,20.1430,20.0,179.1
9087,20.1430,20.0,179.1
9088,20.1430,20.0,179.1
9089,20.1430,20.0,179.2
9090,20.1430,20.0,179.2
9091,20.1430,20.0,179.2
9092,20.1430,20.0,179.2
9093,20.1430,20.0,179.2
9094,20.1430,20.0,179.3
9095,20.1430,20.0,179.3
9096,20.1430,20.0,179.3
9097,20.1430,20.0,179.3
9098,20.1430,20.0,179.3
9099,20.1430,20.0,179.3
9100,20.1430,20.0,179.4
9101,20.1426,20.0,179.4
9102,20.1426,20.0,179.4
9103,20.1426,20.0,179.4
9104,20.1426,20.0,179.5
9105,20.1426,20.0,179.5
9106,20.1426,20.0,179.5
9107,20.1426,20.0,179.5
9108,20.1426,20.0,179.5
9109,20.1426,20.0,179.6
9110,20.1426,20.0,179.6
9111,20.1426,20.0,179.6
9112,20.1426,20.0,179.6
9113,20.1426,20.0,179.6
9114,20.1426,20.0,179.7
9115,20.1426,20.0,179.7
9116,20.1426,20.0,179.7
9117,20.1426,20.0,179.7
9118,20.1426,20.0,179.7
9119,20.1426,20.0,179.8
9120,20.1426,20.0,179.8
9121,20.1421,20.0,179.8
9122,20.1421,20.0,179.8
9123,20.1421,20.0,179.8
9124,20.1421,20.0,179.9
9125,20.1421,20.0,179.9
9126,20.1421,20.0,179.9
9127,20.1421,20.0,179.9
9128,20.1421,20.0,179.9
9129,20.1421,20.0,180.0
9130,20.1421,20.0,180.0
9131,20.1421,20.0,180.0
9132,20.1421,20.0,180.0
9133,20.1421,20.0,180.0
9134,20.1421,20.0,180.0
9135,20.1421,20.0,180.1
9136,20.1421,20.0,180.1
9137,20.1421,20.0,180.1
9138,20.1421,20.0,180.1
9139,20.1421,20.0,180.1
9140,20.1421,20.0,180.2
9141,20.1416,20.0,180.2
9142,20.1416,20.0,180.2
9143,20.1416,20.0,180.2
9144,20.1416,20.0,180.2
9145,20.1416,20.0,180.3
9146,20.1416,20.0,180.3
9147,20.1416,20.0,180.3
9148,20.1416,20.0,180.3
9149,20.1416,20.0,180.3
9150,20.1416,20.0,180.3
9151,20.1416,20.0,180.4
9152,20.1416,20.0,180.4
9153,20.1416,20.0,180.4
9154,20.1416,20.0,180.4
9155,20.1416,20.0,180.5
9156,20.1416,20.0,180.5
9157,20.1416,20.0,180.5
9158,20.1416,20.0,180.5
9159,20.1416,20.0,180.5
9160,20.1416,20.0,180.5
9161,20.1412,20.0,180.6
9162,20.1412,20.0,180.6
9163,20.1412,20.0,180.6
9164,20.1412,20.0,180.6
9165,20.1412,20.0,180.6
9166,20.1412,20.0,180.7
9167,20.1412,20.0,180.7
9168,20.1412,20.0,180.7
9169,20.1412,20.0,180.7
9170,20.1412,20.0,180.7
9171,20.1412,20.0,180.8
9172,20.1412,20.0,180.8
9173,20.1412,20.0,180.8
9174,20.1412,20.0,180.8
9175,20.1412,20.0,180.8
9176,20.1412,20.0,180.8
9177,20.1412,20.0,180.9
9178,20.1412,20.0,180.9
9179,20.1412,20.0,180.9
9180,20.1412,20.0,180.9
9181,20.1410,20.0,180.9
9182,20.1410,20.0,180.9
9183,20.1410,20.0,181.0
9184,20.1410,20.0,181.0
9185,20.1410,20.0,181.0
9186,20.1410,20.0,181.0
9187,20.1410,20.0,181.0
9188,20.1410,20.0,181.0
9189,20.1410,20.0,181.1
9190,20.1410,20.0,181.1
9191,20.1410,20.0,181.1
9192,20.1410,20.0,181.1
9193,20.1410,20.0,181.1
9194,20.1410,20.0,181.2
9195,20.1410,20.0,181.2
9196,20.1410,20.0,181.2
9197,20.1410,20.0,181.2
9198,20.1410,20.0,181.2
9199,20.1410,20.0,181.3
9200,20.1410,20.0,181.3
9201,20.1409,20.0,181.3
9202,20.1409,20.0,181.3
9203,20.1409,20.0,181.3
9204,20.1409,20.0,181.4
9205,20.1409,20.0,181.4
9206,20.1409,20.0,181.4
9207,20.1409,20.0,181.4
9208,20.1409,20.0,181.4
9209,20.1409,20.0,181.5
9210,20.1409,20.0,181.5
9211,20.1409,20.0,181.5
9212,20.1409,20.0,181.5
9213,20.1409,20.0,181.5
9214,20.1409,20.0,181.5
9215,20.1409,20.0,181.6
9216,20.1409,20.0,181.6
9217,20.1409,20.0,181.8
9218,20.1409,20.0,181.8
9219,20.1409,20.0,181.9
9220,20.1409,20.0,181.9
9221,20.1409,20.0,181.9
9222,20.1409,20.0,181.9
9223,20.1409,20.0,181.9
9224,20.1409,20.0,182.0
9225,20.1409,20.0,182.0
9226,20.1409,20.0,182.0
9227,20.1409,20.0,182.0
9228,20.1409,20.0,182.0
9229,20.1409,20.0,182.1
9230,20.1409,20.0,182.1
9231,20.1409,20.0,182.1
9232,20.1409,20.0,182.1
9233,20.1409,20.0,182.1
9234,20.1409,20.0,182.2
9235,20.1409,20.0,182.2
9236,20.1409,20.0,182.2
9237,20.1409,20.0,182.2
9238,20.1409,20.0,182.2
9239,20.1409,20.0,182.2
9240,20.1409,20.0,182.3
9241,20.1410,20.0,182.3
9242,20.1410,20.0,182.3
9243,20.1410,20.0,182.3
9244,20.1410,20.0,182.3
9245,20.1410,20.0,182.4
9246,20.1410,20.0,182.4
9247,20.1410,20.0,182.4
9248,20.1410,20.0,182.4
9249,20.1410,20.0,182.4
9250,20.1410,20.0,182.5
9251,20.1410,20.0,182.5
9252,20.1410,20.0,182.5
9253,20.1410,20.0,182.5
9254,20.1410,20.0,182.6
9255,20.1410,20.0,182.6
9256,20.1410,20.0,182.6
9257,20.1410,20.0,182.6
9258,20.1410,20.0,182.6
9259,20.1410,20.0,182.7
9260,20.1410,20.0,182.7
9261,20.1412,20.0,182.7
9262,20.1412,20.0,182.7
9263,20.1412,20.0,182.7
9264,20.1412,20.0,182.7
9265,20.1412,20.0,182.8
9266,20.1412,20.0,182.8
9267,20.1412,20.0,182.8
9268,20.1412,20.0,182.8
9269,20.1412,20.0,182.8
9270,20.1412,20.0,182.9
9271,20.1412,20.0,182.9
9272,20.1412,20.0,182.9
9273,20.1412,20.0,182.9
9274,20.1412,20.0,182.9
9275,20.1412,20.0,183.0
9276,20.1412,20.0,183.0
9277,20.1412,20.0,183.0
9278,20.1412,20.0,183.0
9279,20.1412,20.0,183.0
9280,20.1412,20.0,183.1
9281,20.1413,20.0,183.1
9282,20.1413,20.0,183.1
9283,20.1413,20.0,183.1
9284,20.1413,20.0,183.1
9285,20.1413,20.0,183.1
9286,20.1413,20.0,183.2
9287,20.1413,20.0,183.2
9288,20.1413,20.0,183.2
9289,20.1413,20.0,183.2
9290,20.1413,20.0,183.2
9291,20.1413,20.0,183.3
9292,20.1413,20.0,183.3
9293,20.1413,20.0,183.3
9294,20.1413,20.0,183.3
9295,20.1413,20.0,183.3
9296,20.1413,20.0,183.3
9297,20.1413,20.0,183.4
9298,20.1413,20.0,183.4
9299,20.1413,20.0,183.4
9300,20.1413,20.0,183.4
9301,20.1415,20.0,183.4
9302,20.1415,20.0,183.5
9303,20.1415,20.0,183.5
9304,20.1415,20.0,183.5
9305,20.1415,20.0,183.5
9306,20.1415,20.0,183.6
9307,20.1415,20.0,183.6
9308,20.1415,20.0,183.6
9309,20.1415,20.0,183.6
9310,20.1415,20.0,183.6
9311,20.1415,20.0,183.6
9312,20.1415,20.0,183.7
9313,20.1415,20.0,183.7
9314,20.1415,20.0,183.7
9315,20.1415,20.0,183.7
9316,20.1415,20.0,183.7
9317,20.1415,20.0,183.7
9318,20.1415,20.0,183.8
9319,20.1415,20.0,183.8
9320,20.1415,20.0,183.8
9321,20.1416,20.0,183.8
9322,20.1416,20.0,183.8
9323,20.1416,20.0,183.9
9324,20.1416,20.0,183.9
9325,20.1416,20.0,183.9
9326,20.1416,20.0,183.9
9327,20.1416,20.0,184.0
9328,20.1416,20.0,184.0
9329,20.1416,20.0,184.0
9330,20.1416,20.0,184.0
9331,20.1416,20.0,184.0
9332,20.1416,20.0,184.0
9333,20.1416,20.0,184.1
9334,20.1416,20.0,184.1
9335,20.1416,20.0,184.1
9336,20.1416,20.0,184.1
9337,20.1416,20.0,184.2
9338,20.1416,20.0,184.2
9339,20.1416,20.0,184.2
9340,20.1416,20.0,184.2
9341,20.1418,20.0,184.2
9342,20.1418,20.0,184.3
9343,20.1418,20.0,184.3
9344,20.1418,20.0,184.3
9345,20.1418,20.0,184.3
9346,20.1418,20.0,184.3
9347,20.1418,20.0,184.3
9348,20.1418,20.0,184.3
9349,20.1418,20.0,184.4
9350,20.1418,20.0,184.4
9351,20.1418,20.0,184.4
9352,20.1418,20.0,184.4
9353,20.1418,20.0,184.4
9354,20.1418,20.0,184.5
9355,20.1418,20.0,184.5
9356,20.1418,20.0,184.5
9357,20.1418,20.0,184.5
9358,20.1418,20.0,184.5
9359,20.1418,20.0,184.6
9360,20.1418,20.0,184.6
9361,20.1419,20.0,184.6
9362,20.1419,20.0,184.6
9363,20.1419,20.0,184.6
9364,20.1419,20.0,184.7
9365,20.1419,20.0,184.7
9366,20.1419,20.0,184.7
9367,20.1419,20.0,184.7
9368,20.1419,20.0,184.7
9369,20.1419,20.0,184.8
9370,20.1419,20.0,184.8
9371,20.1419,20.0,184.8
9372,20.1419,20.0,184.8
9373,20.1419,20.0,184.8
9374,20.1419,20.0,184.8
9375,20.1419,20.0,184.9
9376,20.1419,20.0,184.9
9377,20.1419,20.0,184.9
9378,20.1419,20.0,184.9
9379,20.1419,20.0,185.0
9380,20.1419,20.0,185.0
9381,20.1421,20.0,185.0
9382,20.1421,20.0,185.0
9383,20.1421,20.0,185.0
9384,20.1421,20.0,185.1
9385,20.1421,20.0,185.1
9386,20.1421,20.0,185.1
9387,20.1421,20.0,185.1
9388,20.1421,20.0,185.1
9389,20.1421,20.0,185.1
9390,20.1421,20.0,185.2
9391,20.1421,20.0,185.2
9392,20.1421,20.0,185.2
9393,20.1421,20.0,185.2
9394,20.1421,20.0,185.2
9395,20.1421,20.0,185.3
9396,20.1421,20.0,185.3
9397,20.1421,20.0,185.3
9398,20.1421,20.0,185.3
9399,20.1421,20.0,185.3
9400,20.1421,20.0,185.4
9401,20.1423,20.0,185.4
9402,20.1423,20.0,185.4
9403,20.1423,20.0,185.4
9404,20.1423,20.0,185.4
9405,20.1423,20.0,185.5
9406,20.1423,20.0,185.5
9407,20.1423,20.0,185.5
9408,20.1423,20.0,185.5
9409,20.1423,20.0,185.5
9410,20.1423,20.0,185.6
9411,20.1423,20.0,185.6
9412,20.1423,20.0,185.6
9413,20.1423,20.0,185.6
9414,20.1423,20.0,185.6
9415,20.1423,20.0,185.6
9416,20.1423,20.0,185.7
9417,20.1423,20.0,185.7
9418,20.1423,20.0,185.7
9419,20.1423,20.0,185.7
9420,20.1423,20.0,185.7
9421,20.1424,20.0,185.8
9422,20.1424,20.0,185.8
9423,20.1424,20.0,185.8
9424,20.1424,20.0,185.8
9425,20.1424,20.0,185.8
9426,20.1424,20.0,185.9
9427,20.1424,20.0,185.9
9428,20.1424,20.0,185.9
9429,20.1424,20.0,185.9
9430,20.1424,20.0,185.9
9431,20.1424,20.0,185.9
9432,20.1424,20.0,186.0
9433,20.1424,20.0,186.0
9434,20.1424,20.0,186.0
9435,20.1424,20.0,186.0
9436,20.1424,20.0,186.0
9437,20.1424,20.0,186.0
9438,20.1424,20.0,186.1
9439,20.1424,20.0,186.1
9440,20.1424,20.0,186.1
9441,20.1426,20.0,186.1
9442,20.1426,20.0,186.1
9443,20.1426,20.0,186.2
9444,20.1426,20.0,186.2
9445,20.1426,20.0,186.2
9446,20.1426,20.0,186.2
9447,20.1426,20.0,186.2
9448,20.1426,20.0,186.3
9449,20.1426,20.0,186.3
9450,20.1426,20.0,186.3
9451,20.1426,20.0,186.3
9452,20.1426,20.0,186.4
9453,20.1426,20.0,186.4
9454,20.1426,20.0,186.4
9455,20.1426,20.0,186.4
9456,20.1426,20.0,186.4
9457,20.1426,20.0,186.5
9458,20.1426,20.0,186.5
9459,20.1426,20.0,186.5
9460,20.1426,20.0,186.5
9461,20.1427,20.0,186.5
9462,20.1427,20.0,186.6
9463,20.1427,20.0,186.6
9464,20.1427,20.0,186.6
9465,20.1427,20.0,186.6
9466,20.1427,20.0,186.6
9467,20.1427,20.0,186.7
9468,20.1427,20.0,186.7
9469,20.1427,20.0,186.7
9470,20.1427,20.0,186.7
9471,20.1427,20.0,186.7
9472,20.1427,20.0,186.7
9473,20.1427,20.0,186.8
9474,20.1427,20.0,186.8
9475,20.1427,20.0,186.8
9476,20.1427,20.0,186.8
9477,20.1427,20.0,186.8
9478,20.1427,20.0,186.8
9479,20.1427,20.0,186.9
9480,20.1427,20.0,186.9
9481,20.1429,20.0,186.9
9482,20.1429,20.0,186.9
9483,20.1429,20.0,186.9
9484,20.1429,20.0,186.9
9485,20.1429,20.0,187.0
9486,20.1429,20.0,187.0
9487,20.1429,20.0,187.0
9488,20.1429,20.0,187.0
9489,20.1429,20.0,187.0
9490,20.1429,20.0,187.1
9491,20.1429,20.0,187.1
9492,20.1429,20.0,187.1
9493,20.1429,20.0,187.1
9494,20.1429,20.0,187.1
9495,20.1429,20.0,187.2
9496,20.1429,20.0,187.2
9497,20.1429,20.0,187.2
9498,20.1429,20.0,187.2
9499,20.1429,20.0,187.2
9500,20.1429,20.0,187.2
9501,20.1430,20.0,187.3
9502,20.1430,20.0,187.3
9503,20.1430,20.0,187.3
9504,20.1430,20.0,187.3
9505,20.1430,20.0,187.3
9506,20.1430,20.0,187.4
9507,20.1430,20.0,187.4
9508,20.1430,20.0,187.4
9509,20.1430,20.0,187.5
9510,20.1430,20.0,187.5
9511,20.1430,20.0,187.5
9512,20.1430,20.0,187.5
9513,20.1430,20.0,187.5
9514,20.1430,20.0,187.6
9515,20.1430,20.0,187.6
9516,20.1430,20.0,187.6
9517,20.1430,20.0,187.6
9518,20.1430,20.0,187.6
9519,20.1430,20.0,187.7
9520,20.1430,20.0,187.7
9521,20.1432,20.0,187.7
9522,20.1432,20.0,187.7
9523,20.1432,20.0,187.8
9524,20.1432,20.0,187.8
9525,20.1432,20.0,187.8
9526,20.1432,20.0,187.8
9527,20.1432,20.0,187.8
9528,20.1432,20.0,187.9
9529,20.1432,20.0,187.9
9530,20.1432,20.0,187.9
9531,20.1432,20.0,187.9
9532,20.1432,20.0,187.9
9533,20.1432,20.0,187.9
9534,20.1432,20.0,188.0
9535,20.1432,20.0,188.0
9536,20.1432,20.0,188.0
9537,20.1432,20.0,188.0
9538,20.1432,20.0,188.0
9539,20.1432,20.0,188.1
9540,20.1432,20.0,188.1
9541,20.1433,20.0,188.1
9542,20.1433,20.0,188.1
9543,20.1433,20.0,188.1
9544,20.1433,20.0,188.1
9545,20.1433,20.0,188.2
9546,20.1433,20.0,188.2
9547,20.1433,20.0,188.2
9548,20.1433,20.0,188.2
9549,20.1433,20.0,188.2
9550,20.1433,20.0,188.3
9551,20.1433,20.0,188.3
9552,20.1433,20.0,188.3
9553,20.1433,20.0,188.3
9554,20.1433,20.0,188.3
9555,20.1433,20.0,188.3
9556,20.1433,20.0,188.4
9557,20.1433,20.0,188.4
9558,20.1433,20.0,188.4
9559,20.1433,20.0,188.4
9560,20.1433,20.0,188.4
9561,20.1435,20.0,188.5
9562,20.1435,20.0,188.5
9563,20.1435,20.0,188.5
9564,20.1435,20.0,188.5
9565,20.1435,20.0,188.6
9566,20.1435,20.0,188.6
9567,20.1435,20.0,188.6
9568,20.1435,20.0,188.6
9569,20.1435,20.0,188.6
9570,20.1435,20.0,188.7
9571,20.1435,20.0,188.7
9572,20.1435,20.0,188.7
9573,20.1435,20.0,188.7
9574,20.1435,20.0,188.7
9575,20.1435,20.0,188.7
9576,20.1435,20.0,188.8
9577,20.1435,20.0,188.8
9578,20.1435,20.0,188.8
9579,20.1435,20.0,188.8
9580,20.1435,20.0,188.8
9581,20.1436,20.0,188.9
9582,20.1436,20.0,188.9
9583,20.1436,20.0,188.9
9584,20.1436,20.0,188.9
9585,20.1436,20.0,188.9
9586,20.1436,20.0,189.0
9587,20.1436,20.0,189.0
9588,20.1436,20.0,189.0
9589,20.1436,20.0,189.0
9590,20.1436,20.0,189.0
9591,20.1436,20.0,189.1
9592,20.1436,20.0,189.1
9593,20.1436,20.0,189.1
9594,20.1436,20.0,189.1
9595,20.1436,20.0,189.1
9596,20.1436,20.0,189.1
9597,20.1436,20.0,189.2
9598,20.1436,20.0,189.2
9599,20.1436,20.0,189.2
9600,20.1436,20.0,189.2
9601,20.1438,20.0,189.3
9602,20.1438,20.0,189.3
9603,20.1438,20.0,189.3
9604,20.1438,20.0,189.3
9605,20.1438,20.0,189.3
9606,20.1438,20.0,189.4
9607,20.1438,20.0,189.4
9608,20.1438,20.0,189.4
9609,20.1438,20.0,189.4
9610,20.1438,20.0,189.4
9611,20.1438,20.0,189.5
9612,20.1438,20.0,189.5
9613,20.1438,20.0,189.5
9614,20.1438,20.0,189.6
9615,20.1438,20.0,189.6
9616,20.1438,20.0,189.6
9617,20.1438,20.0,189.6
9618,20.1438,20.0,189.6
9619,20.1438,20.0,189.7
9620,20.1438,20.0,189.7
9621,20.1439,20.0,189.7
9622,20.1439,20.0,189.7
9623,20.1439,20.0,189.8
9624,20.1439,20.0,189.8
9625,20.1439,20.0,189.8
9626,20.1439,20.0,189.8
9627,20.1439,20.0,189.8
9628,20.1439,20.0,189.9
9629,20.1439,20.0,189.9
9630,20.1439,20.0,189.9
9631,20.1439,20.0,189.9
9632,20.1439,20.0,189.9
9633,20.1439,20.0,190.0
9634,20.1439,20.0,190.0
9635,20.1439,20.0,190.0
9636,20.1439,20.0,190.0
9637,20.1439,20.0,190.1
9638,20.1439,20.0,190.1
9639,20.1439,20.0,190.1
9640,20.1439,20.0,190.2
9641,20.1441,20.0,190.2
9642,20.1441,20.0,190.2
9643,20.1441,20.0,190.2
9644,20.1441,20.0,190.2
9645,20.1441,20.0,190.3
9646,20.1441,20.0,190.3
9647,20.1441,20.0,190.3
9648,20.1441,20.0,190.3
9649,20.1441,20.0,190.3
9650,20.1441,20.0,190.3
9651,20.1441,20.0,190.4
9652,20.1441,20.0,190.4
9653,20.1441,20.0,190.4
9654,20.1441,20.0,190.4
9655,20.1441,20.0,190.4
9656,20.1441,20.0,190.4
9657,20.1441,20.0,190.5
9658,20.1441,20.0,190.5
9659,20.1441,20.0,190.5
9660,20.1441,20.0,190.5
9661,20.1442,20.0,190.6
9662,20.1442,20.0,190.6
9663,20.1442,20.0,190.6
9664,20.1442,20.0,190.6
9665,20.1442,20.0,190.6
9666,20.1442,20.0,190.7
9667,20.1442,20.0,190.7
9668,20.1442,20.0,190.7
9669,20.1442,20.0,190.7
9670,20.1442,20.0,190.8
9671,20.1442,20.0,190.8
9672,20.1442,20.0,190.8
9673,20.1442,20.0,190.8
9674,20.1442,20.0,190.8
9675,20.1442,20.0,190.9
9676,20.1442,20.0,190.9
9677,20.1442,20.0,190.9
9678,20.1442,20.0,190.9
9679,20.1442,20.0,190.9
9680,20.1442,20.0,190.9
9681,20.1444,20.0,191.0
9682,20.1444,20.0,191.0
9683,20.1444,20.0,191.0
9684,20.1444,20.0,191.0
9685,20.1444,20.0,191.1
9686,20.1444,20.0,191.1
9687,20.1444,20.0,191.1
9688,20.1444,20.0,191.1
9689,20.1444,20.0,191.1
9690,20.1444,20.0,191.2
9691,20.1444,20.0,191.2
9692,20.1444,20.0,191.2
9693,20.1444,20.0,191.2
9694,20.1444,20.0,191.2
9695,20.1444,20.0,191.3
9696,20.1444,20.0,191.3
9697,20.1444,20.0,191.3
9698,20.1444,20.0,191.3
9699,20.1444,20.0,191.3
9700,20.1444,20.0,191.4
9701,20.1444,20.0,191.4
9702,20.1444,20.0,191.4
9703,20.1444,20.0,191.4
9704,20.1444,20.0,191.4
9705,20.1444,20.0,191.5
9706,20.1444,20.0,191.5
9707,20.1444,20.0,191.5
9708,20.1444,20.0,191.5
9709,20.1444,20.0,191.5
9710,20.1444,20.0,191.6
9711,20.1444,20.0,191.6
9712,20.1444,20.0,191.6
9713,20.1444,20.0,191.6
9714,20.1444,20.0,191.6
9715,20.1444,20.0,191.7
9716,20.1444,20.0,191.7
9717,20.1444,20.0,191.7
9718,20.1444,20.0,191.7
9719,20.1444,20.0,191.7
9720,20.1444,20.0,191.8
9721,20.1444,20.0,191.8
9722,20.1444,20.0,191.8
9723,20.1444,20.0,191.8
9724,20.1444,20.0,191.8
9725,20.1444,20.0,191.9
9726,20.1444,20.0,191.9
9727,20.1444,20.0,191.9
9728,20.1444,20.0,191.9
9729,20.1444,20.0,192.2
9730,20.1444,20.0,192.2
9731,20.1444,20.0,192.2
9732,20.1444,20.0,192.3
9733,20.1444,20.0,192.3
9734,20.1444,20.0,192.3
9735,20.1444,20.0,192.3
9736,20.1444,20.0,192.3
9737,20.1444,20.0,192.3
9738,20.1444,20.0,192.4
9739,20.1444,20.0,192.4
9740,20.1444,20.0,192.4
9741,20.1441,20.0,192.4
9742,20.1441,20.0,192.5
9743,20.1441,20.0,192.5
9744,20.1441,20.0,192.5
9745,20.1441,20.0,192.5
9746,20.1441,20.0,192.5
9747,20.1441,20.0,192.6
9748,20.1441,20.0,192.6
9749,20.1441,20.0,192.6
9750,20.1441,20.0,192.6
9751,20.1441,20.0,192.6
9752,20.1441,20.0,192.6
9753,20.1441,20.0,192.6
9754,20.1441,20.0,192.7
9755,20.1441,20.0,192.7
9756,20.1441,20.0,192.7
9757,20.1441,20.0,192.7
9758,20.1441,20.0,192.7
9759,20.1441,20.0,192.8
9760,20.1441,20.0,192.8
9761,20.1438,20.0,192.8
9762,20.1438,20.0,192.8
9763,20.1438,20.0,192.8
9764,20.1438,20.0,192.9
9765,20.1438,20.0,192.9
9766,20.1438,20.0,192.9
9767,20.1438,20.0,192.9
9768,20.1438,20.0,193.0
9769,20.1438,20.0,193.0
9770,20.1438,20.0,193.0
9771,20.1438,20.0,193.0
9772,20.1438,20.0,193.0
9773,20.1438,20.0,193.1
9774,20.1438,20.0,193.1
9775,20.1438,20.0,193.1
9776,20.1438,20.0,193.1
9777,20.1438,20.0,193.1
9778,20.1438,20.0,193.2
9779,20.1438,20.0,193.2
9780,20.1438,20.0,193.2
9781,20.1435,20.0,193.2
9782,20.1435,20.0,193.2
9783,20.1435,20.0,193.3
9784,20.1435,20.0,193.3
9785,20.1435,20.0,193.3
9786,20.1435,20.0,193.3
9787,20.1435,20.0,193.3
9788,20.1435,20.0,193.4
9789,20.1435,20.0,193.4
9790,20.1435,20.0,193.4
9791,20.1435,20.0,193.4
9792,20.1435,20.0,193.5
9793,20.1435,20.0,193.5
9794,20.1435,20.0,193.5
9795,20.1435,20.0,193.5
9796,20.1435,20.0,193.6
9797,20.1435,20.0,193.6
9798,20.1435,20.0,193.6
9799,20.1435,20.0,193.6
9800,20.1435,20.0,193.7
9801,20.1432,20.0,193.7
9802,20.1432,20.0,193.7
9803,20.1432,20.0,193.7
9804,20.1432,20.0,193.7
9805,20.1432,20.0,193.8
9806,20.1432,20.0,193.8
9807,20.1432,20.0,193.8
9808,20.1432,20.0,193.8
9809,20.1432,20.0,193.8
9810,20.1432,20.0,193.9
9811,20.1432,20.0,193.9
9812,20.1432,20.0,193.9
9813,20.1432,20.0,193.9
9814,20.1432,20.0,194.0
9815,20.1432,20.0,194.0
9816,20.1432,20.0,194.0
9817,20.1432,20.0,194.0
9818,20.1432,20.0,194.0
9819,20.1432,20.0,194.0
9820,20.1432,20.0,194.1
9821,20.1429,20.0,194.1
9822,20.1429,20.0,194.1
9823,20.1429,20.0,194.1
9824,20.1429,20.0,194.1
9825,20.1429,20.0,194.2
9826,20.1429,20.0,194.2
9827,20.1429,20.0,194.2
9828,20.1429,20.0,194.2
9829,20.1429,20.0,194.2
9830,20.1429,20.0,194.3
9831,20.1429,20.0,194.3
9832,20.1429,20.0,194.3
9833,20.1429,20.0,194.3
9834,20.1429,20.0,194.3
9835,20.1429,20.0,194.4
9836,20.1429,20.0,194.4
9837,20.1429,20.0,194.4
9838,20.1429,20.0,194.4
9839,20.1429,20.0,194.4
9840,20.1429,20.0,194.4
9841,20.1426,20.0,194.5
9842,20.1426,20.0,194.5
9843,20.1426,20.0,194.5
9844,20.1426,20.0,194.5
9845,20.1426,20.0,194.6
9846,20.1426,20.0,194.6
9847,20.1426,20.0,194.6
9848,20.1426,20.0,194.6
9849,20.1426,20.0,194.6
9850,20.1426,20.0,194.7
9851,20.1426,20.0,194.7
9852,20.1426,20.0,194.7
9853,20.1426,20.0,194.7
9854,20.1426,20.0,194.7
9855,20.1426,20.0,194.7
9856,20.1426,20.0,194.8
9857,20.1426,20.0,194.8
9858,20.1426,20.0,194.8
9859,20.1426,20.0,194.8
9860,20.1426,20.0,194.8
9861,20.1423,20.0,194.9
9862,20.1423,20.0,194.9
9863,20.1423,20.0,194.9
9864,20.1423,20.0,194.9
9865,20.1423,20.0,194.9
9866,20.1423,20.0,194.9
9867,20.1423,20.0,195.0
9868,20.1423,20.0,195.0
9869,20.1423,20.0,195.0
9870,20.1423,20.0,195.0
9871,20.1423,20.0,195.0
9872,20.1423,20.0,195.1
9873,20.1423,20.0,195.1
9874,20.1423,20.0,195.1
9875,20.1423,20.0,195.1
9876,20.1423,20.0,195.1
9877,20.1423,20.0,195.2
9878,20.1423,20.0,195.2
9879,20.1423,20.0,195.2
9880,20.1423,20.0,195.2
9881,20.1420,20.0,195.3
9882,20.1420,20.0,195.3
9883,20.1420,20.0,195.3
9884,20.1420,20.0,195.3
9885,20.1420,20.0,195.3
9886,20.1420,20.0,195.4
9887,20.1420,20.0,195.4
9888,20.1420,20.0,195.4
9889,20.1420,20.0,195.4
9890,20.1420,20.0,195.4
9891,20.1420,20.0,195.4
9892,20.1420,20.0,195.5
9893,20.1420,20.0,195.5
9894,20.1420,20.0,195.5
9895,20.1420,20.0,195.5
9896,20.1420,20.0,195.5
9897,20.1420,20.0,195.6
9898,20.1420,20.0,195.6
9899,20.1420,20.0,195.6
9900,20.1420,20.0,195.6
9901,20.1417,20.0,195.6
9902,20.1417,20.0,195.7
9903,20.1417,20.0,195.7
9904,20.1417,20.0,195.7
9905,20.1417,20.0,195.7
9906,20.1417,20.0,195.7
9907,20.1417,20.0,195.8
9908,20.1417,20.0,195.8
9909,20.1417,20.0,195.8
9910,20.1417,20.0,195.8
9911,20.1417,20.0,195.8
9912,20.1417,20.0,195.9
9913,20.1417,20.0,195.9
9914,20.1417,20.0,195.9
9915,20.1417,20.0,195.9
9916,20.1417,20.0,195.9
9917,20.1417,20.0,195.9
9918,20.1417,20.0,196.0
9919,20.1417,20.0,196.0
9920,20.1417,20.0,196.0
9921,20.1414,20.0,196.0
9922,20.1414,20.0,196.0
9923,20.1414,20.0,196.0
9924,20.1414,20.0,196.1
9925,20.1414,20.0,196.1
9926,20.1414,20.0,196.1
9927,20.1414,20.0,196.1
9928,20.1414,20.0,196.1
9929,20.1414,20.0,196.2
9930,20.1414,20.0,196.2
9931,20.1414,20.0,196.2
9932,20.1414,20.0,196.2
9933,20.1414,20.0,196.2
9934,20.1414,20.0,196.3
9935,20.1414,20.0,196.3
9936,20.1414,20.0,196.3
9937,20.1414,20.0,196.3
9938,20.1414,20.0,196.3
9939,20.1414,20.0,196.4
9940,20.1414,20.0,196.4
9941,20.1411,20.0,196.4
9942,20.1411,20.0,196.4
9943,20.1411,20.0,196.4
9944,20.1411,20.0,196.5
9945,20.1411,20.0,196.5
9946,20.1411,20.0,196.5
9947,20.1411,20.0,196.5
9948,20.1411,20.0,196.5
9949,20.1411,20.0,196.6
9950,20.1411,20.0,196.6
9951,20.1411,20.0,196.6
9952,20.1411,20.0,196.6
9953,20.1411,20.0,196.6
9954,20.1411,20.0,196.7
9955,20.1411,20.0,196.7
9956,20.1411,20.0,196.7
9957,20.1411,20.0,196.7
9958,20.1411,20.0,196.7
9959,20.1411,20.0,196.8
9960,20.1411,20.0,196.8
9961,20.1408,20.0,196.8
9962,20.1408,20.0,196.8
9963,20.1408,20.0,196.8
9964,20.1408,20.0,196.9
9965,20.1408,20.0,196.9
9966,20.1408,20.0,196.9
9967,20.1408,20.0,196.9
9968,20.1408,20.0,196.9
9969,20.1408,20.0,196.9
9970,20.1408,20.0,197.0
9971,20.1408,20.0,197.0
9972,20.1408,20.0,197.0
9973,20.1408,20.0,197.0
9974,20.1408,20.0,197.0
9975,20.1408,20.0,197.1
9976,20.1408,20.0,197.1
9977,20.1408,20.0,197.1
9978,20.1408,20.0,197.1
9979,20.1408,20.0,197.1
9980,20.1408,20.0,197.2
9981,20.1405,20.0,197.2
9982,20.1405,20.0,197.2
9983,20.1405,20.0,197.2
9984,20.1405,20.0,197.2
9985,20.1405,20.0,197.3
9986,20.1405,20.0,197.3
9987,20.1405,20.0,197.3
9988,20.1405,20.0,197.3
9989,20.1405,20.0,197.3
9990,20.1405,20.0,197.4
9991,20.1405,20.0,197.4
9992,20.1405,20.0,197.4
9993,20.1405,20.0,197.4
9994,20.1405,20.0,197.5
9995,20.1405,20.0,197.5
9996,20.1405,20.0,197.5
9997,20.1405,20.0,197.5
9998,20.1405,20.0,197.6
9999,20.1405,20.0,197.6
10000,20.1405,20.0,197.6
10001,20.1402,20.0,197.6
10002,20.1402,20.0,197.6
10003,20.1402,20.0,197.7
10004,20.1402,20.0,197.7
10005,20.1402,20.0,197.7
10006,20.1402,20.0,197.7
10007,20.1402,20.0,197.7
10008,20.1402,20.0,197.8
10009,20.1402,20.0,197.8
10010,20.1402,20.0,197.8
10011,20.1402,20.0,197.8
10012,20.1402,20.0,197.9
10013,20.1402,20.0,197.9
10014,20.1402,20.0,197.9
10015,20.1402,20.0,197.9
10016,20.1402,20.0,197.9
10017,20.1402,20.0,198.0
10018,20.1402,20.0,198.0
10019,20.1402,20.0,198.0
10020,20.1402,20.0,198.0
10021,20.1399,20.0,198.0
10022,20.1399,20.0,198.1
10023,20.1399,20.0,198.1
10024,20.1399,20.0,198.1
10025,20.1399,20.0,198.1
10026,20.1399,20.0,198.1
10027,20.1399,20.0,198.2
10028,20.1399,20.0,198.2
10029,20.1399,20.0,198.2
10030,20.1399,20.0,198.2
10031,20.1399,20.0,198.2
10032,20.1399,20.0,198.3
10033,20.1399,20.0,198.3
10034,20.1399,20.0,198.3
10035,20.1399,20.0,198.3
10036,20.1399,20.0,198.3
10037,20.1399,20.0,198.4
10038,20.1399,20.0,198.4
10039,20.1399,20.0,198.4
10040,20.1399,20.0,198.4
10041,20.1396,20.0,198.5
10042,20.1396,20.0,198.5
10043,20.1396,20.0,198.5
10044,20.1396,20.0,198.5
10045,20.1396,20.0,198.6
10046,20.1396,20.0,198.6
10047,20.1396,20.0,198.6
10048,20.1396,20.0,198.6
10049,20.1396,20.0,198.6
10050,20.1396,20.0,198.7
10051,20.1396,20.0,198.7
10052,20.1396,20.0,198.7
10053,20.1396,20.0,198.7
10054,20.1396,20.0,198.7
10055,20.1396,20.0,198.8
10056,20.1396,20.0,198.8
10057,20.1396,20.0,198.8
10058,20.1396,20.0,198.9
10059,20.1396,20.0,198.9
10060,20.1396,20.0,198.9
10061,20.1393,20.0,198.9
10062,20.1393,20.0,199.0
10063,20.1393,20.0,199.0
10064,20.1393,20.0,199.0
10065,20.1393,20.0,199.1
10066,20.1393,20.0,199.1
10067,20.1393,20.0,199.1
10068,20.1393,20.0,199.1
10069,20.1393,20.0,199.1
10070,20.1393,20.0,199.2
10071,20.1393,20.0,199.2
10072,20.1393,20.0,199.2
10073,20.1393,20.0,199.3
10074,20.1393,20.0,199.4
10075,20.1393,20.0,199.4
10076,20.1393,20.0,199.4
10077,20.1393,20.0,199.5
10078,20.1393,20.0,199.5
10079,20.1393,20.0,199.5
10080,20.1393,20.0,199.6
10081,20.1390,20.0,199.7
10082,20.1390,20.0,199.7
10083,20.1390,20.0,199.8
10084,20.1390,20.0,199.8
10085,20.1390,20.0,199.8
10086,20.1390,20.0,199.9
10087,20.1390,20.0,199.9
10088,20.1390,20.0,199.9
10089,20.1390,20.0,199.9
10090,20.1390,20.0,200.0
10091,20.1390,20.0,200.0
10092,20.1390,20.0,200.0
10093,20.1390,20.0,200.0
10094,20.1390,20.0,200.1
10095,20.1390,20.0,200.1
10096,20.1390,20.0,200.1
10097,20.1390,20.0,200.1
10098,20.1390,20.0,200.1
10099,20.1390,20.0,200.2
10100,20.1390,20.0,200.2
10101,20.1387,20.0,200.2
10102,20.1387,20.0,200.2
10103,20.1387,20.0,200.3
10104,20.1387,20.0,200.3
10105,20.1387,20.0,200.3
10106,20.1387,20.0,200.4
10107,20.1387,20.0,200.4
10108,20.1387,20.0,200.4
10109,20.1387,20.0,200.4
10110,20.1387,20.0,200.5
10111,20.1387,20.0,200.5
10112,20.1387,20.0,200.5
10113,20.1387,20.0,200.5
10114,20.1387,20.0,200.6
10115,20.1387,20.0,200.6
10116,20.1387,20.0,200.7
10117,20.1387,20.0,200.7
10118,20.1387,20.0,200.7
10119,20.1387,20.0,200.8
10120,20.1387,20.0,200.8
10121,20.1384,20.0,200.8
10122,20.1384,20.0,200.9
10123,20.1384,20.0,200.9
10124,20.1384,20.0,200.9
10125,20.1384,20.0,200.9
10126,20.1384,20.0,201.0
10127,20.1384,20.0,201.0
10128,20.1384,20.0,201.0
10129,20.1384,20.0,201.0
10130,20.1384,20.0,201.1
10131,20.1384,20.0,201.1
10132,20.1384,20.0,201.1
10133,20.1384,20.0,201.1
10134,20.1384,20.0,201.1
10135,20.1384,20.0,201.2
10136,20.1384,20.0,201.2
10137,20.1384,20.0,201.2
10138,20.1384,20.0,201.2
10139,20.1384,20.0,201.3
10140,20.1384,20.0,201.3
10141,20.1381,20.0,201.3
10142,20.1381,20.0,201.3
10143,20.1381,20.0,201.3
10144,20.1381,20.0,201.4
10145,20.1381,20.0,201.4
10146,20.1381,20.0,201.4
10147,20.1381,20.0,201.4
10148,20.1381,20.0,201.4
10149,20.1381,20.0,201.5
10150,20.1381,20.0,201.5
10151,20.1381,20.0,201.5
10152,20.1381,20.0,201.5
10153,20.1381,20.0,201.6
10154,20.1381,20.0,201.6
10155,20.1381,20.0,201.6
10156,20.1381,20.0,201.6
10157,20.1381,20.0,201.7
10158,20.1381,20.0,201.7
10159,20.1381,20.0,201.7
10160,20.1381,20.0,201.7
10161,20.1378,20.0,201.7
10162,20.1378,20.0,201.8
10163,20.1378,20.0,201.8
10164,20.1378,20.0,201.8
10165,20.1378,20.0,201.8
10166,20.1378,20.0,201.9
10167,20.1378,20.0,201.9
10168,20.1378,20.0,201.9
10169,20.1378,20.0,201.9
10170,20.1378,20.0,202.0
10171,20.1378,20.0,202.0
10172,20.1378,20.0,202.0
10173,20.1378,20.0,202.0
10174,20.1378,20.0,202.1
10175,20.1378,20.0,202.1
10176,20.1378,20.0,202.1
10177,20.1378,20.0,202.1
10178,20.1378,20.0,202.2
10179,20.1378,20.0,202.2
10180,20.1378,20.0,202.2
10181,20.1375,20.0,202.3
10182,20.1375,20.0,202.3
10183,20.1375,20.0,202.3
10184,20.1375,20.0,202.3
10185,20.1375,20.0,202.4
10186,20.1375,20.0,202.4
10187,20.1375,20.0,202.4
10188,20.1375,20.0,202.5
10189,20.1375,20.0,202.5
10190,20.1375,20.0,202.5
10191,20.1375,20.0,202.5
10192,20.1375,20.0,202.6
10193,20.1375,20.0,202.6
10194,20.1375,20.0,202.6
10195,20.1375,20.0,202.6
10196,20.1375,20.0,202.7
10197,20.1375,20.0,202.7
10198,20.1375,20.0,202.7
10199,20.1375,20.0,202.7
10200,20.1375,20.0,202.8
10201,20.1372,20.0,202.8
10202,20.1372,20.0,202.8
10203,20.1372,20.0,202.9
10204,20.1372,20.0,203.0
10205,20.1372,20.0,203.0
10206,20.1372,20.0,203.0
10207,20.1372,20.0,203.1
10208,20.1372,20.0,203.1
10209,20.1372,20.0,203.1
10210,20.1372,20.0,203.2
10211,20.1372,20.0,203.2
10212,20.1372,20.0,203.2
10213,20.1372,20.0,203.3
10214,20.1372,20.0,203.3
10215,20.1372,20.0,203.4
10216,20.1372,20.0,203.4
10217,20.1372,20.0,203.4
10218,20.1372,20.0,203.5
10219,20.1372,20.0,203.5
10220,20.1372,20.0,203.5
10221,20.1370,20.0,203.6
10222,20.1370,20.0,203.6
10223,20.1370,20.0,203.7
10224,20.1370,20.0,203.7
10225,20.1370,20.0,203.7
10226,20.1370,20.0,203.8
10227,20.1370,20.0,203.8
10228,20.1370,20.0,203.8
10229,20.1370,20.0,203.9
10230,20.1370,20.0,203.9
10231,20.1370,20.0,203.9
10232,20.1370,20.0,204.0
10233,20.1370,20.0,204.0
10234,20.1370,20.0,204.0
10235,20.1370,20.0,204.1
10236,20.1370,20.0,204.2
10237,20.1370,20.0,204.2
10238,20.1370,20.0,204.3
10239,20.1370,20.0,204.3
10240,20.1370,20.0,204.4
10241,20.1369,20.0,205.2
10242,20.1369,20.0,205.2
10243,20.1369,20.0,205.2
10244,20.1369,20.0,205.3
10245,20.1369,20.0,205.3
10246,20.1369,20.0,205.4
10247,20.1369,20.0,205.4
10248,20.1369,20.0,205.4
10249,20.1369,20.0,205.5
10250,20.1369,20.0,205.5
10251,20.1369,20.0,205.5
10252,20.1369,20.0,205.5
10253,20.1369,20.0,205.6
10254,20.1369,20.0,205.6
10255,20.1369,20.0,205.6
10256,20.1369,20.0,205.7
10257,20.1369,20.0,205.7
10258,20.1369,20.0,205.8
10259,20.1369,20.0,205.8
10260,20.1369,20.0,205.8
10261,20.1167,20.0,205.9
10262,20.1167,20.0,205.9
10263,20.1167,20.0,205.9
10264,20.1167,20.0,206.0
10265,20.1167,20.0,206.0
10266,20.1167,20.0,206.0
10267,20.1167,20.0,206.1
10268,20.1167,20.0,206.1
10269,20.1167,20.0,206.2
10270,20.1167,20.0,206.2
10271,20.1167,20.0,206.2
10272,20.1167,20.0,206.3
10273,20.1167,20.0,206.3
10274,20.1167,20.0,206.3
10275,20.1167,20.0,206.4
10276,20.1167,20.0,206.4
10277,20.1167,20.0,206.4
10278,20.1167,20.0,206.5
10279,20.1167,20.0,206.5
10280,20.1167,20.0,206.5
10281,20.0965,20.0,206.6
10282,20.0965,20.0,206.6
10283,20.0965,20.0,206.6
10284,20.0965,20.0,206.7
10285,20.0965,20.0,206.7
10286,20.0965,20.0,206.7
10287,20.0965,20.0,206.7
10288,20.0965,20.0,206.7
10289,20.0965,20.0,206.8
10290,20.0965,20.0,206.8
10291,20.0965,20.0,206.8
10292,20.0965,20.0,206.8
10293,20.0965,20.0,206.9
10294,20.0965,20.0,206.9
10295,20.0965,20.0,206.9
10296,20.0965,20.0,206.9
10297,20.0965,20.0,206.9
10298,20.0965,20.0,207.0
10299,20.0965,20.0,207.0
10300,20.0965,20.0,207.0
10301,20.0763,20.0,207.0
10302,20.0763,20.0,207.1
10303,20.0763,20.0,207.1
10304,20.0763,20.0,207.1
10305,20.0763,20.0,207.1
10306,20.0763,20.0,207.1
10307,20.0763,20.0,207.2
10308,20.0763,20.0,207.2
10309,20.0763,20.0,207.2
10310,20.0763,20.0,207.2
10311,20.0763,20.0,207.2
10312,20.0763,20.0,207.3
10313,20.0763,20.0,207.3
10314,20.0763,20.0,207.3
10315,20.0763,20.0,207.3
10316,20.0763,20.0,207.3
10317,20.0763,20.0,207.4
10318,20.0763,20.0,207.4
10319,20.0763,20.0,207.4
10320,20.0763,20.0,207.4
10321,20.0561,20.0,207.4
10322,20.0561,20.0,207.5
10323,20.0561,20.0,207.5
10324,20.0561,20.0,207.5
10325,20.0561,20.0,207.5
10326,20.0561,20.0,207.6
10327,20.0561,20.0,207.6
10328,20.0561,20.0,207.6
10329,20.0561,20.0,207.6
10330,20.0561,20.0,207.6
10331,20.0561,20.0,207.6
10332,20.0561,20.0,207.7
10333,20.0561,20.0,207.7
10334,20.0561,20.0,207.7
10335,20.0561,20.0,207.7
10336,20.0561,20.0,207.8
10337,20.0561,20.0,207.8
10338,20.0561,20.0,207.8
10339,20.0561,20.0,207.8
10340,20.0561,20.0,207.8
10341,20.0359,20.0,207.9
10342,20.0359,20.0,207.9
10343,20.0359,20.0,207.9
10344,20.0359,20.0,207.9
10345,20.0359,20.0,208.0
10346,20.0359,20.0,208.0
10347,20.0359,20.0,208.0
10348,20.0359,20.0,208.1
10349,20.0359,20.0,208.1
10350,20.0359,20.0,208.1
10351,20.0359,20.0,208.1
10352,20.0359,20.0,208.2
10353,20.0359,20.0,208.2
10354,20.0359,20.0,208.3
10355,20.0359,20.0,208.3
10356,20.0359,20.0,208.3
10357,20.0359,20.0,208.4
10358,20.0359,20.0,208.4
10359,20.0359,20.0,208.4
10360,20.0359,20.0,208.5
10361,20.0157,20.0,208.5
10362,20.0157,20.0,208.5
10363,20.0157,20.0,208.5
10364,20.0157,20.0,208.6
10365,20.0157,20.0,208.6
10366,20.0157,20.0,208.6
10367,20.0157,20.0,208.7
10368,20.0157,20.0,208.7
10369,20.0157,20.0,208.8
10370,20.0157,20.0,208.8
10371,20.0157,20.0,208.8
10372,20.0157,20.0,208.9
10373,20.0157,20.0,208.9
10374,20.0157,20.0,209.0
10375,20.0157,20.0,209.0
10376,20.0157,20.0,209.0
10377,20.0157,20.0,209.0
10378,20.0157,20.0,209.1
10379,20.0157,20.0,209.1
10380,20.0157,20.0,209.1
10381,19.9955,20.0,209.1
10382,19.9955,20.0,209.2
10383,19.9955,20.0,209.2
10384,19.9955,20.0,209.2
10385,19.9955,20.0,209.3
10386,19.9955,20.0,209.3
10387,19.9955,20.0,209.3
10388,19.9955,20.0,209.3
10389,19.9955,20.0,209.4
10390,19.9955,20.0,209.4
10391,19.9955,20.0,209.4
10392,19.9955,20.0,209.4
10393,19.9955,20.0,209.4
10394,19.9955,20.0,209.5
10395,19.9955,20.0,209.5
10396,19.9955,20.0,209.5
10397,19.9955,20.0,209.5
10398,19.9955,20.0,209.6
10399,19.9955,20.0,209.6
10400,19.9955,20.0,209.6
10401,19.9753,20.0,209.6
10402,19.9753,20.0,209.7
10403,19.9753,20.0,209.7
10404,19.9753,20.0,209.7
10405,19.9753,20.0,209.7
10406,19.9753,20.0,209.8
10407,19.9753,20.0,209.8
10408,19.9753,20.0,209.8
10409,19.9753,20.0,209.8
10410,19.9753,20.0,209.9
10411,19.9753,20.0,209.9
10412,19.9753,20.0,209.9
10413,19.9753,20.0,209.9
10414,19.9753,20.0,209.9
10415,19.9753,20.0,210.0
10416,19.9753,20.0,210.0
10417,19.9753,20.0,210.0
10418,19.9753,20.0,210.0
10419,19.9753,20.0,210.1
10420,19.9753,20.0,210.1
10421,19.9551,20.0,210.1
10422,19.9551,20.0,210.1
10423,19.9551,20.0,210.1
10424,19.9551,20.0,210.2
10425,19.9551,20.0,210.2
10426,19.9551,20.0,210.2
10427,19.9551,20.0,210.2
10428,19.9551,20.0,210.3
10429,19.9551,20.0,210.3
10430,19.9551,20.0,210.3
10431,19.9551,20.0,210.3
10432,19.9551,20.0,210.3
10433,19.9551,20.0,210.4
10434,19.9551,20.0,210.4
10435,19.9551,20.0,210.4
10436,19.9551,20.0,210.4
10437,19.9551,20.0,210.4
10438,19.9551,20.0,210.5
10439,19.9551,20.0,210.5
10440,19.9551,20.0,210.5
10441,19.9349,20.0,210.5
10442,19.9349,20.0,210.6
10443,19.9349,20.0,210.6
10444,19.9349,20.0,210.6
10445,19.9349,20.0,210.6
10446,19.9349,20.0,210.6
10447,19.9349,20.0,210.7
10448,19.9349,20.0,210.7
10449,19.9349,20.0,210.7
10450,19.9349,20.0,210.7
10451,19.9349,20.0,210.8
10452,19.9349,20.0,210.8
10453,19.9349,20.0,210.8
10454,19.9349,20.0,210.8
10455,19.9349,20.0,210.8
10456,19.9349,20.0,210.9
10457,19.9349,20.0,210.9
10458,19.9349,20.0,210.9
10459,19.9349,20.0,210.9
10460,19.9349,20.0,211.0
10461,19.9147,20.0,211.0
10462,19.9147,20.0,211.0
10463,19.9147,20.0,211.1
10464,19.9147,20.0,211.1
10465,19.9147,20.0,211.1
10466,19.9147,20.0,211.1
10467,19.9147,20.0,211.2
10468,19.9147,20.0,211.2
10469,19.9147,20.0,211.3
10470,19.9147,20.0,211.3
10471,19.9147,20.0,211.3
10472,19.9147,20.0,211.3
10473,19.9147,20.0,211.3
10474,19.9147,20.0,211.4
10475,19.9147,20.0,211.4
10476,19.9147,20.0,211.4
10477,19.9147,20.0,211.4
10478,19.9147,20.0,211.5
10479,19.9147,20.0,211.5
10480,19.9147,20.0,211.5
10481,19.8945,20.0,211.5
10482,19.8945,20.0,211.6
10483,19.8945,20.0,211.6
10484,19.8945,20.0,211.6
10485,19.8945,20.0,211.6
10486,19.8945,20.0,211.6
10487,19.8945,20.0,211.7
10488,19.8945,20.0,211.7
10489,19.8945,20.0,211.7
10490,19.8945,20.0,211.7
10491,19.8945,20.0,211.8
10492,19.8945,20.0,211.8
10493,19.8945,20.0,211.8
10494,19.8945,20.0,211.8
10495,19.8945,20.0,211.8
10496,19.8945,20.0,211.9
10497,19.8945,20.0,211.9
10498,19.8945,20.0,211.9
10499,19.8945,20.0,211.9
10500,19.8945,20.0,212.0
10501,19.8743,20.0,212.0
10502,19.8743,20.0,212.0
10503,19.8743,20.0,212.0
10504,19.8743,20.0,212.1
10505,19.8743,20.0,212.1
10506,19.8743,20.0,212.1
10507,19.8743,20.0,212.1
10508,19.8743,20.0,212.1
10509,19.8743,20.0,212.1
10510,19.8743,20.0,212.2
10511,19.8743,20.0,212.2
10512,19.8743,20.0,212.2
10513,19.8743,20.0,212.2
10514,19.8743,20.0,212.2
10515,19.8743,20.0,212.3
10516,19.8743,20.0,212.3
10517,19.8743,20.0,212.3
10518,19.8743,20.0,212.3
10519,19.8743,20.0,212.4
10520,19.8743,20.0,212.4
10521,19.8541,20.0,212.4
10522,19.8541,20.0,212.4
10523,19.8541,20.0,212.4
10524,19.8541,20.0,212.5
10525,19.8541,20.0,212.5
10526,19.8541,20.0,212.5
10527,19.8541,20.0,212.5
10528,19.8541,20.0,212.6
10529,19.8541,20.0,212.6
10530,19.8541,20.0,212.6
10531,19.8541,20.0,212.6
10532,19.8541,20.0,212.6
10533,19.8541,20.0,212.7
10534,19.8541,20.0,212.7
10535,19.8541,20.0,212.7
10536,19.8541,20.0,212.7
10537,19.8541,20.0,212.8
10538,19.8541,20.0,212.8
10539,19.8541,20.0,212.8
10540,19.8541,20.0,212.8
10541,19.8339,20.0,212.8
10542,19.8339,20.0,212.9
10543,19.8339,20.0,212.9
10544,19.8339,20.0,212.9
10545,19.8339,20.0,212.9
10546,19.8339,20.0,212.9
10547,19.8339,20.0,213.0
10548,19.8339,20.0,213.0
10549,19.8339,20.0,213.0
10550,19.8339,20.0,213.0
10551,19.8339,20.0,213.1
10552,19.8339,20.0,213.1
10553,19.8339,20.0,213.1
10554,19.8339,20.0,213.1
10555,19.8339,20.0,213.1
10556,19.8339,20.0,213.2
10557,19.8339,20.0,213.2
10558,19.8339,20.0,213.2
10559,19.8339,20.0,213.2
10560,19.8339,20.0,213.3
10561,19.8137,20.0,213.3
10562,19.8137,20.0,213.3
10563,19.8137,20.0,213.3
10564,19.8137,20.0,213.3
10565,19.8137,20.0,213.4
10566,19.8137,20.0,213.4
10567,19.8137,20.0,213.4
10568,19.8137,20.0,213.4
10569,19.8137,20.0,213.4
10570,19.8137,20.0,213.4
10571,19.8137,20.0,213.5
10572,19.8137,20.0,213.5
10573,19.8137,20.0,213.5
10574,19.8137,20.0,213.6
10575,19.8137,20.0,213.6
10576,19.8137,20.0,213.6
10577,19.8137,20.0,213.6
10578,19.8137,20.0,213.7
10579,19.8137,20.0,213.7
10580,19.8137,20.0,213.7
10581,19.7935,20.0,213.7
10582,19.7935,20.0,213.7
10583,19.7935,20.0,213.8
10584,19.7935,20.0,213.8
10585,19.7935,20.0,213.8
10586,19.7935,20.0,213.8
10587,19.7935,20.0,213.8
10588,19.7935,20.0,213.8
10589,19.7935,20.0,213.9
10590,19.7935,20.0,213.9
10591,19.7935,20.0,213.9
10592,19.7935,20.0,213.9
10593,19.7935,20.0,214.0
10594,19.7935,20.0,214.0
10595,19.7935,20.0,214.0
10596,19.7935,20.0,214.0
10597,19.7935,20.0,214.0
10598,19.7935,20.0,214.1
10599,19.7935,20.0,214.1
10600,19.7935,20.0,214.1
10601,19.7733,20.0,214.1
10602,19.7733,20.0,214.2
10603,19.7733,20.0,214.2
10604,19.7733,20.0,214.2
10605,19.7733,20.0,214.2
10606,19.7733,20.0,214.2
10607,19.7733,20.0,214.3
10608,19.7733,20.0,214.3
10609,19.7733,20.0,214.3
10610,19.7733,20.0,214.3
10611,19.7733,20.0,214.3
10612,19.7733,20.0,214.4
10613,19.7733,20.0,214.4
10614,19.7733,20.0,214.4
10615,19.7733,20.0,214.4
10616,19.7733,20.0,214.4
10617,19.7733,20.0,214.5
10618,19.7733,20.0,214.5
10619,19.7733,20.0,214.5
10620,19.7733,20.0,214.5
10621,19.7531,20.0,214.6
10622,19.7531,20.0,214.6
10623,19.7531,20.0,214.6
10624,19.7531,20.0,214.6
10625,19.7531,20.0,214.6
10626,19.7531,20.0,214.7
10627,19.7531,20.0,214.7
10628,19.7531,20.0,214.7
10629,19.7531,20.0,214.7
10630,19.7531,20.0,214.7
10631,19.7531,20.0,214.8
10632,19.7531,20.0,214.8
10633,19.7531,20.0,214.8
10634,19.7531,20.0,214.8
10635,19.7531,20.0,214.8
10636,19.7531,20.0,214.9
10637,19.7531,20.0,214.9
10638,19.7531,20.0,214.9
10639,19.7531,20.0,214.9
10640,19.7531,20.0,215.0
10641,19.7329,20.0,215.0
10642,19.7329,20.0,215.0
10643,19.7329,20.0,215.0
10644,19.7329,20.0,215.0
10645,19.7329,20.0,215.1
10646,19.7329,20.0,215.1
10647,19.7329,20.0,215.1
10648,19.7329,20.0,215.1
10649,19.7329,20.0,215.1
10650,19.7329,20.0,215.2
10651,19.7329,20.0,215.2
10652,19.7329,20.0,215.3
10653,19.7329,20.0,215.3
10654,19.7329,20.0,215.4
10655,19.7329,20.0,215.4
10656,19.7329,20.0,215.4
10657,19.7329,20.0,215.5
10658,19.7329,20.0,215.6
10659,19.7329,20.0,215.6
10660,19.7329,20.0,215.7
10661,19.7127,20.0,215.7
10662,19.7127,20.0,215.8
10663,19.7127,20.0,215.8
10664,19.7127,20.0,215.9
10665,19.7127,20.0,216.0
10666,19.7127,20.0,216.0
10667,19.7127,20.0,216.1
10668,19.7127,20.0,216.1
10669,19.7127,20.0,216.2
10670,19.7127,20.0,216.2
10671,19.7127,20.0,216.3
10672,19.7127,20.0,216.3
10673,19.7127,20.0,216.3
10674,19.7127,20.0,216.4
10675,19.7127,20.0,216.5
10676,19.7127,20.0,216.5
10677,19.7127,20.0,216.6
10678,19.7127,20.0,216.6
10679,19.7127,20.0,216.6
10680,19.7127,20.0,216.7
10681,19.6925,20.0,216.7
10682,19.6925,20.0,216.7
10683,19.6925,20.0,216.7
10684,19.6925,20.0,216.8
10685,19.6925,20.0,216.8
10686,19.6925,20.0,216.8
10687,19.6925,20.0,216.8
10688,19.6925,20.0,216.9
10689,19.6925,20.0,216.9
10690,19.6925,20.0,216.9
10691,19.6925,20.0,216.9
10692,19.6925,20.0,217.0
10693,19.6925,20.0,217.0
10694,19.6925,20.0,217.0
10695,19.6925,20.0,217.0
10696,19.6925,20.0,217.1
10697,19.6925,20.0,217.1
10698,19.6925,20.0,217.1
10699,19.6925,20.0,217.1
10700,19.6925,20.0,217.2
10701,19.6723,20.0,217.2
10702,19.6723,20.0,217.2
10703,19.6723,20.0,217.2
10704,19.6723,20.0,217.3
10705,19.6723,20.0,217.3
10706,19.6723,20.0,217.3
10707,19.6723,20.0,217.3
10708,19.6723,20.0,217.4
10709,19.6723,20.0,217.4
10710,19.6723,20.0,217.4
10711,19.6723,20.0,217.4
10712,19.6723,20.0,217.4
10713,19.6723,20.0,217.5
10714,19.6723,20.0,217.5
10715,19.6723,20.0,217.6
10716,19.6723,20.0,217.7
10717,19.6723,20.0,217.7
10718,19.6723,20.0,217.8
10719,19.6723,20.0,217.8
10720,19.6723,20.0,217.9
10721,19.6522,20.0,218.0
10722,19.6522,20.0,218.0
10723,19.6522,20.0,218.0
10724,19.6522,20.0,218.1
10725,19.6522,20.0,218.1
10726,19.6522,20.0,218.2
10727,19.6522,20.0,218.2
10728,19.6522,20.0,218.3
10729,19.6522,20.0,218.3
10730,19.6522,20.0,218.4
10731,19.6522,20.0,218.4
10732,19.6522,20.0,218.4
10733,19.6522,20.0,218.5
10734,19.6522,20.0,218.6
10735,19.6522,20.0,218.7
10736,19.6522,20.0,218.7
10737,19.6522,20.0,218.8
10738,19.6522,20.0,218.8
10739,19.6522,20.0,218.8
10740,19.6522,20.0,218.9
10741,19.6322,20.0,218.9
10742,19.6322,20.0,219.0
10743,19.6322,20.0,219.0
10744,19.6322,20.0,219.1
10745,19.6322,20.0,219.1
10746,19.6322,20.0,219.1
10747,19.6322,20.0,219.2
10748,19.6322,20.0,219.2
10749,19.6322,20.0,219.2
10750,19.6322,20.0,219.3
10751,19.6322,20.0,219.3
10752,19.6322,20.0,219.3
10753,19.6322,20.0,219.7
10754,19.6322,20.0,219.7
10755,19.6322,20.0,219.7
10756,19.6322,20.0,219.8
10757,19.6322,20.0,219.8
10758,19.6322,20.0,219.9
10759,19.6322,20.0,220.0
10760,19.6322,20.0,220.0
10761,19.6320,20.0,220.1
10762,19.6320,20.0,220.1
10763,19.6320,20.0,220.1
10764,19.6320,20.0,220.2
10765,19.6320,20.0,220.2
10766,19.6320,20.0,220.3
10767,19.6320,20.0,220.3
10768,19.6320,20.0,220.3
10769,19.6320,20.0,220.4
10770,19.6320,20.0,220.4
10771,19.6320,20.0,220.4
10772,19.6320,20.0,220.5
10773,19.6320,20.0,220.5
10774,19.6320,20.0,220.5
10775,19.6320,20.0,220.6
10776,19.6320,20.0,220.7
10777,19.6320,20.0,220.7
10778,19.6320,20.0,220.8
10779,19.6320,20.0,220.8
10780,19.6320,20.0,220.8
10781,19.6323,20.0,220.9
10782,19.6323,20.0,220.9
10783,19.6323,20.0,220.9
10784,19.6323,20.0,221.0
10785,19.6323,20.0,221.0
10786,19.6323,20.0,221.1
10787,19.6323,20.0,221.1
10788,19.6323,20.0,221.2
10789,19.6323,20.0,221.2
10790,19.6323,20.0,221.2
10791,19.6323,20.0,221.3
10792,19.6323,20.0,221.4
10793,19.6323,20.0,221.4
10794,19.6323,20.0,221.5
10795,19.6323,20.0,221.6
10796,19.6323,20.0,221.7
10797,19.6323,20.0,221.7
10798,19.6323,20.0,221.7
10799,19.6323,20.0,221.8
10800,19.6323,20.0,221.8
10801,19.6326,20.0,221.9
10802,19.6326,20.0,221.9
10803,19.6326,20.0,221.9
10804,19.6326,20.0,222.0
10805,19.6326,20.0,222.0
10806,19.6326,20.0,222.1
10807,19.6326,20.0,222.2
10808,19.6326,20.0,222.2
10809,19.6326,20.0,222.3
10810,19.6326,20.0,222.3
10811,19.6326,20.0,222.3
10812,19.6326,20.0,222.4
10813,19.6326,20.0,222.4
10814,19.6326,20.0,222.4
10815,19.6326,20.0,222.4
10816,19.6326,20.0,222.4
10817,19.6326,20.0,222.5
10818,19.6326,20.0,222.5
10819,19.6326,20.0,222.5
10820,19.6326,20.0,222.6
10821,19.6329,20.0,222.6
10822,19.6329,20.0,222.6
10823,19.6329,20.0,222.7
10824,19.6329,20.0,222.7
10825,19.6329,20.0,222.7
10826,19.6329,20.0,222.7
10827,19.6329,20.0,222.8
10828,19.6329,20.0,222.8
10829,19.6329,20.0,222.8
10830,19.6329,20.0,222.8
10831,19.6329,20.0,222.8
10832,19.6329,20.0,222.9
10833,19.6329,20.0,222.9
10834,19.6329,20.0,222.9
10835,19.6329,20.0,222.9
10836,19.6329,20.0,223.0
10837,19.6329,20.0,223.0
10838,19.6329,20.0,223.0
10839,19.6329,20.0,223.0
10840,19.6329,20.0,223.1
10841,19.6333,20.0,223.1
10842,19.6333,20.0,223.1
10843,19.6333,20.0,223.2
10844,19.6333,20.0,223.2
10845,19.6333,20.0,223.3
10846,19.6333,20.0,223.3
10847,19.6333,20.0,223.4
10848,19.6333,20.0,223.4
10849,19.6333,20.0,223.5
10850,19.6333,20.0,223.5
10851,19.6333,20.0,223.5
10852,19.6333,20.0,223.6
10853,19.6333,20.0,223.6
10854,19.6333,20.0,223.6
10855,19.6333,20.0,223.7
10856,19.6333,20.0,223.7
10857,19.6333,20.0,223.7
10858,19.6333,20.0,223.7
10859,19.6333,20.0,223.8
10860,19.6333,20.0,223.8
10861,19.6336,20.0,223.8
10862,19.6336,20.0,223.8
10863,19.6336,20.0,223.9
10864,19.6336,20.0,223.9
10865,19.6336,20.0,223.9
10866,19.6336,20.0,223.9
10867,19.6336,20.0,223.9
10868,19.6336,20.0,224.0
10869,19.6336,20.0,224.0
10870,19.6336,20.0,224.0
10871,19.6336,20.0,224.0
10872,19.6336,20.0,224.0
10873,19.6336,20.0,224.1
10874,19.6336,20.0,224.1
10875,19.6336,20.0,224.1
10876,19.6336,20.0,224.1
10877,19.6336,20.0,224.1
10878,19.6336,20.0,224.2
10879,19.6336,20.0,224.2
10880,19.6336,20.0,224.2
10881,19.6339,20.0,224.3
10882,19.6339,20.0,224.3
10883,19.6339,20.0,224.3
10884,19.6339,20.0,224.3
10885,19.6339,20.0,224.4
10886,19.6339,20.0,224.4
10887,19.6339,20.0,224.4
10888,19.6339,20.0,224.4
10889,19.6339,20.0,224.5
10890,19.6339,20.0,224.5
10891,19.6339,20.0,224.5
10892,19.6339,20.0,224.6
10893,19.6339,20.0,224.6
10894,19.6339,20.0,224.6
10895,19.6339,20.0,224.6
10896,19.6339,20.0,224.7
10897,19.6339,20.0,224.7
10898,19.6339,20.0,224.7
10899,19.6339,20.0,224.7
10900,19.6339,20.0,224.8
10901,19.6342,20.0,224.8
10902,19.6342,20.0,224.8
10903,19.6342,20.0,224.8
10904,19.6342,20.0,224.8
10905,19.6342,20.0,224.9
10906,19.6342,20.0,224.9
10907,19.6342,20.0,224.9
10908,19.6342,20.0,224.9
10909,19.6342,20.0,225.0
10910,19.6342,20.0,225.0
10911,19.6342,20.0,225.0
10912,19.6342,20.0,225.0
10913,19.6342,20.0,225.1
10914,19.6342,20.0,225.1
10915,19.6342,20.0,225.1
10916,19.6342,20.0,225.1
10917,19.6342,20.0,225.1
10918,19.6342,20.0,225.2
10919,19.6342,20.0,225.2
10920,19.6342,20.0,225.2
10921,19.6345,20.0,225.2
10922,19.6345,20.0,225.3
10923,19.6345,20.0,225.3
10924,19.6345,20.0,225.3
10925,19.6345,20.0,225.3
10926,19.6345,20.0,225.3
10927,19.6345,20.0,225.4
10928,19.6345,20.0,225.4
10929,19.6345,20.0,225.4
10930,19.6345,20.0,225.4
10931,19.6345,20.0,225.5
10932,19.6345,20.0,225.5
10933,19.6345,20.0,225.5
10934,19.6345,20.0,225.5
10935,19.6345,20.0,225.6
10936,19.6345,20.0,225.6
10937,19.6345,20.0,225.6
10938,19.6345,20.0,225.6
10939,19.6345,20.0,225.7
10940,19.6345,20.0,225.7
10941,19.6348,20.0,225.7
10942,19.6348,20.0,225.7
10943,19.6348,20.0,225.7
10944,19.6348,20.0,225.8
10945,19.6348,20.0,225.9
10946,19.6348,20.0,225.9
10947,19.6348,20.0,225.9
10948,19.6348,20.0,226.0
10949,19.6348,20.0,226.0
10950,19.6348,20.0,226.0
10951,19.6348,20.0,226.1
10952,19.6348,20.0,226.1
10953,19.6348,20.0,226.1
10954,19.6348,20.0,226.2
10955,19.6348,20.0,226.2
10956,19.6348,20.0,226.2
10957,19.6348,20.0,226.2
10958,19.6348,20.0,226.2
10959,19.6348,20.0,226.3
10960,19.6348,20.0,226.3
10961,19.6351,20.0,226.3
10962,19.6351,20.0,226.3
10963,19.6351,20.0,226.4
10964,19.6351,20.0,226.4
10965,19.6351,20.0,226.4
10966,19.6351,20.0,226.4
10967,19.6351,20.0,226.5
10968,19.6351,20.0,226.5
10969,19.6351,20.0,226.5
10970,19.6351,20.0,226.6
10971,19.6351,20.0,226.6
10972,19.6351,20.0,226.7
10973,19.6351,20.0,226.7
10974,19.6351,20.0,226.7
10975,19.6351,20.0,226.7
10976,19.6351,20.0,226.8
10977,19.6351,20.0,226.8
10978,19.6351,20.0,226.8
10979,19.6351,20.0,226.8
10980,19.6351,20.0,226.9
10981,19.6354,20.0,226.9
10982,19.6354,20.0,226.9
10983,19.6354,20.0,226.9
10984,19.6354,20.0,226.9
10985,19.6354,20.0,227.0
10986,19.6354,20.0,227.0
10987,19.6354,20.0,227.0
10988,19.6354,20.0,227.0
10989,19.6354,20.0,227.1
10990,19.6354,20.0,227.1
10991,19.6354,20.0,227.1
10992,19.6354,20.0,227.1
10993,19.6354,20.0,227.1
10994,19.6354,20.0,227.2
10995,19.6354,20.0,227.2
10996,19.6354,20.0,227.2
10997,19.6354,20.0,227.2
10998,19.6354,20.0,227.3
10999,19.6354,20.0,227.3
11000,19.6354,20.0,227.3
11001,19.6357,20.0,227.3
11002,19.6357,20.0,227.3
11003,19.6357,20.0,227.5
11004,19.6357,20.0,227.6
11005,19.6357,20.0,227.6
11006,19.6357,20.0,227.6
11007,19.6357,20.0,227.7
11008,19.6357,20.0,227.7
11009,19.6357,20.0,227.7
11010,19.6357,20.0,227.8
11011,19.6357,20.0,227.8
11012,19.6357,20.0,227.8
11013,19.6357,20.0,227.8
11014,19.6357,20.0,227.9
11015,19.6357,20.0,227.9
11016,19.6357,20.0,227.9
11017,19.6357,20.0,227.9
11018,19.6357,20.0,228.0
11019,19.6357,20.0,228.0
11020,19.6357,20.0,228.0
11021,19.6360,20.0,228.0
11022,19.6360,20.0,228.1
11023,19.6360,20.0,228.1
11024,19.6360,20.0,228.1
11025,19.6360,20.0,228.1
11026,19.6360,20.0,228.2
11027,19.6360,20.0,228.2
11028,19.6360,20.0,228.2
11029,19.6360,20.0,228.2
11030,19.6360,20.0,228.2
11031,19.6360,20.0,228.3
11032,19.6360,20.0,228.3
11033,19.6360,20.0,228.3
11034,19.6360,20.0,228.3
11035,19.6360,20.0,228.3
11036,19.6360,20.0,228.3
11037,19.6360,20.0,228.4
11038,19.6360,20.0,228.4
11039,19.6360,20.0,228.4
11040,19.6360,20.0,228.4
11041,19.6363,20.0,228.4
11042,19.6363,20.0,228.5
11043,19.6363,20.0,228.5
11044,19.6363,20.0,228.5
11045,19.6363,20.0,228.5
11046,19.6363,20.0,228.6
11047,19.6363,20.0,228.6
11048,19.6363,20.0,228.6
11049,19.6363,20.0,228.6
11050,19.6363,20.0,228.7
11051,19.6363,20.0,228.7
11052,19.6363,20.0,228.7
11053,19.6363,20.0,228.7
11054,19.6363,20.0,228.7
11055,19.6363,20.0,228.8
11056,19.6363,20.0,228.8
11057,19.6363,20.0,228.8
11058,19.6363,20.0,228.8
11059,19.6363,20.0,228.9
11060,19.6363,20.0,228.9
11061,19.6366,20.0,228.9
11062,19.6366,20.0,228.9
11063,19.6366,20.0,229.0
11064,19.6366,20.0,229.0
11065,19.6366,20.0,229.0
11066,19.6366,20.0,229.0
11067,19.6366,20.0,229.1
11068,19.6366,20.0,229.1
11069,19.6366,20.0,229.1
11070,19.6366,20.0,229.1
11071,19.6366,20.0,229.1
11072,19.6366,20.0,229.2
11073,19.6366,20.0,229.2
11074,19.6366,20.0,229.2
11075,19.6366,20.0,229.2
11076,19.6366,20.0,229.2
11077,19.6366,20.0,229.3
11078,19.6366,20.0,229.3
11079,19.6366,20.0,229.3
11080,19.6366,20.0,229.3
11081,19.6370,20.0,229.4
11082,19.6370,20.0,229.4
11083,19.6370,20.0,229.4
11084,19.6370,20.0,229.4
11085,19.6370,20.0,229.4
11086,19.6370,20.0,229.5
11087,19.6370,20.0,229.5
11088,19.6370,20.0,229.5
11089,19.6370,20.0,229.5
11090,19.6370,20.0,229.6
11091,19.6370,20.0,229.6
11092,19.6370,20.0,229.6
11093,19.6370,20.0,229.7
11094,19.6370,20.0,229.7
11095,19.6370,20.0,229.7
11096,19.6370,20.0,229.7
11097,19.6370,20.0,229.7
11098,19.6370,20.0,229.8
11099,19.6370,20.0,229.8
11100,19.6370,20.0,229.8
11101,19.6373,20.0,229.8
11102,19.6373,20.0,229.8
11103,19.6373,20.0,229.9
11104,19.6373,20.0,229.9
11105,19.6373,20.0,229.9
11106,19.6373,20.0,229.9
11107,19.6373,20.0,229.9
11108,19.6373,20.0,229.9
11109,19.6373,20.0,230.0
11110,19.6373,20.0,230.0
11111,19.6373,20.0,230.0
11112,19.6373,20.0,230.0
11113,19.6373,20.0,230.0
11114,19.6373,20.0,230.1
11115,19.6373,20.0,230.1
11116,19.6373,20.0,230.1
11117,19.6373,20.0,230.1
11118,19.6373,20.0,230.1
11119,19.6373,20.0,230.2
11120,19.6373,20.0,230.2
11121,19.6376,20.0,230.2
11122,19.6376,20.0,230.2
11123,19.6376,20.0,230.3
11124,19.6376,20.0,230.3
11125,19.6376,20.0,230.3
11126,19.6376,20.0,230.3
11127,19.6376,20.0,230.3
11128,19.6376,20.0,230.4
11129,19.6376,20.0,230.4
11130,19.6376,20.0,230.4
11131,19.6376,20.0,230.4
11132,19.6376,20.0,230.4
11133,19.6376,20.0,230.5
11134,19.6376,20.0,230.5
11135,19.6376,20.0,230.5
11136,19.6376,20.0,230.5
11137,19.6376,20.0,230.6
11138,19.6376,20.0,230.6
11139,19.6376,20.0,230.6
11140,19.6376,20.0,230.6
11141,19.6379,20.0,230.7
11142,19.6379,20.0,230.7
11143,19.6379,20.0,230.7
11144,19.6379,20.0,230.7
11145,19.6379,20.0,230.7
11146,19.6379,20.0,230.8
11147,19.6379,20.0,230.8
11148,19.6379,20.0,230.8
11149,19.6379,20.0,230.8
11150,19.6379,20.0,230.8
11151,19.6379,20.0,230.9
11152,19.6379,20.0,230.9
11153,19.6379,20.0,230.9
11154,19.6379,20.0,230.9
11155,19.6379,20.0,231.0
11156,19.6379,20.0,231.0
11157,19.6379,20.0,231.0
11158,19.6379,20.0,231.0
11159,19.6379,20.0,231.0
11160,19.6379,20.0,231.1
11161,19.6382,20.0,231.1
11162,19.6382,20.0,231.1
11163,19.6382,20.0,231.2
11164,19.6382,20.0,231.2
11165,19.6382,20.0,231.2
11166,19.6382,20.0,231.2
11167,19.6382,20.0,231.3
11168,19.6382,20.0,231.3
11169,19.6382,20.0,231.3
11170,19.6382,20.0,231.3
11171,19.6382,20.0,231.4
11172,19.6382,20.0,231.4
11173,19.6382,20.0,231.4
11174,19.6382,20.0,231.4
11175,19.6382,20.0,231.5
11176,19.6382,20.0,231.5
11177,19.6382,20.0,231.5
11178,19.6382,20.0,231.5
11179,19.6382,20.0,231.6
11180,19.6382,20.0,231.6
11181,19.6385,20.0,231.6
11182,19.6385,20.0,231.7
11183,19.6385,20.0,231.7
11184,19.6385,20.0,231.7
11185,19.6385,20.0,231.8
11186,19.6385,20.0,231.8
11187,19.6385,20.0,231.8
11188,19.6385,20.0,231.9
11189,19.6385,20.0,231.9
11190,19.6385,20.0,231.9
11191,19.6385,20.0,231.9
11192,19.6385,20.0,232.0
11193,19.6385,20.0,232.0
11194,19.6385,20.0,232.0
11195,19.6385,20.0,232.0
11196,19.6385,20.0,232.1
11197,19.6385,20.0,232.1
11198,19.6385,20.0,232.1
11199,19.6385,20.0,232.1
11200,19.6385,20.0,232.2
11201,19.6388,20.0,232.2
11202,19.6388,20.0,232.2
11203,19.6388,20.0,232.3
11204,19.6388,20.0,232.3
11205,19.6388,20.0,232.3
11206,19.6388,20.0,232.3
11207,19.6388,20.0,232.3
11208,19.6388,20.0,232.4
11209,19.6388,20.0,232.4
11210,19.6388,20.0,232.4
11211,19.6388,20.0,232.4
11212,19.6388,20.0,232.5
11213,19.6388,20.0,232.5
11214,19.6388,20.0,232.5
11215,19.6388,20.0,232.5
11216,19.6388,20.0,232.6
11217,19.6388,20.0,232.6
11218,19.6388,20.0,232.6
11219,19.6388,20.0,232.6
11220,19.6388,20.0,232.7
11221,19.6390,20.0,232.7
11222,19.6390,20.0,232.7
11223,19.6390,20.0,232.7
11224,19.6390,20.0,232.7
11225,19.6390,20.0,232.8
11226,19.6390,20.0,232.8
11227,19.6390,20.0,232.8
11228,19.6390,20.0,232.8
11229,19.6390,20.0,232.9
11230,19.6390,20.0,232.9
11231,19.6390,20.0,232.9
11232,19.6390,20.0,232.9
11233,19.6390,20.0,232.9
11234,19.6390,20.0,233.0
11235,19.6390,20.0,233.0
11236,19.6390,20.0,233.0
11237,19.6390,20.0,233.0
11238,19.6390,20.0,233.1
11239,19.6390,20.0,233.1
11240,19.6390,20.0,233.1
11241,19.6390,20.0,233.1
11242,19.6390,20.0,233.1
11243,19.6390,20.0,233.2
11244,19.6390,20.0,233.2
11245,19.6390,20.0,233.2
11246,19.6390,20.0,233.2
11247,19.6390,20.0,233.3
11248,19.6390,20.0,233.3
11249,19.6390,20.0,233.3
11250,19.6390,20.0,233.3
11251,19.6390,20.0,233.4
11252,19.6390,20.0,233.4
11253,19.6390,20.0,233.4
11254,19.6390,20.0,233.4
11255,19.6390,20.0,233.5
11256,19.6390,20.0,233.5
11257,19.6390,20.0,233.5
11258,19.6390,20.0,233.5
11259,19.6390,20.0,233.6
11260,19.6390,20.0,233.6
11261,19.6390,20.0,233.6
11262,19.6390,20.0,233.6
11263,19.6390,20.0,233.7
11264,19.6390,20.0,233.7
11265,19.6390,20.0,234.0
11266,19.6390,20.0,234.0
11267,19.6390,20.0,234.0
11268,19.6390,20.0,234.1
11269,19.6390,20.0,234.1
11270,19.6390,20.0,234.1
11271,19.6390,20.0,234.1
11272,19.6390,20.0,234.2
11273,19.6390,20.0,234.2
11274,19.6390,20.0,234.2
11275,19.6390,20.0,234.2
11276,19.6390,20.0,234.3
11277,19.6390,20.0,234.3
11278,19.6390,20.0,234.3
11279,19.6390,20.0,234.3
11280,19.6390,20.0,234.4
11281,19.6391,20.0,234.4
11282,19.6391,20.0,234.4
11283,19.6391,20.0,234.4
11284,19.6391,20.0,234.4
11285,19.6391,20.0,234.5
11286,19.6391,20.0,234.5
11287,19.6391,20.0,234.5
11288,19.6391,20.0,234.5
11289,19.6391,20.0,234.6
11290,19.6391,20.0,234.6
11291,19.6391,20.0,234.6
11292,19.6391,20.0,234.6
11293,19.6391,20.0,234.7
11294,19.6391,20.0,234.7
11295,19.6391,20.0,234.7
11296,19.6391,20.0,234.8
11297,19.6391,20.0,234.8
11298,19.6391,20.0,234.8
11299,19.6391,20.0,234.8
11300,19.6391,20.0,234.9
11301,19.6390,20.0,234.9
11302,19.6390,20.0,234.9
11303,19.6390,20.0,234.9
11304,19.6390,20.0,235.0
11305,19.6390,20.0,235.0
11306,19.6390,20.0,235.0
11307,19.6390,20.0,235.0
11308,19.6390,20.0,235.0
11309,19.6390,20.0,235.1
11310,19.6390,20.0,235.1
11311,19.6390,20.0,235.1
11312,19.6390,20.0,235.1
11313,19.6390,20.0,235.2
11314,19.6390,20.0,235.2
11315,19.6390,20.0,235.2
11316,19.6390,20.0,235.2
11317,19.6390,20.0,235.2
11318,19.6390,20.0,235.3
11319,19.6390,20.0,235.3
11320,19.6390,20.0,235.3
11321,19.6388,20.0,235.3
11322,19.6388,20.0,235.4
11323,19.6388,20.0,235.4
11324,19.6388,20.0,235.4
11325,19.6388,20.0,235.4
11326,19.6388,20.0,235.4
11327,19.6388,20.0,235.5
11328,19.6388,20.0,235.5
11329,19.6388,20.0,235.5
11330,19.6388,20.0,235.5
11331,19.6388,20.0,235.5
11332,19.6388,20.0,235.6
11333,19.6388,20.0,235.6
11334,19.6388,20.0,235.6
11335,19.6388,20.0,235.6
11336,19.6388,20.0,235.7
11337,19.6388,20.0,235.7
11338,19.6388,20.0,235.7
11339,19.6388,20.0,235.7
11340,19.6388,20.0,235.8
11341,19.6387,20.0,235.8
11342,19.6387,20.0,235.8
11343,19.6387,20.0,235.8
11344,19.6387,20.0,235.8
11345,19.6387,20.0,235.9
11346,19.6387,20.0,235.9
11347,19.6387,20.0,235.9
11348,19.6387,20.0,235.9
11349,19.6387,20.0,235.9
11350,19.6387,20.0,236.0
11351,19.6387,20.0,236.0
11352,19.6387,20.0,236.0
11353,19.6387,20.0,236.0
11354,19.6387,20.0,236.0
11355,19.6387,20.0,236.1
11356,19.6387,20.0,236.1
11357,19.6387,20.0,236.1
11358,19.6387,20.0,236.1
11359,19.6387,20.0,236.1
11360,19.6387,20.0,236.2
11361,19.6385,20.0,236.2
11362,19.6385,20.0,236.2
11363,19.6385,20.0,236.2
11364,19.6385,20.0,236.2
11365,19.6385,20.0,236.3
11366,19.6385,20.0,236.3
11367,19.6385,20.0,236.3
11368,19.6385,20.0,236.3
11369,19.6385,20.0,236.3
11370,19.6385,20.0,236.4
11371,19.6385,20.0,236.4
11372,19.6385,20.0,236.4
11373,19.6385,20.0,236.4
11374,19.6385,20.0,236.4
11375,19.6385,20.0,236.5
11376,19.6385,20.0,236.5
11377,19.6385,20.0,236.5
11378,19.6385,20.0,236.5
11379,19.6385,20.0,236.5
11380,19.6385,20.0,236.6
11381,19.6384,20.0,236.6
11382,19.6384,20.0,236.6
11383,19.6384,20.0,236.6
11384,19.6384,20.0,236.7
11385,19.6384,20.0,236.7
11386,19.6384,20.0,236.7
11387,19.6384,20.0,236.7
11388,19.6384,20.0,236.7
11389,19.6384,20.0,236.7
11390,19.6384,20.0,236.8
11391,19.6384,20.0,236.8
11392,19.6384,20.0,236.8
11393,19.6384,20.0,236.8
11394,19.6384,20.0,236.8
11395,19.6384,20.0,236.9
11396,19.6384,20.0,236.9
11397,19.6384,20.0,236.9
11398,19.6384,20.0,236.9
11399,19.6384,20.0,236.9
11400,19.6384,20.0,237.0
11401,19.6382,20.0,237.0
11402,19.6382,20.0,237.0
11403,19.6382,20.0,237.0
11404,19.6382,20.0,237.0
11405,19.6382,20.0,237.1
11406,19.6382,20.0,237.1
11407,19.6382,20.0,237.1
11408,19.6382,20.0,237.1
11409,19.6382,20.0,237.1
11410,19.6382,20.0,237.2
11411,19.6382,20.0,237.2
11412,19.6382,20.0,237.2
11413,19.6382,20.0,237.2
11414,19.6382,20.0,237.3
11415,19.6382,20.0,237.3
11416,19.6382,20.0,237.3
11417,19.6382,20.0,237.3
11418,19.6382,20.0,237.3
11419,19.6382,20.0,237.3
11420,19.6382,20.0,237.4
11421,19.6381,20.0,237.4
11422,19.6381,20.0,237.4
11423,19.6381,20.0,237.4
11424,19.6381,20.0,237.4
11425,19.6381,20.0,237.5
11426,19.6381,20.0,237.5
11427,19.6381,20.0,237.5
11428,19.6381,20.0,237.5
11429,19.6381,20.0,237.5
11430,19.6381,20.0,237.6
11431,19.6381,20.0,237.6
11432,19.6381,20.0,237.6
11433,19.6381,20.0,237.6
11434,19.6381,20.0,237.7
11435,19.6381,20.0,237.7
11436,19.6381,20.0,237.7
11437,19.6381,20.0,237.7
11438,19.6381,20.0,237.7
11439,19.6381,20.0,237.7
11440,19.6381,20.0,237.8
11441,19.6379,20.0,237.8
11442,19.6379,20.0,237.8
11443,19.6379,20.0,237.8
11444,19.6379,20.0,237.9
11445,19.6379,20.0,237.9
11446,19.6379,20.0,237.9
11447,19.6379,20.0,237.9
11448,19.6379,20.0,237.9
11449,19.6379,20.0,238.0
11450,19.6379,20.0,238.0
11451,19.6379,20.0,238.0
11452,19.6379,20.0,238.0
11453,19.6379,20.0,238.0
11454,19.6379,20.0,238.1
11455,19.6379,20.0,238.1
11456,19.6379,20.0,238.1
11457,19.6379,20.0,238.1
11458,19.6379,20.0,238.1
11459,19.6379,20.0,238.2
11460,19.6379,20.0,238.2
11461,19.6377,20.0,238.2
11462,19.6377,20.0,238.2
11463,19.6377,20.0,238.2
11464,19.6377,20.0,238.3
11465,19.6377,20.0,238.3
11466,19.6377,20.0,238.3
11467,19.6377,20.0,238.3
11468,19.6377,20.0,238.3
11469,19.6377,20.0,238.3
11470,19.6377,20.0,238.4
11471,19.6377,20.0,238.4
11472,19.6377,20.0,238.4
11473,19.6377,20.0,238.4
11474,19.6377,20.0,238.5
11475,19.6377,20.0,238.5
11476,19.6377,20.0,238.5
11477,19.6377,20.0,238.5
11478,19.6377,20.0,238.5
11479,19.6377,20.0,238.5
11480,19.6377,20.0,238.6
11481,19.6376,20.0,238.6
11482,19.6376,20.0,238.6
11483,19.6376,20.0,238.6
11484,19.6376,20.0,238.7
11485,19.6376,20.0,238.7
11486,19.6376,20.0,238.7
11487,19.6376,20.0,238.7
11488,19.6376,20.0,238.8
11489,19.6376,20.0,238.8
11490,19.6376,20.0,238.8
11491,19.6376,20.0,238.8
11492,19.6376,20.0,238.8
11493,19.6376,20.0,238.9
11494,19.6376,20.0,238.9
11495,19.6376,20.0,238.9
11496,19.6376,20.0,238.9
11497,19.6376,20.0,238.9
11498,19.6376,20.0,239.0
11499,19.6376,20.0,239.0
11500,19.6376,20.0,239.0
11501,19.6374,20.0,239.0
11502,19.6374,20.0,239.0
11503,19.6374,20.0,239.1
11504,19.6374,20.0,239.1
11505,19.6374,20.0,239.1
11506,19.6374,20.0,239.1
11507,19.6374,20.0,239.1
11508,19.6374,20.0,239.2
11509,19.6374,20.0,239.2
11510,19.6374,20.0,239.2
11511,19.6374,20.0,239.2
11512,19.6374,20.0,239.3
11513,19.6374,20.0,239.3
11514,19.6374,20.0,239.3
11515,19.6374,20.0,239.3
11516,19.6374,20.0,239.3
11517,19.6374,20.0,239.4
11518,19.6374,20.0,239.4
11519,19.6374,20.0,239.4
11520,19.6374,20.0,239.4
11521,19.6373,20.0,239.4
11522,19.6373,20.0,239.5
11523,19.6373,20.0,239.5
11524,19.6373,20.0,239.5
11525,19.6373,20.0,239.5
11526,19.6373,20.0,239.6
11527,19.6373,20.0,239.6
11528,19.6373,20.0,239.6
11529,19.6373,20.0,239.6
11530,19.6373,20.0,239.7
11531,19.6373,20.0,239.7
11532,19.6373,20.0,239.7
11533,19.6373,20.0,239.7
11534,19.6373,20.0,239.7
11535,19.6373,20.0,239.8
11536,19.6373,20.0,239.8
11537,19.6373,20.0,239.8
11538,19.6373,20.0,239.8
11539,19.6373,20.0,239.9
11540,19.6373,20.0,239.9
11541,19.6371,20.0,239.9
11542,19.6371,20.0,239.9
11543,19.6371,20.0,239.9
11544,19.6371,20.0,240.0
11545,19.6371,20.0,240.0
11546,19.6371,20.0,240.0
11547,19.6371,20.0,240.0
11548,19.6371,20.0,240.0
11549,19.6371,20.0,240.1
11550,19.6371,20.0,240.1
11551,19.6371,20.0,240.1
11552,19.6371,20.0,240.1
11553,19.6371,20.0,240.1
11554,19.6371,20.0,240.2
11555,19.6371,20.0,240.2
11556,19.6371,20.0,240.2
11557,19.6371,20.0,240.2
11558,19.6371,20.0,240.2
11559,19.6371,20.0,240.3
11560,19.6371,20.0,240.3
11561,19.6370,20.0,240.3
11562,19.6370,20.0,240.3
11563,19.6370,20.0,240.4
11564,19.6370,20.0,240.4
11565,19.6370,20.0,240.4
11566,19.6370,20.0,240.4
11567,19.6370,20.0,240.4
11568,19.6370,20.0,240.5
11569,19.6370,20.0,240.5
11570,19.6370,20.0,240.5
11571,19.6370,20.0,240.5
11572,19.6370,20.0,240.5
11573,19.6370,20.0,240.6
11574,19.6370,20.0,240.6
11575,19.6370,20.0,240.6
11576,19.6370,20.0,240.6
11577,19.6370,20.0,240.6
11578,19.6370,20.0,240.7
11579,19.6370,20.0,240.7
11580,19.6370,20.0,240.7
11581,19.6368,20.0,240.7
11582,19.6368,20.0,240.7
11583,19.6368,20.0,240.8
11584,19.6368,20.0,240.8
11585,19.6368,20.0,240.8
11586,19.6368,20.0,240.8
11587,19.6368,20.0,240.9
11588,19.6368,20.0,240.9
11589,19.6368,20.0,240.9
11590,19.6368,20.0,240.9
11591,19.6368,20.0,240.9
11592,19.6368,20.0,240.9
11593,19.6368,20.0,241.0
11594,19.6368,20.0,241.0
11595,19.6368,20.0,241.0
11596,19.6368,20.0,241.0
11597,19.6368,20.0,241.1
11598,19.6368,20.0,241.1
11599,19.6368,20.0,241.1
11600,19.6368,20.0,241.1
11601,19.6367,20.0,241.1
11602,19.6367,20.0,241.1
11603,19.6367,20.0,241.2
11604,19.6367,20.0,241.2
11605,19.6367,20.0,241.2
11606,19.6367,20.0,241.2
11607,19.6367,20.0,241.2
11608,19.6367,20.0,241.3
11609,19.6367,20.0,241.3
11610,19.6367,20.0,241.3
11611,19.6367,20.0,241.3
11612,19.6367,20.0,241.3
11613,19.6367,20.0,241.4
11614,19.6367,20.0,241.4
11615,19.6367,20.0,241.4
11616,19.6367,20.0,241.4
11617,19.6367,20.0,241.4
11618,19.6367,20.0,241.5
11619,19.6367,20.0,241.5
11620,19.6367,20.0,241.5
11621,19.6365,20.0,241.5
11622,19.6365,20.0,241.5
11623,19.6365,20.0,241.5
11624,19.6365,20.0,241.6
11625,19.6365,20.0,241.6
11626,19.6365,20.0,241.6
11627,19.6365,20.0,241.6
11628,19.6365,20.0,241.7
11629,19.6365,20.0,241.7
11630,19.6365,20.0,241.7
11631,19.6365,20.0,241.7
11632,19.6365,20.0,241.8
11633,19.6365,20.0,241.8
11634,19.6365,20.0,241.8
11635,19.6365,20.0,241.8
11636,19.6365,20.0,241.8
11637,19.6365,20.0,241.9
11638,19.6365,20.0,241.9
11639,19.6365,20.0,241.9
11640,19.6365,20.0,241.9
11641,19.6364,20.0,241.9
11642,19.6364,20.0,242.0
11643,19.6364,20.0,242.0
11644,19.6364,20.0,242.0
11645,19.6364,20.0,242.0
11646,19.6364,20.0,242.1
11647,19.6364,20.0,242.1
11648,19.6364,20.0,242.1
11649,19.6364,20.0,242.1
11650,19.6364,20.0,242.1
11651,19.6364,20.0,242.2
11652,19.6364,20.0,242.2
11653,19.6364,20.0,242.2
11654,19.6364,20.0,242.2
11655,19.6364,20.0,242.2
11656,19.6364,20.0,242.2
11657,19.6364,20.0,242.3
11658,19.6364,20.0,242.3
11659,19.6364,20.0,242.3
11660,19.6364,20.0,242.3
11661,19.6362,20.0,242.4
11662,19.6362,20.0,242.4
11663,19.6362,20.0,242.4
11664,19.6362,20.0,242.4
11665,19.6362,20.0,242.5
11666,19.6362,20.0,242.5
11667,19.6362,20.0,242.5
11668,19.6362,20.0,242.5
11669,19.6362,20.0,242.5
11670,19.6362,20.0,242.5
11671,19.6362,20.0,242.6
11672,19.6362,20.0,242.6
11673,19.6362,20.0,242.6
11674,19.6362,20.0,242.6
11675,19.6362,20.0,242.7
11676,19.6362,20.0,242.7
11677,19.6362,20.0,242.7
11678,19.6362,20.0,242.7
11679,19.6362,20.0,242.7
11680,19.6362,20.0,242.8
11681,19.6361,20.0,242.8
11682,19.6361,20.0,242.8
11683,19.6361,20.0,242.8
11684,19.6361,20.0,242.9
11685,19.6361,20.0,242.9
11686,19.6361,20.0,242.9
11687,19.6361,20.0,242.9
11688,19.6361,20.0,242.9
11689,19.6361,20.0,243.0
11690,19.6361,20.0,243.0
11691,19.6361,20.0,243.0
11692,19.6361,20.0,243.0
11693,19.6361,20.0,243.0
11694,19.6361,20.0,243.1
11695,19.6361,20.0,243.1
11696,19.6361,20.0,243.1
11697,19.6361,20.0,243.1
11698,19.6361,20.0,243.2
11699,19.6361,20.0,243.2
11700,19.6361,20.0,243.2
11701,19.6359,20.0,243.2
11702,19.6359,20.0,243.2
11703,19.6359,20.0,243.3
11704,19.6359,20.0,243.3
11705,19.6359,20.0,243.3
11706,19.6359,20.0,243.3
11707,19.6359,20.0,243.3
11708,19.6359,20.0,243.4
11709,19.6359,20.0,243.4
11710,19.6359,20.0,243.4
11711,19.6359,20.0,243.4
11712,19.6359,20.0,243.4
11713,19.6359,20.0,243.5
11714,19.6359,20.0,243.5
11715,19.6359,20.0,243.5
11716,19.6359,20.0,243.5
11717,19.6359,20.0,243.5
11718,19.6359,20.0,243.6
11719,19.6359,20.0,243.6
11720,19.6359,20.0,243.6
11721,19.6357,20.0,243.6
11722,19.6357,20.0,243.7
11723,19.6357,20.0,243.7
11724,19.6357,20.0,243.7
11725,19.6357,20.0,243.7
11726,19.6357,20.0,243.7
11727,19.6357,20.0,243.8
11728,19.6357,20.0,243.8
11729,19.6357,20.0,243.8
11730,19.6357,20.0,243.8
11731,19.6357,20.0,243.8
11732,19.6357,20.0,243.9
11733,19.6357,20.0,243.9
11734,19.6357,20.0,243.9
11735,19.6357,20.0,243.9
11736,19.6357,20.0,243.9
11737,19.6357,20.0,244.0
11738,19.6357,20.0,244.0
11739,19.6357,20.0,244.0
11740,19.6357,20.0,244.0
11741,19.6359,20.0,244.1
11742,19.6359,20.0,244.1
11743,19.6359,20.0,244.1
11744,19.6359,20.0,244.1
11745,19.6359,20.0,244.1
11746,19.6359,20.0,244.2
11747,19.6359,20.0,244.2
11748,19.6359,20.0,244.2
11749,19.6359,20.0,244.2
11750,19.6359,20.0,244.2
11751,19.6359,20.0,244.3
11752,19.6359,20.0,244.3
11753,19.6359,20.0,244.3
11754,19.6359,20.0,244.3
11755,19.6359,20.0,244.3
11756,19.6359,20.0,244.4
11757,19.6359,20.0,244.4
11758,19.6359,20.0,244.4
11759,19.6359,20.0,244.4
11760,19.6359,20.0,244.5
11761,19.6360,20.0,244.5
11762,19.6360,20.0,244.5
11763,19.6360,20.0,244.5
11764,19.6360,20.0,244.5
11765,19.6360,20.0,244.6
11766,19.6360,20.0,244.6
11767,19.6360,20.0,244.6
11768,19.6360,20.0,244.6
11769,19.6360,20.0,244.6
11770,19.6360,20.0,244.7
11771,19.6360,20.0,244.7
11772,19.6360,20.0,244.7
11773,19.6360,20.0,244.7
11774,19.6360,20.0,244.8
11775,19.6360,20.0,244.8
11776,19.6360,20.0,244.8
11777,19.6360,20.0,245.1
11778,19.6360,20.0,245.1
11779,19.6360,20.0,245.2
11780,19.6360,20.0,245.2
11781,19.6360,20.0,245.2
11782,19.6360,20.0,245.2
11783,19.6360,20.0,245.3
11784,19.6360,20.0,245.3
11785,19.6360,20.0,245.3
11786,19.6360,20.0,245.3
11787,19.6360,20.0,245.3
11788,19.6360,20.0,245.4
11789,19.6360,20.0,245.4
11790,19.6360,20.0,245.4
11791,19.6360,20.0,245.4
11792,19.6360,20.0,245.4
11793,19.6360,20.0,245.5
11794,19.6360,20.0,245.5
11795,19.6360,20.0,245.5
11796,19.6360,20.0,245.5
11797,19.6360,20.0,245.6
11798,19.6360,20.0,245.6
11799,19.6360,20.0,245.6
11800,19.6360,20.0,245.6
11801,19.6359,20.0,245.7
11802,19.6359,20.0,245.7
11803,19.6359,20.0,245.7
11804,19.6359,20.0,245.7
11805,19.6359,20.0,245.7
11806,19.6359,20.0,245.8
11807,19.6359,20.0,245.8
11808,19.6359,20.0,245.8
11809,19.6359,20.0,245.8
11810,19.6359,20.0,245.9
11811,19.6359,20.0,245.9
11812,19.6359,20.0,245.9
11813,19.6359,20.0,245.9
11814,19.6359,20.0,246.0
11815,19.6359,20.0,246.0
11816,19.6359,20.0,246.0
11817,19.6359,20.0,246.0
11818,19.6359,20.0,246.0
11819,19.6359,20.0,246.1
11820,19.6359,20.0,246.1
11821,19.6357,20.0,246.1
11822,19.6357,20.0,246.1
11823,19.6357,20.0,246.2
11824,19.6357,20.0,246.2
11825,19.6357,20.0,246.2
11826,19.6357,20.0,246.2
11827,19.6357,20.0,246.2
11828,19.6357,20.0,246.3
11829,19.6357,20.0,246.3
11830,19.6357,20.0,246.3
11831,19.6357,20.0,246.3
11832,19.6357,20.0,246.4
11833,19.6357,20.0,246.4
11834,19.6357,20.0,246.4
11835,19.6357,20.0,246.4
11836,19.6357,20.0,246.4
11837,19.6357,20.0,246.5
11838,19.6357,20.0,246.5
11839,19.6357,20.0,246.5
11840,19.6357,20.0,246.5
11841,19.6356,20.0,246.5
11842,19.6356,20.0,246.5
11843,19.6356,20.0,246.6
11844,19.6356,20.0,246.6
11845,19.6356,20.0,246.6
11846,19.6356,20.0,246.6
11847,19.6356,20.0,246.7
11848,19.6356,20.0,246.7
11849,19.6356,20.0,246.7
11850,19.6356,20.0,246.7
11851,19.6356,20.0,246.8
11852,19.6356,20.0,246.8
11853,19.6356,20.0,246.8
11854,19.6356,20.0,246.8
11855,19.6356,20.0,246.8
11856,19.6356,20.0,246.9
11857,19.6356,20.0,246.9
11858,19.6356,20.0,246.9
11859,19.6356,20.0,246.9
11860,19.6356,20.0,246.9
11861,19.6354,20.0,247.0
11862,19.6354,20.0,247.0
11863,19.6354,20.0,247.0
11864,19.6354,20.0,247.0
11865,19.6354,20.0,247.0
11866,19.6354,20.0,247.1
11867,19.6354,20.0,247.1
11868,19.6354,20.0,247.1
11869,19.6354,20.0,247.1
11870,19.6354,20.0,247.1
11871,19.6354,20.0,247.2
11872,19.6354,20.0,247.2
11873,19.6354,20.0,247.2
11874,19.6354,20.0,247.2
11875,19.6354,20.0,247.2
11876,19.6354,20.0,247.3
11877,19.6354,20.0,247.3
11878,19.6354,20.0,247.3
11879,19.6354,20.0,247.3
11880,19.6354,20.0,247.3
11881,19.6353,20.0,247.4
11882,19.6353,20.0,247.4
11883,19.6353,20.0,247.4
11884,19.6353,20.0,247.4
11885,19.6353,20.0,247.4
11886,19.6353,20.0,247.5
11887,19.6353,20.0,247.5
11888,19.6353,20.0,247.5
11889,19.6353,20.0,247.5
11890,19.6353,20.0,247.5
11891,19.6353,20.0,247.5
11892,19.6353,20.0,247.6
11893,19.6353,20.0,247.6
11894,19.6353,20.0,247.6
11895,19.6353,20.0,247.6
11896,19.6353,20.0,247.7
11897,19.6353,20.0,247.7
11898,19.6353,20.0,247.7
11899,19.6353,20.0,247.7
11900,19.6353,20.0,247.8
11901,19.6351,20.0,247.8
11902,19.6351,20.0,247.8
11903,19.6351,20.0,247.8
11904,19.6351,20.0,247.8
11905,19.6351,20.0,247.8
11906,19.6351,20.0,247.9
11907,19.6351,20.0,247.9
11908,19.6351,20.0,247.9
11909,19.6351,20.0,247.9
11910,19.6351,20.0,247.9
11911,19.6351,20.0,248.0
11912,19.6351,20.0,248.0
11913,19.6351,20.0,248.0
11914,19.6351,20.0,248.0
11915,19.6351,20.0,248.0
11916,19.6351,20.0,248.1
11917,19.6351,20.0,248.1
11918,19.6351,20.0,248.1
11919,19.6351,20.0,248.1
11920,19.6351,20.0,248.1
11921,19.6350,20.0,248.2
11922,19.6350,20.0,248.2
11923,19.6350,20.0,248.2
11924,19.6350,20.0,248.2
11925,19.6350,20.0,248.3
11926,19.6350,20.0,248.3
11927,19.6350,20.0,248.3
11928,19.6350,20.0,248.3
11929,19.6350,20.0,248.4
11930,19.6350,20.0,248.4
11931,19.6350,20.0,248.4
11932,19.6350,20.0,248.4
11933,19.6350,20.0,248.4
11934,19.6350,20.0,248.5
11935,19.6350,20.0,248.5
11936,19.6350,20.0,248.5
11937,19.6350,20.0,248.5
11938,19.6350,20.0,248.5
11939,19.6350,20.0,248.6
11940,19.6350,20.0,248.6
11941,19.6348,20.0,248.6
11942,19.6348,20.0,248.6
11943,19.6348,20.0,248.6
11944,19.6348,20.0,248.7
11945,19.6348,20.0,248.7
11946,19.6348,20.0,248.7
11947,19.6348,20.0,248.7
11948,19.6348,20.0,248.7
11949,19.6348,20.0,248.8
11950,19.6348,20.0,248.8
11951,19.6348,20.0,248.8
11952,19.6348,20.0,248.8
11953,19.6348,20.0,248.8
11954,19.6348,20.0,248.9
11955,19.6348,20.0,248.9
11956,19.6348,20.0,248.9
11957,19.6348,20.0,248.9
11958,19.6348,20.0,248.9
11959,19.6348,20.0,249.0
11960,19.6348,20.0,249.0
11961,19.6347,20.0,249.0
11962,19.6347,20.0,249.0
11963,19.6347,20.0,249.1
11964,19.6347,20.0,249.1
11965,19.6347,20.0,249.1
11966,19.6347,20.0,249.1
11967,19.6347,20.0,249.1
11968,19.6347,20.0,249.1
11969,19.6347,20.0,249.2
11970,19.6347,20.0,249.2
11971,19.6347,20.0,249.2
11972,19.6347,20.0,249.2
11973,19.6347,20.0,249.2
11974,19.6347,20.0,249.3
11975,19.6347,20.0,249.3
11976,19.6347,20.0,249.3
11977,19.6347,20.0,249.3
11978,19.6347,20.0,249.3
11979,19.6347,20.0,249.4
11980,19.6347,20.0,249.4
11981,19.6345,20.0,249.4
11982,19.6345,20.0,249.4
11983,19.6345,20.0,249.4
11984,19.6345,20.0,249.4
11985,19.6345,20.0,249.5
11986,19.6345,20.0,249.5
11987,19.6345,20.0,249.5
11988,19.6345,20.0,249.5
11989,19.6345,20.0,249.6
11990,19.6345,20.0,249.6
11991,19.6345,20.0,249.6
11992,19.6345,20.0,249.6
11993,19.6345,20.0,249.6
11994,19.6345,20.0,249.7
11995,19.6345,20.0,249.7
11996,19.6345,20.0,249.7
11997,19.6345,20.0,249.7
11998,19.6345,20.0,249.7
11999,19.6345,20.0,249.8
12000,19.6345,20.0,249.8
12001,19.6344,20.0,249.8
12002,19.6344,20.0,249.8
12003,19.6344,20.0,249.8
12004,19.6344,20.0,249.9
12005,19.6344,20.0,249.9
12006,19.6344,20.0,249.9
12007,19.6344,20.0,249.9
12008,19.6344,20.0,249.9
12009,19.6344,20.0,250.0
12010,19.6344,20.0,250.0
12011,19.6344,20.0,250.0
12012,19.6344,20.0,250.0
12013,19.6344,20.0,250.0
12014,19.6344,20.0,250.1
12015,19.6344,20.0,250.1
12016,19.6344,20.0,250.1
12017,19.6344,20.0,250.1
12018,19.6344,20.0,250.1
12019,19.6344,20.0,250.1
12020,19.6344,20.0,250.2
12021,19.6343,20.0,250.2
12022,19.6343,20.0,250.2
12023,19.6343,20.0,250.2
12024,19.6343,20.0,250.3
12025,19.6343,20.0,250.3
12026,19.6343,20.0,250.3
12027,19.6343,20.0,250.3
12028,19.6343,20.0,250.3
12029,19.6343,20.0,250.4
12030,19.6343,20.0,250.4
12031,19.6343,20.0,250.4
12032,19.6343,20.0,250.4
12033,19.6343,20.0,250.4
12034,19.6343,20.0,250.5
12035,19.6343,20.0,250.5
12036,19.6343,20.0,250.5
12037,19.6343,20.0,250.5
12038,19.6343,20.0,250.6
12039,19.6343,20.0,250.6
12040,19.6343,20.0,250.6
12041,19.6341,20.0,250.6
12042,19.6341,20.0,250.7
12043,19.6341,20.0,250.7
12044,19.6341,20.0,250.7
12045,19.6341,20.0,250.7
12046,19.6341,20.0,250.7
12047,19.6341,20.0,250.8
12048,19.6341,20.0,250.8
12049,19.6341,20.0,250.8
12050,19.6341,20.0,250.8
12051,19.6341,20.0,250.9
12052,19.6341,20.0,250.9
12053,19.6341,20.0,250.9
12054,19.6341,20.0,250.9
12055,19.6341,20.0,251.0
12056,19.6341,20.0,251.0
12057,19.6341,20.0,251.0
12058,19.6341,20.0,251.0
12059,19.6341,20.0,251.0
12060,19.6341,20.0,251.1
12061,19.6340,20.0,251.1
12062,19.6340,20.0,251.1
12063,19.6340,20.0,251.1
12064,19.6340,20.0,251.2
12065,19.6340,20.0,251.2
12066,19.6340,20.0,251.2
12067,19.6340,20.0,251.2
12068,19.6340,20.0,251.2
12069,19.6340,20.0,251.3
12070,19.6340,20.0,251.3
12071,19.6340,20.0,251.3
12072,19.6340,20.0,251.3
12073,19.6340,20.0,251.4
12074,19.6340,20.0,251.4
12075,19.6340,20.0,251.4
12076,19.6340,20.0,251.4
12077,19.6340,20.0,251.4
12078,19.6340,20.0,251.5
12079,19.6340,20.0,251.5
12080,19.6340,20.0,251.5
12081,19.6338,20.0,251.5
12082,19.6338,20.0,251.6
12083,19.6338,20.0,251.6
12084,19.6338,20.0,251.6
12085,19.6338,20.0,251.6
12086,19.6338,20.0,251.6
12087,19.6338,20.0,251.7
12088,19.6338,20.0,251.7
12089,19.6338,20.0,251.7
12090,19.6338,20.0,251.7
12091,19.6338,20.0,251.8
12092,19.6338,20.0,251.8
12093,19.6338,20.0,251.8
12094,19.6338,20.0,251.8
12095,19.6338,20.0,251.8
12096,19.6338,20.0,251.9
12097,19.6338,20.0,251.9
12098,19.6338,20.0,251.9
12099,19.6338,20.0,251.9
12100,19.6338,20.0,251.9
12101,19.6337,20.0,252.0
12102,19.6337,20.0,252.0
12103,19.6337,20.0,252.0
12104,19.6337,20.0,252.0
12105,19.6337,20.0,252.1
12106,19.6337,20.0,252.1
12107,19.6337,20.0,252.1
12108,19.6337,20.0,252.1
12109,19.6337,20.0,252.1
12110,19.6337,20.0,252.2
12111,19.6337,20.0,252.2
12112,19.6337,20.0,252.2
12113,19.6337,20.0,252.2
12114,19.6337,20.0,252.2
12115,19.6337,20.0,252.3
12116,19.6337,20.0,252.3
12117,19.6337,20.0,252.3
12118,19.6337,20.0,252.3
12119,19.6337,20.0,252.3
12120,19.6337,20.0,252.4
12121,19.6335,20.0,252.4
12122,19.6335,20.0,252.4
12123,19.6335,20.0,252.4
12124,19.6335,20.0,252.5
12125,19.6335,20.0,252.5
12126,19.6335,20.0,252.5
12127,19.6335,20.0,252.5
12128,19.6335,20.0,252.5
12129,19.6335,20.0,252.6
12130,19.6335,20.0,252.6
12131,19.6335,20.0,252.6
12132,19.6335,20.0,252.6
12133,19.6335,20.0,252.6
12134,19.6335,20.0,252.7
12135,19.6335,20.0,252.7
12136,19.6335,20.0,252.7
12137,19.6335,20.0,252.7
12138,19.6335,20.0,252.8
12139,19.6335,20.0,252.8
12140,19.6335,20.0,252.8
12141,19.6334,20.0,252.8
12142,19.6334,20.0,252.8
12143,19.6334,20.0,252.9
12144,19.6334,20.0,252.9
12145,19.6334,20.0,252.9
12146,19.6334,20.0,252.9
12147,19.6334,20.0,252.9
12148,19.6334,20.0,252.9
12149,19.6334,20.0,253.0
12150,19.6334,20.0,253.0
12151,19.6334,20.0,253.0
12152,19.6334,20.0,253.0
12153,19.6334,20.0,253.0
12154,19.6334,20.0,253.1
12155,19.6334,20.0,253.1
12156,19.6334,20.0,253.1
12157,19.6334,20.0,253.1
12158,19.6334,20.0,253.2
12159,19.6334,20.0,253.2
12160,19.6334,20.0,253.2
12161,19.6332,20.0,253.2
12162,19.6332,20.0,253.3
12163,19.6332,20.0,253.3
12164,19.6332,20.0,253.3
12165,19.6332,20.0,253.3
12166,19.6332,20.0,253.4
12167,19.6332,20.0,253.4
12168,19.6332,20.0,253.4
12169,19.6332,20.0,253.4
12170,19.6332,20.0,253.5
12171,19.6332,20.0,253.5
12172,19.6332,20.0,253.5
12173,19.6332,20.0,253.5
12174,19.6332,20.0,253.5
12175,19.6332,20.0,253.6
12176,19.6332,20.0,253.6
12177,19.6332,20.0,253.6
12178,19.6332,20.0,253.6
12179,19.6332,20.0,253.6
12180,19.6332,20.0,253.7
12181,19.6331,20.0,253.7
12182,19.6331,20.0,253.8
12183,19.6331,20.0,253.8
12184,19.6331,20.0,253.8
12185,19.6331,20.0,253.8
12186,19.6331,20.0,253.9
12187,19.6331,20.0,253.9
12188,19.6331,20.0,253.9
12189,19.6331,20.0,254.0
12190,19.6331,20.0,254.0
12191,19.6331,20.0,254.0
12192,19.6331,20.0,254.0
12193,19.6331,20.0,254.1
12194,19.6331,20.0,254.1
12195,19.6331,20.0,254.1
12196,19.6331,20.0,254.1
12197,19.6331,20.0,254.2
12198,19.6331,20.0,254.2
12199,19.6331,20.0,254.2
12200,19.6331,20.0,254.2
12201,19.6329,20.0,254.3
12202,19.6329,20.0,254.3
12203,19.6329,20.0,254.3
12204,19.6329,20.0,254.3
12205,19.6329,20.0,254.3
12206,19.6329,20.0,254.4
12207,19.6329,20.0,254.4
12208,19.6329,20.0,254.4
12209,19.6329,20.0,254.4
12210,19.6329,20.0,254.5
12211,19.6329,20.0,254.5
12212,19.6329,20.0,254.5
12213,19.6329,20.0,254.5
12214,19.6329,20.0,254.5
12215,19.6329,20.0,254.6
12216,19.6329,20.0,254.6
12217,19.6329,20.0,254.6
12218,19.6329,20.0,254.6
12219,19.6329,20.0,254.7
12220,19.6329,20.0,254.7
12221,19.6328,20.0,254.7
12222,19.6328,20.0,254.7
12223,19.6328,20.0,254.8
12224,19.6328,20.0,254.8
12225,19.6328,20.0,254.8
12226,19.6328,20.0,254.8
12227,19.6328,20.0,254.8
12228,19.6328,20.0,254.9
12229,19.6328,20.0,254.9
12230,19.6328,20.0,254.9
12231,19.6328,20.0,254.9
12232,19.6328,20.0,254.9
12233,19.6328,20.0,255.0
12234,19.6328,20.0,255.0
12235,19.6328,20.0,255.0
12236,19.6328,20.0,255.0
12237,19.6328,20.0,255.0
12238,19.6328,20.0,255.1
12239,19.6328,20.0,255.1
12240,19.6328,20.0,255.1
12241,19.6326,20.0,255.1
12242,19.6326,20.0,255.1
12243,19.6326,20.0,255.2
12244,19.6326,20.0,255.2
12245,19.6326,20.0,255.2
12246,19.6326,20.0,255.2
12247,19.6326,20.0,255.2
12248,19.6326,20.0,255.3
12249,19.6326,20.0,255.3
12250,19.6326,20.0,255.3
12251,19.6326,20.0,255.3
12252,19.6326,20.0,255.3
12253,19.6326,20.0,255.3
12254,19.6326,20.0,255.4
12255,19.6326,20.0,255.4
12256,19.6326,20.0,255.4
12257,19.6326,20.0,255.4
12258,19.6326,20.0,255.4
12259,19.6326,20.0,255.5
12260,19.6326,20.0,255.5
12261,19.6525,20.0,255.5
12262,19.6525,20.0,255.5
12263,19.6525,20.0,255.6
12264,19.6525,20.0,255.6
12265,19.6525,20.0,255.6
12266,19.6525,20.0,255.6
12267,19.6525,20.0,255.7
12268,19.6525,20.0,255.7
12269,19.6525,20.0,255.7
12270,19.6525,20.0,255.7
12271,19.6525,20.0,255.7
12272,19.6525,20.0,255.8
12273,19.6525,20.0,255.8
12274,19.6525,20.0,255.8
12275,19.6525,20.0,255.8
12276,19.6525,20.0,255.9
12277,19.6525,20.0,255.9
12278,19.6525,20.0,255.9
12279,19.6525,20.0,255.9
12280,19.6525,20.0,256.0
12281,19.6724,20.0,256.0
12282,19.6724,20.0,256.0
12283,19.6724,20.0,256.0
12284,19.6724,20.0,256.0
12285,19.6724,20.0,256.1
12286,19.6724,20.0,256.1
12287,19.6724,20.0,256.1
12288,19.6724,20.0,256.1
12289,19.6724,20.0,256.5
12290,19.6724,20.0,256.5
12291,19.6724,20.0,256.5
12292,19.6724,20.0,256.5
12293,19.6724,20.0,256.5
12294,19.6724,20.0,256.6
12295,19.6724,20.0,256.6
12296,19.6724,20.0,256.6
12297,19.6724,20.0,256.6
12298,19.6724,20.0,256.6
12299,19.6724,20.0,256.7
12300,19.6724,20.0,256.7
12301,19.6728,20.0,256.7
12302,19.6728,20.0,256.7
12303,19.6728,20.0,256.8
12304,19.6728,20.0,256.8
12305,19.6728,20.0,256.8
12306,19.6728,20.0,256.8
12307,19.6728,20.0,256.8
12308,19.6728,20.0,256.9
12309,19.6728,20.0,256.9
12310,19.6728,20.0,256.9
12311,19.6728,20.0,256.9
12312,19.6728,20.0,257.0
12313,19.6728,20.0,257.0
12314,19.6728,20.0,257.0
12315,19.6728,20.0,257.0
12316,19.6728,20.0,257.0
12317,19.6728,20.0,257.1
12318,19.6728,20.0,257.1
12319,19.6728,20.0,257.1
12320,19.6728,20.0,257.1
12321,19.6732,20.0,257.1
12322,19.6732,20.0,257.2
12323,19.6732,20.0,257.2
12324,19.6732,20.0,257.2
12325,19.6732,20.0,257.2
12326,19.6732,20.0,257.2
12327,19.6732,20.0,257.3
12328,19.6732,20.0,257.3
12329,19.6732,20.0,257.3
12330,19.6732,20.0,257.3
12331,19.6732,20.0,257.3
12332,19.6732,20.0,257.4
12333,19.6732,20.0,257.4
12334,19.6732,20.0,257.4
12335,19.6732,20.0,257.4
12336,19.6732,20.0,257.4
12337,19.6732,20.0,257.5
12338,19.6732,20.0,257.5
12339,19.6732,20.0,257.5
12340,19.6732,20.0,257.5
12341,19.6736,20.0,257.5
12342,19.6736,20.0,257.6
12343,19.6736,20.0,257.6
12344,19.6736,20.0,257.6
12345,19.6736,20.0,257.6
12346,19.6736,20.0,257.6
12347,19.6736,20.0,257.7
12348,19.6736,20.0,257.7
12349,19.6736,20.0,257.7
12350,19.6736,20.0,257.7
12351,19.6736,20.0,257.8
12352,19.6736,20.0,257.8
12353,19.6736,20.0,257.8
12354,19.6736,20.0,257.8
12355,19.6736,20.0,257.8
12356,19.6736,20.0,257.9
12357,19.6736,20.0,257.9
12358,19.6736,20.0,257.9
12359,19.6736,20.0,257.9
12360,19.6736,20.0,257.9
12361,19.6739,20.0,258.0
12362,19.6739,20.0,258.0
12363,19.6739,20.0,258.0
12364,19.6739,20.0,258.0
12365,19.6739,20.0,258.0
12366,19.6739,20.0,258.1
12367,19.6739,20.0,258.1
12368,19.6739,20.0,258.1
12369,19.6739,20.0,258.1
12370,19.6739,20.0,258.2
12371,19.6739,20.0,258.2
12372,19.6739,20.0,258.2
12373,19.6739,20.0,258.2
12374,19.6739,20.0,258.2
12375,19.6739,20.0,258.3
12376,19.6739,20.0,258.3
12377,19.6739,20.0,258.3
12378,19.6739,20.0,258.3
12379,19.6739,20.0,258.3
12380,19.6739,20.0,258.3
12381,19.6743,20.0,258.4
12382,19.6743,20.0,258.4
12383,19.6743,20.0,258.4
12384,19.6743,20.0,258.4
12385,19.6743,20.0,258.4
12386,19.6743,20.0,258.5
12387,19.6743,20.0,258.5
12388,19.6743,20.0,258.5
12389,19.6743,20.0,258.5
12390,19.6743,20.0,258.6
12391,19.6743,20.0,258.6
12392,19.6743,20.0,258.6
12393,19.6743,20.0,258.6
12394,19.6743,20.0,258.6
12395,19.6743,20.0,258.6
12396,19.6743,20.0,258.7
12397,19.6743,20.0,258.7
12398,19.6743,20.0,258.7
12399,19.6743,20.0,258.7
12400,19.6743,20.0,258.8
12401,19.6747,20.0,258.8
12402,19.6747,20.0,258.8
12403,19.6747,20.0,258.8
12404,19.6747,20.0,258.8
12405,19.6747,20.0,258.9
12406,19.6747,20.0,258.9
12407,19.6747,20.0,258.9
12408,19.6747,20.0,258.9
12409,19.6747,20.0,258.9
12410,19.6747,20.0,259.0
12411,19.6747,20.0,259.0
12412,19.6747,20.0,259.0
12413,19.6747,20.0,259.0
12414,19.6747,20.0,259.1
12415,19.6747,20.0,259.1
12416,19.6747,20.0,259.1
12417,19.6747,20.0,259.1
12418,19.6747,20.0,259.1
12419,19.6747,20.0,259.2
12420,19.6747,20.0,259.2
12421,19.6751,20.0,259.2
12422,19.6751,20.0,259.2
12423,19.6751,20.0,259.2
12424,19.6751,20.0,259.3
12425,19.6751,20.0,259.3
12426,19.6751,20.0,259.3
12427,19.6751,20.0,259.3
12428,19.6751,20.0,259.3
12429,19.6751,20.0,259.4
12430,19.6751,20.0,259.4
12431,19.6751,20.0,259.4
12432,19.6751,20.0,259.4
12433,19.6751,20.0,259.5
12434,19.6751,20.0,259.5
12435,19.6751,20.0,259.5
12436,19.6751,20.0,259.5
12437,19.6751,20.0,259.5
12438,19.6751,20.0,259.6
12439,19.6751,20.0,259.6
12440,19.6751,20.0,259.6
12441,19.6754,20.0,259.7
12442,19.6754,20.0,259.7
12443,19.6754,20.0,259.7
12444,19.6754,20.0,259.7
12445,19.6754,20.0,259.8
12446,19.6754,20.0,259.8
12447,19.6754,20.0,259.8
12448,19.6754,20.0,259.9
12449,19.6754,20.0,259.9
12450,19.6754,20.0,259.9
12451,19.6754,20.0,260.0
12452,19.6754,20.0,260.0
12453,19.6754,20.0,260.0
12454,19.6754,20.0,260.0
12455,19.6754,20.0,260.1
12456,19.6754,20.0,260.1
12457,19.6754,20.0,260.1
12458,19.6754,20.0,260.1
12459,19.6754,20.0,260.1
12460,19.6754,20.0,260.2
12461,19.6758,20.0,260.2
12462,19.6758,20.0,260.2
12463,19.6758,20.0,260.2
12464,19.6758,20.0,260.3
12465,19.6758,20.0,260.3
12466,19.6758,20.0,260.3
12467,19.6758,20.0,260.3
12468,19.6758,20.0,260.3
12469,19.6758,20.0,260.4
12470,19.6758,20.0,260.4
12471,19.6758,20.0,260.4
12472,19.6758,20.0,260.4
12473,19.6758,20.0,260.5
12474,19.6758,20.0,260.5
12475,19.6758,20.0,260.5
12476,19.6758,20.0,260.5
12477,19.6758,20.0,260.5
12478,19.6758,20.0,260.6
12479,19.6758,20.0,260.6
12480,19.6758,20.0,260.6
12481,19.6762,20.0,260.6
12482,19.6762,20.0,260.6
12483,19.6762,20.0,260.7
12484,19.6762,20.0,260.7
12485,19.6762,20.0,260.7
12486,19.6762,20.0,260.7
12487,19.6762,20.0,260.7
12488,19.6762,20.0,260.8
12489,19.6762,20.0,260.8
12490,19.6762,20.0,260.8
12491,19.6762,20.0,260.8
12492,19.6762,20.0,260.9
12493,19.6762,20.0,260.9
12494,19.6762,20.0,260.9
12495,19.6762,20.0,260.9
12496,19.6762,20.0,260.9
12497,19.6762,20.0,261.0
12498,19.6762,20.0,261.0
12499,19.6762,20.0,261.0
12500,19.6762,20.0,261.0
12501,19.6766,20.0,261.1
12502,19.6766,20.0,261.1
12503,19.6766,20.0,261.1
12504,19.6766,20.0,261.1
12505,19.6766,20.0,261.1
12506,19.6766,20.0,261.2
12507,19.6766,20.0,261.2
12508,19.6766,20.0,261.2
12509,19.6766,20.0,261.2
12510,19.6766,20.0,261.3
12511,19.6766,20.0,261.3
12512,19.6766,20.0,261.3
12513,19.6766,20.0,261.3
12514,19.6766,20.0,261.3
12515,19.6766,20.0,261.4
12516,19.6766,20.0,261.4
12517,19.6766,20.0,261.4
12518,19.6766,20.0,261.4
12519,19.6766,20.0,261.4
12520,19.6766,20.0,261.4
12521,19.6769,20.0,261.5
12522,19.6769,20.0,261.5
12523,19.6769,20.0,261.5
12524,19.6769,20.0,261.5
12525,19.6769,20.0,261.5
12526,19.6769,20.0,261.6
12527,19.6769,20.0,261.6
12528,19.6769,20.0,261.6
12529,19.6769,20.0,261.6
12530,19.6769,20.0,261.6
12531,19.6769,20.0,261.7
12532,19.6769,20.0,261.7
12533,19.6769,20.0,261.7
12534,19.6769,20.0,261.7
12535,19.6769,20.0,261.7
12536,19.6769,20.0,261.8
12537,19.6769,20.0,261.8
12538,19.6769,20.0,261.8
12539,19.6769,20.0,261.8
12540,19.6769,20.0,261.8
12541,19.6773,20.0,261.9
12542,19.6773,20.0,261.9
12543,19.6773,20.0,261.9
12544,19.6773,20.0,261.9
12545,19.6773,20.0,261.9
12546,19.6773,20.0,262.0
12547,19.6773,20.0,262.0
12548,19.6773,20.0,262.0
12549,19.6773,20.0,262.0
12550,19.6773,20.0,262.0
12551,19.6773,20.0,262.1
12552,19.6773,20.0,262.1
12553,19.6773,20.0,262.1
12554,19.6773,20.0,262.1
12555,19.6773,20.0,262.1
12556,19.6773,20.0,262.1
12557,19.6773,20.0,262.2
12558,19.6773,20.0,262.2
12559,19.6773,20.0,262.2
12560,19.6773,20.0,262.2
12561,19.6777,20.0,262.3
12562,19.6777,20.0,262.3
12563,19.6777,20.0,262.3
12564,19.6777,20.0,262.3
12565,19.6777,20.0,262.3
12566,19.6777,20.0,262.4
12567,19.6777,20.0,262.4
12568,19.6777,20.0,262.4
12569,19.6777,20.0,262.4
12570,19.6777,20.0,262.4
12571,19.6777,20.0,262.5
12572,19.6777,20.0,262.5
12573,19.6777,20.0,262.5
12574,19.6777,20.0,262.5
12575,19.6777,20.0,262.6
12576,19.6777,20.0,262.6
12577,19.6777,20.0,262.6
12578,19.6777,20.0,262.6
12579,19.6777,20.0,262.7
12580,19.6777,20.0,262.7
12581,19.6781,20.0,262.7
12582,19.6781,20.0,262.7
12583,19.6781,20.0,262.7
12584,19.6781,20.0,262.8
12585,19.6781,20.0,262.8
12586,19.6781,20.0,262.8
12587,19.6781,20.0,262.8
12588,19.6781,20.0,262.9
12589,19.6781,20.0,262.9
12590,19.6781,20.0,262.9
12591,19.6781,20.0,262.9
12592,19.6781,20.0,262.9
12593,19.6781,20.0,263.0
12594,19.6781,20.0,263.0
12595,19.6781,20.0,263.0
12596,19.6781,20.0,263.0
12597,19.6781,20.0,263.0
12598,19.6781,20.0,263.1
12599,19.6781,20.0,263.1
12600,19.6781,20.0,263.1
12601,19.6784,20.0,263.1
12602,19.6784,20.0,263.2
12603,19.6784,20.0,263.2
12604,19.6784,20.0,263.2
12605,19.6784,20.0,263.2
12606,19.6784,20.0,263.2
12607,19.6784,20.0,263.3
12608,19.6784,20.0,263.3
12609,19.6784,20.0,263.3
12610,19.6784,20.0,263.3
12611,19.6784,20.0,263.4
12612,19.6784,20.0,263.4
12613,19.6784,20.0,263.4
12614,19.6784,20.0,263.4
12615,19.6784,20.0,263.4
12616,19.6784,20.0,263.5
12617,19.6784,20.0,263.5
12618,19.6784,20.0,263.5
12619,19.6784,20.0,263.5
12620,19.6784,20.0,263.6
12621,19.6788,20.0,263.6
12622,19.6788,20.0,263.6
12623,19.6788,20.0,263.6
12624,19.6788,20.0,263.6
12625,19.6788,20.0,263.6
12626,19.6788,20.0,263.7
12627,19.6788,20.0,263.7
12628,19.6788,20.0,263.7
12629,19.6788,20.0,263.7
12630,19.6788,20.0,263.8
12631,19.6788,20.0,263.8
12632,19.6788,20.0,263.8
12633,19.6788,20.0,263.8
12634,19.6788,20.0,263.8
12635,19.6788,20.0,263.9
12636,19.6788,20.0,263.9
12637,19.6788,20.0,263.9
12638,19.6788,20.0,263.9
12639,19.6788,20.0,264.0
12640,19.6788,20.0,264.0
12641,19.6792,20.0,264.0
12642,19.6792,20.0,264.0
12643,19.6792,20.0,264.0
12644,19.6792,20.0,264.1
12645,19.6792,20.0,264.1
12646,19.6792,20.0,264.1
12647,19.6792,20.0,264.1
12648,19.6792,20.0,264.1
12649,19.6792,20.0,264.2
12650,19.6792,20.0,264.2
12651,19.6792,20.0,264.2
12652,19.6792,20.0,264.2
12653,19.6792,20.0,264.3
12654,19.6792,20.0,264.3
12655,19.6792,20.0,264.3
12656,19.6792,20.0,264.3
12657,19.6792,20.0,264.3
12658,19.6792,20.0,264.4
12659,19.6792,20.0,264.4
12660,19.6792,20.0,264.4
12661,19.6796,20.0,264.4
12662,19.6796,20.0,264.5
12663,19.6796,20.0,264.5
12664,19.6796,20.0,264.5
12665,19.6796,20.0,264.5
12666,19.6796,20.0,264.5
12667,19.6796,20.0,264.6
12668,19.6796,20.0,264.6
12669,19.6796,20.0,264.6
12670,19.6796,20.0,264.6
12671,19.6796,20.0,264.6
12672,19.6796,20.0,264.7
12673,19.6796,20.0,264.7
12674,19.6796,20.0,264.7
12675,19.6796,20.0,264.7
12676,19.6796,20.0,264.8
12677,19.6796,20.0,264.8
12678,19.6796,20.0,264.8
12679,19.6796,20.0,264.8
12680,19.6796,20.0,264.8
12681,19.6799,20.0,264.9
12682,19.6799,20.0,264.9
12683,19.6799,20.0,264.9
12684,19.6799,20.0,264.9
12685,19.6799,20.0,264.9
12686,19.6799,20.0,265.0
12687,19.6799,20.0,265.0
12688,19.6799,20.0,265.0
12689,19.6799,20.0,265.0
12690,19.6799,20.0,265.0
12691,19.6799,20.0,265.1
12692,19.6799,20.0,265.1
12693,19.6799,20.0,265.1
12694,19.6799,20.0,265.1
12695,19.6799,20.0,265.1
12696,19.6799,20.0,265.2
12697,19.6799,20.0,265.2
12698,19.6799,20.0,265.2
12699,19.6799,20.0,265.2
12700,19.6799,20.0,265.3
12701,19.6803,20.0,265.3
12702,19.6803,20.0,265.3
12703,19.6803,20.0,265.3
12704,19.6803,20.0,265.3
12705,19.6803,20.0,265.4
12706,19.6803,20.0,265.4
12707,19.6803,20.0,265.4
12708,19.6803,20.0,265.4
12709,19.6803,20.0,265.4
12710,19.6803,20.0,265.5
12711,19.6803,20.0,265.5
12712,19.6803,20.0,265.5
12713,19.6803,20.0,265.5
12714,19.6803,20.0,265.6
12715,19.6803,20.0,265.6
12716,19.6803,20.0,265.6
12717,19.6803,20.0,265.6
12718,19.6803,20.0,265.6
12719,19.6803,20.0,265.7
12720,19.6803,20.0,265.7
12721,19.6807,20.0,265.7
12722,19.6807,20.0,265.7
12723,19.6807,20.0,265.8
12724,19.6807,20.0,265.8
12725,19.6807,20.0,265.8
12726,19.6807,20.0,265.8
12727,19.6807,20.0,265.9
12728,19.6807,20.0,265.9
12729,19.6807,20.0,265.9
12730,19.6807,20.0,265.9
12731,19.6807,20.0,265.9
12732,19.6807,20.0,266.0
12733,19.6807,20.0,266.0
12734,19.6807,20.0,266.0
12735,19.6807,20.0,266.0
12736,19.6807,20.0,266.0
12737,19.6807,20.0,266.0
12738,19.6807,20.0,266.1
12739,19.6807,20.0,266.1
12740,19.6807,20.0,266.1
12741,19.6811,20.0,266.1
12742,19.6811,20.0,266.1
12743,19.6811,20.0,266.2
12744,19.6811,20.0,266.2
12745,19.6811,20.0,266.2
12746,19.6811,20.0,266.2
12747,19.6811,20.0,266.2
12748,19.6811,20.0,266.3
12749,19.6811,20.0,266.3
12750,19.6811,20.0,266.3
12751,19.6811,20.0,266.3
12752,19.6811,20.0,266.3
12753,19.6811,20.0,266.4
12754,19.6811,20.0,266.4
12755,19.6811,20.0,266.4
12756,19.6811,20.0,266.4
12757,19.6811,20.0,266.4
12758,19.6811,20.0,266.5
12759,19.6811,20.0,266.5
12760,19.6811,20.0,266.5
12761,19.6615,20.0,266.5
12762,19.6615,20.0,266.5
12763,19.6615,20.0,266.6
12764,19.6615,20.0,266.6
12765,19.6615,20.0,266.6
12766,19.6615,20.0,266.6
12767,19.6615,20.0,266.6
12768,19.6615,20.0,266.7
12769,19.6615,20.0,266.7
12770,19.6615,20.0,266.7
12771,19.6615,20.0,266.7
12772,19.6615,20.0,266.8
12773,19.6615,20.0,266.8
12774,19.6615,20.0,266.8
12775,19.6615,20.0,266.8
12776,19.6615,20.0,266.8
12777,19.6615,20.0,266.9
12778,19.6615,20.0,266.9
12779,19.6615,20.0,266.9
12780,19.6615,20.0,266.9
12781,19.6415,20.0,266.9
12782,19.6415,20.0,267.0
12783,19.6415,20.0,267.0
12784,19.6415,20.0,267.0
12785,19.6415,20.0,267.0
12786,19.6415,20.0,267.0
12787,19.6415,20.0,267.1
12788,19.6415,20.0,267.1
12789,19.6415,20.0,267.1
12790,19.6415,20.0,267.1
12791,19.6415,20.0,267.1
12792,19.6415,20.0,267.2
12793,19.6415,20.0,267.2
12794,19.6415,20.0,267.2
12795,19.6415,20.0,267.2
12796,19.6415,20.0,267.2
12797,19.6415,20.0,267.3
12798,19.6415,20.0,267.3
12799,19.6415,20.0,267.3
12800,19.6415,20.0,267.3
12801,19.6215,20.0,267.6
12802,19.6215,20.0,267.6
12803,19.6215,20.0,267.6
12804,19.6215,20.0,267.7
12805,19.6215,20.0,267.7
12806,19.6215,20.0,267.7
12807,19.6215,20.0,267.7
12808,19.6215,20.0,267.7
12809,19.6215,20.0,267.8
12810,19.6215,20.0,267.8
12811,19.6215,20.0,267.8
12812,19.6215,20.0,267.8
12813,19.6215,20.0,267.8
12814,19.6215,20.0,267.9
12815,19.6215,20.0,267.9
12816,19.6215,20.0,267.9
12817,19.6215,20.0,267.9
12818,19.6215,20.0,267.9
12819,19.6215,20.0,268.0
12820,19.6215,20.0,268.0
12821,19.6212,20.0,268.0
12822,19.6212,20.0,268.0
12823,19.6212,20.0,268.1
12824,19.6212,20.0,268.1
12825,19.6212,20.0,268.1
12826,19.6212,20.0,268.1
12827,19.6212,20.0,268.1
12828,19.6212,20.0,268.2
12829,19.6212,20.0,268.2
12830,19.6212,20.0,268.2
12831,19.6212,20.0,268.2
12832,19.6212,20.0,268.3
12833,19.6212,20.0,268.3
12834,19.6212,20.0,268.3
12835,19.6212,20.0,268.3
12836,19.6212,20.0,268.3
12837,19.6212,20.0,268.4
12838,19.6212,20.0,268.4
12839,19.6212,20.0,268.4
12840,19.6212,20.0,268.4
12841,19.6209,20.0,268.5
12842,19.6209,20.0,268.5
12843,19.6209,20.0,268.5
12844,19.6209,20.0,268.5
12845,19.6209,20.0,268.5
12846,19.6209,20.0,268.6
12847,19.6209,20.0,268.6
12848,19.6209,20.0,268.6
12849,19.6209,20.0,268.6
12850,19.6209,20.0,268.6
12851,19.6209,20.0,268.7
12852,19.6209,20.0,268.7
12853,19.6209,20.0,268.7
12854,19.6209,20.0,268.7
12855,19.6209,20.0,268.8
12856,19.6209,20.0,268.8
12857,19.6209,20.0,268.8
12858,19.6209,20.0,268.8
12859,19.6209,20.0,268.9
12860,19.6209,20.0,268.9
12861,19.6206,20.0,268.9
12862,19.6206,20.0,268.9
12863,19.6206,20.0,268.9
12864,19.6206,20.0,269.0
12865,19.6206,20.0,269.0
12866,19.6206,20.0,269.0
12867,19.6206,20.0,269.0
12868,19.6206,20.0,269.0
12869,19.6206,20.0,269.1
12870,19.6206,20.0,269.1
12871,19.6206,20.0,269.1
12872,19.6206,20.0,269.1
12873,19.6206,20.0,269.1
12874,19.6206,20.0,269.2
12875,19.6206,20.0,269.2
12876,19.6206,20.0,269.2
12877,19.6206,20.0,269.2
12878,19.6206,20.0,269.2
12879,19.6206,20.0,269.3
12880,19.6206,20.0,269.3
12881,19.6203,20.0,269.3
12882,19.6203,20.0,269.3
12883,19.6203,20.0,269.3
12884,19.6203,20.0,269.4
12885,19.6203,20.0,269.4
12886,19.6203,20.0,269.4
12887,19.6203,20.0,269.4
12888,19.6203,20.0,269.4
12889,19.6203,20.0,269.5
12890,19.6203,20.0,269.5
12891,19.6203,20.0,269.5
12892,19.6203,20.0,269.5
12893,19.6203,20.0,269.5
12894,19.6203,20.0,269.5
12895,19.6203,20.0,269.6
12896,19.6203,20.0,269.6
12897,19.6203,20.0,269.6
12898,19.6203,20.0,269.6
12899,19.6203,20.0,269.6
12900,19.6203,20.0,269.7
12901,19.6200,20.0,269.7
12902,19.6200,20.0,269.7
12903,19.6200,20.0,269.7
12904,19.6200,20.0,269.7
12905,19.6200,20.0,269.8
12906,19.6200,20.0,269.8
12907,19.6200,20.0,269.8
12908,19.6200,20.0,269.8
12909,19.6200,20.0,269.9
12910,19.6200,20.0,269.9
12911,19.6200,20.0,269.9
12912,19.6200,20.0,269.9
12913,19.6200,20.0,269.9
12914,19.6200,20.0,270.0
12915,19.6200,20.0,270.0
12916,19.6200,20.0,270.0
12917,19.6200,20.0,270.0
12918,19.6200,20.0,270.1
12919,19.6200,20.0,270.1
12920,19.6200,20.0,270.1
12921,19.6197,20.0,270.1
12922,19.6197,20.0,270.1
12923,19.6197,20.0,270.2
12924,19.6197,20.0,270.2
12925,19.6197,20.0,270.2
12926,19.6197,20.0,270.2
12927,19.6197,20.0,270.2
12928,19.6197,20.0,270.3
12929,19.6197,20.0,270.3
12930,19.6197,20.0,270.3
12931,19.6197,20.0,270.3
12932,19.6197,20.0,270.3
12933,19.6197,20.0,270.4
12934,19.6197,20.0,270.4
12935,19.6197,20.0,270.4
12936,19.6197,20.0,270.4
12937,19.6197,20.0,270.4
12938,19.6197,20.0,270.5
12939,19.6197,20.0,270.5
12940,19.6197,20.0,270.5
12941,19.6194,20.0,270.5
12942,19.6194,20.0,270.5
12943,19.6194,20.0,270.5
12944,19.6194,20.0,270.6
12945,19.6194,20.0,270.6
12946,19.6194,20.0,270.6
12947,19.6194,20.0,270.6
12948,19.6194,20.0,270.6
12949,19.6194,20.0,270.7
12950,19.6194,20.0,270.7
12951,19.6194,20.0,270.7
12952,19.6194,20.0,270.7
12953,19.6194,20.0,270.7
12954,19.6194,20.0,270.8
12955,19.6194,20.0,270.8
12956,19.6194,20.0,270.8
12957,19.6194,20.0,270.8
12958,19.6194,20.0,270.9
12959,19.6194,20.0,270.9
12960,19.6194,20.0,270.9
12961,19.6191,20.0,270.9
12962,19.6191,20.0,270.9
12963,19.6191,20.0,270.9
12964,19.6191,20.0,271.0
12965,19.6191,20.0,271.0
12966,19.6191,20.0,271.0
12967,19.6191,20.0,271.0
12968,19.6191,20.0,271.1
12969,19.6191,20.0,271.1
12970,19.6191,20.0,271.1
12971,19.6191,20.0,271.1
12972,19.6191,20.0,271.1
12973,19.6191,20.0,271.2
12974,19.6191,20.0,271.2
12975,19.6191,20.0,271.2
12976,19.6191,20.0,271.2
12977,19.6191,20.0,271.2
12978,19.6191,20.0,271.3
12979,19.6191,20.0,271.3
12980,19.6191,20.0,271.3
12981,19.6187,20.0,271.3
12982,19.6187,20.0,271.3
12983,19.6187,20.0,271.4
12984,19.6187,20.0,271.4
12985,19.6187,20.0,271.4
12986,19.6187,20.0,271.4
12987,19.6187,20.0,271.4
12988,19.6187,20.0,271.4
12989,19.6187,20.0,271.5
12990,19.6187,20.0,271.5
12991,19.6187,20.0,271.5
12992,19.6187,20.0,271.5
12993,19.6187,20.0,271.5
12994,19.6187,20.0,271.6
12995,19.6187,20.0,271.6
12996,19.6187,20.0,271.6
12997,19.6187,20.0,271.6
12998,19.6187,20.0,271.6
12999,19.6187,20.0,271.7
13000,19.6187,20.0,271.7
13001,19.6184,20.0,271.7
13002,19.6184,20.0,271.7
13003,19.6184,20.0,271.7
13004,19.6184,20.0,271.8
13005,19.6184,20.0,271.8
13006,19.6184,20.0,271.8
13007,19.6184,20.0,271.8
13008,19.6184,20.0,271.9
13009,19.6184,20.0,271.9
13010,19.6184,20.0,271.9
13011,19.6184,20.0,271.9
13012,19.6184,20.0,271.9
13013,19.6184,20.0,271.9
13014,19.6184,20.0,272.0
13015,19.6184,20.0,272.0
13016,19.6184,20.0,272.0
13017,19.6184,20.0,272.0
13018,19.6184,20.0,272.1
13019,19.6184,20.0,272.1
13020,19.6184,20.0,272.1
13021,19.6181,20.0,272.1
13022,19.6181,20.0,272.1
13023,19.6181,20.0,272.2
13024,19.6181,20.0,272.2
13025,19.6181,20.0,272.2
13026,19.6181,20.0,272.2
13027,19.6181,20.0,272.3
13028,19.6181,20.0,272.3
13029,19.6181,20.0,272.3
13030,19.6181,20.0,272.3
13031,19.6181,20.0,272.3
13032,19.6181,20.0,272.4
13033,19.6181,20.0,272.4
13034,19.6181,20.0,272.4
13035,19.6181,20.0,272.4
13036,19.6181,20.0,272.4
13037,19.6181,20.0,272.4
13038,19.6181,20.0,272.5
13039,19.6181,20.0,272.5
13040,19.6181,20.0,272.5
13041,19.6178,20.0,272.5
13042,19.6178,20.0,272.5
13043,19.6178,20.0,272.6
13044,19.6178,20.0,272.6
13045,19.6178,20.0,272.6
13046,19.6178,20.0,272.6
13047,19.6178,20.0,272.6
13048,19.6178,20.0,272.7
13049,19.6178,20.0,272.7
13050,19.6178,20.0,272.7
13051,19.6178,20.0,272.7
13052,19.6178,20.0,272.7
13053,19.6178,20.0,272.8
13054,19.6178,20.0,272.8
13055,19.6178,20.0,272.8
13056,19.6178,20.0,272.8
13057,19.6178,20.0,272.8
13058,19.6178,20.0,272.9
13059,19.6178,20.0,272.9
13060,19.6178,20.0,272.9
13061,19.6175,20.0,272.9
13062,19.6175,20.0,273.0
13063,19.6175,20.0,273.0
13064,19.6175,20.0,273.0
13065,19.6175,20.0,273.0
13066,19.6175,20.0,273.0
13067,19.6175,20.0,273.1
13068,19.6175,20.0,273.1
13069,19.6175,20.0,273.1
13070,19.6175,20.0,273.1
13071,19.6175,20.0,273.1
13072,19.6175,20.0,273.2
13073,19.6175,20.0,273.2
13074,19.6175,20.0,273.2
13075,19.6175,20.0,273.2
13076,19.6175,20.0,273.3
13077,19.6175,20.0,273.3
13078,19.6175,20.0,273.3
13079,19.6175,20.0,273.3
13080,19.6175,20.0,273.3
13081,19.6172,20.0,273.4
13082,19.6172,20.0,273.4
13083,19.6172,20.0,273.4
13084,19.6172,20.0,273.4
13085,19.6172,20.0,273.4
13086,19.6172,20.0,273.5
13087,19.6172,20.0,273.5
13088,19.6172,20.0,273.5
13089,19.6172,20.0,273.5
13090,19.6172,20.0,273.6
13091,19.6172,20.0,273.6
13092,19.6172,20.0,273.6
13093,19.6172,20.0,273.6
13094,19.6172,20.0,273.6
13095,19.6172,20.0,273.7
13096,19.6172,20.0,273.7
13097,19.6172,20.0,273.7
13098,19.6172,20.0,273.7
13099,19.6172,20.0,273.7
13100,19.6172,20.0,273.8
13101,19.6169,20.0,273.8
13102,19.6169,20.0,273.8
13103,19.6169,20.0,273.8
13104,19.6169,20.0,273.9
13105,19.6169,20.0,273.9
13106,19.6169,20.0,273.9
13107,19.6169,20.0,273.9
13108,19.6169,20.0,273.9
13109,19.6169,20.0,274.0
13110,19.6169,20.0,274.0
13111,19.6169,20.0,274.0
13112,19.6169,20.0,274.0
13113,19.6169,20.0,274.0
13114,19.6169,20.0,274.1
13115,19.6169,20.0,274.1
13116,19.6169,20.0,274.1
13117,19.6169,20.0,274.1
13118,19.6169,20.0,274.1
13119,19.6169,20.0,274.2
13120,19.6169,20.0,274.2
13121,19.6166,20.0,274.2
13122,19.6166,20.0,274.2
13123,19.6166,20.0,274.2
13124,19.6166,20.0,274.3
13125,19.6166,20.0,274.3
13126,19.6166,20.0,274.3
13127,19.6166,20.0,274.3
13128,19.6166,20.0,274.3
13129,19.6166,20.0,274.4
13130,19.6166,20.0,274.4
13131,19.6166,20.0,274.4
13132,19.6166,20.0,274.4
13133,19.6166,20.0,274.4
13134,19.6166,20.0,274.4
13135,19.6166,20.0,274.5
13136,19.6166,20.0,274.5
13137,19.6166,20.0,274.5
13138,19.6166,20.0,274.5
13139,19.6166,20.0,274.6
13140,19.6166,20.0,274.6
13141,19.6163,20.0,274.6
13142,19.6163,20.0,274.6
13143,19.6163,20.0,274.6
13144,19.6163,20.0,274.7
13145,19.6163,20.0,274.7
13146,19.6163,20.0,274.7
13147,19.6163,20.0,274.7
13148,19.6163,20.0,274.7
13149,19.6163,20.0,274.8
13150,19.6163,20.0,274.8
13151,19.6163,20.0,274.8
13152,19.6163,20.0,274.8
13153,19.6163,20.0,274.9
13154,19.6163,20.0,274.9
13155,19.6163,20.0,274.9
13156,19.6163,20.0,274.9
13157,19.6163,20.0,274.9
13158,19.6163,20.0,275.0
13159,19.6163,20.0,275.0
13160,19.6163,20.0,275.0
13161,19.6159,20.0,275.0
13162,19.6159,20.0,275.0
13163,19.6159,20.0,275.1
13164,19.6159,20.0,275.1
13165,19.6159,20.0,275.1
13166,19.6159,20.0,275.1
13167,19.6159,20.0,275.1
13168,19.6159,20.0,275.2
13169,19.6159,20.0,275.2
13170,19.6159,20.0,275.2
13171,19.6159,20.0,275.2
13172,19.6159,20.0,275.2
13173,19.6159,20.0,275.2
13174,19.6159,20.0,275.3
13175,19.6159,20.0,275.3
13176,19.6159,20.0,275.3
13177,19.6159,20.0,275.3
13178,19.6159,20.0,275.3
13179,19.6159,20.0,275.4
13180,19.6159,20.0,275.4
13181,19.6156,20.0,275.4
13182,19.6156,20.0,275.4
13183,19.6156,20.0,275.5
13184,19.6156,20.0,275.5
13185,19.6156,20.0,275.5
13186,19.6156,20.0,275.5
13187,19.6156,20.0,275.5
13188,19.6156,20.0,275.6
13189,19.6156,20.0,275.6
13190,19.6156,20.0,275.6
13191,19.6156,20.0,275.6
13192,19.6156,20.0,275.6
13193,19.6156,20.0,275.7
13194,19.6156,20.0,275.7
13195,19.6156,20.0,275.7
13196,19.6156,20.0,275.7
13197,19.6156,20.0,275.7
13198,19.6156,20.0,275.8
13199,19.6156,20.0,275.8
13200,19.6156,20.0,275.8
13201,19.6153,20.0,275.8
13202,19.6153,20.0,275.8
13203,19.6153,20.0,275.9
13204,19.6153,20.0,275.9
13205,19.6153,20.0,275.9
13206,19.6153,20.0,275.9
13207,19.6153,20.0,275.9
13208,19.6153,20.0,275.9
13209,19.6153,20.0,276.0
13210,19.6153,20.0,276.0
13211,19.6153,20.0,276.0
13212,19.6153,20.0,276.0
13213,19.6153,20.0,276.0
13214,19.6153,20.0,276.1
13215,19.6153,20.0,276.1
13216,19.6153,20.0,276.1
13217,19.6153,20.0,276.1
13218,19.6153,20.0,276.2
13219,19.6153,20.0,276.2
13220,19.6153,20.0,276.2
13221,19.6150,20.0,276.2
13222,19.6150,20.0,276.2
13223,19.6150,20.0,276.3
13224,19.6150,20.0,276.3
13225,19.6150,20.0,276.3
13226,19.6150,20.0,276.3
13227,19.6150,20.0,276.3
13228,19.6150,20.0,276.4
13229,19.6150,20.0,276.4
13230,19.6150,20.0,276.4
13231,19.6150,20.0,276.4
13232,19.6150,20.0,276.4
13233,19.6150,20.0,276.5
13234,19.6150,20.0,276.5
13235,19.6150,20.0,276.5
13236,19.6150,20.0,276.5
13237,19.6150,20.0,276.5
13238,19.6150,20.0,276.6
13239,19.6150,20.0,276.6
13240,19.6150,20.0,276.6
13241,19.6147,20.0,276.6
13242,19.6147,20.0,276.6
13243,19.6147,20.0,276.7
13244,19.6147,20.0,276.7
13245,19.6147,20.0,276.7
13246,19.6147,20.0,276.7
13247,19.6147,20.0,276.8
13248,19.6147,20.0,276.8
13249,19.6147,20.0,276.8
13250,19.6147,20.0,276.8
13251,19.6147,20.0,276.8
13252,19.6147,20.0,276.9
13253,19.6147,20.0,276.9
13254,19.6147,20.0,276.9
13255,19.6147,20.0,276.9
13256,19.6147,20.0,276.9
13257,19.6147,20.0,277.0
13258,19.6147,20.0,277.0
13259,19.6147,20.0,277.0
13260,19.6147,20.0,277.0
13261,19.6144,20.0,277.0
13262,19.6144,20.0,277.1
13263,19.6144,20.0,277.1
13264,19.6144,20.0,277.1
13265,19.6144,20.0,277.1
13266,19.6144,20.0,277.1
13267,19.6144,20.0,277.2
13268,19.6144,20.0,277.2
13269,19.6144,20.0,277.2
13270,19.6144,20.0,277.2
13271,19.6144,20.0,277.2
13272,19.6144,20.0,277.2
13273,19.6144,20.0,277.3
13274,19.6144,20.0,277.3
13275,19.6144,20.0,277.3
13276,19.6144,20.0,277.3
13277,19.6144,20.0,277.4
13278,19.6144,20.0,277.4
13279,19.6144,20.0,277.4
13280,19.6144,20.0,277.4
13281,19.6139,20.0,277.4
13282,19.6139,20.0,277.5
13283,19.6139,20.0,277.5
13284,19.6139,20.0,277.5
13285,19.6139,20.0,277.5
13286,19.6139,20.0,277.5
13287,19.6139,20.0,277.6
13288,19.6139,20.0,277.6
13289,19.6139,20.0,277.6
13290,19.6139,20.0,277.6
13291,19.6139,20.0,277.6
13292,19.6139,20.0,277.7
13293,19.6139,20.0,277.7
13294,19.6139,20.0,277.7
13295,19.6139,20.0,277.7
13296,19.6139,20.0,277.7
13297,19.6139,20.0,277.8
13298,19.6139,20.0,277.8
13299,19.6139,20.0,277.8
13300,19.6139,20.0,277.8
13301,19.6138,20.0,277.9
13302,19.6138,20.0,277.9
13303,19.6138,20.0,277.9
13304,19.6138,20.0,277.9
13305,19.6138,20.0,278.0
13306,19.6138,20.0,278.0
13307,19.6138,20.0,278.0
13308,19.6138,20.0,278.0
13309,19.6138,20.0,278.0
13310,19.6138,20.0,278.1
13311,19.6138,20.0,278.1
13312,19.6138,20.0,278.1
13313,19.6138,20.0,278.4
13314,19.6138,20.0,278.4
13315,19.6138,20.0,278.4
13316,19.6138,20.0,278.5
13317,19.6138,20.0,278.5
13318,19.6138,20.0,278.5
13319,19.6138,20.0,278.5
13320,19.6138,20.0,278.6
13321,19.6135,20.0,278.6
13322,19.6135,20.0,278.6
13323,19.6135,20.0,278.6
13324,19.6135,20.0,278.6
13325,19.6135,20.0,278.7
13326,19.6135,20.0,278.7
13327,19.6135,20.0,278.7
13328,19.6135,20.0,278.7
13329,19.6135,20.0,278.7
13330,19.6135,20.0,278.8
13331,19.6135,20.0,278.8
13332,19.6135,20.0,278.8
13333,19.6135,20.0,278.8
13334,19.6135,20.0,278.9
13335,19.6135,20.0,278.9
13336,19.6135,20.0,278.9
13337,19.6135,20.0,278.9
13338,19.6135,20.0,278.9
13339,19.6135,20.0,279.0
13340,19.6135,20.0,279.0
13341,19.6132,20.0,279.0
13342,19.6132,20.0,279.0
13343,19.6132,20.0,279.0
13344,19.6132,20.0,279.1
13345,19.6132,20.0,279.1
13346,19.6132,20.0,279.1
13347,19.6132,20.0,279.1
13348,19.6132,20.0,279.1
13349,19.6132,20.0,279.2
13350,19.6132,20.0,279.2
13351,19.6132,20.0,279.2
13352,19.6132,20.0,279.2
13353,19.6132,20.0,279.3
13354,19.6132,20.0,279.3
13355,19.6132,20.0,279.3
13356,19.6132,20.0,279.3
13357,19.6132,20.0,279.3
13358,19.6132,20.0,279.4
13359,19.6132,20.0,279.4
13360,19.6132,20.0,279.4
13361,19.6129,20.0,279.4
13362,19.6129,20.0,279.5
13363,19.6129,20.0,279.5
13364,19.6129,20.0,279.5
13365,19.6129,20.0,279.5
13366,19.6129,20.0,279.5
13367,19.6129,20.0,279.6
13368,19.6129,20.0,279.6
13369,19.6129,20.0,279.6
13370,19.6129,20.0,279.6
13371,19.6129,20.0,279.7
13372,19.6129,20.0,279.7
13373,19.6129,20.0,279.7
13374,19.6129,20.0,279.7
13375,19.6129,20.0,279.7
13376,19.6129,20.0,279.8
13377,19.6129,20.0,279.8
13378,19.6129,20.0,279.8
13379,19.6129,20.0,279.8
13380,19.6129,20.0,279.9
13381,19.6126,20.0,279.9
13382,19.6126,20.0,279.9
13383,19.6126,20.0,279.9
13384,19.6126,20.0,279.9
13385,19.6126,20.0,280.0
13386,19.6126,20.0,280.0
13387,19.6126,20.0,280.0
13388,19.6126,20.0,280.0
13389,19.6126,20.0,280.0
13390,19.6126,20.0,280.1
13391,19.6126,20.0,280.1
13392,19.6126,20.0,280.1
13393,19.6126,20.0,280.1
13394,19.6126,20.0,280.1
13395,19.6126,20.0,280.2
13396,19.6126,20.0,280.2
13397,19.6126,20.0,280.2
13398,19.6126,20.0,280.2
13399,19.6126,20.0,280.2
13400,19.6126,20.0,280.3
13401,19.6123,20.0,280.3
13402,19.6123,20.0,280.3
13403,19.6123,20.0,280.3
13404,19.6123,20.0,280.3
13405,19.6123,20.0,280.4
13406,19.6123,20.0,280.4
13407,19.6123,20.0,280.4
13408,19.6123,20.0,280.4
13409,19.6123,20.0,280.4
13410,19.6123,20.0,280.4
13411,19.6123,20.0,280.5
13412,19.6123,20.0,280.5
13413,19.6123,20.0,280.5
13414,19.6123,20.0,280.5
13415,19.6123,20.0,280.5
13416,19.6123,20.0,280.6
13417,19.6123,20.0,280.6
13418,19.6123,20.0,280.6
13419,19.6123,20.0,280.6
13420,19.6123,20.0,280.6
13421,19.6120,20.0,280.7
13422,19.6120,20.0,280.7
13423,19.6120,20.0,280.7
13424,19.6120,20.0,280.7
13425,19.6120,20.0,280.7
13426,19.6120,20.0,280.8
13427,19.6120,20.0,280.8
13428,19.6120,20.0,280.8
13429,19.6120,20.0,280.8
13430,19.6120,20.0,280.8
13431,19.6120,20.0,280.9
13432,19.6120,20.0,280.9
13433,19.6120,20.0,280.9
13434,19.6120,20.0,280.9
13435,19.6120,20.0,280.9
13436,19.6120,20.0,280.9
13437,19.6120,20.0,281.0
13438,19.6120,20.0,281.0
13439,19.6120,20.0,281.0
13440,19.6120,20.0,281.0
13441,19.6117,20.0,281.1
13442,19.6117,20.0,281.1
13443,19.6117,20.0,281.1
13444,19.6117,20.0,281.1
13445,19.6117,20.0,281.1
13446,19.6117,20.0,281.1
13447,19.6117,20.0,281.1
13448,19.6117,20.0,281.2
13449,19.6117,20.0,281.2
13450,19.6117,20.0,281.2
13451,19.6117,20.0,281.2
13452,19.6117,20.0,281.3
13453,19.6117,20.0,281.3
13454,19.6117,20.0,281.3
13455,19.6117,20.0,281.3
13456,19.6117,20.0,281.4
13457,19.6117,20.0,281.4
13458,19.6117,20.0,281.4
13459,19.6117,20.0,281.4
13460,19.6117,20.0,281.4
13461,19.6114,20.0,281.5
13462,19.6114,20.0,281.5
13463,19.6114,20.0,281.5
13464,19.6114,20.0,281.5
13465,19.6114,20.0,281.5
13466,19.6114,20.0,281.6
13467,19.6114,20.0,281.6
13468,19.6114,20.0,281.6
13469,19.6114,20.0,281.6
13470,19.6114,20.0,281.6
13471,19.6114,20.0,281.7
13472,19.6114,20.0,281.7
13473,19.6114,20.0,281.7
13474,19.6114,20.0,281.7
13475,19.6114,20.0,281.8
13476,19.6114,20.0,281.8
13477,19.6114,20.0,281.8
13478,19.6114,20.0,281.8
13479,19.6114,20.0,281.9
13480,19.6114,20.0,281.9
13481,19.6111,20.0,281.9
13482,19.6111,20.0,281.9
13483,19.6111,20.0,281.9
13484,19.6111,20.0,281.9
13485,19.6111,20.0,282.0
13486,19.6111,20.0,282.0
13487,19.6111,20.0,282.0
13488,19.6111,20.0,282.0
13489,19.6111,20.0,282.1
13490,19.6111,20.0,282.1
13491,19.6111,20.0,282.1
13492,19.6111,20.0,282.1
13493,19.6111,20.0,282.1
13494,19.6111,20.0,282.1
13495,19.6111,20.0,282.2
13496,19.6111,20.0,282.2
13497,19.6111,20.0,282.2
13498,19.6111,20.0,282.2
13499,19.6111,20.0,282.2
13500,19.6111,20.0,282.3
13501,19.6108,20.0,282.3
13502,19.6108,20.0,282.3
13503,19.6108,20.0,282.3
13504,19.6108,20.0,282.4
13505,19.6108,20.0,282.4
13506,19.6108,20.0,282.4
13507,19.6108,20.0,282.4
13508,19.6108,20.0,282.4
13509,19.6108,20.0,282.5
13510,19.6108,20.0,282.5
13511,19.6108,20.0,282.5
13512,19.6108,20.0,282.5
13513,19.6108,20.0,282.5
13514,19.6108,20.0,282.6
13515,19.6108,20.0,282.6
13516,19.6108,20.0,282.6
13517,19.6108,20.0,282.6
13518,19.6108,20.0,282.7
13519,19.6108,20.0,282.7
13520,19.6108,20.0,282.7
13521,19.6105,20.0,282.7
13522,19.6105,20.0,282.7
13523,19.6105,20.0,282.8
13524,19.6105,20.0,282.8
13525,19.6105,20.0,282.8
13526,19.6105,20.0,282.8
13527,19.6105,20.0,282.9
13528,19.6105,20.0,282.9
13529,19.6105,20.0,282.9
13530,19.6105,20.0,282.9
13531,19.6105,20.0,282.9
13532,19.6105,20.0,282.9
13533,19.6105,20.0,283.0
13534,19.6105,20.0,283.0
13535,19.6105,20.0,283.0
13536,19.6105,20.0,283.0
13537,19.6105,20.0,283.0
13538,19.6105,20.0,283.1
13539,19.6105,20.0,283.1
13540,19.6105,20.0,283.1
13541,19.6102,20.0,283.1
13542,19.6102,20.0,283.1
13543,19.6102,20.0,283.2
13544,19.6102,20.0,283.2
13545,19.6102,20.0,283.2
13546,19.6102,20.0,283.2
13547,19.6102,20.0,283.2
13548,19.6102,20.0,283.3
13549,19.6102,20.0,283.3
13550,19.6102,20.0,283.3
13551,19.6102,20.0,283.3
13552,19.6102,20.0,283.3
13553,19.6102,20.0,283.4
13554,19.6102,20.0,283.4
13555,19.6102,20.0,283.4
13556,19.6102,20.0,283.4
13557,19.6102,20.0,283.4
13558,19.6102,20.0,283.5
13559,19.6102,20.0,283.5
13560,19.6102,20.0,283.5
13561,19.6099,20.0,283.5
13562,19.6099,20.0,283.5
13563,19.6099,20.0,283.6
13564,19.6099,20.0,283.6
13565,19.6099,20.0,283.6
13566,19.6099,20.0,283.6
13567,19.6099,20.0,283.6
13568,19.6099,20.0,283.7
13569,19.6099,20.0,283.7
13570,19.6099,20.0,283.7
13571,19.6099,20.0,283.7
13572,19.6099,20.0,283.8
13573,19.6099,20.0,283.8
13574,19.6099,20.0,283.8
13575,19.6099,20.0,283.8
13576,19.6099,20.0,283.8
13577,19.6099,20.0,283.9
13578,19.6099,20.0,283.9
13579,19.6099,20.0,283.9
13580,19.6099,20.0,283.9
13581,19.6096,20.0,284.0
13582,19.6096,20.0,284.0
13583,19.6096,20.0,284.0
13584,19.6096,20.0,284.0
13585,19.6096,20.0,284.0
13586,19.6096,20.0,284.1
13587,19.6096,20.0,284.1
13588,19.6096,20.0,284.1
13589,19.6096,20.0,284.1
13590,19.6096,20.0,284.1
13591,19.6096,20.0,284.2
13592,19.6096,20.0,284.2
13593,19.6096,20.0,284.2
13594,19.6096,20.0,284.2
13595,19.6096,20.0,284.2
13596,19.6096,20.0,284.3
13597,19.6096,20.0,284.3
13598,19.6096,20.0,284.3
13599,19.6096,20.0,284.3
13600,19.6096,20.0,284.4
13601,19.6093,20.0,284.4
13602,19.6093,20.0,284.4
13603,19.6093,20.0,284.4
13604,19.6093,20.0,284.4
13605,19.6093,20.0,284.5
13606,19.6093,20.0,284.5
13607,19.6093,20.0,284.5
13608,19.6093,20.0,284.5
13609,19.6093,20.0,284.5
13610,19.6093,20.0,284.6
13611,19.6093,20.0,284.6
13612,19.6093,20.0,284.6
13613,19.6093,20.0,284.6
13614,19.6093,20.0,284.6
13615,19.6093,20.0,284.7
13616,19.6093,20.0,284.7
13617,19.6093,20.0,284.7
13618,19.6093,20.0,284.7
13619,19.6093,20.0,284.7
13620,19.6093,20.0,284.8
13621,19.6090,20.0,284.8
13622,19.6090,20.0,284.8
13623,19.6090,20.0,284.8
13624,19.6090,20.0,284.8
13625,19.6090,20.0,284.9
13626,19.6090,20.0,284.9
13627,19.6090,20.0,284.9
13628,19.6090,20.0,284.9
13629,19.6090,20.0,284.9
13630,19.6090,20.0,285.0
13631,19.6090,20.0,285.0
13632,19.6090,20.0,285.0
13633,19.6090,20.0,285.0
13634,19.6090,20.0,285.0
13635,19.6090,20.0,285.0
13636,19.6090,20.0,285.1
13637,19.6090,20.0,285.1
13638,19.6090,20.0,285.1
13639,19.6090,20.0,285.1
13640,19.6090,20.0,285.2
13641,19.6087,20.0,285.2
13642,19.6087,20.0,285.2
13643,19.6087,20.0,285.2
13644,19.6087,20.0,285.2
13645,19.6087,20.0,285.2
13646,19.6087,20.0,285.3
13647,19.6087,20.0,285.3
13648,19.6087,20.0,285.3
13649,19.6087,20.0,285.3
13650,19.6087,20.0,285.3
13651,19.6087,20.0,285.3
13652,19.6087,20.0,285.4
13653,19.6087,20.0,285.4
13654,19.6087,20.0,285.4
13655,19.6087,20.0,285.4
13656,19.6087,20.0,285.5
13657,19.6087,20.0,285.5
13658,19.6087,20.0,285.5
13659,19.6087,20.0,285.5
13660,19.6087,20.0,285.6
13661,19.6084,20.0,285.6
13662,19.6084,20.0,285.6
13663,19.6084,20.0,285.6
13664,19.6084,20.0,285.6
13665,19.6084,20.0,285.7
13666,19.6084,20.0,285.7
13667,19.6084,20.0,285.7
13668,19.6084,20.0,285.7
13669,19.6084,20.0,285.7
13670,19.6084,20.0,285.8
13671,19.6084,20.0,285.8
13672,19.6084,20.0,285.8
13673,19.6084,20.0,285.8
13674,19.6084,20.0,285.9
13675,19.6084,20.0,285.9
13676,19.6084,20.0,285.9
13677,19.6084,20.0,285.9
13678,19.6084,20.0,285.9
13679,19.6084,20.0,286.0
13680,19.6084,20.0,286.0
13681,19.6081,20.0,286.0
13682,19.6081,20.0,286.0
13683,19.6081,20.0,286.0
13684,19.6081,20.0,286.1
13685,19.6081,20.0,286.1
13686,19.6081,20.0,286.1
13687,19.6081,20.0,286.1
13688,19.6081,20.0,286.2
13689,19.6081,20.0,286.2
13690,19.6081,20.0,286.2
13691,19.6081,20.0,286.2
13692,19.6081,20.0,286.2
13693,19.6081,20.0,286.3
13694,19.6081,20.0,286.3
13695,19.6081,20.0,286.3
13696,19.6081,20.0,286.3
13697,19.6081,20.0,286.4
13698,19.6081,20.0,286.4
13699,19.6081,20.0,286.4
13700,19.6081,20.0,286.4
13701,19.6078,20.0,286.5
13702,19.6078,20.0,286.5
13703,19.6078,20.0,286.5
13704,19.6078,20.0,286.5
13705,19.6078,20.0,286.5
13706,19.6078,20.0,286.6
13707,19.6078,20.0,286.6
13708,19.6078,20.0,286.6
13709,19.6078,20.0,286.6
13710,19.6078,20.0,286.7
13711,19.6078,20.0,286.7
13712,19.6078,20.0,286.7
13713,19.6078,20.0,286.7
13714,19.6078,20.0,286.7
13715,19.6078,20.0,286.8
13716,19.6078,20.0,286.8
13717,19.6078,20.0,286.8
13718,19.6078,20.0,286.8
13719,19.6078,20.0,286.8
13720,19.6078,20.0,286.9
13721,19.6075,20.0,286.9
13722,19.6075,20.0,286.9
13723,19.6075,20.0,286.9
13724,19.6075,20.0,286.9
13725,19.6075,20.0,287.0
13726,19.6075,20.0,287.0
13727,19.6075,20.0,287.0
13728,19.6075,20.0,287.0
13729,19.6075,20.0,287.0
13730,19.6075,20.0,287.1
13731,19.6075,20.0,287.1
13732,19.6075,20.0,287.1
13733,19.6075,20.0,287.1
13734,19.6075,20.0,287.1
13735,19.6075,20.0,287.2
13736,19.6075,20.0,287.2
13737,19.6075,20.0,287.2
13738,19.6075,20.0,287.2
13739,19.6075,20.0,287.2
13740,19.6075,20.0,287.2
13741,19.6072,20.0,287.3
13742,19.6072,20.0,287.3
13743,19.6072,20.0,287.3
13744,19.6072,20.0,287.3
13745,19.6072,20.0,287.3
13746,19.6072,20.0,287.4
13747,19.6072,20.0,287.4
13748,19.6072,20.0,287.4
13749,19.6072,20.0,287.4
13750,19.6072,20.0,287.5
13751,19.6072,20.0,287.5
13752,19.6072,20.0,287.5
13753,19.6072,20.0,287.5
13754,19.6072,20.0,287.5
13755,19.6072,20.0,287.6
13756,19.6072,20.0,287.6
13757,19.6072,20.0,287.6
13758,19.6072,20.0,287.6
13759,19.6072,20.0,287.6
13760,19.6072,20.0,287.7
13761,19.6069,20.0,287.7
13762,19.6069,20.0,287.7
13763,19.6069,20.0,287.7
13764,19.6069,20.0,287.7
13765,19.6069,20.0,287.8
13766,19.6069,20.0,287.8
13767,19.6069,20.0,287.8
13768,19.6069,20.0,287.8
13769,19.6069,20.0,287.9
13770,19.6069,20.0,287.9
13771,19.6069,20.0,287.9
13772,19.6069,20.0,287.9
13773,19.6069,20.0,287.9
13774,19.6069,20.0,288.0
13775,19.6069,20.0,288.0
13776,19.6069,20.0,288.0
13777,19.6069,20.0,288.0
13778,19.6069,20.0,288.0
13779,19.6069,20.0,288.1
13780,19.6069,20.0,288.1
13781,19.6067,20.0,288.1
13782,19.6067,20.0,288.1
13783,19.6067,20.0,288.1
13784,19.6067,20.0,288.2
13785,19.6067,20.0,288.2
13786,19.6067,20.0,288.2
13787,19.6067,20.0,288.2
13788,19.6067,20.0,288.2
13789,19.6067,20.0,288.3
13790,19.6067,20.0,288.3
13791,19.6067,20.0,288.3
13792,19.6067,20.0,288.3
13793,19.6067,20.0,288.3
13794,19.6067,20.0,288.4
13795,19.6067,20.0,288.4
13796,19.6067,20.0,288.4
13797,19.6067,20.0,288.4
13798,19.6067,20.0,288.4
13799,19.6067,20.0,288.5
13800,19.6067,20.0,288.5
13801,19.6067,20.0,288.5
13802,19.6067,20.0,288.5
13803,19.6067,20.0,288.6
13804,19.6067,20.0,288.6
13805,19.6067,20.0,288.6
13806,19.6067,20.0,288.6
13807,19.6067,20.0,288.6
13808,19.6067,20.0,288.7
13809,19.6067,20.0,288.7
13810,19.6067,20.0,288.7
13811,19.6067,20.0,288.7
13812,19.6067,20.0,288.7
13813,19.6067,20.0,288.8
13814,19.6067,20.0,288.8
13815,19.6067,20.0,288.8
13816,19.6067,20.0,288.8
13817,19.6067,20.0,288.8
13818,19.6067,20.0,288.9
13819,19.6067,20.0,288.9
13820,19.6067,20.0,288.9
13821,19.6067,20.0,288.9
13822,19.6067,20.0,289.0
13823,19.6067,20.0,289.0
13824,19.6067,20.0,289.0
13825,19.6067,20.0,289.3
13826,19.6067,20.0,289.3
13827,19.6067,20.0,289.3
13828,19.6067,20.0,289.3
13829,19.6067,20.0,289.4
13830,19.6067,20.0,289.4
13831,19.6067,20.0,289.4
13832,19.6067,20.0,289.4
13833,19.6067,20.0,289.4
13834,19.6067,20.0,289.5
13835,19.6067,20.0,289.5
13836,19.6067,20.0,289.5
13837,19.6067,20.0,289.5
13838,19.6067,20.0,289.6
13839,19.6067,20.0,289.6
13840,19.6067,20.0,289.6
13841,19.6068,20.0,289.6
13842,19.6068,20.0,289.6
13843,19.6068,20.0,289.7
13844,19.6068,20.0,289.7
13845,19.6068,20.0,289.7
13846,19.6068,20.0,289.7
13847,19.6068,20.0,289.7
13848,19.6068,20.0,289.8
13849,19.6068,20.0,289.8
13850,19.6068,20.0,289.8
13851,19.6068,20.0,289.9
13852,19.6068,20.0,289.9
13853,19.6068,20.0,289.9
13854,19.6068,20.0,289.9
13855,19.6068,20.0,289.9
13856,19.6068,20.0,290.0
13857,19.6068,20.0,290.0
13858,19.6068,20.0,290.0
13859,19.6068,20.0,290.0
13860,19.6068,20.0,290.1
13861,19.6073,20.0,290.1
13862,19.6073,20.0,290.1
13863,19.6073,20.0,290.1
13864,19.6073,20.0,290.1
13865,19.6073,20.0,290.2
13866,19.6073,20.0,290.2
13867,19.6073,20.0,290.2
13868,19.6073,20.0,290.2
13869,19.6073,20.0,290.3
13870,19.6073,20.0,290.3
13871,19.6073,20.0,290.3
13872,19.6073,20.0,290.3
13873,19.6073,20.0,290.3
13874,19.6073,20.0,290.4
13875,19.6073,20.0,290.4
13876,19.6073,20.0,290.4
13877,19.6073,20.0,290.4
13878,19.6073,20.0,290.5
13879,19.6073,20.0,290.5
13880,19.6073,20.0,290.5
13881,19.6077,20.0,290.5
13882,19.6077,20.0,290.5
13883,19.6077,20.0,290.6
13884,19.6077,20.0,290.6
13885,19.6077,20.0,290.6
13886,19.6077,20.0,290.6
13887,19.6077,20.0,290.7
13888,19.6077,20.0,290.7
13889,19.6077,20.0,290.7
13890,19.6077,20.0,290.7
13891,19.6077,20.0,290.7
13892,19.6077,20.0,290.7
13893,19.6077,20.0,290.8
13894,19.6077,20.0,290.8
13895,19.6077,20.0,290.8
13896,19.6077,20.0,290.8
13897,19.6077,20.0,290.9
13898,19.6077,20.0,290.9
13899,19.6077,20.0,290.9
13900,19.6077,20.0,290.9
13901,19.6082,20.0,291.0
13902,19.6082,20.0,291.0
13903,19.6082,20.0,291.0
13904,19.6082,20.0,291.0
13905,19.6082,20.0,291.0
13906,19.6082,20.0,291.0
13907,19.6082,20.0,291.1
13908,19.6082,20.0,291.1
13909,19.6082,20.0,291.1
13910,19.6082,20.0,291.1
13911,19.6082,20.0,291.2
13912,19.6082,20.0,291.2
13913,19.6082,20.0,291.2
13914,19.6082,20.0,291.2
13915,19.6082,20.0,291.2
13916,19.6082,20.0,291.2
13917,19.6082,20.0,291.3
13918,19.6082,20.0,291.3
13919,19.6082,20.0,291.3
13920,19.6082,20.0,291.3
13921,19.6087,20.0,291.4
13922,19.6087,20.0,291.4
13923,19.6087,20.0,291.4
13924,19.6087,20.0,291.4
13925,19.6087,20.0,291.4
13926,19.6087,20.0,291.5
13927,19.6087,20.0,291.5
13928,19.6087,20.0,291.5
13929,19.6087,20.0,291.5
13930,19.6087,20.0,291.5
13931,19.6087,20.0,291.6
13932,19.6087,20.0,291.6
13933,19.6087,20.0,291.6
13934,19.6087,20.0,291.6
13935,19.6087,20.0,291.6
13936,19.6087,20.0,291.7
13937,19.6087,20.0,291.7
13938,19.6087,20.0,291.7
13939,19.6087,20.0,291.7
13940,19.6087,20.0,291.7
13941,19.6091,20.0,291.7
13942,19.6091,20.0,291.8
13943,19.6091,20.0,291.8
13944,19.6091,20.0,291.8
13945,19.6091,20.0,291.8
13946,19.6091,20.0,291.9
13947,19.6091,20.0,291.9
13948,19.6091,20.0,291.9
13949,19.6091,20.0,291.9
13950,19.6091,20.0,291.9
13951,19.6091,20.0,292.0
13952,19.6091,20.0,292.0
13953,19.6091,20.0,292.0
13954,19.6091,20.0,292.0
13955,19.6091,20.0,292.0
13956,19.6091,20.0,292.1
13957,19.6091,20.0,292.1
13958,19.6091,20.0,292.1
13959,19.6091,20.0,292.1
13960,19.6091,20.0,292.1
13961,19.6096,20.0,292.2
13962,19.6096,20.0,292.2
13963,19.6096,20.0,292.2
13964,19.6096,20.0,292.2
13965,19.6096,20.0,292.2
13966,19.6096,20.0,292.3
13967,19.6096,20.0,292.3
13968,19.6096,20.0,292.3
13969,19.6096,20.0,292.3
13970,19.6096,20.0,292.4
13971,19.6096,20.0,292.4
13972,19.6096,20.0,292.4
13973,19.6096,20.0,292.4
13974,19.6096,20.0,292.4
13975,19.6096,20.0,292.4
13976,19.6096,20.0,292.5
13977,19.6096,20.0,292.5
13978,19.6096,20.0,292.5
13979,19.6096,20.0,292.5
13980,19.6096,20.0,292.6
13981,19.6100,20.0,292.6
13982,19.6100,20.0,292.6
13983,19.6100,20.0,292.6
13984,19.6100,20.0,292.6
13985,19.6100,20.0,292.6
13986,19.6100,20.0,292.7
13987,19.6100,20.0,292.7
13988,19.6100,20.0,292.7
13989,19.6100,20.0,292.7
13990,19.6100,20.0,292.7
13991,19.6100,20.0,292.8
13992,19.6100,20.0,292.8
13993,19.6100,20.0,292.8
13994,19.6100,20.0,292.8
13995,19.6100,20.0,292.9
13996,19.6100,20.0,292.9
13997,19.6100,20.0,292.9
13998,19.6100,20.0,292.9
13999,19.6100,20.0,293.0
14000,19.6100,20.0,293.0
14001,19.6105,20.0,293.0
14002,19.6105,20.0,293.0
14003,19.6105,20.0,293.0
14004,19.6105,20.0,293.1
14005,19.6105,20.0,293.1
14006,19.6105,20.0,293.1
14007,19.6105,20.0,293.1
14008,19.6105,20.0,293.2
14009,19.6105,20.0,293.2
14010,19.6105,20.0,293.2
14011,19.6105,20.0,293.2
14012,19.6105,20.0,293.2
14013,19.6105,20.0,293.3
14014,19.6105,20.0,293.3
14015,19.6105,20.0,293.3
14016,19.6105,20.0,293.3
14017,19.6105,20.0,293.4
14018,19.6105,20.0,293.4
14019,19.6105,20.0,293.4
14020,19.6105,20.0,293.4
14021,19.6109,20.0,293.4
14022,19.6109,20.0,293.5
14023,19.6109,20.0,293.5
14024,19.6109,20.0,293.5
14025,19.6109,20.0,293.5
14026,19.6109,20.0,293.6
14027,19.6109,20.0,293.6
14028,19.6109,20.0,293.6
14029,19.6109,20.0,293.6
14030,19.6109,20.0,293.6
14031,19.6109,20.0,293.7
14032,19.6109,20.0,293.7
14033,19.6109,20.0,293.7
14034,19.6109,20.0,293.7
14035,19.6109,20.0,293.8
14036,19.6109,20.0,293.8
14037,19.6109,20.0,293.8
14038,19.6109,20.0,293.8
14039,19.6109,20.0,293.8
14040,19.6109,20.0,293.9
14041,19.6114,20.0,293.9
14042,19.6114,20.0,293.9
14043,19.6114,20.0,293.9
14044,19.6114,20.0,294.0
14045,19.6114,20.0,294.0
14046,19.6114,20.0,294.0
14047,19.6114,20.0,294.0
14048,19.6114,20.0,294.0
14049,19.6114,20.0,294.0
14050,19.6114,20.0,294.1
14051,19.6114,20.0,294.1
14052,19.6114,20.0,294.1
14053,19.6114,20.0,294.1
14054,19.6114,20.0,294.2
14055,19.6114,20.0,294.2
14056,19.6114,20.0,294.2
14057,19.6114,20.0,294.2
14058,19.6114,20.0,294.2
14059,19.6114,20.0,294.3
14060,19.6114,20.0,294.3
14061,19.6118,20.0,294.3
14062,19.6118,20.0,294.3
14063,19.6118,20.0,294.3
14064,19.6118,20.0,294.4
14065,19.6118,20.0,294.4
14066,19.6118,20.0,294.4
14067,19.6118,20.0,294.4
14068,19.6118,20.0,294.5
14069,19.6118,20.0,294.5
14070,19.6118,20.0,294.5
14071,19.6118,20.0,294.5
14072,19.6118,20.0,294.5
14073,19.6118,20.0,294.6
14074,19.6118,20.0,294.6
14075,19.6118,20.0,294.6
14076,19.6118,20.0,294.6
14077,19.6118,20.0,294.7
14078,19.6118,20.0,294.7
14079,19.6118,20.0,294.7
14080,19.6118,20.0,294.7
14081,19.6123,20.0,294.7
14082,19.6123,20.0,294.8
14083,19.6123,20.0,294.8
14084,19.6123,20.0,294.8
14085,19.6123,20.0,294.8
14086,19.6123,20.0,294.8
14087,19.6123,20.0,294.9
14088,19.6123,20.0,294.9
14089,19.6123,20.0,294.9
14090,19.6123,20.0,294.9
14091,19.6123,20.0,295.0
14092,19.6123,20.0,295.0
14093,19.6123,20.0,295.0
14094,19.6123,20.0,295.0
14095,19.6123,20.0,295.1
14096,19.6123,20.0,295.1
14097,19.6123,20.0,295.1
14098,19.6123,20.0,295.1
14099,19.6123,20.0,295.2
14100,19.6123,20.0,295.2
14101,19.6127,20.0,295.2
14102,19.6127,20.0,295.3
14103,19.6127,20.0,295.3
14104,19.6127,20.0,295.3
14105,19.6127,20.0,295.3
14106,19.6127,20.0,295.4
14107,19.6127,20.0,295.4
14108,19.6127,20.0,295.5
14109,19.6127,20.0,295.5
14110,19.6127,20.0,295.6
14111,19.6127,20.0,295.6
14112,19.6127,20.0,295.7
14113,19.6127,20.0,295.7
14114,19.6127,20.0,295.8
14115,19.6127,20.0,295.8
14116,19.6127,20.0,295.9
14117,19.6127,20.0,295.9
14118,19.6127,20.0,295.9
14119,19.6127,20.0,296.0
14120,19.6127,20.0,296.0
14121,19.6132,20.0,296.1
14122,19.6132,20.0,296.1
14123,19.6132,20.0,296.1
14124,19.6132,20.0,296.1
14125,19.6132,20.0,296.2
14126,19.6132,20.0,296.2
14127,19.6132,20.0,296.2
14128,19.6132,20.0,296.2
14129,19.6132,20.0,296.3
14130,19.6132,20.0,296.4
14131,19.6132,20.0,296.4
14132,19.6132,20.0,296.4
14133,19.6132,20.0,296.5
14134,19.6132,20.0,296.5
14135,19.6132,20.0,296.5
14136,19.6132,20.0,296.5
14137,19.6132,20.0,296.5
14138,19.6132,20.0,296.6
14139,19.6132,20.0,296.6
14140,19.6132,20.0,296.6
14141,19.6136,20.0,296.6
14142,19.6136,20.0,296.7
14143,19.6136,20.0,296.7
14144,19.6136,20.0,296.7
14145,19.6136,20.0,296.8
14146,19.6136,20.0,296.8
14147,19.6136,20.0,296.8
14148,19.6136,20.0,296.9
14149,19.6136,20.0,296.9
14150,19.6136,20.0,296.9
14151,19.6136,20.0,296.9
14152,19.6136,20.0,296.9
14153,19.6136,20.0,297.0
14154,19.6136,20.0,297.0
14155,19.6136,20.0,297.0
14156,19.6136,20.0,297.0
14157,19.6136,20.0,297.0
14158,19.6136,20.0,297.1
14159,19.6136,20.0,297.1
14160,19.6136,20.0,297.1
14161,19.6141,20.0,297.1
14162,19.6141,20.0,297.1
14163,19.6141,20.0,297.2
14164,19.6141,20.0,297.2
14165,19.6141,20.0,297.2
14166,19.6141,20.0,297.2
14167,19.6141,20.0,297.3
14168,19.6141,20.0,297.3
14169,19.6141,20.0,297.3
14170,19.6141,20.0,297.3
14171,19.6141,20.0,297.3
14172,19.6141,20.0,297.4
14173,19.6141,20.0,297.4
14174,19.6141,20.0,297.4
14175,19.6141,20.0,297.4
14176,19.6141,20.0,297.5
14177,19.6141,20.0,297.5
14178,19.6141,20.0,297.5
14179,19.6141,20.0,297.6
14180,19.6141,20.0,297.8
14181,19.6145,20.0,297.8
14182,19.6145,20.0,297.9
14183,19.6145,20.0,297.9
14184,19.6145,20.0,297.9
14185,19.6145,20.0,298.0
14186,19.6145,20.0,298.0
14187,19.6145,20.0,298.0
14188,19.6145,20.0,298.0
14189,19.6145,20.0,298.1
14190,19.6145,20.0,298.1
14191,19.6145,20.0,298.1
14192,19.6145,20.0,298.1
14193,19.6145,20.0,298.2
14194,19.6145,20.0,298.2
14195,19.6145,20.0,298.2
14196,19.6145,20.0,298.2
14197,19.6145,20.0,298.2
14198,19.6145,20.0,298.3
14199,19.6145,20.0,298.3
14200,19.6145,20.0,298.3
14201,19.6150,20.0,298.4
14202,19.6150,20.0,298.4
14203,19.6150,20.0,298.4
14204,19.6150,20.0,298.4
14205,19.6150,20.0,298.5
14206,19.6150,20.0,298.5
14207,19.6150,20.0,298.5
14208,19.6150,20.0,298.5
14209,19.6150,20.0,298.5
14210,19.6150,20.0,298.6
14211,19.6150,20.0,298.6
14212,19.6150,20.0,298.6
14213,19.6150,20.0,298.6
14214,19.6150,20.0,298.6
14215,19.6150,20.0,298.7
14216,19.6150,20.0,298.7
14217,19.6150,20.0,298.7
14218,19.6150,20.0,298.7
14219,19.6150,20.0,298.7
14220,19.6150,20.0,298.8
14221,19.6154,20.0,298.8
14222,19.6154,20.0,298.8
14223,19.6154,20.0,298.8
14224,19.6154,20.0,298.8
14225,19.6154,20.0,298.9
14226,19.6154,20.0,298.9
14227,19.6154,20.0,298.9
14228,19.6154,20.0,298.9
14229,19.6154,20.0,298.9
14230,19.6154,20.0,299.0
14231,19.6154,20.0,299.0
14232,19.6154,20.0,299.0
14233,19.6154,20.0,299.0
14234,19.6154,20.0,299.0
14235,19.6154,20.0,299.1
14236,19.6154,20.0,299.1
14237,19.6154,20.0,299.1
14238,19.6154,20.0,299.1
14239,19.6154,20.0,299.1
14240,19.6154,20.0,299.2
14241,19.6159,20.0,299.2
14242,19.6159,20.0,299.2
14243,19.6159,20.0,299.2
14244,19.6159,20.0,299.2
14245,19.6159,20.0,299.3
14246,19.6159,20.0,299.3
14247,19.6159,20.0,299.3
14248,19.6159,20.0,299.3
14249,19.6159,20.0,299.3
14250,19.6159,20.0,299.4
14251,19.6159,20.0,299.4
14252,19.6159,20.0,299.4
14253,19.6159,20.0,299.4
14254,19.6159,20.0,299.4
14255,19.6159,20.0,299.5
14256,19.6159,20.0,299.5
14257,19.6159,20.0,299.5
14258,19.6159,20.0,299.5
14259,19.6159,20.0,299.5
14260,19.6159,20.0,299.6
14261,19.6163,20.0,299.6
14262,19.6163,20.0,299.6
14263,19.6163,20.0,299.6
14264,19.6163,20.0,299.6
14265,19.6163,20.0,299.7
14266,19.6163,20.0,299.7
14267,19.6163,20.0,299.7
14268,19.6163,20.0,299.7
14269,19.6163,20.0,299.7
14270,19.6163,20.0,299.8
14271,19.6163,20.0,299.8
14272,19.6163,20.0,299.8
14273,19.6163,20.0,299.8
14274,19.6163,20.0,299.9
14275,19.6163,20.0,299.9
14276,19.6163,20.0,299.9
14277,19.6163,20.0,299.9
14278,19.6163,20.0,300.0
14279,19.6163,20.0,300.0
14280,19.6163,20.0,300.0
14281,19.6168,20.0,300.0
14282,19.6168,20.0,300.1
14283,19.6168,20.0,300.1
14284,19.6168,20.0,300.1
14285,19.6168,20.0,300.1
14286,19.6168,20.0,300.2
14287,19.6168,20.0,300.2
14288,19.6168,20.0,300.2
14289,19.6168,20.0,300.2
14290,19.6168,20.0,300.2
14291,19.6168,20.0,300.3
14292,19.6168,20.0,300.3
14293,19.6168,20.0,300.3
14294,19.6168,20.0,300.3
14295,19.6168,20.0,300.3
14296,19.6168,20.0,300.4
14297,19.6168,20.0,300.4
14298,19.6168,20.0,300.4
14299,19.6168,20.0,300.4
14300,19.6168,20.0,300.5
14301,19.6368,20.0,300.5
14302,19.6368,20.0,300.5
14303,19.6368,20.0,300.5
14304,19.6368,20.0,300.6
14305,19.6368,20.0,300.6
14306,19.6368,20.0,300.6
14307,19.6368,20.0,300.7
14308,19.6368,20.0,300.7
14309,19.6368,20.0,300.8
14310,19.6368,20.0,300.8
14311,19.6368,20.0,300.8
14312,19.6368,20.0,300.8
14313,19.6368,20.0,300.9
14314,19.6368,20.0,300.9
14315,19.6368,20.0,300.9
14316,19.6368,20.0,300.9
14317,19.6368,20.0,301.0
14318,19.6368,20.0,301.0
14319,19.6368,20.0,301.0
14320,19.6368,20.0,301.0
14321,19.6568,20.0,301.0
14322,19.6568,20.0,301.1
14323,19.6568,20.0,301.1
14324,19.6568,20.0,301.1
14325,19.6568,20.0,301.1
14326,19.6568,20.0,301.1
14327,19.6568,20.0,301.2
14328,19.6568,20.0,301.2
14329,19.6568,20.0,301.2
14330,19.6568,20.0,301.2
14331,19.6568,20.0,301.3
14332,19.6568,20.0,301.3
14333,19.6568,20.0,301.3
14334,19.6568,20.0,301.3
14335,19.6568,20.0,301.3
14336,19.6568,20.0,301.4
14337,19.6568,20.0,301.6
14338,19.6568,20.0,301.7
14339,19.6568,20.0,301.7
14340,19.6568,20.0,301.7
14341,19.6766,20.0,301.7
14342,19.6766,20.0,301.7
14343,19.6766,20.0,301.8
14344,19.6766,20.0,301.8
14345,19.6766,20.0,301.8
14346,19.6766,20.0,301.8
14347,19.6766,20.0,301.8
14348,19.6766,20.0,301.9
14349,19.6766,20.0,301.9
14350,19.6766,20.0,301.9
14351,19.6766,20.0,301.9
14352,19.6766,20.0,302.0
14353,19.6766,20.0,302.0
14354,19.6766,20.0,302.0
14355,19.6766,20.0,302.0
14356,19.6766,20.0,302.0
14357,19.6766,20.0,302.1
14358,19.6766,20.0,302.1
14359,19.6766,20.0,302.1
14360,19.6766,20.0,302.1
14361,19.6963,20.0,302.2
14362,19.6963,20.0,302.2
14363,19.6963,20.0,302.2
14364,19.6963,20.0,302.2
14365,19.6963,20.0,302.3
14366,19.6963,20.0,302.3
14367,19.6963,20.0,302.3
14368,19.6963,20.0,302.3
14369,19.6963,20.0,302.3
14370,19.6963,20.0,302.4
14371,19.6963,20.0,302.4
14372,19.6963,20.0,302.4
14373,19.6963,20.0,302.4
14374,19.6963,20.0,302.4
14375,19.6963,20.0,302.5
14376,19.6963,20.0,302.5
14377,19.6963,20.0,302.5
14378,19.6963,20.0,302.5
14379,19.6963,20.0,302.5
14380,19.6963,20.0,302.6
14381,19.7160,20.0,302.6
14382,19.7160,20.0,302.6
14383,19.7160,20.0,302.6
14384,19.7160,20.0,302.7
14385,19.7160,20.0,302.7
14386,19.7160,20.0,302.7
14387,19.7160,20.0,302.7
14388,19.7160,20.0,302.7
14389,19.7160,20.0,302.8
14390,19.7160,20.0,302.8
14391,19.7160,20.0,302.8
14392,19.7160,20.0,302.8
14393,19.7160,20.0,302.8
14394,19.7160,20.0,302.8
14395,19.7160,20.0,302.9
14396,19.7160,20.0,302.9
14397,19.7160,20.0,302.9
14398,19.7160,20.0,302.9
14399,19.7160,20.0,303.0
14400,19.7160,20.0,303.0
14401,19.7356,20.0,303.0
14402,19.7356,20.0,303.0
14403,19.7356,20.0,303.0
14404,19.7356,20.0,303.1
14405,19.7356,20.0,303.1
14406,19.7356,20.0,303.1
14407,19.7356,20.0,303.1
14408,19.7356,20.0,303.1
14409,19.7356,20.0,303.2
14410,19.7356,20.0,303.2
14411,19.7356,20.0,303.2
14412,19.7356,20.0,303.2
14413,19.7356,20.0,303.2
14414,19.7356,20.0,303.3
14415,19.7356,20.0,303.3
14416,19.7356,20.0,303.3
14417,19.7356,20.0,303.3
14418,19.7356,20.0,303.3
14419,19.7356,20.0,303.4
14420,19.7356,20.0,303.4
14421,19.7553,20.0,303.4
14422,19.7553,20.0,303.4
14423,19.7553,20.0,303.4
14424,19.7553,20.0,303.5
14425,19.7553,20.0,303.5
14426,19.7553,20.0,303.5
14427,19.7553,20.0,303.5
14428,19.7553,20.0,303.6
14429,19.7553,20.0,303.6
14430,19.7553,20.0,303.6
14431,19.7553,20.0,303.7
14432,19.7553,20.0,303.7
14433,19.7553,20.0,303.7
14434,19.7553,20.0,303.7
14435,19.7553,20.0,303.8
14436,19.7553,20.0,303.8
14437,19.7553,20.0,303.8
14438,19.7553,20.0,303.8
14439,19.7553,20.0,303.8
14440,19.7553,20.0,303.9
14441,19.7750,20.0,303.9
14442,19.7750,20.0,303.9
14443,19.7750,20.0,304.0
14444,19.7750,20.0,304.0
14445,19.7750,20.0,304.0
14446,19.7750,20.0,304.0
14447,19.7750,20.0,304.0
14448,19.7750,20.0,304.1
14449,19.7750,20.0,304.1
14450,19.7750,20.0,304.1
14451,19.7750,20.0,304.1
14452,19.7750,20.0,304.1
14453,19.7750,20.0,304.2
14454,19.7750,20.0,304.2
14455,19.7750,20.0,304.2
14456,19.7750,20.0,304.2
14457,19.7750,20.0,304.2
14458,19.7750,20.0,304.3
14459,19.7750,20.0,304.3
14460,19.7750,20.0,304.3
14461,19.7947,20.0,304.3
14462,19.7947,20.0,304.4
14463,19.7947,20.0,304.4
14464,19.7947,20.0,304.4
14465,19.7947,20.0,304.4
14466,19.7947,20.0,304.5
14467,19.7947,20.0,304.5
14468,19.7947,20.0,304.5
14469,19.7947,20.0,304.5
14470,19.7947,20.0,304.5
14471,19.7947,20.0,304.6
14472,19.7947,20.0,304.6
14473,19.7947,20.0,304.6
14474,19.7947,20.0,304.6
14475,19.7947,20.0,304.7
14476,19.7947,20.0,304.7
14477,19.7947,20.0,304.7
14478,19.7947,20.0,304.7
14479,19.7947,20.0,304.7
14480,19.7947,20.0,304.8
14481,19.8144,20.0,304.8
14482,19.8144,20.0,304.8
14483,19.8144,20.0,304.8
14484,19.8144,20.0,304.8
14485,19.8144,20.0,304.9
14486,19.8144,20.0,304.9
14487,19.8144,20.0,304.9
14488,19.8144,20.0,304.9
14489,19.8144,20.0,304.9
14490,19.8144,20.0,305.0
14491,19.8144,20.0,305.0
14492,19.8144,20.0,305.0
14493,19.8144,20.0,305.0
14494,19.8144,20.0,305.1
14495,19.8144,20.0,305.1
14496,19.8144,20.0,305.1
14497,19.8144,20.0,305.1
14498,19.8144,20.0,305.1
14499,19.8144,20.0,305.1
14500,19.8144,20.0,305.2
14501,19.8341,20.0,305.2
14502,19.8341,20.0,305.2
14503,19.8341,20.0,305.2
14504,19.8341,20.0,305.3
14505,19.8341,20.0,305.3
14506,19.8341,20.0,305.3
14507,19.8341,20.0,305.3
14508,19.8341,20.0,305.3
14509,19.8341,20.0,305.4
14510,19.8341,20.0,305.4
14511,19.8341,20.0,305.4
14512,19.8341,20.0,305.4
14513,19.8341,20.0,305.4
14514,19.8341,20.0,305.5
14515,19.8341,20.0,305.5
14516,19.8341,20.0,305.5
14517,19.8341,20.0,305.5
14518,19.8341,20.0,305.5
14519,19.8341,20.0,305.6
14520,19.8341,20.0,305.6
14521,19.8537,20.0,305.6
14522,19.8537,20.0,305.6
14523,19.8537,20.0,305.7
14524,19.8537,20.0,305.7
14525,19.8537,20.0,305.7
14526,19.8537,20.0,305.7
14527,19.8537,20.0,305.8
14528,19.8537,20.0,305.8
14529,19.8537,20.0,305.8
14530,19.8537,20.0,305.8
14531,19.8537,20.0,305.8
14532,19.8537,20.0,305.9
14533,19.8537,20.0,305.9
14534,19.8537,20.0,306.0
14535,19.8537,20.0,306.0
14536,19.8537,20.0,306.1
14537,19.8537,20.0,306.1
14538,19.8537,20.0,306.1
14539,19.8537,20.0,306.1
14540,19.8537,20.0,306.1
14541,19.8734,20.0,306.2
14542,19.8734,20.0,306.2
14543,19.8734,20.0,306.2
14544,19.8734,20.0,306.2
14545,19.8734,20.0,306.2
14546,19.8734,20.0,306.3
14547,19.8734,20.0,306.3
14548,19.8734,20.0,306.3
14549,19.8734,20.0,306.3
14550,19.8734,20.0,306.3
14551,19.8734,20.0,306.4
14552,19.8734,20.0,306.4
14553,19.8734,20.0,306.4
14554,19.8734,20.0,306.4
14555,19.8734,20.0,306.4
14556,19.8734,20.0,306.4
14557,19.8734,20.0,306.5
14558,19.8734,20.0,306.5
14559,19.8734,20.0,306.5
14560,19.8734,20.0,306.5
14561,19.8931,20.0,306.6
14562,19.8931,20.0,306.6
14563,19.8931,20.0,306.6
14564,19.8931,20.0,306.6
14565,19.8931,20.0,306.7
14566,19.8931,20.0,306.7
14567,19.8931,20.0,306.7
14568,19.8931,20.0,306.7
14569,19.8931,20.0,306.7
14570,19.8931,20.0,306.8
14571,19.8931,20.0,306.8
14572,19.8931,20.0,306.8
14573,19.8931,20.0,306.9
14574,19.8931,20.0,306.9
14575,19.8931,20.0,307.0
14576,19.8931,20.0,307.0
14577,19.8931,20.0,307.1
14578,19.8931,20.0,307.2
14579,19.8931,20.0,307.2
14580,19.8931,20.0,307.3
14581,19.9128,20.0,307.3
14582,19.9128,20.0,307.3
14583,19.9128,20.0,307.4
14584,19.9128,20.0,307.4
14585,19.9128,20.0,307.4
14586,19.9128,20.0,307.4
14587,19.9128,20.0,307.4
14588,19.9128,20.0,307.5
14589,19.9128,20.0,307.5
14590,19.9128,20.0,307.5
14591,19.9128,20.0,307.6
14592,19.9128,20.0,307.6
14593,19.9128,20.0,307.6
14594,19.9128,20.0,307.6
14595,19.9128,20.0,307.7
14596,19.9128,20.0,307.7
14597,19.9128,20.0,307.7
14598,19.9128,20.0,307.7
14599,19.9128,20.0,307.8
14600,19.9128,20.0,307.8
14601,19.9325,20.0,307.8
14602,19.9325,20.0,307.8
14603,19.9325,20.0,307.9
14604,19.9325,20.0,307.9
14605,19.9325,20.0,307.9
14606,19.9325,20.0,307.9
14607,19.9325,20.0,308.0
14608,19.9325,20.0,308.0
14609,19.9325,20.0,308.0
14610,19.9325,20.0,308.1
14611,19.9325,20.0,308.1
14612,19.9325,20.0,308.2
14613,19.9325,20.0,308.2
14614,19.9325,20.0,308.3
14615,19.9325,20.0,308.3
14616,19.9325,20.0,308.4
14617,19.9325,20.0,308.4
14618,19.9325,20.0,308.4
14619,19.9325,20.0,308.5
14620,19.9325,20.0,308.6
14621,19.9522,20.0,308.7
14622,19.9522,20.0,308.7
14623,19.9522,20.0,308.8
14624,19.9522,20.0,308.8
14625,19.9522,20.0,308.8
14626,19.9522,20.0,308.9
14627,19.9522,20.0,308.9
14628,19.9522,20.0,309.0
14629,19.9522,20.0,309.0
14630,19.9522,20.0,309.0
14631,19.9522,20.0,309.0
14632,19.9522,20.0,309.1
14633,19.9522,20.0,309.1
14634,19.9522,20.0,309.1
14635,19.9522,20.0,309.1
14636,19.9522,20.0,309.2
14637,19.9522,20.0,309.2
14638,19.9522,20.0,309.3
14639,19.9522,20.0,309.4
14640,19.9522,20.0,309.7
14641,19.9718,20.0,310.0
14642,19.9718,20.0,310.1
14643,19.9718,20.0,310.4
14644,19.9718,20.0,310.5
14645,19.9718,20.0,310.5
14646,19.9718,20.0,310.6
14647,19.9718,20.0,310.6
14648,19.9718,20.0,310.7
14649,19.9718,20.0,310.7
14650,19.9718,20.0,310.8
14651,19.9718,20.0,310.8
14652,19.9718,20.0,310.8
14653,19.9718,20.0,310.9
14654,19.9718,20.0,310.9
14655,19.9718,20.0,310.9
14656,19.9718,20.0,311.0
14657,19.9718,20.0,311.0
14658,19.9718,20.0,311.1
14659,19.9718,20.0,311.1
14660,19.9718,20.0,311.2
14661,19.9915,20.0,311.2
14662,19.9915,20.0,311.2
14663,19.9915,20.0,311.3
14664,19.9915,20.0,311.5
14665,19.9915,20.0,311.7
14666,19.9915,20.0,311.9
14667,19.9915,20.0,311.9
14668,19.9915,20.0,312.0
14669,19.9915,20.0,312.0
14670,19.9915,20.0,312.1
14671,19.9915,20.0,312.1
14672,19.9915,20.0,312.1
14673,19.9915,20.0,312.2
14674,19.9915,20.0,312.2
14675,19.9915,20.0,312.2
14676,19.9915,20.0,312.2
14677,19.9915,20.0,312.3
14678,19.9915,20.0,312.3
14679,19.9915,20.0,312.3
14680,19.9915,20.0,312.4
14681,20.0112,20.0,312.4
14682,20.0112,20.0,312.4
14683,20.0112,20.0,312.4
14684,20.0112,20.0,312.5
14685,20.0112,20.0,312.5
14686,20.0112,20.0,312.5
14687,20.0112,20.0,312.5
14688,20.0112,20.0,312.6
14689,20.0112,20.0,312.6
14690,20.0112,20.0,312.6
14691,20.0112,20.0,312.6
14692,20.0112,20.0,312.7
14693,20.0112,20.0,312.7
14694,20.0112,20.0,312.7
14695,20.0112,20.0,312.7
14696,20.0112,20.0,312.8
14697,20.0112,20.0,312.8
14698,20.0112,20.0,312.8
14699,20.0112,20.0,312.9
14700,20.0112,20.0,312.9
14701,20.0309,20.0,312.9
14702,20.0309,20.0,312.9
14703,20.0309,20.0,313.0
14704,20.0309,20.0,313.0
14705,20.0309,20.0,313.1
14706,20.0309,20.0,313.1
14707,20.0309,20.0,313.1
14708,20.0309,20.0,313.2
14709,20.0309,20.0,313.2
14710,20.0309,20.0,313.2
14711,20.0309,20.0,313.3
14712,20.0309,20.0,313.3
14713,20.0309,20.0,313.3
14714,20.0309,20.0,313.4
14715,20.0309,20.0,313.4
14716,20.0309,20.0,313.5
14717,20.0309,20.0,313.5
14718,20.0309,20.0,313.5
14719,20.0309,20.0,313.6
14720,20.0309,20.0,313.6
14721,20.0506,20.0,313.6
14722,20.0506,20.0,313.7
14723,20.0506,20.0,313.7
14724,20.0506,20.0,313.7
14725,20.0506,20.0,313.8
14726,20.0506,20.0,313.8
14727,20.0506,20.0,313.8
14728,20.0506,20.0,314.1
14729,20.0506,20.0,314.1
14730,20.0506,20.0,314.2
14731,20.0506,20.0,314.2
14732,20.0506,20.0,314.2
14733,20.0506,20.0,314.3
14734,20.0506,20.0,314.3
14735,20.0506,20.0,314.4
14736,20.0506,20.0,314.4
14737,20.0506,20.0,314.5
14738,20.0506,20.0,314.5
14739,20.0506,20.0,314.5
14740,20.0506,20.0,314.6
14741,20.0703,20.0,314.6
14742,20.0703,20.0,314.7
14743,20.0703,20.0,314.7
14744,20.0703,20.0,314.8
14745,20.0703,20.0,314.8
14746,20.0703,20.0,314.8
14747,20.0703,20.0,314.9
14748,20.0703,20.0,314.9
14749,20.0703,20.0,315.0
14750,20.0703,20.0,315.0
14751,20.0703,20.0,315.1
14752,20.0703,20.0,315.1
14753,20.0703,20.0,315.1
14754,20.0703,20.0,315.2
14755,20.0703,20.0,315.3
14756,20.0703,20.0,315.4
14757,20.0703,20.0,315.4
14758,20.0703,20.0,315.5
14759,20.0703,20.0,315.5
14760,20.0703,20.0,315.6
14761,20.0899,20.0,315.6
14762,20.0899,20.0,315.7
14763,20.0899,20.0,315.7
14764,20.0899,20.0,315.8
14765,20.0899,20.0,315.8
14766,20.0899,20.0,315.8
14767,20.0899,20.0,315.9
14768,20.0899,20.0,316.0
14769,20.0899,20.0,316.0
14770,20.0899,20.0,316.1
14771,20.0899,20.0,316.2
14772,20.0899,20.0,316.2
14773,20.0899,20.0,316.2
14774,20.0899,20.0,316.3
14775,20.0899,20.0,316.3
14776,20.0899,20.0,316.3
14777,20.0899,20.0,316.4
14778,20.0899,20.0,316.4
14779,20.0899,20.0,316.5
14780,20.0899,20.0,316.5
14781,20.1096,20.0,316.5
14782,20.1096,20.0,316.6
14783,20.1096,20.0,316.6
14784,20.1096,20.0,316.7
14785,20.1096,20.0,316.7
14786,20.1096,20.0,316.8
14787,20.1096,20.0,316.8
14788,20.1096,20.0,316.8
14789,20.1096,20.0,316.9
14790,20.1096,20.0,316.9
14791,20.1096,20.0,316.9
14792,20.1096,20.0,317.0
14793,20.1096,20.0,317.0
14794,20.1096,20.0,317.0
14795,20.1096,20.0,317.0
14796,20.1096,20.0,317.1
14797,20.1096,20.0,317.1
14798,20.1096,20.0,317.1
14799,20.1096,20.0,317.1
14800,20.1096,20.0,317.2
14801,20.1293,20.0,317.2
14802,20.1293,20.0,317.2
14803,20.1293,20.0,317.2
14804,20.1293,20.0,317.3
14805,20.1293,20.0,317.3
14806,20.1293,20.0,317.3
14807,20.1293,20.0,317.3
14808,20.1293,20.0,317.4
14809,20.1293,20.0,317.4
14810,20.1293,20.0,317.4
14811,20.1293,20.0,317.5
14812,20.1293,20.0,317.5
14813,20.1293,20.0,317.6
14814,20.1293,20.0,317.6
14815,20.1293,20.0,317.7
14816,20.1293,20.0,317.7
14817,20.1293,20.0,317.7
14818,20.1293,20.0,317.8
14819,20.1293,20.0,317.8
14820,20.1293,20.0,317.8
14821,20.1293,20.0,317.8
14822,20.1293,20.0,317.9
14823,20.1293,20.0,317.9
14824,20.1293,20.0,317.9
14825,20.1293,20.0,317.9
14826,20.1293,20.0,318.0
14827,20.1293,20.0,318.0
14828,20.1293,20.0,318.1
14829,20.1293,20.0,318.1
14830,20.1293,20.0,318.1
14831,20.1293,20.0,318.2
14832,20.1293,20.0,318.2
14833,20.1293,20.0,318.2
14834,20.1293,20.0,318.3
14835,20.1293,20.0,318.3
14836,20.1293,20.0,318.3
14837,20.1293,20.0,318.4
14838,20.1293,20.0,318.4
14839,20.1293,20.0,318.5
14840,20.1293,20.0,318.5
14841,20.1293,20.0,318.5
14842,20.1293,20.0,318.6
14843,20.1293,20.0,318.6
14844,20.1293,20.0,318.7
14845,20.1293,20.0,318.7
14846,20.1293,20.0,318.7
14847,20.1293,20.0,318.8
14848,20.1293,20.0,318.8
14849,20.1293,20.0,319.5
14850,20.1293,20.0,319.5
14851,20.1293,20.0,319.5
14852,20.1293,20.0,319.6
14853,20.1293,20.0,319.6
14854,20.1293,20.0,319.6
14855,20.1293,20.0,319.7
14856,20.1293,20.0,319.7
14857,20.1293,20.0,319.7
14858,20.1293,20.0,319.8
14859,20.1293,20.0,319.8
14860,20.1293,20.0,319.8
14861,20.1092,20.0,319.9
14862,20.1092,20.0,319.9
14863,20.1092,20.0,319.9
14864,20.1092,20.0,319.9
14865,20.1092,20.0,320.0
14866,20.1092,20.0,320.0
14867,20.1092,20.0,320.0
14868,20.1092,20.0,320.1
14869,20.1092,20.0,320.1
14870,20.1092,20.0,320.1
14871,20.1092,20.0,320.2
14872,20.1092,20.0,320.2
14873,20.1092,20.0,320.2
14874,20.1092,20.0,320.2
14875,20.1092,20.0,320.3
14876,20.1092,20.0,320.3
14877,20.1092,20.0,320.3
14878,20.1092,20.0,320.3
14879,20.1092,20.0,320.4
14880,20.1092,20.0,320.4
14881,20.0892,20.0,320.4
14882,20.0892,20.0,320.5
14883,20.0892,20.0,320.5
14884,20.0892,20.0,320.5
14885,20.0892,20.0,320.5
14886,20.0892,20.0,320.6
14887,20.0892,20.0,320.6
14888,20.0892,20.0,320.6
14889,20.0892,20.0,320.6
14890,20.0892,20.0,320.6
14891,20.0892,20.0,320.7
14892,20.0892,20.0,320.7
14893,20.0892,20.0,320.7
14894,20.0892,20.0,320.7
14895,20.0892,20.0,320.8
14896,20.0892,20.0,320.8
14897,20.0892,20.0,320.8
14898,20.0892,20.0,320.9
14899,20.0892,20.0,320.9
14900,20.0892,20.0,320.9
14901,20.0691,20.0,320.9
14902,20.0691,20.0,321.0
14903,20.0691,20.0,321.0
14904,20.0691,20.0,321.0
14905,20.0691,20.0,321.1
14906,20.0691,20.0,321.1
14907,20.0691,20.0,321.1
14908,20.0691,20.0,321.1
14909,20.0691,20.0,321.2
14910,20.0691,20.0,321.2
14911,20.0691,20.0,321.2
14912,20.0691,20.0,321.2
14913,20.0691,20.0,321.3
14914,20.0691,20.0,321.3
14915,20.0691,20.0,321.3
14916,20.0691,20.0,321.4
14917,20.0691,20.0,321.4
14918,20.0691,20.0,321.4
14919,20.0691,20.0,321.4
14920,20.0691,20.0,321.5
14921,20.0491,20.0,321.5
14922,20.0491,20.0,321.5
14923,20.0491,20.0,321.6
14924,20.0491,20.0,321.6
14925,20.0491,20.0,321.6
14926,20.0491,20.0,321.7
14927,20.0491,20.0,321.7
14928,20.0491,20.0,321.7
14929,20.0491,20.0,321.8
14930,20.0491,20.0,321.8
14931,20.0491,20.0,321.8
14932,20.0491,20.0,321.8
14933,20.0491,20.0,321.9
14934,20.0491,20.0,321.9
14935,20.0491,20.0,321.9
14936,20.0491,20.0,321.9
14937,20.0491,20.0,322.0
14938,20.0491,20.0,322.0
14939,20.0491,20.0,322.0
14940,20.0491,20.0,322.1
14941,20.0290,20.0,322.1
14942,20.0290,20.0,322.1
14943,20.0290,20.0,322.1
14944,20.0290,20.0,322.2
14945,20.0290,20.0,322.2
14946,20.0290,20.0,322.2
14947,20.0290,20.0,322.2
14948,20.0290,20.0,322.3
14949,20.0290,20.0,322.3
14950,20.0290,20.0,322.3
14951,20.0290,20.0,322.3
14952,20.0290,20.0,322.3
14953,20.0290,20.0,322.4
14954,20.0290,20.0,322.4
14955,20.0290,20.0,322.4
14956,20.0290,20.0,322.5
14957,20.0290,20.0,322.5
14958,20.0290,20.0,322.5
14959,20.0290,20.0,322.5
14960,20.0290,20.0,322.6
14961,20.0089,20.0,322.6
14962,20.0089,20.0,322.6
14963,20.0089,20.0,322.7
14964,20.0089,20.0,322.7
14965,20.0089,20.0,322.7
14966,20.0089,20.0,322.8
14967,20.0089,20.0,322.8
14968,20.0089,20.0,322.8
14969,20.0089,20.0,322.8
14970,20.0089,20.0,322.9
14971,20.0089,20.0,322.9
14972,20.0089,20.0,322.9
14973,20.0089,20.0,322.9
14974,20.0089,20.0,323.1
14975,20.0089,20.0,323.1
14976,20.0089,20.0,323.1
14977,20.0089,20.0,323.1
14978,20.0089,20.0,323.2
14979,20.0089,20.0,323.2
14980,20.0089,20.0,323.2
14981,19.9889,20.0,323.2
14982,19.9889,20.0,323.3
14983,19.9889,20.0,323.3
14984,19.9889,20.0,323.3
14985,19.9889,20.0,323.3
14986,19.9889,20.0,323.4
14987,19.9889,20.0,323.4
14988,19.9889,20.0,323.4
14989,19.9889,20.0,323.4
14990,19.9889,20.0,323.5
14991,19.9889,20.0,323.5
14992,19.9889,20.0,323.5
14993,19.9889,20.0,323.5
14994,19.9889,20.0,323.5
14995,19.9889,20.0,323.6
14996,19.9889,20.0,323.6
14997,19.9889,20.0,323.6
14998,19.9889,20.0,323.6
14999,19.9889,20.0,323.7
15000,19.9889,20.0,323.7
15001,19.9688,20.0,323.7
15002,19.9688,20.0,323.7
15003,19.9688,20.0,323.8
15004,19.9688,20.0,323.8
15005,19.9688,20.0,323.8
15006,19.9688,20.0,323.8
15007,19.9688,20.0,323.9
15008,19.9688,20.0,323.9
15009,19.9688,20.0,323.9
15010,19.9688,20.0,323.9
15011,19.9688,20.0,324.0
15012,19.9688,20.0,324.0
15013,19.9688,20.0,324.0
15014,19.9688,20.0,324.0
15015,19.9688,20.0,324.1
15016,19.9688,20.0,324.1
15017,19.9688,20.0,324.1
15018,19.9688,20.0,324.1
15019,19.9688,20.0,324.2
15020,19.9688,20.0,324.2
15021,19.9488,20.0,324.2
15022,19.9488,20.0,324.2
15023,19.9488,20.0,324.3
15024,19.9488,20.0,324.3
15025,19.9488,20.0,324.3
15026,19.9488,20.0,324.3
15027,19.9488,20.0,324.4
15028,19.9488,20.0,324.4
15029,19.9488,20.0,324.4
15030,19.9488,20.0,324.4
15031,19.9488,20.0,324.5
15032,19.9488,20.0,324.5
15033,19.9488,20.0,324.5
15034,19.9488,20.0,324.5
15035,19.9488,20.0,324.6
15036,19.9488,20.0,324.6
15037,19.9488,20.0,324.6
15038,19.9488,20.0,324.6
15039,19.9488,20.0,324.7
15040,19.9488,20.0,324.7
15041,19.9287,20.0,324.7
15042,19.9287,20.0,324.7
15043,19.9287,20.0,324.8
15044,19.9287,20.0,324.8
15045,19.9287,20.0,324.8
15046,19.9287,20.0,324.8
15047,19.9287,20.0,324.9
15048,19.9287,20.0,324.9
15049,19.9287,20.0,324.9
15050,19.9287,20.0,324.9
15051,19.9287,20.0,325.0
15052,19.9287,20.0,325.0
15053,19.9287,20.0,325.0
15054,19.9287,20.0,325.0
15055,19.9287,20.0,325.1
15056,19.9287,20.0,325.1
15057,19.9287,20.0,325.1
15058,19.9287,20.0,325.1
15059,19.9287,20.0,325.2
15060,19.9287,20.0,325.2
15061,19.9086,20.0,325.2
15062,19.9086,20.0,325.2
15063,19.9086,20.0,325.3
15064,19.9086,20.0,325.3
15065,19.9086,20.0,325.3
15066,19.9086,20.0,325.3
15067,19.9086,20.0,325.3
15068,19.9086,20.0,325.4
15069,19.9086,20.0,325.4
15070,19.9086,20.0,325.4
15071,19.9086,20.0,325.4
15072,19.9086,20.0,325.5
15073,19.9086,20.0,325.5
15074,19.9086,20.0,325.5
15075,19.9086,20.0,325.5
15076,19.9086,20.0,325.6
15077,19.9086,20.0,325.6
15078,19.9086,20.0,325.6
15079,19.9086,20.0,325.6
15080,19.9086,20.0,325.7
15081,19.8886,20.0,325.7
15082,19.8886,20.0,325.7
15083,19.8886,20.0,325.7
15084,19.8886,20.0,325.8
15085,19.8886,20.0,325.8
15086,19.8886,20.0,325.8
15087,19.8886,20.0,325.8
15088,19.8886,20.0,325.8
15089,19.8886,20.0,325.9
15090,19.8886,20.0,325.9
15091,19.8886,20.0,325.9
15092,19.8886,20.0,325.9
15093,19.8886,20.0,326.0
15094,19.8886,20.0,326.0
15095,19.8886,20.0,326.0
15096,19.8886,20.0,326.1
15097,19.8886,20.0,326.1
15098,19.8886,20.0,326.1
15099,19.8886,20.0,326.1
15100,19.8886,20.0,326.2
15101,19.8685,20.0,326.2
15102,19.8685,20.0,326.2
15103,19.8685,20.0,326.3
15104,19.8685,20.0,326.3
15105,19.8685,20.0,326.3
15106,19.8685,20.0,326.3
15107,19.8685,20.0,326.4
15108,19.8685,20.0,326.4
15109,19.8685,20.0,326.4
15110,19.8685,20.0,326.4
15111,19.8685,20.0,326.5
15112,19.8685,20.0,326.5
15113,19.8685,20.0,326.5
15114,19.8685,20.0,326.5
15115,19.8685,20.0,326.6
15116,19.8685,20.0,326.6
15117,19.8685,20.0,326.6
15118,19.8685,20.0,326.6
15119,19.8685,20.0,326.7
15120,19.8685,20.0,326.7
15121,19.8484,20.0,326.7
15122,19.8484,20.0,326.7
15123,19.8484,20.0,326.8
15124,19.8484,20.0,326.8
15125,19.8484,20.0,326.8
15126,19.8484,20.0,326.8
15127,19.8484,20.0,326.9
15128,19.8484,20.0,326.9
15129,19.8484,20.0,326.9
15130,19.8484,20.0,326.9
15131,19.8484,20.0,327.0
15132,19.8484,20.0,327.0
15133,19.8484,20.0,327.0
15134,19.8484,20.0,327.0
15135,19.8484,20.0,327.1
15136,19.8484,20.0,327.1
15137,19.8484,20.0,327.1
15138,19.8484,20.0,327.1
15139,19.8484,20.0,327.2
15140,19.8484,20.0,327.2
15141,19.8284,20.0,327.2
15142,19.8284,20.0,327.2
15143,19.8284,20.0,327.3
15144,19.8284,20.0,327.3
15145,19.8284,20.0,327.3
15146,19.8284,20.0,327.3
15147,19.8284,20.0,327.3
15148,19.8284,20.0,327.4
15149,19.8284,20.0,327.4
15150,19.8284,20.0,327.4
15151,19.8284,20.0,327.4
15152,19.8284,20.0,327.4
15153,19.8284,20.0,327.5
15154,19.8284,20.0,327.5
15155,19.8284,20.0,327.5
15156,19.8284,20.0,327.6
15157,19.8284,20.0,327.6
15158,19.8284,20.0,327.6
15159,19.8284,20.0,327.6
15160,19.8284,20.0,327.7
15161,19.8083,20.0,327.7
15162,19.8083,20.0,327.7
15163,19.8083,20.0,327.7
15164,19.8083,20.0,327.8
15165,19.8083,20.0,327.8
15166,19.8083,20.0,327.8
15167,19.8083,20.0,327.8
15168,19.8083,20.0,327.8
15169,19.8083,20.0,327.9
15170,19.8083,20.0,327.9
15171,19.8083,20.0,327.9
15172,19.8083,20.0,327.9
15173,19.8083,20.0,328.0
15174,19.8083,20.0,328.0
15175,19.8083,20.0,328.0
15176,19.8083,20.0,328.0
15177,19.8083,20.0,328.1
15178,19.8083,20.0,328.1
15179,19.8083,20.0,328.1
15180,19.8083,20.0,328.1
15181,19.7883,20.0,328.2
15182,19.7883,20.0,328.2
15183,19.7883,20.0,328.2
15184,19.7883,20.0,328.2
15185,19.7883,20.0,328.2
15186,19.7883,20.0,328.3
15187,19.7883,20.0,328.3
15188,19.7883,20.0,328.3
15189,19.7883,20.0,328.3
15190,19.7883,20.0,328.4
15191,19.7883,20.0,328.4
15192,19.7883,20.0,328.4
15193,19.7883,20.0,328.4
15194,19.7883,20.0,328.5
15195,19.7883,20.0,328.5
15196,19.7883,20.0,328.5
15197,19.7883,20.0,328.5
15198,19.7883,20.0,328.6
15199,19.7883,20.0,328.6
15200,19.7883,20.0,328.6
15201,19.7682,20.0,328.6
15202,19.7682,20.0,328.7
15203,19.7682,20.0,328.7
15204,19.7682,20.0,328.7
15205,19.7682,20.0,328.7
15206,19.7682,20.0,328.7
15207,19.7682,20.0,328.8
15208,19.7682,20.0,328.8
15209,19.7682,20.0,328.8
15210,19.7682,20.0,328.8
15211,19.7682,20.0,328.9
15212,19.7682,20.0,328.9
15213,19.7682,20.0,328.9
15214,19.7682,20.0,328.9
15215,19.7682,20.0,329.0
15216,19.7682,20.0,329.0
15217,19.7682,20.0,329.0
15218,19.7682,20.0,329.0
15219,19.7682,20.0,329.1
15220,19.7682,20.0,329.1
15221,19.7481,20.0,329.1
15222,19.7481,20.0,329.2
15223,19.7481,20.0,329.2
15224,19.7481,20.0,329.2
15225,19.7481,20.0,329.2
15226,19.7481,20.0,329.3
15227,19.7481,20.0,329.3
15228,19.7481,20.0,329.3
15229,19.7481,20.0,329.3
15230,19.7481,20.0,329.3
15231,19.7481,20.0,329.4
15232,19.7481,20.0,329.4
15233,19.7481,20.0,329.4
15234,19.7481,20.0,329.4
15235,19.7481,20.0,329.5
15236,19.7481,20.0,329.5
15237,19.7481,20.0,329.5
15238,19.7481,20.0,329.5
15239,19.7481,20.0,329.6
15240,19.7481,20.0,329.6
15241,19.7281,20.0,329.6
15242,19.7281,20.0,329.6
15243,19.7281,20.0,329.6
15244,19.7281,20.0,329.7
15245,19.7281,20.0,329.7
15246,19.7281,20.0,329.7
15247,19.7281,20.0,329.7
15248,19.7281,20.0,329.8
15249,19.7281,20.0,329.8
15250,19.7281,20.0,329.8
15251,19.7281,20.0,329.8
15252,19.7281,20.0,329.9
15253,19.7281,20.0,329.9
15254,19.7281,20.0,329.9
15255,19.7281,20.0,329.9
15256,19.7281,20.0,330.0
15257,19.7281,20.0,330.0
15258,19.7281,20.0,330.0
15259,19.7281,20.0,330.0
15260,19.7281,20.0,330.1
15261,19.7080,20.0,330.1
15262,19.7080,20.0,330.1
15263,19.7080,20.0,330.1
15264,19.7080,20.0,330.2
15265,19.7080,20.0,330.2
15266,19.7080,20.0,330.2
15267,19.7080,20.0,330.2
15268,19.7080,20.0,330.3
15269,19.7080,20.0,330.3
15270,19.7080,20.0,330.3
15271,19.7080,20.0,330.3
15272,19.7080,20.0,330.4
15273,19.7080,20.0,330.4
15274,19.7080,20.0,330.4
15275,19.7080,20.0,330.4
15276,19.7080,20.0,330.5
15277,19.7080,20.0,330.5
15278,19.7080,20.0,330.5
15279,19.7080,20.0,330.5
15280,19.7080,20.0,330.6
15281,19.6879,20.0,330.6
15282,19.6879,20.0,330.6
15283,19.6879,20.0,330.6
15284,19.6879,20.0,330.7
15285,19.6879,20.0,330.7
15286,19.6879,20.0,330.7
15287,19.6879,20.0,330.7
15288,19.6879,20.0,330.8
15289,19.6879,20.0,330.8
15290,19.6879,20.0,330.8
15291,19.6879,20.0,330.8
15292,19.6879,20.0,330.9
15293,19.6879,20.0,330.9
15294,19.6879,20.0,330.9
15295,19.6879,20.0,330.9
15296,19.6879,20.0,330.9
15297,19.6879,20.0,331.0
15298,19.6879,20.0,331.0
15299,19.6879,20.0,331.0
15300,19.6879,20.0,331.0
15301,19.6679,20.0,331.1
15302,19.6679,20.0,331.1
15303,19.6679,20.0,331.1
15304,19.6679,20.0,331.1
15305,19.6679,20.0,331.2
15306,19.6679,20.0,331.2
15307,19.6679,20.0,331.2
15308,19.6679,20.0,331.2
15309,19.6679,20.0,331.3
15310,19.6679,20.0,331.3
15311,19.6679,20.0,331.3
15312,19.6679,20.0,331.3
15313,19.6679,20.0,331.4
15314,19.6679,20.0,331.4
15315,19.6679,20.0,331.4
15316,19.6679,20.0,331.4
15317,19.6679,20.0,331.5
15318,19.6679,20.0,331.5
15319,19.6679,20.0,331.5
15320,19.6679,20.0,331.5
15321,19.6480,20.0,331.6
15322,19.6480,20.0,331.6
15323,19.6480,20.0,331.6
15324,19.6480,20.0,331.6
15325,19.6480,20.0,331.7
15326,19.6480,20.0,331.7
15327,19.6480,20.0,331.7
15328,19.6480,20.0,331.7
15329,19.6480,20.0,331.7
15330,19.6480,20.0,331.8
15331,19.6480,20.0,331.8
15332,19.6480,20.0,331.8
15333,19.6480,20.0,331.8
15334,19.6480,20.0,331.9
15335,19.6480,20.0,331.9
15336,19.6480,20.0,331.9
15337,19.6480,20.0,331.9
15338,19.6480,20.0,332.0
15339,19.6480,20.0,332.0
15340,19.6480,20.0,332.0
15341,19.6281,20.0,332.0
15342,19.6281,20.0,332.1
15343,19.6281,20.0,332.1
15344,19.6281,20.0,332.1
15345,19.6281,20.0,332.1
15346,19.6281,20.0,332.2
15347,19.6281,20.0,332.2
15348,19.6281,20.0,332.2
15349,19.6281,20.0,332.2
15350,19.6281,20.0,332.3
15351,19.6281,20.0,332.3
15352,19.6281,20.0,332.3
15353,19.6281,20.0,332.3
15354,19.6281,20.0,332.4
15355,19.6281,20.0,332.4
15356,19.6281,20.0,332.4
15357,19.6281,20.0,332.4
15358,19.6281,20.0,332.5
15359,19.6281,20.0,332.5
15360,19.6281,20.0,332.5
15361,19.6081,20.0,333.0
15362,19.6081,20.0,333.0
15363,19.6081,20.0,333.1
15364,19.6081,20.0,333.1
15365,19.6081,20.0,333.2
15366,19.6081,20.0,333.2
15367,19.6081,20.0,333.2
15368,19.6081,20.0,333.2
15369,19.6081,20.0,333.3
15370,19.6081,20.0,333.3
15371,19.6081,20.0,333.3
15372,19.6081,20.0,333.4
15373,19.6081,20.0,333.4
15374,19.6081,20.0,333.4
15375,19.6081,20.0,333.5
15376,19.6081,20.0,333.5
15377,19.6081,20.0,333.5
15378,19.6081,20.0,333.6
15379,19.6081,20.0,333.6
15380,19.6081,20.0,333.6
15381,19.6081,20.0,333.6
15382,19.6081,20.0,333.7
15383,19.6081,20.0,333.7
15384,19.6081,20.0,333.7
15385,19.6081,20.0,333.7
15386,19.6081,20.0,333.8
15387,19.6081,20.0,333.8
15388,19.6081,20.0,333.8
15389,19.6081,20.0,333.8
15390,19.6081,20.0,333.9
15391,19.6081,20.0,333.9
15392,19.6081,20.0,333.9
15393,19.6081,20.0,333.9
15394,19.6081,20.0,334.0
15395,19.6081,20.0,334.0
15396,19.6081,20.0,334.0
15397,19.6081,20.0,334.0
15398,19.6081,20.0,334.1
15399,19.6081,20.0,334.1
15400,19.6081,20.0,334.1
15401,19.6081,20.0,334.1
15402,19.6081,20.0,334.2
15403,19.6081,20.0,334.2
15404,19.6081,20.0,334.2
15405,19.6081,20.0,334.2
15406,19.6081,20.0,334.2
15407,19.6081,20.0,334.3
15408,19.6081,20.0,334.3
15409,19.6081,20.0,334.3
15410,19.6081,20.0,334.3
15411,19.6081,20.0,334.4
15412,19.6081,20.0,334.4
15413,19.6081,20.0,334.4
15414,19.6081,20.0,334.4
15415,19.6081,20.0,334.5
15416,19.6081,20.0,334.5
15417,19.6081,20.0,334.5
15418,19.6081,20.0,334.5
15419,19.6081,20.0,334.6
15420,19.6081,20.0,334.6
15421,19.6081,20.0,334.6
15422,19.6081,20.0,334.6
15423,19.6081,20.0,334.7
15424,19.6081,20.0,334.7
15425,19.6081,20.0,334.7
15426,19.6081,20.0,334.7
15427,19.6081,20.0,334.8
15428,19.6081,20.0,334.8
15429,19.6081,20.0,334.8
15430,19.6081,20.0,334.8
15431,19.6081,20.0,334.9
15432,19.6081,20.0,334.9
15433,19.6081,20.0,334.9
15434,19.6081,20.0,334.9
15435,19.6081,20.0,335.0
15436,19.6081,20.0,335.0
15437,19.6081,20.0,335.0
15438,19.6081,20.0,335.0
15439,19.6081,20.0,335.1
15440,19.6081,20.0,335.1
15441,19.6081,20.0,335.1
15442,19.6081,20.0,335.1
15443,19.6081,20.0,335.2
15444,19.6081,20.0,335.2
15445,19.6081,20.0,335.2
15446,19.6081,20.0,335.2
15447,19.6081,20.0,335.3
15448,19.6081,20.0,335.3
15449,19.6081,20.0,335.3
15450,19.6081,20.0,335.3
15451,19.6081,20.0,335.4
15452,19.6081,20.0,335.4
15453,19.6081,20.0,335.4
15454,19.6081,20.0,335.4
15455,19.6081,20.0,335.5
15456,19.6081,20.0,335.5
15457,19.6081,20.0,335.5
15458,19.6081,20.0,335.5
15459,19.6081,20.0,335.5
15460,19.6081,20.0,335.6
15461,19.6081,20.0,335.6
15462,19.6081,20.0,335.6
15463,19.6081,20.0,335.7
15464,19.6081,20.0,335.7
15465,19.6081,20.0,335.7
15466,19.6081,20.0,335.8
15467,19.6081,20.0,335.8
15468,19.6081,20.0,335.8
15469,19.6081,20.0,335.8
15470,19.6081,20.0,335.9
15471,19.6081,20.0,335.9
15472,19.6081,20.0,335.9
15473,19.6081,20.0,335.9
15474,19.6081,20.0,336.0
15475,19.6081,20.0,336.0
15476,19.6081,20.0,336.0
15477,19.6081,20.0,336.1
15478,19.6081,20.0,336.1
15479,19.6081,20.0,336.1
15480,19.6081,20.0,336.1
15481,19.6081,20.0,336.2
15482,19.6081,20.0,336.2
15483,19.6081,20.0,336.2
15484,19.6081,20.0,336.2
15485,19.6081,20.0,336.3
15486,19.6081,20.0,336.3
15487,19.6081,20.0,336.3
15488,19.6081,20.0,336.3
15489,19.6081,20.0,336.4
15490,19.6081,20.0,336.4
15491,19.6081,20.0,336.4
15492,19.6081,20.0,336.4
15493,19.6081,20.0,336.4
15494,19.6081,20.0,336.5
15495,19.6081,20.0,336.5
15496,19.6081,20.0,336.5
15497,19.6081,20.0,336.5
15498,19.6081,20.0,336.6
15499,19.6081,20.0,336.6
15500,19.6081,20.0,336.6
15501,19.6081,20.0,336.6
15502,19.6081,20.0,336.7
15503,19.6081,20.0,336.7
15504,19.6081,20.0,336.7
15505,19.6081,20.0,336.7
15506,19.6081,20.0,336.8
15507,19.6081,20.0,336.8
15508,19.6081,20.0,336.8
15509,19.6081,20.0,336.8
15510,19.6081,20.0,336.9
15511,19.6081,20.0,336.9
15512,19.6081,20.0,336.9
15513,19.6081,20.0,336.9
15514,19.6081,20.0,336.9
15515,19.6081,20.0,337.0
15516,19.6081,20.0,337.0
15517,19.6081,20.0,337.0
15518,19.6081,20.0,337.0
15519,19.6081,20.0,337.1
15520,19.6081,20.0,337.1
15521,19.6081,20.0,337.1
15522,19.6081,20.0,337.2
15523,19.6081,20.0,337.2
15524,19.6081,20.0,337.2
15525,19.6081,20.0,337.2
15526,19.6081,20.0,337.2
15527,19.6081,20.0,337.3
15528,19.6081,20.0,337.3
15529,19.6081,20.0,337.3
15530,19.6081,20.0,337.3
15531,19.6081,20.0,337.4
15532,19.6081,20.0,337.4
15533,19.6081,20.0,337.4
15534,19.6081,20.0,337.4
15535,19.6081,20.0,337.5
15536,19.6081,20.0,337.5
15537,19.6081,20.0,337.5
15538,19.6081,20.0,337.5
15539,19.6081,20.0,337.5
15540,19.6081,20.0,337.6
15541,19.6081,20.0,337.6
15542,19.6081,20.0,337.6
15543,19.6081,20.0,337.6
15544,19.6081,20.0,337.7
15545,19.6081,20.0,337.7
15546,19.6081,20.0,337.7
15547,19.6081,20.0,337.7
15548,19.6081,20.0,337.8
15549,19.6081,20.0,337.8
15550,19.6081,20.0,337.8
15551,19.6081,20.0,337.8
15552,19.6081,20.0,337.9
15553,19.6081,20.0,337.9
15554,19.6081,20.0,337.9
15555,19.6081,20.0,337.9
15556,19.6081,20.0,338.0
15557,19.6081,20.0,338.0
15558,19.6081,20.0,338.0
15559,19.6081,20.0,338.0
15560,19.6081,20.0,338.1
15561,19.6081,20.0,338.1
15562,19.6081,20.0,338.1
15563,19.6081,20.0,338.1
15564,19.6081,20.0,338.1
15565,19.6081,20.0,338.2
15566,19.6081,20.0,338.2
15567,19.6081,20.0,338.2
15568,19.6081,20.0,338.2
15569,19.6081,20.0,338.2
15570,19.6081,20.0,338.3
15571,19.6081,20.0,338.3
15572,19.6081,20.0,338.3
15573,19.6081,20.0,338.3
15574,19.6081,20.0,338.3
15575,19.6081,20.0,338.4
15576,19.6081,20.0,338.4
15577,19.6081,20.0,338.4
15578,19.6081,20.0,338.4
15579,19.6081,20.0,338.4
15580,19.6081,20.0,338.5
15581,19.6081,20.0,338.5
15582,19.6081,20.0,338.5
15583,19.6081,20.0,338.5
15584,19.6081,20.0,338.6
15585,19.6081,20.0,338.6
15586,19.6081,20.0,338.6
15587,19.6081,20.0,338.6
15588,19.6081,20.0,338.6
15589,19.6081,20.0,338.7
15590,19.6081,20.0,338.7
15591,19.6081,20.0,338.7
15592,19.6081,20.0,338.7
15593,19.6081,20.0,338.7
15594,19.6081,20.0,338.8
15595,19.6081,20.0,338.8
15596,19.6081,20.0,338.8
15597,19.6081,20.0,338.8
15598,19.6081,20.0,338.9
15599,19.6081,20.0,338.9
15600,19.6081,20.0,338.9
15601,19.6080,20.0,338.9
15602,19.6080,20.0,338.9
15603,19.6080,20.0,339.0
15604,19.6080,20.0,339.0
15605,19.6080,20.0,339.0
15606,19.6080,20.0,339.0
15607,19.6080,20.0,339.1
15608,19.6080,20.0,339.1
15609,19.6080,20.0,339.1
15610,19.6080,20.0,339.1
15611,19.6080,20.0,339.2
15612,19.6080,20.0,339.2
15613,19.6080,20.0,339.2
15614,19.6080,20.0,339.2
15615,19.6080,20.0,339.2
15616,19.6080,20.0,339.3
15617,19.6080,20.0,339.3
15618,19.6080,20.0,339.3
15619,19.6080,20.0,339.3
15620,19.6080,20.0,339.4
15621,19.6080,20.0,339.4
15622,19.6080,20.0,339.4
15623,19.6080,20.0,339.4
15624,19.6080,20.0,339.5
15625,19.6080,20.0,339.5
15626,19.6080,20.0,339.5
15627,19.6080,20.0,339.5
15628,19.6080,20.0,339.5
15629,19.6080,20.0,339.6
15630,19.6080,20.0,339.6
15631,19.6080,20.0,339.6
15632,19.6080,20.0,339.6
15633,19.6080,20.0,339.6
15634,19.6080,20.0,339.7
15635,19.6080,20.0,339.7
15636,19.6080,20.0,339.7
15637,19.6080,20.0,339.7
15638,19.6080,20.0,339.8
15639,19.6080,20.0,339.8
15640,19.6080,20.0,339.8
15641,19.6080,20.0,339.8
15642,19.6080,20.0,339.8
15643,19.6080,20.0,339.9
15644,19.6080,20.0,339.9
15645,19.6080,20.0,339.9
15646,19.6080,20.0,339.9
15647,19.6080,20.0,339.9
15648,19.6080,20.0,340.0
15649,19.6080,20.0,340.0
15650,19.6080,20.0,340.0
15651,19.6080,20.0,340.0
15652,19.6080,20.0,340.1
15653,19.6080,20.0,340.1
15654,19.6080,20.0,340.1
15655,19.6080,20.0,340.1
15656,19.6080,20.0,340.2
15657,19.6080,20.0,340.2
15658,19.6080,20.0,340.2
15659,19.6080,20.0,340.2
15660,19.6080,20.0,340.2
15661,19.6080,20.0,340.3
15662,19.6080,20.0,340.3
15663,19.6080,20.0,340.3
15664,19.6080,20.0,340.3
15665,19.6080,20.0,340.3
15666,19.6080,20.0,340.4
15667,19.6080,20.0,340.4
15668,19.6080,20.0,340.4
15669,19.6080,20.0,340.4
15670,19.6080,20.0,340.4
15671,19.6080,20.0,340.5
15672,19.6080,20.0,340.5
15673,19.6080,20.0,340.5
15674,19.6080,20.0,340.5
15675,19.6080,20.0,340.6
15676,19.6080,20.0,340.6
15677,19.6080,20.0,340.6
15678,19.6080,20.0,340.6
15679,19.6080,20.0,340.6
15680,19.6080,20.0,340.7
15681,19.6080,20.0,340.7
15682,19.6080,20.0,340.7
15683,19.6080,20.0,340.7
15684,19.6080,20.0,340.7
15685,19.6080,20.0,340.8
15686,19.6080,20.0,340.8
15687,19.6080,20.0,340.8
15688,19.6080,20.0,340.8
15689,19.6080,20.0,340.9
15690,19.6080,20.0,340.9
15691,19.6080,20.0,340.9
15692,19.6080,20.0,340.9
15693,19.6080,20.0,340.9
15694,19.6080,20.0,340.9
15695,19.6080,20.0,341.0
15696,19.6080,20.0,341.0
15697,19.6080,20.0,341.0
15698,19.6080,20.0,341.0
15699,19.6080,20.0,341.1
15700,19.6080,20.0,341.1
15701,19.6080,20.0,341.1
15702,19.6080,20.0,341.1
15703,19.6080,20.0,341.2
15704,19.6080,20.0,341.2
15705,19.6080,20.0,341.2
15706,19.6080,20.0,341.2
15707,19.6080,20.0,341.3
15708,19.6080,20.0,341.3
15709,19.6080,20.0,341.3
15710,19.6080,20.0,341.3
15711,19.6080,20.0,341.3
15712,19.6080,20.0,341.3
15713,19.6080,20.0,341.4
15714,19.6080,20.0,341.4
15715,19.6080,20.0,341.4
15716,19.6080,20.0,341.4
15717,19.6080,20.0,341.4
15718,19.6080,20.0,341.5
15719,19.6080,20.0,341.5
15720,19.6080,20.0,341.5
15721,19.6080,20.0,341.5
15722,19.6080,20.0,341.5
15723,19.6080,20.0,341.6
15724,19.6080,20.0,341.6
15725,19.6080,20.0,341.6
15726,19.6080,20.0,341.6
15727,19.6080,20.0,341.7
15728,19.6080,20.0,341.7
15729,19.6080,20.0,341.7
15730,19.6080,20.0,341.7
15731,19.6080,20.0,341.7
15732,19.6080,20.0,341.8
15733,19.6080,20.0,341.8
15734,19.6080,20.0,341.8
15735,19.6080,20.0,341.8
15736,19.6080,20.0,341.8
15737,19.6080,20.0,341.9
15738,19.6080,20.0,341.9
15739,19.6080,20.0,341.9
15740,19.6080,20.0,341.9
15741,19.6080,20.0,341.9
15742,19.6080,20.0,342.0
15743,19.6080,20.0,342.0
15744,19.6080,20.0,342.0
15745,19.6080,20.0,342.0
15746,19.6080,20.0,342.0
15747,19.6080,20.0,342.1
15748,19.6080,20.0,342.1
15749,19.6080,20.0,342.1
15750,19.6080,20.0,342.1
15751,19.6080,20.0,342.1
15752,19.6080,20.0,342.2
15753,19.6080,20.0,342.2
15754,19.6080,20.0,342.2
15755,19.6080,20.0,342.2
15756,19.6080,20.0,342.2
15757,19.6080,20.0,342.2
15758,19.6080,20.0,342.3
15759,19.6080,20.0,342.3
15760,19.6080,20.0,342.3
15761,19.6080,20.0,342.3
15762,19.6080,20.0,342.4
15763,19.6080,20.0,342.4
15764,19.6080,20.0,342.4
15765,19.6080,20.0,342.4
15766,19.6080,20.0,342.4
15767,19.6080,20.0,342.5
15768,19.6080,20.0,342.5
15769,19.6080,20.0,342.5
15770,19.6080,20.0,342.5
15771,19.6080,20.0,342.5
15772,19.6080,20.0,342.6
15773,19.6080,20.0,342.6
15774,19.6080,20.0,342.6
15775,19.6080,20.0,342.6
15776,19.6080,20.0,342.6
15777,19.6080,20.0,342.7
15778,19.6080,20.0,342.7
15779,19.6080,20.0,342.7
15780,19.6080,20.0,342.7
15781,19.6080,20.0,342.7
15782,19.6080,20.0,342.8
15783,19.6080,20.0,342.8
15784,19.6080,20.0,342.8
15785,19.6080,20.0,342.8
15786,19.6080,20.0,342.9
15787,19.6080,20.0,342.9
15788,19.6080,20.0,342.9
15789,19.6080,20.0,342.9
15790,19.6080,20.0,342.9
15791,19.6080,20.0,343.0
15792,19.6080,20.0,343.0
15793,19.6080,20.0,343.0
15794,19.6080,20.0,343.0
15795,19.6080,20.0,343.0
15796,19.6080,20.0,343.1
15797,19.6080,20.0,343.1
15798,19.6080,20.0,343.1
15799,19.6080,20.0,343.1
15800,19.6080,20.0,343.2
15801,19.6080,20.0,343.2
15802,19.6080,20.0,343.2
15803,19.6080,20.0,343.2
15804,19.6080,20.0,343.3
15805,19.6080,20.0,343.3
15806,19.6080,20.0,343.3
15807,19.6080,20.0,343.3
15808,19.6080,20.0,343.3
15809,19.6080,20.0,343.4
15810,19.6080,20.0,343.4
15811,19.6080,20.0,343.4
15812,19.6080,20.0,343.4
15813,19.6080,20.0,343.5
15814,19.6080,20.0,343.5
15815,19.6080,20.0,343.5
15816,19.6080,20.0,343.5
15817,19.6080,20.0,343.6
15818,19.6080,20.0,343.6
15819,19.6080,20.0,343.6
15820,19.6080,20.0,343.6
15821,19.6080,20.0,343.7
15822,19.6080,20.0,343.7
15823,19.6080,20.0,343.7
15824,19.6080,20.0,343.7
15825,19.6080,20.0,343.7
15826,19.6080,20.0,343.8
15827,19.6080,20.0,343.8
15828,19.6080,20.0,343.8
15829,19.6080,20.0,343.8
15830,19.6080,20.0,343.9
15831,19.6080,20.0,343.9
15832,19.6080,20.0,343.9
15833,19.6080,20.0,343.9
15834,19.6080,20.0,344.0
15835,19.6080,20.0,344.0
15836,19.6080,20.0,344.0
15837,19.6080,20.0,344.0
15838,19.6080,20.0,344.0
15839,19.6080,20.0,344.1
15840,19.6080,20.0,344.1
15841,19.6078,20.0,344.1
15842,19.6078,20.0,344.1
15843,19.6078,20.0,344.1
15844,19.6078,20.0,344.2
15845,19.6078,20.0,344.2
15846,19.6078,20.0,344.2
15847,19.6078,20.0,344.2
15848,19.6078,20.0,344.3
15849,19.6078,20.0,344.3
15850,19.6078,20.0,344.3
15851,19.6078,20.0,344.3
15852,19.6078,20.0,344.3
15853,19.6078,20.0,344.3
15854,19.6078,20.0,344.4
15855,19.6078,20.0,344.4
15856,19.6078,20.0,344.4
15857,19.6078,20.0,344.4
15858,19.6078,20.0,344.4
15859,19.6078,20.0,344.5
15860,19.6078,20.0,344.5
15861,19.6073,20.0,344.5
15862,19.6073,20.0,344.5
15863,19.6073,20.0,344.6
15864,19.6073,20.0,344.6
15865,19.6073,20.0,344.6
15866,19.6073,20.0,344.6
15867,19.6073,20.0,344.6
15868,19.6073,20.0,344.7
15869,19.6073,20.0,344.7
15870,19.6073,20.0,344.7
15871,19.6073,20.0,344.7
15872,19.6073,20.0,344.8
15873,19.6073,20.0,345.1
15874,19.6073,20.0,345.1
15875,19.6073,20.0,345.1
15876,19.6073,20.0,345.1
15877,19.6073,20.0,345.1
15878,19.6073,20.0,345.2
15879,19.6073,20.0,345.2
15880,19.6073,20.0,345.2
15881,19.6067,20.0,345.2
15882,19.6067,20.0,345.2
15883,19.6067,20.0,345.2
15884,19.6067,20.0,345.3
15885,19.6067,20.0,345.3
15886,19.6067,20.0,345.4
15887,19.6067,20.0,345.4
15888,19.6067,20.0,345.4
15889,19.6067,20.0,345.4
15890,19.6067,20.0,345.5
15891,19.6067,20.0,345.5
15892,19.6067,20.0,345.5
15893,19.6067,20.0,345.5
15894,19.6067,20.0,345.6
15895,19.6067,20.0,345.6
15896,19.6067,20.0,345.6
15897,19.6067,20.0,345.6
15898,19.6067,20.0,345.6
15899,19.6067,20.0,345.7
15900,19.6067,20.0,345.7
15901,19.6059,20.0,345.7
15902,19.6059,20.0,345.7
15903,19.6059,20.0,345.8
15904,19.6059,20.0,345.8
15905,19.6059,20.0,345.8
15906,19.6059,20.0,345.8
15907,19.6059,20.0,345.9
15908,19.6059,20.0,345.9
15909,19.6059,20.0,345.9
15910,19.6059,20.0,345.9
15911,19.6059,20.0,345.9
15912,19.6059,20.0,346.0
15913,19.6059,20.0,346.0
15914,19.6059,20.0,346.0
15915,19.6059,20.0,346.0
15916,19.6059,20.0,346.0
15917,19.6059,20.0,346.1
15918,19.6059,20.0,346.1
15919,19.6059,20.0,346.1
15920,19.6059,20.0,346.1
15921,19.6052,20.0,346.2
15922,19.6052,20.0,346.2
15923,19.6052,20.0,346.2
15924,19.6052,20.0,346.2
15925,19.6052,20.0,346.2
15926,19.6052,20.0,346.3
15927,19.6052,20.0,346.3
15928,19.6052,20.0,346.3
15929,19.6052,20.0,346.3
15930,19.6052,20.0,346.3
15931,19.6052,20.0,346.4
15932,19.6052,20.0,346.4
15933,19.6052,20.0,346.4
15934,19.6052,20.0,346.4
15935,19.6052,20.0,346.4
15936,19.6052,20.0,346.5
15937,19.6052,20.0,346.5
15938,19.6052,20.0,346.5
15939,19.6052,20.0,346.5
15940,19.6052,20.0,346.5
15941,19.6044,20.0,346.6
15942,19.6044,20.0,346.6
15943,19.6044,20.0,346.6
15944,19.6044,20.0,346.6
15945,19.6044,20.0,346.7
15946,19.6044,20.0,346.7
15947,19.6044,20.0,346.7
15948,19.6044,20.0,346.7
15949,19.6044,20.0,346.7
15950,19.6044,20.0,346.8
15951,19.6044,20.0,346.8
15952,19.6044,20.0,346.8
15953,19.6044,20.0,346.8
15954,19.6044,20.0,346.8
15955,19.6044,20.0,346.9
15956,19.6044,20.0,346.9
15957,19.6044,20.0,346.9
15958,19.6044,20.0,346.9
15959,19.6044,20.0,346.9
15960,19.6044,20.0,347.0
15961,19.6036,20.0,347.0
15962,19.6036,20.0,347.0
15963,19.6036,20.0,347.0
15964,19.6036,20.0,347.0
15965,19.6036,20.0,347.1
15966,19.6036,20.0,347.1
15967,19.6036,20.0,347.1
15968,19.6036,20.0,347.1
15969,19.6036,20.0,347.2
15970,19.6036,20.0,347.2
15971,19.6036,20.0,347.2
15972,19.6036,20.0,347.2
15973,19.6036,20.0,347.2
15974,19.6036,20.0,347.3
15975,19.6036,20.0,347.3
15976,19.6036,20.0,347.3
15977,19.6036,20.0,347.3
15978,19.6036,20.0,347.3
15979,19.6036,20.0,347.4
15980,19.6036,20.0,347.4
15981,19.6029,20.0,347.4
15982,19.6029,20.0,347.4
15983,19.6029,20.0,347.4
15984,19.6029,20.0,347.5
15985,19.6029,20.0,347.5
15986,19.6029,20.0,347.5
15987,19.6029,20.0,347.5
15988,19.6029,20.0,347.5
15989,19.6029,20.0,347.6
15990,19.6029,20.0,347.6
15991,19.6029,20.0,347.6
15992,19.6029,20.0,347.6
15993,19.6029,20.0,347.6
15994,19.6029,20.0,347.7
15995,19.6029,20.0,347.7
15996,19.6029,20.0,347.7
15997,19.6029,20.0,347.7
15998,19.6029,20.0,347.7
15999,19.6029,20.0,347.8
16000,19.6029,20.0,347.8
16001,19.6021,20.0,347.8
16002,19.6021,20.0,347.8
16003,19.6021,20.0,347.9
16004,19.6021,20.0,347.9
16005,19.6021,20.0,347.9
16006,19.6021,20.0,347.9
16007,19.6021,20.0,347.9
16008,19.6021,20.0,348.0
16009,19.6021,20.0,348.0
16010,19.6021,20.0,348.0
16011,19.6021,20.0,348.0
16012,19.6021,20.0,348.0
16013,19.6021,20.0,348.1
16014,19.6021,20.0,348.1
16015,19.6021,20.0,348.1
16016,19.6021,20.0,348.1
16017,19.6021,20.0,348.1
16018,19.6021,20.0,348.2
16019,19.6021,20.0,348.2
16020,19.6021,20.0,348.2
16021,19.6013,20.0,348.2
16022,19.6013,20.0,348.2
16023,19.6013,20.0,348.3
16024,19.6013,20.0,348.3
16025,19.6013,20.0,348.3
16026,19.6013,20.0,348.3
16027,19.6013,20.0,348.3
16028,19.6013,20.0,348.4
16029,19.6013,20.0,348.4
16030,19.6013,20.0,348.4
16031,19.6013,20.0,348.4
16032,19.6013,20.0,348.4
16033,19.6013,20.0,348.5
16034,19.6013,20.0,348.5
16035,19.6013,20.0,348.5
16036,19.6013,20.0,348.5
16037,19.6013,20.0,348.5
16038,19.6013,20.0,348.6
16039,19.6013,20.0,348.6
16040,19.6013,20.0,348.6
16041,19.6005,20.0,348.6
16042,19.6005,20.0,348.6
16043,19.6005,20.0,348.7
16044,19.6005,20.0,348.7
16045,19.6005,20.0,348.7
16046,19.6005,20.0,348.7
16047,19.6005,20.0,348.7
16048,19.6005,20.0,348.8
16049,19.6005,20.0,348.8
16050,19.6005,20.0,348.8
16051,19.6005,20.0,348.8
16052,19.6005,20.0,348.9
16053,19.6005,20.0,348.9
16054,19.6005,20.0,348.9
16055,19.6005,20.0,348.9
16056,19.6005,20.0,348.9
16057,19.6005,20.0,349.0
16058,19.6005,20.0,349.0
16059,19.6005,20.0,349.0
16060,19.6005,20.0,349.0
16061,19.5998,20.0,349.0
16062,19.5998,20.0,349.1
16063,19.5998,20.0,349.1
16064,19.5998,20.0,349.1
16065,19.5998,20.0,349.1
16066,19.5998,20.0,349.2
16067,19.5998,20.0,349.2
16068,19.5998,20.0,349.2
16069,19.5998,20.0,349.2
16070,19.5998,20.0,349.2
16071,19.5998,20.0,349.2
16072,19.5998,20.0,349.3
16073,19.5998,20.0,349.3
16074,19.5998,20.0,349.3
16075,19.5998,20.0,349.3
16076,19.5998,20.0,349.3
16077,19.5998,20.0,349.4
16078,19.5998,20.0,349.4
16079,19.5998,20.0,349.4
16080,19.5998,20.0,349.4
16081,19.5990,20.0,349.4
16082,19.5990,20.0,349.5
16083,19.5990,20.0,349.5
16084,19.5990,20.0,349.5
16085,19.5990,20.0,349.5
16086,19.5990,20.0,349.5
16087,19.5990,20.0,349.6
16088,19.5990,20.0,349.6
16089,19.5990,20.0,349.6
16090,19.5990,20.0,349.6
16091,19.5990,20.0,349.6
16092,19.5990,20.0,349.7
16093,19.5990,20.0,349.7
16094,19.5990,20.0,349.7
16095,19.5990,20.0,349.7
16096,19.5990,20.0,349.7
16097,19.5990,20.0,349.7
16098,19.5990,20.0,349.8
16099,19.5990,20.0,349.8
16100,19.5990,20.0,349.8
16101,19.5982,20.0,349.8
16102,19.5982,20.0,349.8
16103,19.5982,20.0,349.9
16104,19.5982,20.0,349.9
16105,19.5982,20.0,349.9
16106,19.5982,20.0,349.9
16107,19.5982,20.0,349.9
16108,19.5982,20.0,350.0
16109,19.5982,20.0,350.0
16110,19.5982,20.0,350.0
16111,19.5982,20.0,350.0
16112,19.5982,20.0,350.1
16113,19.5982,20.0,350.1
16114,19.5982,20.0,350.1
16115,19.5982,20.0,350.1
16116,19.5982,20.0,350.1
16117,19.5982,20.0,350.2
16118,19.5982,20.0,350.2
16119,19.5982,20.0,350.2
16120,19.5982,20.0,350.2
16121,19.5975,20.0,350.3
16122,19.5975,20.0,350.3
16123,19.5975,20.0,350.3
16124,19.5975,20.0,350.3
16125,19.5975,20.0,350.3
16126,19.5975,20.0,350.4
16127,19.5975,20.0,350.4
16128,19.5975,20.0,350.4
16129,19.5975,20.0,350.4
16130,19.5975,20.0,350.5
16131,19.5975,20.0,350.5
16132,19.5975,20.0,350.5
16133,19.5975,20.0,350.5
16134,19.5975,20.0,350.5
16135,19.5975,20.0,350.6
16136,19.5975,20.0,350.6
16137,19.5975,20.0,350.6
16138,19.5975,20.0,350.6
16139,19.5975,20.0,350.6
16140,19.5975,20.0,350.7
16141,19.5967,20.0,350.7
16142,19.5967,20.0,350.7
16143,19.5967,20.0,350.7
16144,19.5967,20.0,350.7
16145,19.5967,20.0,350.8
16146,19.5967,20.0,350.8
16147,19.5967,20.0,350.8
16148,19.5967,20.0,350.8
16149,19.5967,20.0,350.8
16150,19.5967,20.0,350.9
16151,19.5967,20.0,350.9
16152,19.5967,20.0,350.9
16153,19.5967,20.0,350.9
16154,19.5967,20.0,350.9
16155,19.5967,20.0,351.0
16156,19.5967,20.0,351.0
16157,19.5967,20.0,351.0
16158,19.5967,20.0,351.0
16159,19.5967,20.0,351.0
16160,19.5967,20.0,351.1
16161,19.5959,20.0,351.1
16162,19.5959,20.0,351.1
16163,19.5959,20.0,351.1
16164,19.5959,20.0,351.1
16165,19.5959,20.0,351.2
16166,19.5959,20.0,351.2
16167,19.5959,20.0,351.2
16168,19.5959,20.0,351.2
16169,19.5959,20.0,351.2
16170,19.5959,20.0,351.3
16171,19.5959,20.0,351.3
16172,19.5959,20.0,351.3
16173,19.5959,20.0,351.3
16174,19.5959,20.0,351.4
16175,19.5959,20.0,351.4
16176,19.5959,20.0,351.4
16177,19.5959,20.0,351.5
16178,19.5959,20.0,351.5
16179,19.5959,20.0,351.5
16180,19.5959,20.0,351.5
16181,19.5952,20.0,351.6
16182,19.5952,20.0,351.6
16183,19.5952,20.0,351.6
16184,19.5952,20.0,351.6
16185,19.5952,20.0,351.6
16186,19.5952,20.0,351.7
16187,19.5952,20.0,351.7
16188,19.5952,20.0,351.7
16189,19.5952,20.0,351.7
16190,19.5952,20.0,351.7
16191,19.5952,20.0,351.8
16192,19.5952,20.0,351.8
16193,19.5952,20.0,351.8
16194,19.5952,20.0,351.8
16195,19.5952,20.0,351.8
16196,19.5952,20.0,351.9
16197,19.5952,20.0,351.9
16198,19.5952,20.0,351.9
16199,19.5952,20.0,351.9
16200,19.5952,20.0,352.0
16201,19.5944,20.0,352.0
16202,19.5944,20.0,352.0
16203,19.5944,20.0,352.0
16204,19.5944,20.0,352.0
16205,19.5944,20.0,352.1
16206,19.5944,20.0,352.1
16207,19.5944,20.0,352.1
16208,19.5944,20.0,352.1
16209,19.5944,20.0,352.2
16210,19.5944,20.0,352.2
16211,19.5944,20.0,352.2
16212,19.5944,20.0,352.2
16213,19.5944,20.0,352.2
16214,19.5944,20.0,352.3
16215,19.5944,20.0,352.3
16216,19.5944,20.0,352.3
16217,19.5944,20.0,352.3
16218,19.5944,20.0,352.3
16219,19.5944,20.0,352.4
16220,19.5944,20.0,352.4
16221,19.5936,20.0,352.4
16222,19.5936,20.0,352.4
16223,19.5936,20.0,352.4
16224,19.5936,20.0,352.5
16225,19.5936,20.0,352.5
16226,19.5936,20.0,352.5
16227,19.5936,20.0,352.5
16228,19.5936,20.0,352.5
16229,19.5936,20.0,352.6
16230,19.5936,20.0,352.6
16231,19.5936,20.0,352.6
16232,19.5936,20.0,352.6
16233,19.5936,20.0,352.6
16234,19.5936,20.0,352.7
16235,19.5936,20.0,352.7
16236,19.5936,20.0,352.7
16237,19.5936,20.0,352.7
16238,19.5936,20.0,352.7
16239,19.5936,20.0,352.7
16240,19.5936,20.0,352.8
16241,19.5928,20.0,352.8
16242,19.5928,20.0,352.8
16243,19.5928,20.0,352.8
16244,19.5928,20.0,352.8
16245,19.5928,20.0,352.9
16246,19.5928,20.0,352.9
16247,19.5928,20.0,352.9
16248,19.5928,20.0,352.9
16249,19.5928,20.0,352.9
16250,19.5928,20.0,353.0
16251,19.5928,20.0,353.0
16252,19.5928,20.0,353.0
16253,19.5928,20.0,353.0
16254,19.5928,20.0,353.0
16255,19.5928,20.0,353.1
16256,19.5928,20.0,353.1
16257,19.5928,20.0,353.1
16258,19.5928,20.0,353.1
16259,19.5928,20.0,353.2
16260,19.5928,20.0,353.2
16261,19.5921,20.0,353.2
16262,19.5921,20.0,353.2
16263,19.5921,20.0,353.2
16264,19.5921,20.0,353.3
16265,19.5921,20.0,353.3
16266,19.5921,20.0,353.3
16267,19.5921,20.0,353.3
16268,19.5921,20.0,353.3
16269,19.5921,20.0,353.4
16270,19.5921,20.0,353.4
16271,19.5921,20.0,353.4
16272,19.5921,20.0,353.4
16273,19.5921,20.0,353.5
16274,19.5921,20.0,353.5
16275,19.5921,20.0,353.5
16276,19.5921,20.0,353.5
16277,19.5921,20.0,353.5
16278,19.5921,20.0,353.6
16279,19.5921,20.0,353.6
16280,19.5921,20.0,353.6
16281,19.5913,20.0,353.6
16282,19.5913,20.0,353.7
16283,19.5913,20.0,353.7
16284,19.5913,20.0,353.7
16285,19.5913,20.0,353.7
16286,19.5913,20.0,353.8
16287,19.5913,20.0,353.8
16288,19.5913,20.0,353.8
16289,19.5913,20.0,353.8
16290,19.5913,20.0,353.8
16291,19.5913,20.0,353.9
16292,19.5913,20.0,353.9
16293,19.5913,20.0,353.9
16294,19.5913,20.0,353.9
16295,19.5913,20.0,353.9
16296,19.5913,20.0,354.0
16297,19.5913,20.0,354.0
16298,19.5913,20.0,354.0
16299,19.5913,20.0,354.0
16300,19.5913,20.0,354.1
16301,19.5905,20.0,354.1
16302,19.5905,20.0,354.1
16303,19.5905,20.0,354.1
16304,19.5905,20.0,354.1
16305,19.5905,20.0,354.2
16306,19.5905,20.0,354.2
16307,19.5905,20.0,354.2
16308,19.5905,20.0,354.2
16309,19.5905,20.0,354.3
16310,19.5905,20.0,354.3
16311,19.5905,20.0,354.3
16312,19.5905,20.0,354.3
16313,19.5905,20.0,354.3
16314,19.5905,20.0,354.4
16315,19.5905,20.0,354.4
16316,19.5905,20.0,354.4
16317,19.5905,20.0,354.4
16318,19.5905,20.0,354.4
16319,19.5905,20.0,354.5
16320,19.5905,20.0,354.5
16321,19.5898,20.0,354.5
16322,19.5898,20.0,354.5
16323,19.5898,20.0,354.5
16324,19.5898,20.0,354.5
16325,19.5898,20.0,354.6
16326,19.5898,20.0,354.6
16327,19.5898,20.0,354.6
16328,19.5898,20.0,354.6
16329,19.5898,20.0,354.7
16330,19.5898,20.0,354.7
16331,19.5898,20.0,354.7
16332,19.5898,20.0,354.7
16333,19.5898,20.0,354.7
16334,19.5898,20.0,354.8
16335,19.5898,20.0,354.8
16336,19.5898,20.0,354.8
16337,19.5898,20.0,354.8
16338,19.5898,20.0,354.9
16339,19.5898,20.0,354.9
16340,19.5898,20.0,354.9
16341,19.5891,20.0,354.9
16342,19.5891,20.0,354.9
16343,19.5891,20.0,355.0
16344,19.5891,20.0,355.0
16345,19.5891,20.0,355.0
16346,19.5891,20.0,355.0
16347,19.5891,20.0,355.1
16348,19.5891,20.0,355.1
16349,19.5891,20.0,355.1
16350,19.5891,20.0,355.1
16351,19.5891,20.0,355.2
16352,19.5891,20.0,355.2
16353,19.5891,20.0,355.2
16354,19.5891,20.0,355.3
16355,19.5891,20.0,355.3
16356,19.5891,20.0,355.3
16357,19.5891,20.0,355.3
16358,19.5891,20.0,355.3
16359,19.5891,20.0,355.4
16360,19.5891,20.0,355.4
16361,19.5887,20.0,355.4
16362,19.5887,20.0,355.4
16363,19.5887,20.0,355.5
16364,19.5887,20.0,355.5
16365,19.5887,20.0,355.5
16366,19.5887,20.0,355.5
16367,19.5887,20.0,355.6
16368,19.5887,20.0,355.6
16369,19.5887,20.0,355.6
16370,19.5887,20.0,355.6
16371,19.5887,20.0,355.7
16372,19.5887,20.0,355.7
16373,19.5887,20.0,355.7
16374,19.5887,20.0,355.7
16375,19.5887,20.0,355.7
16376,19.5887,20.0,355.8
16377,19.5887,20.0,355.8
16378,19.5887,20.0,355.8
16379,19.5887,20.0,355.8
16380,19.5887,20.0,355.9
16381,19.5882,20.0,355.9
16382,19.5882,20.0,355.9
16383,19.5882,20.0,355.9
16384,19.5882,20.0,355.9
16385,19.5882,20.0,356.3
16386,19.5882,20.0,356.3
16387,19.5882,20.0,356.4
16388,19.5882,20.0,356.4
16389,19.5882,20.0,356.4
16390,19.5882,20.0,356.4
16391,19.5882,20.0,356.4
16392,19.5882,20.0,356.5
16393,19.5882,20.0,356.5
16394,19.5882,20.0,356.5
16395,19.5882,20.0,356.5
16396,19.5882,20.0,356.6
16397,19.5882,20.0,356.6
16398,19.5882,20.0,356.6
16399,19.5882,20.0,356.6
16400,19.5882,20.0,356.7
16401,19.5681,20.0,356.7
16402,19.5681,20.0,356.7
16403,19.5681,20.0,356.7
16404,19.5681,20.0,356.7
16405,19.5681,20.0,356.8
16406,19.5681,20.0,356.8
16407,19.5681,20.0,356.8
16408,19.5681,20.0,356.8
16409,19.5681,20.0,356.9
16410,19.5681,20.0,356.9
16411,19.5681,20.0,356.9
16412,19.5681,20.0,356.9
16413,19.5681,20.0,356.9
16414,19.5681,20.0,356.9
16415,19.5681,20.0,357.0
16416,19.5681,20.0,357.0
16417,19.5681,20.0,357.0
16418,19.5681,20.0,357.0
16419,19.5681,20.0,357.0
16420,19.5681,20.0,357.1
16421,19.5480,20.0,357.1
16422,19.5480,20.0,357.1
16423,19.5480,20.0,357.1
16424,19.5480,20.0,357.1
16425,19.5480,20.0,357.2
16426,19.5480,20.0,357.2
16427,19.5480,20.0,357.2
16428,19.5480,20.0,357.2
16429,19.5480,20.0,357.3
16430,19.5480,20.0,357.3
16431,19.5480,20.0,357.3
16432,19.5480,20.0,357.3
16433,19.5480,20.0,357.3
16434,19.5480,20.0,357.4
16435,19.5480,20.0,357.4
16436,19.5480,20.0,357.4
16437,19.5480,20.0,357.4
16438,19.5480,20.0,357.4
16439,19.5480,20.0,357.5
16440,19.5480,20.0,357.5
16441,19.5279,20.0,357.5
16442,19.5279,20.0,357.5
16443,19.5279,20.0,357.5
16444,19.5279,20.0,357.6
16445,19.5279,20.0,357.6
16446,19.5279,20.0,357.6
16447,19.5279,20.0,357.6
16448,19.5279,20.0,357.6
16449,19.5279,20.0,357.7
16450,19.5279,20.0,357.7
16451,19.5279,20.0,357.7
16452,19.5279,20.0,357.7
16453,19.5279,20.0,357.7
16454,19.5279,20.0,357.8
16455,19.5279,20.0,357.8
16456,19.5279,20.0,357.8
16457,19.5279,20.0,357.8
16458,19.5279,20.0,357.8
16459,19.5279,20.0,357.9
16460,19.5279,20.0,357.9
16461,19.5078,20.0,357.9
16462,19.5078,20.0,357.9
16463,19.5078,20.0,358.0
16464,19.5078,20.0,358.0
16465,19.5078,20.0,358.0
16466,19.5078,20.0,358.0
16467,19.5078,20.0,358.0
16468,19.5078,20.0,358.1
16469,19.5078,20.0,358.1
16470,19.5078,20.0,358.1
16471,19.5078,20.0,358.1
16472,19.5078,20.0,358.1
16473,19.5078,20.0,358.2
16474,19.5078,20.0,358.2
16475,19.5078,20.0,358.2
16476,19.5078,20.0,358.2
16477,19.5078,20.0,358.3
16478,19.5078,20.0,358.3
16479,19.5078,20.0,358.3
16480,19.5078,20.0,358.3
16481,19.4877,20.0,358.3
16482,19.4877,20.0,358.4
16483,19.4877,20.0,358.4
16484,19.4877,20.0,358.4
16485,19.4877,20.0,358.4
16486,19.4877,20.0,358.4
16487,19.4877,20.0,358.4
16488,19.4877,20.0,358.5
16489,19.4877,20.0,358.5
16490,19.4877,20.0,358.5
16491,19.4877,20.0,358.5
16492,19.4877,20.0,358.5
16493,19.4877,20.0,358.6
16494,19.4877,20.0,358.6
16495,19.4877,20.0,358.6
16496,19.4877,20.0,358.6
16497,19.4877,20.0,358.6
16498,19.4877,20.0,358.7
16499,19.4877,20.0,358.7
16500,19.4877,20.0,358.7
16501,19.4676,20.0,358.7
16502,19.4676,20.0,358.7
16503,19.4676,20.0,358.8
16504,19.4676,20.0,358.8
16505,19.4676,20.0,358.8
16506,19.4676,20.0,358.8
16507,19.4676,20.0,358.8
16508,19.4676,20.0,358.9
16509,19.4676,20.0,358.9
16510,19.4676,20.0,358.9
16511,19.4676,20.0,358.9
16512,19.4676,20.0,358.9
16513,19.4676,20.0,359.0
16514,19.4676,20.0,359.0
16515,19.4676,20.0,359.0
16516,19.4676,20.0,359.0
16517,19.4676,20.0,359.0
16518,19.4676,20.0,359.1
16519,19.4676,20.0,359.1
16520,19.4676,20.0,359.1
16521,19.4475,20.0,359.1
16522,19.4475,20.0,359.1
16523,19.4475,20.0,359.2
16524,19.4475,20.0,359.2
16525,19.4475,20.0,359.2
16526,19.4475,20.0,359.2
16527,19.4475,20.0,359.3
16528,19.4475,20.0,359.3
16529,19.4475,20.0,359.3
16530,19.4475,20.0,359.3
16531,19.4475,20.0,359.3
16532,19.4475,20.0,359.3
16533,19.4475,20.0,359.4
16534,19.4475,20.0,359.4
16535,19.4475,20.0,359.4
16536,19.4475,20.0,359.4
16537,19.4475,20.0,359.4
16538,19.4475,20.0,359.4
16539,19.4475,20.0,359.5
16540,19.4475,20.0,359.5
16541,19.4274,20.0,359.5
16542,19.4274,20.0,359.5
16543,19.4274,20.0,359.6
16544,19.4274,20.0,359.6
16545,19.4274,20.0,359.6
16546,19.4274,20.0,359.6
16547,19.4274,20.0,359.6
16548,19.4274,20.0,359.6
16549,19.4274,20.0,359.7
16550,19.4274,20.0,359.7
16551,19.4274,20.0,359.7
16552,19.4274,20.0,359.7
16553,19.4274,20.0,359.7
16554,19.4274,20.0,359.8
16555,19.4274,20.0,359.8
16556,19.4274,20.0,359.8
16557,19.4274,20.0,359.8
16558,19.4274,20.0,359.8
16559,19.4274,20.0,359.9
16560,19.4274,20.0,359.9
16561,19.4073,20.0,359.9
16562,19.4073,20.0,359.9
16563,19.4073,20.0,360.0
16564,19.4073,20.0,360.0
16565,19.4073,20.0,360.0
16566,19.4073,20.0,360.0
16567,19.4073,20.0,360.0
16568,19.4073,20.0,360.1
16569,19.4073,20.0,360.1
16570,19.4073,20.0,360.1
16571,19.4073,20.0,360.1
16572,19.4073,20.0,360.1
16573,19.4073,20.0,360.2
16574,19.4073,20.0,360.2
16575,19.4073,20.0,360.2
16576,19.4073,20.0,360.2
16577,19.4073,20.0,360.2
16578,19.4073,20.0,360.3
16579,19.4073,20.0,360.3
16580,19.4073,20.0,360.3
16581,19.3872,20.0,360.3
16582,19.3872,20.0,360.4
16583,19.3872,20.0,360.4
16584,19.3872,20.0,360.4
16585,19.3872,20.0,360.4
16586,19.3872,20.0,360.4
16587,19.3872,20.0,360.5
16588,19.3872,20.0,360.5
16589,19.3872,20.0,360.5
16590,19.3872,20.0,360.5
16591,19.3872,20.0,360.5
16592,19.3872,20.0,360.6
16593,19.3872,20.0,360.6
16594,19.3872,20.0,360.6
16595,19.3872,20.0,360.6
16596,19.3872,20.0,360.6
16597,19.3872,20.0,360.7
16598,19.3872,20.0,360.7
16599,19.3872,20.0,360.7
16600,19.3872,20.0,360.7
16601,19.3671,20.0,360.7
16602,19.3671,20.0,360.8
16603,19.3671,20.0,360.8
16604,19.3671,20.0,360.8
16605,19.3671,20.0,360.8
16606,19.3671,20.0,360.8
16607,19.3671,20.0,360.9
16608,19.3671,20.0,360.9
16609,19.3671,20.0,360.9
16610,19.3671,20.0,360.9
16611,19.3671,20.0,360.9
16612,19.3671,20.0,361.0
16613,19.3671,20.0,361.0
16614,19.3671,20.0,361.0
16615,19.3671,20.0,361.0
16616,19.3671,20.0,361.0
16617,19.3671,20.0,361.1
16618,19.3671,20.0,361.1
16619,19.3671,20.0,361.1
16620,19.3671,20.0,361.1
16621,19.3470,20.0,361.1
16622,19.3470,20.0,361.2
16623,19.3470,20.0,361.2
16624,19.3470,20.0,361.2
16625,19.3470,20.0,361.2
16626,19.3470,20.0,361.3
16627,19.3470,20.0,361.3
16628,19.3470,20.0,361.3
16629,19.3470,20.0,361.3
16630,19.3470,20.0,361.3
16631,19.3470,20.0,361.3
16632,19.3470,20.0,361.4
16633,19.3470,20.0,361.4
16634,19.3470,20.0,361.4
16635,19.3470,20.0,361.4
16636,19.3470,20.0,361.4
16637,19.3470,20.0,361.5
16638,19.3470,20.0,361.5
16639,19.3470,20.0,361.5
16640,19.3470,20.0,361.5
16641,19.3269,20.0,361.6
16642,19.3269,20.0,361.6
16643,19.3269,20.0,361.6
16644,19.3269,20.0,361.6
16645,19.3269,20.0,361.6
16646,19.3269,20.0,361.6
16647,19.3269,20.0,361.7
16648,19.3269,20.0,361.7
16649,19.3269,20.0,361.7
16650,19.3269,20.0,361.7
16651,19.3269,20.0,361.7
16652,19.3269,20.0,361.8
16653,19.3269,20.0,361.8
16654,19.3269,20.0,361.8
16655,19.3269,20.0,361.8
16656,19.3269,20.0,361.8
16657,19.3269,20.0,361.9
16658,19.3269,20.0,361.9
16659,19.3269,20.0,361.9
16660,19.3269,20.0,361.9
16661,19.3068,20.0,361.9
16662,19.3068,20.0,361.9
16663,19.3068,20.0,362.0
16664,19.3068,20.0,362.0
16665,19.3068,20.0,362.0
16666,19.3068,20.0,362.0
16667,19.3068,20.0,362.0
16668,19.3068,20.0,362.1
16669,19.3068,20.0,362.1
16670,19.3068,20.0,362.1
16671,19.3068,20.0,362.1
16672,19.3068,20.0,362.2
16673,19.3068,20.0,362.2
16674,19.3068,20.0,362.2
16675,19.3068,20.0,362.2
16676,19.3068,20.0,362.3
16677,19.3068,20.0,362.3
16678,19.3068,20.0,362.3
16679,19.3068,20.0,362.3
16680,19.3068,20.0,362.4
16681,19.2867,20.0,362.4
16682,19.2867,20.0,362.4
16683,19.2867,20.0,362.4
16684,19.2867,20.0,362.4
16685,19.2867,20.0,362.5
16686,19.2867,20.0,362.5
16687,19.2867,20.0,362.5
16688,19.2867,20.0,362.5
16689,19.2867,20.0,362.6
16690,19.2867,20.0,362.6
16691,19.2867,20.0,362.6
16692,19.2867,20.0,362.6
16693,19.2867,20.0,362.6
16694,19.2867,20.0,362.7
16695,19.2867,20.0,362.7
16696,19.2867,20.0,362.7
16697,19.2867,20.0,362.7
16698,19.2867,20.0,362.7
16699,19.2867,20.0,362.8
16700,19.2867,20.0,362.8
16701,19.2666,20.0,362.8
16702,19.2666,20.0,362.8
16703,19.2666,20.0,362.9
16704,19.2666,20.0,362.9
16705,19.2666,20.0,362.9
16706,19.2666,20.0,362.9
16707,19.2666,20.0,362.9
16708,19.2666,20.0,363.0
16709,19.2666,20.0,363.0
16710,19.2666,20.0,363.0
16711,19.2666,20.0,363.0
16712,19.2666,20.0,363.1
16713,19.2666,20.0,363.1
16714,19.2666,20.0,363.1
16715,19.2666,20.0,363.1
16716,19.2666,20.0,363.1
16717,19.2666,20.0,363.1
16718,19.2666,20.0,363.2
16719,19.2666,20.0,363.2
16720,19.2666,20.0,363.2
16721,19.2465,20.0,363.2
16722,19.2465,20.0,363.3
16723,19.2465,20.0,363.3
16724,19.2465,20.0,363.3
16725,19.2465,20.0,363.3
16726,19.2465,20.0,363.3
16727,19.2465,20.0,363.4
16728,19.2465,20.0,363.4
16729,19.2465,20.0,363.4
16730,19.2465,20.0,363.4
16731,19.2465,20.0,363.4
16732,19.2465,20.0,363.5
16733,19.2465,20.0,363.5
16734,19.2465,20.0,363.5
16735,19.2465,20.0,363.5
16736,19.2465,20.0,363.5
16737,19.2465,20.0,363.6
16738,19.2465,20.0,363.6
16739,19.2465,20.0,363.6
16740,19.2465,20.0,363.6
16741,19.2264,20.0,363.6
16742,19.2264,20.0,363.7
16743,19.2264,20.0,363.7
16744,19.2264,20.0,363.7
16745,19.2264,20.0,363.7
16746,19.2264,20.0,363.7
16747,19.2264,20.0,363.7
16748,19.2264,20.0,363.8
16749,19.2264,20.0,363.8
16750,19.2264,20.0,363.8
16751,19.2264,20.0,363.8
16752,19.2264,20.0,363.8
16753,19.2264,20.0,363.9
16754,19.2264,20.0,363.9
16755,19.2264,20.0,363.9
16756,19.2264,20.0,363.9
16757,19.2264,20.0,363.9
16758,19.2264,20.0,364.0
16759,19.2264,20.0,364.0
16760,19.2264,20.0,364.0
16761,19.2063,20.0,364.0
16762,19.2063,20.0,364.0
16763,19.2063,20.0,364.1
16764,19.2063,20.0,364.1
16765,19.2063,20.0,364.1
16766,19.2063,20.0,364.1
16767,19.2063,20.0,364.1
16768,19.2063,20.0,364.2
16769,19.2063,20.0,364.2
16770,19.2063,20.0,364.2
16771,19.2063,20.0,364.2
16772,19.2063,20.0,364.2
16773,19.2063,20.0,364.3
16774,19.2063,20.0,364.3
16775,19.2063,20.0,364.3
16776,19.2063,20.0,364.3
16777,19.2063,20.0,364.4
16778,19.2063,20.0,364.4
16779,19.2063,20.0,364.4
16780,19.2063,20.0,364.4
16781,19.1862,20.0,364.4
16782,19.1862,20.0,364.5
16783,19.1862,20.0,364.5
16784,19.1862,20.0,364.5
16785,19.1862,20.0,364.5
16786,19.1862,20.0,364.5
16787,19.1862,20.0,364.6
16788,19.1862,20.0,364.6
16789,19.1862,20.0,364.6
16790,19.1862,20.0,364.6
16791,19.1862,20.0,364.7
16792,19.1862,20.0,364.7
16793,19.1862,20.0,364.7
16794,19.1862,20.0,364.7
16795,19.1862,20.0,364.7
16796,19.1862,20.0,364.8
16797,19.1862,20.0,364.8
16798,19.1862,20.0,364.8
16799,19.1862,20.0,364.8
16800,19.1862,20.0,364.9
16801,19.1661,20.0,364.9
16802,19.1661,20.0,364.9
16803,19.1661,20.0,364.9
16804,19.1661,20.0,364.9
16805,19.1661,20.0,365.0
16806,19.1661,20.0,365.0
16807,19.1661,20.0,365.0
16808,19.1661,20.0,365.0
16809,19.1661,20.0,365.1
16810,19.1661,20.0,365.1
16811,19.1661,20.0,365.1
16812,19.1661,20.0,365.1
16813,19.1661,20.0,365.1
16814,19.1661,20.0,365.2
16815,19.1661,20.0,365.2
16816,19.1661,20.0,365.2
16817,19.1661,20.0,365.2
16818,19.1661,20.0,365.3
16819,19.1661,20.0,365.3
16820,19.1661,20.0,365.3
16821,19.1460,20.0,365.3
16822,19.1460,20.0,365.4
16823,19.1460,20.0,365.4
16824,19.1460,20.0,365.4
16825,19.1460,20.0,365.4
16826,19.1460,20.0,365.4
16827,19.1460,20.0,365.5
16828,19.1460,20.0,365.5
16829,19.1460,20.0,365.5
16830,19.1460,20.0,365.5
16831,19.1460,20.0,365.5
16832,19.1460,20.0,365.6
16833,19.1460,20.0,365.6
16834,19.1460,20.0,365.6
16835,19.1460,20.0,365.6
16836,19.1460,20.0,365.7
16837,19.1460,20.0,365.7
16838,19.1460,20.0,365.7
16839,19.1460,20.0,365.7
16840,19.1460,20.0,365.7
16841,19.1259,20.0,365.8
16842,19.1259,20.0,365.8
16843,19.1259,20.0,365.8
16844,19.1259,20.0,365.8
16845,19.1259,20.0,365.9
16846,19.1259,20.0,365.9
16847,19.1259,20.0,365.9
16848,19.1259,20.0,365.9
16849,19.1259,20.0,365.9
16850,19.1259,20.0,366.0
16851,19.1259,20.0,366.0
16852,19.1259,20.0,366.0
16853,19.1259,20.0,366.0
16854,19.1259,20.0,366.0
16855,19.1259,20.0,366.0
16856,19.1259,20.0,366.1
16857,19.1259,20.0,366.1
16858,19.1259,20.0,366.1
16859,19.1259,20.0,366.1
16860,19.1259,20.0,366.1
16861,19.1258,20.0,366.2
16862,19.1258,20.0,366.2
16863,19.1258,20.0,366.2
16864,19.1258,20.0,366.2
16865,19.1258,20.0,366.3
16866,19.1258,20.0,366.3
16867,19.1258,20.0,366.3
16868,19.1258,20.0,366.3
16869,19.1258,20.0,366.3
16870,19.1258,20.0,366.4
16871,19.1258,20.0,366.4
16872,19.1258,20.0,366.4
16873,19.1258,20.0,366.4
16874,19.1258,20.0,366.5
16875,19.1258,20.0,366.5
16876,19.1258,20.0,366.5
16877,19.1258,20.0,366.5
16878,19.1258,20.0,366.5
16879,19.1258,20.0,366.6
16880,19.1258,20.0,366.6
16881,19.1258,20.0,366.6
16882,19.1258,20.0,366.6
16883,19.1258,20.0,366.7
16884,19.1258,20.0,366.7
16885,19.1258,20.0,366.7
16886,19.1258,20.0,366.7
16887,19.1258,20.0,366.7
16888,19.1258,20.0,366.8
16889,19.1258,20.0,366.8
16890,19.1258,20.0,366.8
16891,19.1258,20.0,366.8
16892,19.1258,20.0,366.8
16893,19.1258,20.0,366.9
16894,19.1258,20.0,366.9
16895,19.1258,20.0,366.9
16896,19.1258,20.0,366.9
16897,19.1258,20.0,367.2
16898,19.1258,20.0,367.2
16899,19.1258,20.0,367.2
16900,19.1258,20.0,367.3
16901,19.1258,20.0,367.3
16902,19.1258,20.0,367.3
16903,19.1258,20.0,367.3
16904,19.1258,20.0,367.3
16905,19.1258,20.0,367.4
16906,19.1258,20.0,367.4
16907,19.1258,20.0,367.4
16908,19.1258,20.0,367.4
16909,19.1258,20.0,367.4
16910,19.1258,20.0,367.5
16911,19.1258,20.0,367.5
16912,19.1258,20.0,367.5
16913,19.1258,20.0,367.5
16914,19.1258,20.0,367.5
16915,19.1258,20.0,367.6
16916,19.1258,20.0,367.6
16917,19.1258,20.0,367.6
16918,19.1258,20.0,367.6
16919,19.1258,20.0,367.6
16920,19.1258,20.0,367.7
16921,19.1459,20.0,367.7
16922,19.1459,20.0,367.7
16923,19.1459,20.0,367.7
16924,19.1459,20.0,367.8
16925,19.1459,20.0,367.8
16926,19.1459,20.0,367.8
16927,19.1459,20.0,367.8
16928,19.1459,20.0,367.8
16929,19.1459,20.0,367.9
16930,19.1459,20.0,367.9
16931,19.1459,20.0,367.9
16932,19.1459,20.0,367.9
16933,19.1459,20.0,367.9
16934,19.1459,20.0,368.0
16935,19.1459,20.0,368.0
16936,19.1459,20.0,368.0
16937,19.1459,20.0,368.0
16938,19.1459,20.0,368.0
16939,19.1459,20.0,368.1
16940,19.1459,20.0,368.1
16941,19.1660,20.0,368.1
16942,19.1660,20.0,368.1
16943,19.1660,20.0,368.1
16944,19.1660,20.0,368.2
16945,19.1660,20.0,368.2
16946,19.1660,20.0,368.2
16947,19.1660,20.0,368.2
16948,19.1660,20.0,368.2
16949,19.1660,20.0,368.3
16950,19.1660,20.0,368.3
16951,19.1660,20.0,368.3
16952,19.1660,20.0,368.3
16953,19.1660,20.0,368.4
16954,19.1660,20.0,368.4
16955,19.1660,20.0,368.4
16956,19.1660,20.0,368.4
16957,19.1660,20.0,368.4
16958,19.1660,20.0,368.4
16959,19.1660,20.0,368.5
16960,19.1660,20.0,368.5
16961,19.1860,20.0,368.5
16962,19.1860,20.0,368.5
16963,19.1860,20.0,368.5
16964,19.1860,20.0,368.6
16965,19.1860,20.0,368.6
16966,19.1860,20.0,368.6
16967,19.1860,20.0,368.6
16968,19.1860,20.0,368.6
16969,19.1860,20.0,368.6
16970,19.1860,20.0,368.7
16971,19.1860,20.0,368.7
16972,19.1860,20.0,368.7
16973,19.1860,20.0,368.7
16974,19.1860,20.0,368.7
16975,19.1860,20.0,368.8
16976,19.1860,20.0,368.8
16977,19.1860,20.0,368.8
16978,19.1860,20.0,368.8
16979,19.1860,20.0,368.9
16980,19.1860,20.0,368.9
16981,19.2061,20.0,368.9
16982,19.2061,20.0,368.9
16983,19.2061,20.0,368.9
16984,19.2061,20.0,369.0
16985,19.2061,20.0,369.0
16986,19.2061,20.0,369.0
16987,19.2061,20.0,369.0
16988,19.2061,20.0,369.1
16989,19.2061,20.0,369.1
16990,19.2061,20.0,369.1
16991,19.2061,20.0,369.1
16992,19.2061,20.0,369.1
16993,19.2061,20.0,369.2
16994,19.2061,20.0,369.2
16995,19.2061,20.0,369.2
16996,19.2061,20.0,369.2
16997,19.2061,20.0,369.2
16998,19.2061,20.0,369.3
16999,19.2061,20.0,369.3
17000,19.2061,20.0,369.3
17001,19.2262,20.0,369.3
17002,19.2262,20.0,369.3
17003,19.2262,20.0,369.4
17004,19.2262,20.0,369.4
17005,19.2262,20.0,369.4
17006,19.2262,20.0,369.4
17007,19.2262,20.0,369.4
17008,19.2262,20.0,369.5
17009,19.2262,20.0,369.5
17010,19.2262,20.0,369.5
17011,19.2262,20.0,369.5
17012,19.2262,20.0,369.6
17013,19.2262,20.0,369.6
17014,19.2262,20.0,369.6
17015,19.2262,20.0,369.6
17016,19.2262,20.0,369.7
17017,19.2262,20.0,369.7
17018,19.2262,20.0,369.7
17019,19.2262,20.0,369.7
17020,19.2262,20.0,369.7
17021,19.2463,20.0,369.8
17022,19.2463,20.0,369.8
17023,19.2463,20.0,369.8
17024,19.2463,20.0,369.8
17025,19.2463,20.0,369.8
17026,19.2463,20.0,369.9
17027,19.2463,20.0,369.9
17028,19.2463,20.0,369.9
17029,19.2463,20.0,369.9
17030,19.2463,20.0,369.9
17031,19.2463,20.0,370.0
17032,19.2463,20.0,370.0
17033,19.2463,20.0,370.0
17034,19.2463,20.0,370.0
17035,19.2463,20.0,370.0
17036,19.2463,20.0,370.0
17037,19.2463,20.0,370.1
17038,19.2463,20.0,370.1
17039,19.2463,20.0,370.1
17040,19.2463,20.0,370.1
17041,19.2664,20.0,370.1
17042,19.2664,20.0,370.2
17043,19.2664,20.0,370.2
17044,19.2664,20.0,370.2
17045,19.2664,20.0,370.2
17046,19.2664,20.0,370.3
17047,19.2664,20.0,370.3
17048,19.2664,20.0,370.3
17049,19.2664,20.0,370.3
17050,19.2664,20.0,370.3
17051,19.2664,20.0,370.4
17052,19.2664,20.0,370.4
17053,19.2664,20.0,370.4
17054,19.2664,20.0,370.4
17055,19.2664,20.0,370.4
17056,19.2664,20.0,370.4
17057,19.2664,20.0,370.5
17058,19.2664,20.0,370.5
17059,19.2664,20.0,370.5
17060,19.2664,20.0,370.5
17061,19.2865,20.0,370.5
17062,19.2865,20.0,370.6
17063,19.2865,20.0,370.6
17064,19.2865,20.0,370.6
17065,19.2865,20.0,370.6
17066,19.2865,20.0,370.6
17067,19.2865,20.0,370.7
17068,19.2865,20.0,370.7
17069,19.2865,20.0,370.7
17070,19.2865,20.0,370.7
17071,19.2865,20.0,370.7
17072,19.2865,20.0,370.8
17073,19.2865,20.0,370.8
17074,19.2865,20.0,370.8
17075,19.2865,20.0,370.8
17076,19.2865,20.0,370.8
17077,19.2865,20.0,370.9
17078,19.2865,20.0,370.9
17079,19.2865,20.0,370.9
17080,19.2865,20.0,370.9
17081,19.3066,20.0,370.9
17082,19.3066,20.0,371.0
17083,19.3066,20.0,371.0
17084,19.3066,20.0,371.0
17085,19.3066,20.0,371.0
17086,19.3066,20.0,371.0
17087,19.3066,20.0,371.1
17088,19.3066,20.0,371.1
17089,19.3066,20.0,371.1
17090,19.3066,20.0,371.1
17091,19.3066,20.0,371.1
17092,19.3066,20.0,371.2
17093,19.3066,20.0,371.2
17094,19.3066,20.0,371.2
17095,19.3066,20.0,371.2
17096,19.3066,20.0,371.3
17097,19.3066,20.0,371.3
17098,19.3066,20.0,371.3
17099,19.3066,20.0,371.3
17100,19.3066,20.0,371.3
17101,19.3267,20.0,371.4
17102,19.3267,20.0,371.4
17103,19.3267,20.0,371.4
17104,19.3267,20.0,371.4
17105,19.3267,20.0,371.4
17106,19.3267,20.0,371.4
17107,19.3267,20.0,371.5
17108,19.3267,20.0,371.5
17109,19.3267,20.0,371.5
17110,19.3267,20.0,371.5
17111,19.3267,20.0,371.6
17112,19.3267,20.0,371.6
17113,19.3267,20.0,371.6
17114,19.3267,20.0,371.6
17115,19.3267,20.0,371.6
17116,19.3267,20.0,371.7
17117,19.3267,20.0,371.7
17118,19.3267,20.0,371.7
17119,19.3267,20.0,371.7
17120,19.3267,20.0,371.8
17121,19.3468,20.0,371.8
17122,19.3468,20.0,371.8
17123,19.3468,20.0,371.8
17124,19.3468,20.0,371.8
17125,19.3468,20.0,371.8
17126,19.3468,20.0,371.9
17127,19.3468,20.0,371.9
17128,19.3468,20.0,371.9
17129,19.3468,20.0,371.9
17130,19.3468,20.0,371.9
17131,19.3468,20.0,371.9
17132,19.3468,20.0,372.0
17133,19.3468,20.0,372.0
17134,19.3468,20.0,372.0
17135,19.3468,20.0,372.0
17136,19.3468,20.0,372.1
17137,19.3468,20.0,372.1
17138,19.3468,20.0,372.1
17139,19.3468,20.0,372.1
17140,19.3468,20.0,372.1
17141,19.3669,20.0,372.1
17142,19.3669,20.0,372.2
17143,19.3669,20.0,372.2
17144,19.3669,20.0,372.2
17145,19.3669,20.0,372.2
17146,19.3669,20.0,372.3
17147,19.3669,20.0,372.3
17148,19.3669,20.0,372.3
17149,19.3669,20.0,372.3
17150,19.3669,20.0,372.3
17151,19.3669,20.0,372.4
17152,19.3669,20.0,372.4
17153,19.3669,20.0,372.4
17154,19.3669,20.0,372.4
17155,19.3669,20.0,372.4
17156,19.3669,20.0,372.4
17157,19.3669,20.0,372.5
17158,19.3669,20.0,372.5
17159,19.3669,20.0,372.5
17160,19.3669,20.0,372.5
17161,19.3870,20.0,372.5
17162,19.3870,20.0,372.6
17163,19.3870,20.0,372.6
17164,19.3870,20.0,372.6
17165,19.3870,20.0,372.6
17166,19.3870,20.0,372.6
17167,19.3870,20.0,372.7
17168,19.3870,20.0,372.7
17169,19.3870,20.0,372.7
17170,19.3870,20.0,372.7
17171,19.3870,20.0,372.7
17172,19.3870,20.0,372.7
17173,19.3870,20.0,372.8
17174,19.3870,20.0,372.8
17175,19.3870,20.0,372.8
17176,19.3870,20.0,372.8
17177,19.3870,20.0,372.8
17178,19.3870,20.0,372.9
17179,19.3870,20.0,372.9
17180,19.3870,20.0,372.9
17181,19.4071,20.0,372.9
17182,19.4071,20.0,373.0
17183,19.4071,20.0,373.0
17184,19.4071,20.0,373.0
17185,19.4071,20.0,373.0
17186,19.4071,20.0,373.0
17187,19.4071,20.0,373.0
17188,19.4071,20.0,373.1
17189,19.4071,20.0,373.1
17190,19.4071,20.0,373.1
17191,19.4071,20.0,373.1
17192,19.4071,20.0,373.2
17193,19.4071,20.0,373.2
17194,19.4071,20.0,373.2
17195,19.4071,20.0,373.2
17196,19.4071,20.0,373.3
17197,19.4071,20.0,373.3
17198,19.4071,20.0,373.3
17199,19.4071,20.0,373.3
17200,19.4071,20.0,373.4
17201,19.4272,20.0,373.4
17202,19.4272,20.0,373.4
17203,19.4272,20.0,373.4
17204,19.4272,20.0,373.4
17205,19.4272,20.0,373.5
17206,19.4272,20.0,373.5
17207,19.4272,20.0,373.5
17208,19.4272,20.0,373.5
17209,19.4272,20.0,373.6
17210,19.4272,20.0,373.6
17211,19.4272,20.0,373.6
17212,19.4272,20.0,373.6
17213,19.4272,20.0,373.7
17214,19.4272,20.0,373.7
17215,19.4272,20.0,373.7
17216,19.4272,20.0,373.7
17217,19.4272,20.0,373.8
17218,19.4272,20.0,373.8
17219,19.4272,20.0,373.8
17220,19.4272,20.0,373.9
17221,19.4473,20.0,373.9
17222,19.4473,20.0,373.9
17223,19.4473,20.0,374.0
17224,19.4473,20.0,374.0
17225,19.4473,20.0,374.0
17226,19.4473,20.0,374.0
17227,19.4473,20.0,374.0
17228,19.4473,20.0,374.1
17229,19.4473,20.0,374.1
17230,19.4473,20.0,374.1
17231,19.4473,20.0,374.1
17232,19.4473,20.0,374.2
17233,19.4473,20.0,374.2
17234,19.4473,20.0,374.2
17235,19.4473,20.0,374.3
17236,19.4473,20.0,374.3
17237,19.4473,20.0,374.3
17238,19.4473,20.0,374.3
17239,19.4473,20.0,374.4
17240,19.4473,20.0,374.4
17241,19.4674,20.0,374.4
17242,19.4674,20.0,374.4
17243,19.4674,20.0,374.4
17244,19.4674,20.0,374.5
17245,19.4674,20.0,374.5
17246,19.4674,20.0,374.5
17247,19.4674,20.0,374.5
17248,19.4674,20.0,374.5
17249,19.4674,20.0,374.6
17250,19.4674,20.0,374.6
17251,19.4674,20.0,374.6
17252,19.4674,20.0,374.6
17253,19.4674,20.0,374.6
17254,19.4674,20.0,374.7
17255,19.4674,20.0,374.7
17256,19.4674,20.0,374.7
17257,19.4674,20.0,374.7
17258,19.4674,20.0,374.7
17259,19.4674,20.0,374.8
17260,19.4674,20.0,374.8
17261,19.4875,20.0,374.8
17262,19.4875,20.0,374.8
17263,19.4875,20.0,374.9
17264,19.4875,20.0,374.9
17265,19.4875,20.0,374.9
17266,19.4875,20.0,374.9
17267,19.4875,20.0,374.9
17268,19.4875,20.0,375.0
17269,19.4875,20.0,375.0
17270,19.4875,20.0,375.0
17271,19.4875,20.0,375.0
17272,19.4875,20.0,375.0
17273,19.4875,20.0,375.1
17274,19.4875,20.0,375.1
17275,19.4875,20.0,375.1
17276,19.4875,20.0,375.1
17277,19.4875,20.0,375.1
17278,19.4875,20.0,375.1
17279,19.4875,20.0,375.2
17280,19.4875,20.0,375.2
17281,19.5076,20.0,375.2
17282,19.5076,20.0,375.2
17283,19.5076,20.0,375.3
17284,19.5076,20.0,375.3
17285,19.5076,20.0,375.3
17286,19.5076,20.0,375.3
17287,19.5076,20.0,375.4
17288,19.5076,20.0,375.4
17289,19.5076,20.0,375.4
17290,19.5076,20.0,375.4
17291,19.5076,20.0,375.4
17292,19.5076,20.0,375.5
17293,19.5076,20.0,375.5
17294,19.5076,20.0,375.5
17295,19.5076,20.0,375.5
17296,19.5076,20.0,375.6
17297,19.5076,20.0,375.6
17298,19.5076,20.0,375.6
17299,19.5076,20.0,375.6
17300,19.5076,20.0,375.6
17301,19.5277,20.0,375.7
17302,19.5277,20.0,375.7
17303,19.5277,20.0,375.7
17304,19.5277,20.0,375.7
17305,19.5277,20.0,375.7
17306,19.5277,20.0,375.8
17307,19.5277,20.0,375.8
17308,19.5277,20.0,375.8
17309,19.5277,20.0,375.8
17310,19.5277,20.0,375.8
17311,19.5277,20.0,375.9
17312,19.5277,20.0,375.9
17313,19.5277,20.0,375.9
17314,19.5277,20.0,375.9
17315,19.5277,20.0,375.9
17316,19.5277,20.0,376.0
17317,19.5277,20.0,376.0
17318,19.5277,20.0,376.0
17319,19.5277,20.0,376.0
17320,19.5277,20.0,376.0
17321,19.5478,20.0,376.1
17322,19.5478,20.0,376.1
17323,19.5478,20.0,376.1
17324,19.5478,20.0,376.1
17325,19.5478,20.0,376.1
17326,19.5478,20.0,376.2
17327,19.5478,20.0,376.2
17328,19.5478,20.0,376.2
17329,19.5478,20.0,376.2
17330,19.5478,20.0,376.3
17331,19.5478,20.0,376.3
17332,19.5478,20.0,376.3
17333,19.5478,20.0,376.3
17334,19.5478,20.0,376.3
17335,19.5478,20.0,376.4
17336,19.5478,20.0,376.4
17337,19.5478,20.0,376.4
17338,19.5478,20.0,376.4
17339,19.5478,20.0,376.4
17340,19.5478,20.0,376.5
17341,19.5679,20.0,376.5
17342,19.5679,20.0,376.5
17343,19.5679,20.0,376.5
17344,19.5679,20.0,376.6
17345,19.5679,20.0,376.6
17346,19.5679,20.0,376.6
17347,19.5679,20.0,376.6
17348,19.5679,20.0,376.6
17349,19.5679,20.0,376.6
17350,19.5679,20.0,376.7
17351,19.5679,20.0,376.7
17352,19.5679,20.0,376.7
17353,19.5679,20.0,376.7
17354,19.5679,20.0,376.7
17355,19.5679,20.0,376.8
17356,19.5679,20.0,376.8
17357,19.5679,20.0,376.8
17358,19.5679,20.0,376.8
17359,19.5679,20.0,376.8
17360,19.5679,20.0,376.9
17361,19.5880,20.0,376.9
17362,19.5880,20.0,376.9
17363,19.5880,20.0,376.9
17364,19.5880,20.0,376.9
17365,19.5880,20.0,377.0
17366,19.5880,20.0,377.0
17367,19.5880,20.0,377.0
17368,19.5880,20.0,377.0
17369,19.5880,20.0,377.0
17370,19.5880,20.0,377.0
17371,19.5880,20.0,377.1
17372,19.5880,20.0,377.1
17373,19.5880,20.0,377.1
17374,19.5880,20.0,377.1
17375,19.5880,20.0,377.1
17376,19.5880,20.0,377.2
17377,19.5880,20.0,377.2
17378,19.5880,20.0,377.2
17379,19.5880,20.0,377.2
17380,19.5880,20.0,377.2
17381,19.5882,20.0,377.3
17382,19.5882,20.0,377.3
17383,19.5882,20.0,377.3
17384,19.5882,20.0,377.3
17385,19.5882,20.0,377.3
17386,19.5882,20.0,377.4
17387,19.5882,20.0,377.4
17388,19.5882,20.0,377.4
17389,19.5882,20.0,377.4
17390,19.5882,20.0,377.4
17391,19.5882,20.0,377.5
17392,19.5882,20.0,377.5
17393,19.5882,20.0,377.5
17394,19.5882,20.0,377.5
17395,19.5882,20.0,377.5
17396,19.5882,20.0,377.6
17397,19.5882,20.0,377.6
17398,19.5882,20.0,377.6
17399,19.5882,20.0,377.6
17400,19.5882,20.0,377.7
17401,19.5884,20.0,377.7
17402,19.5884,20.0,377.7
17403,19.5884,20.0,377.7
17404,19.5884,20.0,377.7
17405,19.5884,20.0,377.8
17406,19.5884,20.0,377.8
17407,19.5884,20.0,377.8
17408,19.5884,20.0,377.8
17409,19.5884,20.0,378.2
17410,19.5884,20.0,378.2
17411,19.5884,20.0,378.3
17412,19.5884,20.0,378.3
17413,19.5884,20.0,378.3
17414,19.5884,20.0,378.3
17415,19.5884,20.0,378.4
17416,19.5884,20.0,378.4
17417,19.5884,20.0,378.4
17418,19.5884,20.0,378.4
17419,19.5884,20.0,378.5
17420,19.5884,20.0,378.5
17421,19.5886,20.0,378.5
17422,19.5886,20.0,378.5
17423,19.5886,20.0,378.5
17424,19.5886,20.0,378.6
17425,19.5886,20.0,378.6
17426,19.5886,20.0,378.6
17427,19.5886,20.0,378.6
17428,19.5886,20.0,378.7
17429,19.5886,20.0,378.7
17430,19.5886,20.0,378.7
17431,19.5886,20.0,378.7
17432,19.5886,20.0,378.7
17433,19.5886,20.0,378.8
17434,19.5886,20.0,378.8
17435,19.5886,20.0,378.8
17436,19.5886,20.0,378.8
17437,19.5886,20.0,378.9
17438,19.5886,20.0,378.9
17439,19.5886,20.0,378.9
17440,19.5886,20.0,378.9
17441,19.5888,20.0,378.9
17442,19.5888,20.0,379.0
17443,19.5888,20.0,379.0
17444,19.5888,20.0,379.0
17445,19.5888,20.0,379.0
17446,19.5888,20.0,379.0
17447,19.5888,20.0,379.1
17448,19.5888,20.0,379.1
17449,19.5888,20.0,379.1
17450,19.5888,20.0,379.1
17451,19.5888,20.0,379.1
17452,19.5888,20.0,379.2
17453,19.5888,20.0,379.2
17454,19.5888,20.0,379.2
17455,19.5888,20.0,379.2
17456,19.5888,20.0,379.2
17457,19.5888,20.0,379.3
17458,19.5888,20.0,379.3
17459,19.5888,20.0,379.3
17460,19.5888,20.0,379.3
17461,19.5889,20.0,379.4
17462,19.5889,20.0,379.4
17463,19.5889,20.0,379.4
17464,19.5889,20.0,379.4
17465,19.5889,20.0,379.4
17466,19.5889,20.0,379.5
17467,19.5889,20.0,379.5
17468,19.5889,20.0,379.5
17469,19.5889,20.0,379.5
17470,19.5889,20.0,379.5
17471,19.5889,20.0,379.6
17472,19.5889,20.0,379.6
17473,19.5889,20.0,379.6
17474,19.5889,20.0,379.6
17475,19.5889,20.0,379.7
17476,19.5889,20.0,379.7
17477,19.5889,20.0,379.7
17478,19.5889,20.0,379.7
17479,19.5889,20.0,379.8
17480,19.5889,20.0,379.8
17481,19.5891,20.0,379.8
17482,19.5891,20.0,379.8
17483,19.5891,20.0,379.9
17484,19.5891,20.0,379.9
17485,19.5891,20.0,379.9
17486,19.5891,20.0,379.9
17487,19.5891,20.0,380.0
17488,19.5891,20.0,380.0
17489,19.5891,20.0,380.0
17490,19.5891,20.0,380.0
17491,19.5891,20.0,380.0
17492,19.5891,20.0,380.1
17493,19.5891,20.0,380.1
17494,19.5891,20.0,380.1
17495,19.5891,20.0,380.1
17496,19.5891,20.0,380.2
17497,19.5891,20.0,380.2
17498,19.5891,20.0,380.2
17499,19.5891,20.0,380.2
17500,19.5891,20.0,380.2
17501,19.5893,20.0,380.3
17502,19.5893,20.0,380.3
17503,19.5893,20.0,380.3
17504,19.5893,20.0,380.3
17505,19.5893,20.0,380.4
17506,19.5893,20.0,380.4
17507,19.5893,20.0,380.4
17508,19.5893,20.0,380.4
17509,19.5893,20.0,380.5
17510,19.5893,20.0,380.5
17511,19.5893,20.0,380.5
17512,19.5893,20.0,380.5
17513,19.5893,20.0,380.5
17514,19.5893,20.0,380.6
17515,19.5893,20.0,380.6
17516,19.5893,20.0,380.6
17517,19.5893,20.0,380.6
17518,19.5893,20.0,380.6
17519,19.5893,20.0,380.7
17520,19.5893,20.0,380.7
17521,19.5895,20.0,380.7
17522,19.5895,20.0,380.7
17523,19.5895,20.0,380.8
17524,19.5895,20.0,380.8
17525,19.5895,20.0,380.8
17526,19.5895,20.0,380.8
17527,19.5895,20.0,380.8
17528,19.5895,20.0,380.9
17529,19.5895,20.0,380.9
17530,19.5895,20.0,380.9
17531,19.5895,20.0,380.9
17532,19.5895,20.0,381.0
17533,19.5895,20.0,381.0
17534,19.5895,20.0,381.0
17535,19.5895,20.0,381.0
17536,19.5895,20.0,381.1
17537,19.5895,20.0,381.1
17538,19.5895,20.0,381.1
17539,19.5895,20.0,381.1
17540,19.5895,20.0,381.2
17541,19.5897,20.0,381.2
17542,19.5897,20.0,381.2
17543,19.5897,20.0,381.2
17544,19.5897,20.0,381.2
17545,19.5897,20.0,381.3
17546,19.5897,20.0,381.3
17547,19.5897,20.0,381.3
17548,19.5897,20.0,381.3
17549,19.5897,20.0,381.4
17550,19.5897,20.0,381.4
17551,19.5897,20.0,381.4
17552,19.5897,20.0,381.4
17553,19.5897,20.0,381.4
17554,19.5897,20.0,381.5
17555,19.5897,20.0,381.5
17556,19.5897,20.0,381.5
17557,19.5897,20.0,381.5
17558,19.5897,20.0,381.6
17559,19.5897,20.0,381.6
17560,19.5897,20.0,381.6
17561,19.5899,20.0,381.6
17562,19.5899,20.0,381.7
17563,19.5899,20.0,381.7
17564,19.5899,20.0,381.7
17565,19.5899,20.0,381.7
17566,19.5899,20.0,381.7
17567,19.5899,20.0,381.8
17568,19.5899,20.0,381.8
17569,19.5899,20.0,381.8
17570,19.5899,20.0,381.8
17571,19.5899,20.0,381.9
17572,19.5899,20.0,381.9
17573,19.5899,20.0,381.9
17574,19.5899,20.0,381.9
17575,19.5899,20.0,382.0
17576,19.5899,20.0,382.0
17577,19.5899,20.0,382.0
17578,19.5899,20.0,382.0
17579,19.5899,20.0,382.0
17580,19.5899,20.0,382.1
17581,19.5901,20.0,382.1
17582,19.5901,20.0,382.1
17583,19.5901,20.0,382.2
17584,19.5901,20.0,382.2
17585,19.5901,20.0,382.2
17586,19.5901,20.0,382.2
17587,19.5901,20.0,382.2
17588,19.5901,20.0,382.3
17589,19.5901,20.0,382.3
17590,19.5901,20.0,382.3
17591,19.5901,20.0,382.4
17592,19.5901,20.0,382.4
17593,19.5901,20.0,382.4
17594,19.5901,20.0,382.4
17595,19.5901,20.0,382.5
17596,19.5901,20.0,382.5
17597,19.5901,20.0,382.5
17598,19.5901,20.0,382.5
17599,19.5901,20.0,382.6
17600,19.5901,20.0,382.6
17601,19.5903,20.0,382.6
17602,19.5903,20.0,382.6
17603,19.5903,20.0,382.7
17604,19.5903,20.0,382.7
17605,19.5903,20.0,382.7
17606,19.5903,20.0,382.7
17607,19.5903,20.0,382.8
17608,19.5903,20.0,382.8
17609,19.5903,20.0,382.8
17610,19.5903,20.0,382.8
17611,19.5903,20.0,382.8
17612,19.5903,20.0,382.9
17613,19.5903,20.0,382.9
17614,19.5903,20.0,382.9
17615,19.5903,20.0,382.9
17616,19.5903,20.0,383.0
17617,19.5903,20.0,383.0
17618,19.5903,20.0,383.0
17619,19.5903,20.0,383.0
17620,19.5903,20.0,383.1
17621,19.5905,20.0,383.1
17622,19.5905,20.0,383.1
17623,19.5905,20.0,383.1
17624,19.5905,20.0,383.2
17625,19.5905,20.0,383.2
17626,19.5905,20.0,383.2
17627,19.5905,20.0,383.2
17628,19.5905,20.0,383.2
17629,19.5905,20.0,383.3
17630,19.5905,20.0,383.3
17631,19.5905,20.0,383.3
17632,19.5905,20.0,383.4
17633,19.5905,20.0,383.4
17634,19.5905,20.0,383.4
17635,19.5905,20.0,383.4
17636,19.5905,20.0,383.4
17637,19.5905,20.0,383.5
17638,19.5905,20.0,383.5
17639,19.5905,20.0,383.5
17640,19.5905,20.0,383.5
17641,19.5907,20.0,383.6
17642,19.5907,20.0,383.6
17643,19.5907,20.0,383.6
17644,19.5907,20.0,383.6
17645,19.5907,20.0,383.7
17646,19.5907,20.0,383.7
17647,19.5907,20.0,383.7
17648,19.5907,20.0,383.7
17649,19.5907,20.0,383.7
17650,19.5907,20.0,383.8
17651,19.5907,20.0,383.8
17652,19.5907,20.0,383.8
17653,19.5907,20.0,383.8
17654,19.5907,20.0,383.9
17655,19.5907,20.0,383.9
17656,19.5907,20.0,383.9
17657,19.5907,20.0,383.9
17658,19.5907,20.0,383.9
17659,19.5907,20.0,384.0
17660,19.5907,20.0,384.0
17661,19.5909,20.0,384.0
17662,19.5909,20.0,384.0
17663,19.5909,20.0,384.1
17664,19.5909,20.0,384.1
17665,19.5909,20.0,384.1
17666,19.5909,20.0,384.1
17667,19.5909,20.0,384.2
17668,19.5909,20.0,384.2
17669,19.5909,20.0,384.2
17670,19.5909,20.0,384.2
17671,19.5909,20.0,384.3
17672,19.5909,20.0,384.3
17673,19.5909,20.0,384.3
17674,19.5909,20.0,384.3
17675,19.5909,20.0,384.4
17676,19.5909,20.0,384.4
17677,19.5909,20.0,384.4
17678,19.5909,20.0,384.4
17679,19.5909,20.0,384.5
17680,19.5909,20.0,384.5
17681,19.5911,20.0,384.5
17682,19.5911,20.0,384.5
17683,19.5911,20.0,384.6
17684,19.5911,20.0,384.6
17685,19.5911,20.0,384.6
17686,19.5911,20.0,384.6
17687,19.5911,20.0,384.7
17688,19.5911,20.0,384.7
17689,19.5911,20.0,384.7
17690,19.5911,20.0,384.7
17691,19.5911,20.0,384.8
17692,19.5911,20.0,384.8
17693,19.5911,20.0,384.8
17694,19.5911,20.0,384.8
17695,19.5911,20.0,384.8
17696,19.5911,20.0,384.9
17697,19.5911,20.0,384.9
17698,19.5911,20.0,384.9
17699,19.5911,20.0,384.9
17700,19.5911,20.0,385.0
17701,19.5913,20.0,385.0
17702,19.5913,20.0,385.0
17703,19.5913,20.0,385.0
17704,19.5913,20.0,385.0
17705,19.5913,20.0,385.1
17706,19.5913,20.0,385.1
17707,19.5913,20.0,385.1
17708,19.5913,20.0,385.1
17709,19.5913,20.0,385.2
17710,19.5913,20.0,385.2
17711,19.5913,20.0,385.2
17712,19.5913,20.0,385.2
17713,19.5913,20.0,385.2
17714,19.5913,20.0,385.3
17715,19.5913,20.0,385.3
17716,19.5913,20.0,385.3
17717,19.5913,20.0,385.4
17718,19.5913,20.0,385.4
17719,19.5913,20.0,385.4
17720,19.5913,20.0,385.4
17721,19.5915,20.0,385.4
17722,19.5915,20.0,385.5
17723,19.5915,20.0,385.5
17724,19.5915,20.0,385.5
17725,19.5915,20.0,385.5
17726,19.5915,20.0,385.6
17727,19.5915,20.0,385.6
17728,19.5915,20.0,385.6
17729,19.5915,20.0,385.6
17730,19.5915,20.0,385.7
17731,19.5915,20.0,385.7
17732,19.5915,20.0,385.7
17733,19.5915,20.0,385.7
17734,19.5915,20.0,385.7
17735,19.5915,20.0,385.8
17736,19.5915,20.0,385.8
17737,19.5915,20.0,385.8
17738,19.5915,20.0,385.8
17739,19.5915,20.0,385.8
17740,19.5915,20.0,385.9
17741,19.5916,20.0,385.9
17742,19.5916,20.0,385.9
17743,19.5916,20.0,385.9
17744,19.5916,20.0,386.0
17745,19.5916,20.0,386.0
17746,19.5916,20.0,386.0
17747,19.5916,20.0,386.0
17748,19.5916,20.0,386.1
17749,19.5916,20.0,386.1
17750,19.5916,20.0,386.1
17751,19.5916,20.0,386.1
17752,19.5916,20.0,386.1
17753,19.5916,20.0,386.2
17754,19.5916,20.0,386.2
17755,19.5916,20.0,386.2
17756,19.5916,20.0,386.2
17757,19.5916,20.0,386.3
17758,19.5916,20.0,386.3
17759,19.5916,20.0,386.3
17760,19.5916,20.0,386.3
17761,19.5918,20.0,386.4
17762,19.5918,20.0,386.4
17763,19.5918,20.0,386.4
17764,19.5918,20.0,386.4
17765,19.5918,20.0,386.4
17766,19.5918,20.0,386.5
17767,19.5918,20.0,386.5
17768,19.5918,20.0,386.5
17769,19.5918,20.0,386.6
17770,19.5918,20.0,386.6
17771,19.5918,20.0,386.6
17772,19.5918,20.0,386.6
17773,19.5918,20.0,386.7
17774,19.5918,20.0,386.7
17775,19.5918,20.0,386.7
17776,19.5918,20.0,386.7
17777,19.5918,20.0,386.8
17778,19.5918,20.0,386.8
17779,19.5918,20.0,386.8
17780,19.5918,20.0,386.8
17781,19.5920,20.0,386.9
17782,19.5920,20.0,386.9
17783,19.5920,20.0,386.9
17784,19.5920,20.0,387.0
17785,19.5920,20.0,387.0
17786,19.5920,20.0,387.0
17787,19.5920,20.0,387.0
17788,19.5920,20.0,387.0
17789,19.5920,20.0,387.1
17790,19.5920,20.0,387.1
17791,19.5920,20.0,387.1
17792,19.5920,20.0,387.1
17793,19.5920,20.0,387.2
17794,19.5920,20.0,387.2
17795,19.5920,20.0,387.2
17796,19.5920,20.0,387.2
17797,19.5920,20.0,387.2
17798,19.5920,20.0,387.3
17799,19.5920,20.0,387.3
17800,19.5920,20.0,387.4
17801,19.5922,20.0,387.4
17802,19.5922,20.0,387.4
17803,19.5922,20.0,387.4
17804,19.5922,20.0,387.5
17805,19.5922,20.0,387.5
17806,19.5922,20.0,387.5
17807,19.5922,20.0,387.5
17808,19.5922,20.0,387.6
17809,19.5922,20.0,387.6
17810,19.5922,20.0,387.6
17811,19.5922,20.0,387.6
17812,19.5922,20.0,387.7
17813,19.5922,20.0,387.7
17814,19.5922,20.0,387.7
17815,19.5922,20.0,387.8
17816,19.5922,20.0,387.8
17817,19.5922,20.0,387.8
17818,19.5922,20.0,387.8
17819,19.5922,20.0,387.8
17820,19.5922,20.0,387.9
17821,19.5924,20.0,387.9
17822,19.5924,20.0,387.9
17823,19.5924,20.0,387.9
17824,19.5924,20.0,388.0
17825,19.5924,20.0,388.0
17826,19.5924,20.0,388.0
17827,19.5924,20.0,388.0
17828,19.5924,20.0,388.1
17829,19.5924,20.0,388.1
17830,19.5924,20.0,388.1
17831,19.5924,20.0,388.1
17832,19.5924,20.0,388.1
17833,19.5924,20.0,388.2
17834,19.5924,20.0,388.2
17835,19.5924,20.0,388.2
17836,19.5924,20.0,388.2
17837,19.5924,20.0,388.3
17838,19.5924,20.0,388.3
17839,19.5924,20.0,388.3
17840,19.5924,20.0,388.3
17841,19.5926,20.0,388.4
17842,19.5926,20.0,388.4
17843,19.5926,20.0,388.4
17844,19.5926,20.0,388.4
17845,19.5926,20.0,388.5
17846,19.5926,20.0,388.5
17847,19.5926,20.0,388.5
17848,19.5926,20.0,388.5
17849,19.5926,20.0,388.6
17850,19.5926,20.0,388.6
17851,19.5926,20.0,388.6
17852,19.5926,20.0,388.6
17853,19.5926,20.0,388.7
17854,19.5926,20.0,388.7
17855,19.5926,20.0,388.7
17856,19.5926,20.0,388.7
17857,19.5926,20.0,388.8
17858,19.5926,20.0,388.8
17859,19.5926,20.0,388.8
17860,19.5926,20.0,388.8
17861,19.5928,20.0,388.9
17862,19.5928,20.0,388.9
17863,19.5928,20.0,388.9
17864,19.5928,20.0,388.9
17865,19.5928,20.0,389.0
17866,19.5928,20.0,389.0
17867,19.5928,20.0,389.0
17868,19.5928,20.0,389.0
17869,19.5928,20.0,389.1
17870,19.5928,20.0,389.1
17871,19.5928,20.0,389.1
17872,19.5928,20.0,389.1
17873,19.5928,20.0,389.1
17874,19.5928,20.0,389.2
17875,19.5928,20.0,389.2
17876,19.5928,20.0,389.2
17877,19.5928,20.0,389.2
17878,19.5928,20.0,389.3
17879,19.5928,20.0,389.3
17880,19.5928,20.0,389.3
17881,19.5931,20.0,389.3
17882,19.5931,20.0,389.4
17883,19.5931,20.0,389.4
17884,19.5931,20.0,389.4
17885,19.5931,20.0,389.4
17886,19.5931,20.0,389.5
17887,19.5931,20.0,389.5
17888,19.5931,20.0,389.5
17889,19.5931,20.0,389.5
17890,19.5931,20.0,389.6
17891,19.5931,20.0,389.6
17892,19.5931,20.0,389.6
17893,19.5931,20.0,389.6
17894,19.5931,20.0,389.7
17895,19.5931,20.0,389.7
17896,19.5931,20.0,389.7
17897,19.5931,20.0,389.7
17898,19.5931,20.0,389.7
17899,19.5931,20.0,389.8
17900,19.5931,20.0,389.8
17901,19.5936,20.0,389.8
17902,19.5936,20.0,389.8
17903,19.5936,20.0,389.9
17904,19.5936,20.0,389.9
17905,19.5936,20.0,389.9
17906,19.5936,20.0,389.9
17907,19.5936,20.0,390.0
17908,19.5936,20.0,390.0
17909,19.5936,20.0,390.0
17910,19.5936,20.0,390.0
17911,19.5936,20.0,390.0
17912,19.5936,20.0,390.1
17913,19.5936,20.0,390.1
17914,19.5936,20.0,390.1
17915,19.5936,20.0,390.1
17916,19.5936,20.0,390.1
17917,19.5936,20.0,390.2
17918,19.5936,20.0,390.2
17919,19.5936,20.0,390.2
17920,19.5936,20.0,390.2
17921,19.5941,20.0,390.6
17922,19.5941,20.0,390.6
17923,19.5941,20.0,390.7
17924,19.5941,20.0,390.7
17925,19.5941,20.0,390.7
17926,19.5941,20.0,390.8
17927,19.5941,20.0,390.8
17928,19.5941,20.0,390.8
17929,19.5941,20.0,390.8
17930,19.5941,20.0,390.9
17931,19.5941,20.0,390.9
17932,19.5941,20.0,390.9
17933,19.5941,20.0,390.9
17934,19.5941,20.0,391.0
17935,19.5941,20.0,391.0
17936,19.5941,20.0,391.0
17937,19.5941,20.0,391.1
17938,19.5941,20.0,391.1
17939,19.5941,20.0,391.1
17940,19.5941,20.0,391.2
17941,19.5944,20.0,391.2
17942,19.5944,20.0,391.2
17943,19.5944,20.0,391.3
17944,19.5944,20.0,391.3
17945,19.5944,20.0,391.3
17946,19.5944,20.0,391.3
17947,19.5944,20.0,391.4
17948,19.5944,20.0,391.4
17949,19.5944,20.0,391.4
17950,19.5944,20.0,391.5
17951,19.5944,20.0,391.5
17952,19.5944,20.0,391.6
17953,19.5944,20.0,391.6
17954,19.5944,20.0,391.6
17955,19.5944,20.0,391.7
17956,19.5944,20.0,391.7
17957,19.5944,20.0,391.7
17958,19.5944,20.0,391.7
17959,19.5944,20.0,391.7
17960,19.5944,20.0,391.8
17961,19.5948,20.0,391.8
17962,19.5948,20.0,391.8
17963,19.5948,20.0,391.8
17964,19.5948,20.0,391.9
17965,19.5948,20.0,391.9
17966,19.5948,20.0,391.9
17967,19.5948,20.0,391.9
17968,19.5948,20.0,391.9
17969,19.5948,20.0,392.0
17970,19.5948,20.0,392.0
17971,19.5948,20.0,392.0
17972,19.5948,20.0,392.0
17973,19.5948,20.0,392.1
17974,19.5948,20.0,392.1
17975,19.5948,20.0,392.1
17976,19.5948,20.0,392.1
17977,19.5948,20.0,392.2
17978,19.5948,20.0,392.2
17979,19.5948,20.0,392.2
17980,19.5948,20.0,392.2
17981,19.5951,20.0,392.2
17982,19.5951,20.0,392.3
17983,19.5951,20.0,392.3
17984,19.5951,20.0,392.3
17985,19.5951,20.0,392.3
17986,19.5951,20.0,392.4
17987,19.5951,20.0,392.4
17988,19.5951,20.0,392.4
17989,19.5951,20.0,392.4
17990,19.5951,20.0,392.5
17991,19.5951,20.0,392.5
17992,19.5951,20.0,392.5
17993,19.5951,20.0,392.5
17994,19.5951,20.0,392.6
17995,19.5951,20.0,392.6
17996,19.5951,20.0,392.6
17997,19.5951,20.0,392.6
17998,19.5951,20.0,392.7
17999,19.5951,20.0,392.7
18000,19.5951,20.0,392.7
18001,19.5954,20.0,392.7
18002,19.5954,20.0,392.8
18003,19.5954,20.0,392.8
18004,19.5954,20.0,392.8
18005,19.5954,20.0,392.8
18006,19.5954,20.0,392.8
18007,19.5954,20.0,392.9
18008,19.5954,20.0,392.9
18009,19.5954,20.0,392.9
18010,19.5954,20.0,392.9
18011,19.5954,20.0,393.0
18012,19.5954,20.0,393.0
18013,19.5954,20.0,393.0
18014,19.5954,20.0,393.0
18015,19.5954,20.0,393.0
18016,19.5954,20.0,393.1
18017,19.5954,20.0,393.1
18018,19.5954,20.0,393.1
18019,19.5954,20.0,393.1
18020,19.5954,20.0,393.2
18021,19.5957,20.0,393.2
18022,19.5957,20.0,393.2
18023,19.5957,20.0,393.2
18024,19.5957,20.0,393.2
18025,19.5957,20.0,393.3
18026,19.5957,20.0,393.3
18027,19.5957,20.0,393.3
18028,19.5957,20.0,393.3
18029,19.5957,20.0,393.4
18030,19.5957,20.0,393.4
18031,19.5957,20.0,393.4
18032,19.5957,20.0,393.4
18033,19.5957,20.0,393.5
18034,19.5957,20.0,393.5
18035,19.5957,20.0,393.5
18036,19.5957,20.0,393.5
18037,19.5957,20.0,393.6
18038,19.5957,20.0,393.6
18039,19.5957,20.0,393.6
18040,19.5957,20.0,393.6
18041,19.5960,20.0,393.7
18042,19.5960,20.0,393.7
18043,19.5960,20.0,393.7
18044,19.5960,20.0,393.7
18045,19.5960,20.0,393.8
18046,19.5960,20.0,393.8
18047,19.5960,20.0,393.8
18048,19.5960,20.0,393.8
18049,19.5960,20.0,393.8
18050,19.5960,20.0,393.9
18051,19.5960,20.0,393.9
18052,19.5960,20.0,393.9
18053,19.5960,20.0,393.9
18054,19.5960,20.0,394.0
18055,19.5960,20.0,394.0
18056,19.5960,20.0,394.0
18057,19.5960,20.0,394.1
18058,19.5960,20.0,394.1
18059,19.5960,20.0,394.1
18060,19.5960,20.0,394.1
18061,19.5963,20.0,394.2
18062,19.5963,20.0,394.2
18063,19.5963,20.0,394.2
18064,19.5963,20.0,394.2
18065,19.5963,20.0,394.2
18066,19.5963,20.0,394.3
18067,19.5963,20.0,394.3
18068,19.5963,20.0,394.3
18069,19.5963,20.0,394.4
18070,19.5963,20.0,394.4
18071,19.5963,20.0,394.4
18072,19.5963,20.0,394.4
18073,19.5963,20.0,394.5
18074,19.5963,20.0,394.5
18075,19.5963,20.0,394.5
18076,19.5963,20.0,394.5
18077,19.5963,20.0,394.6
18078,19.5963,20.0,394.6
18079,19.5963,20.0,394.6
18080,19.5963,20.0,394.6
18081,19.5966,20.0,394.7
18082,19.5966,20.0,394.7
18083,19.5966,20.0,394.7
18084,19.5966,20.0,394.7
18085,19.5966,20.0,394.8
18086,19.5966,20.0,394.8
18087,19.5966,20.0,394.8
18088,19.5966,20.0,394.8
18089,19.5966,20.0,394.9
18090,19.5966,20.0,394.9
18091,19.5966,20.0,394.9
18092,19.5966,20.0,394.9
18093,19.5966,20.0,395.0
18094,19.5966,20.0,395.0
18095,19.5966,20.0,395.0
18096,19.5966,20.0,395.0
18097,19.5966,20.0,395.0
18098,19.5966,20.0,395.1
18099,19.5966,20.0,395.1
18100,19.5966,20.0,395.1
18101,19.5969,20.0,395.1
18102,19.5969,20.0,395.2
18103,19.5969,20.0,395.2
18104,19.5969,20.0,395.2
18105,19.5969,20.0,395.2
18106,19.5969,20.0,395.2
18107,19.5969,20.0,395.3
18108,19.5969,20.0,395.3
18109,19.5969,20.0,395.3
18110,19.5969,20.0,395.4
18111,19.5969,20.0,395.4
18112,19.5969,20.0,395.4
18113,19.5969,20.0,395.4
18114,19.5969,20.0,395.5
18115,19.5969,20.0,395.5
18116,19.5969,20.0,395.5
18117,19.5969,20.0,395.5
18118,19.5969,20.0,395.6
18119,19.5969,20.0,395.6
18120,19.5969,20.0,395.6
18121,19.5973,20.0,395.6
18122,19.5973,20.0,395.7
18123,19.5973,20.0,395.7
18124,19.5973,20.0,395.7
18125,19.5973,20.0,395.7
18126,19.5973,20.0,395.8
18127,19.5973,20.0,395.8
18128,19.5973,20.0,395.8
18129,19.5973,20.0,395.8
18130,19.5973,20.0,395.9
18131,19.5973,20.0,395.9
18132,19.5973,20.0,395.9
18133,19.5973,20.0,395.9
18134,19.5973,20.0,396.0
18135,19.5973,20.0,396.0
18136,19.5973,20.0,396.0
18137,19.5973,20.0,396.0
18138,19.5973,20.0,396.0
18139,19.5973,20.0,396.1
18140,19.5973,20.0,396.1
18141,19.5976,20.0,396.1
18142,19.5976,20.0,396.1
18143,19.5976,20.0,396.2
18144,19.5976,20.0,396.2
18145,19.5976,20.0,396.2
18146,19.5976,20.0,396.2
18147,19.5976,20.0,396.2
18148,19.5976,20.0,396.3
18149,19.5976,20.0,396.3
18150,19.5976,20.0,396.3
18151,19.5976,20.0,396.3
18152,19.5976,20.0,396.4
18153,19.5976,20.0,396.4
18154,19.5976,20.0,396.4
18155,19.5976,20.0,396.4
18156,19.5976,20.0,396.4
18157,19.5976,20.0,396.5
18158,19.5976,20.0,396.5
18159,19.5976,20.0,396.5
18160,19.5976,20.0,396.5
18161,19.5979,20.0,396.6
18162,19.5979,20.0,396.6
18163,19.5979,20.0,396.6
18164,19.5979,20.0,396.6
18165,19.5979,20.0,396.7
18166,19.5979,20.0,396.7
18167,19.5979,20.0,396.7
18168,19.5979,20.0,396.7
18169,19.5979,20.0,396.8
18170,19.5979,20.0,396.8
18171,19.5979,20.0,396.8
18172,19.5979,20.0,396.8
18173,19.5979,20.0,396.9
18174,19.5979,20.0,396.9
18175,19.5979,20.0,396.9
18176,19.5979,20.0,396.9
18177,19.5979,20.0,396.9
18178,19.5979,20.0,397.0
18179,19.5979,20.0,397.0
18180,19.5979,20.0,397.0
18181,19.5982,20.0,397.0
18182,19.5982,20.0,397.1
18183,19.5982,20.0,397.1
18184,19.5982,20.0,397.1
18185,19.5982,20.0,397.1
18186,19.5982,20.0,397.2
18187,19.5982,20.0,397.2
18188,19.5982,20.0,397.2
18189,19.5982,20.0,397.2
18190,19.5982,20.0,397.3
18191,19.5982,20.0,397.3
18192,19.5982,20.0,397.3
18193,19.5982,20.0,397.3
18194,19.5982,20.0,397.4
18195,19.5982,20.0,397.4
18196,19.5982,20.0,397.4
18197,19.5982,20.0,397.4
18198,19.5982,20.0,397.5
18199,19.5982,20.0,397.5
18200,19.5982,20.0,397.5
18201,19.5985,20.0,397.5
18202,19.5985,20.0,397.6
18203,19.5985,20.0,397.6
18204,19.5985,20.0,397.6
18205,19.5985,20.0,397.6
18206,19.5985,20.0,397.7
18207,19.5985,20.0,397.7
18208,19.5985,20.0,397.7
18209,19.5985,20.0,397.7
18210,19.5985,20.0,397.8
18211,19.5985,20.0,397.8
18212,19.5985,20.0,397.8
18213,19.5985,20.0,397.8
18214,19.5985,20.0,397.8
18215,19.5985,20.0,397.9
18216,19.5985,20.0,397.9
18217,19.5985,20.0,397.9
18218,19.5985,20.0,397.9
18219,19.5985,20.0,397.9
18220,19.5985,20.0,398.0
18221,19.5988,20.0,398.0
18222,19.5988,20.0,398.0
18223,19.5988,20.0,398.0
18224,19.5988,20.0,398.1
18225,19.5988,20.0,398.1
18226,19.5988,20.0,398.1
18227,19.5988,20.0,398.1
18228,19.5988,20.0,398.2
18229,19.5988,20.0,398.2
18230,19.5988,20.0,398.2
18231,19.5988,20.0,398.2
18232,19.5988,20.0,398.3
18233,19.5988,20.0,398.3
18234,19.5988,20.0,398.3
18235,19.5988,20.0,398.4
18236,19.5988,20.0,398.4
18237,19.5988,20.0,398.4
18238,19.5988,20.0,398.4
18239,19.5988,20.0,398.5
18240,19.5988,20.0,398.5
18241,19.5991,20.0,398.5
18242,19.5991,20.0,398.5
18243,19.5991,20.0,398.6
18244,19.5991,20.0,398.6
18245,19.5991,20.0,398.6
18246,19.5991,20.0,398.6
18247,19.5991,20.0,398.6
18248,19.5991,20.0,398.7
18249,19.5991,20.0,398.7
18250,19.5991,20.0,398.7
18251,19.5991,20.0,398.7
18252,19.5991,20.0,398.8
18253,19.5991,20.0,398.8
18254,19.5991,20.0,398.8
18255,19.5991,20.0,398.8
18256,19.5991,20.0,398.9
18257,19.5991,20.0,398.9
18258,19.5991,20.0,398.9
18259,19.5991,20.0,398.9
18260,19.5991,20.0,399.0
18261,19.5994,20.0,399.0
18262,19.5994,20.0,399.0
18263,19.5994,20.0,399.0
18264,19.5994,20.0,399.1
18265,19.5994,20.0,399.1
18266,19.5994,20.0,399.1
18267,19.5994,20.0,399.1
18268,19.5994,20.0,399.2
18269,19.5994,20.0,399.2
18270,19.5994,20.0,399.2
18271,19.5994,20.0,399.2
18272,19.5994,20.0,399.2
18273,19.5994,20.0,399.3
18274,19.5994,20.0,399.3
18275,19.5994,20.0,399.3
18276,19.5994,20.0,399.4
18277,19.5994,20.0,399.4
18278,19.5994,20.0,399.4
18279,19.5994,20.0,399.4
18280,19.5994,20.0,399.5
18281,19.5997,20.0,399.5
18282,19.5997,20.0,399.5
18283,19.5997,20.0,399.5
18284,19.5997,20.0,399.6
18285,19.5997,20.0,399.6
18286,19.5997,20.0,399.6
18287,19.5997,20.0,399.6
18288,19.5997,20.0,399.7
18289,19.5997,20.0,399.7
18290,19.5997,20.0,399.7
18291,19.5997,20.0,399.7
18292,19.5997,20.0,399.7
18293,19.5997,20.0,399.8
18294,19.5997,20.0,399.8
18295,19.5997,20.0,399.8
18296,19.5997,20.0,399.8
18297,19.5997,20.0,399.9
18298,19.5997,20.0,399.9
18299,19.5997,20.0,399.9
18300,19.5997,20.0,400.0
18301,19.6001,20.0,400.0
18302,19.6001,20.0,400.0
18303,19.6001,20.0,400.0
18304,19.6001,20.0,400.1
18305,19.6001,20.0,400.1
18306,19.6001,20.0,400.2
18307,19.6001,20.0,400.2
18308,19.6001,20.0,400.2
18309,19.6001,20.0,400.3
18310,19.6001,20.0,400.4
18311,19.6001,20.0,400.4
18312,19.6001,20.0,400.4
18313,19.6001,20.0,400.5
18314,19.6001,20.0,400.5
18315,19.6001,20.0,400.5
18316,19.6001,20.0,400.5
18317,19.6001,20.0,400.6
18318,19.6001,20.0,400.6
18319,19.6001,20.0,400.7
18320,19.6001,20.0,400.7
18321,19.6004,20.0,400.7
18322,19.6004,20.0,400.8
18323,19.6004,20.0,400.8
18324,19.6004,20.0,400.8
18325,19.6004,20.0,400.9
18326,19.6004,20.0,400.9
18327,19.6004,20.0,401.0
18328,19.6004,20.0,401.1
18329,19.6004,20.0,401.2
18330,19.6004,20.0,401.3
18331,19.6004,20.0,401.4
18332,19.6004,20.0,401.5
18333,19.6004,20.0,401.5
18334,19.6004,20.0,401.6
18335,19.6004,20.0,401.6
18336,19.6004,20.0,401.6
18337,19.6004,20.0,401.7
18338,19.6004,20.0,401.7
18339,19.6004,20.0,401.7
18340,19.6004,20.0,401.8
18341,19.6007,20.0,401.8
18342,19.6007,20.0,401.8
18343,19.6007,20.0,401.9
18344,19.6007,20.0,401.9
18345,19.6007,20.0,401.9
18346,19.6007,20.0,401.9
18347,19.6007,20.0,402.0
18348,19.6007,20.0,402.0
18349,19.6007,20.0,402.0
18350,19.6007,20.0,402.1
18351,19.6007,20.0,402.1
18352,19.6007,20.0,402.1
18353,19.6007,20.0,402.1
18354,19.6007,20.0,402.2
18355,19.6007,20.0,402.2
18356,19.6007,20.0,402.2
18357,19.6007,20.0,402.3
18358,19.6007,20.0,402.3
18359,19.6007,20.0,402.3
18360,19.6007,20.0,402.4
18361,19.6010,20.0,402.4
18362,19.6010,20.0,402.4
18363,19.6010,20.0,402.5
18364,19.6010,20.0,402.5
18365,19.6010,20.0,402.5
18366,19.6010,20.0,402.5
18367,19.6010,20.0,402.6
18368,19.6010,20.0,402.6
18369,19.6010,20.0,402.6
18370,19.6010,20.0,402.6
18371,19.6010,20.0,402.7
18372,19.6010,20.0,402.7
18373,19.6010,20.0,402.8
18374,19.6010,20.0,402.8
18375,19.6010,20.0,402.8
18376,19.6010,20.0,402.9
18377,19.6010,20.0,402.9
18378,19.6010,20.0,402.9
18379,19.6010,20.0,402.9
18380,19.6010,20.0,403.0
18381,19.6013,20.0,403.0
18382,19.6013,20.0,403.0
18383,19.6013,20.0,403.1
18384,19.6013,20.0,403.1
18385,19.6013,20.0,403.1
18386,19.6013,20.0,403.2
18387,19.6013,20.0,403.2
18388,19.6013,20.0,403.2
18389,19.6013,20.0,403.2
18390,19.6013,20.0,403.3
18391,19.6013,20.0,403.3
18392,19.6013,20.0,403.4
18393,19.6013,20.0,403.4
18394,19.6013,20.0,403.4
18395,19.6013,20.0,403.5
18396,19.6013,20.0,403.6
18397,19.6013,20.0,403.6
18398,19.6013,20.0,403.6
18399,19.6013,20.0,403.7
18400,19.6013,20.0,403.7
18401,19.6213,20.0,403.8
18402,19.6213,20.0,403.8
18403,19.6213,20.0,403.9
18404,19.6213,20.0,404.0
18405,19.6213,20.0,404.0
18406,19.6213,20.0,404.0
18407,19.6213,20.0,404.1
18408,19.6213,20.0,404.1
18409,19.6213,20.0,404.1
18410,19.6213,20.0,404.2
18411,19.6213,20.0,404.2
18412,19.6213,20.0,404.2
18413,19.6213,20.0,404.3
18414,19.6213,20.0,404.3
18415,19.6213,20.0,404.3
18416,19.6213,20.0,404.4
18417,19.6213,20.0,404.4
18418,19.6213,20.0,404.4
18419,19.6213,20.0,404.5
18420,19.6213,20.0,404.5
18421,19.6412,20.0,404.5
18422,19.6412,20.0,404.5
18423,19.6412,20.0,404.5
18424,19.6412,20.0,404.6
18425,19.6412,20.0,404.6
18426,19.6412,20.0,404.6
18427,19.6412,20.0,404.6
18428,19.6412,20.0,404.7
18429,19.6412,20.0,404.7
18430,19.6412,20.0,404.7
18431,19.6412,20.0,404.7
18432,19.6412,20.0,404.7
18433,19.6412,20.0,405.0
18434,19.6412,20.0,405.1
18435,19.6412,20.0,405.1
18436,19.6412,20.0,405.1
18437,19.6412,20.0,405.1
18438,19.6412,20.0,405.2
18439,19.6412,20.0,405.2
18440,19.6412,20.0,405.2
18441,19.6613,20.0,405.2
18442,19.6613,20.0,405.2
18443,19.6613,20.0,405.3
18444,19.6613,20.0,405.3
18445,19.6613,20.0,405.3
18446,19.6613,20.0,405.3
18447,19.6613,20.0,405.4
18448,19.6613,20.0,405.4
18449,19.6613,20.0,405.4
18450,19.6613,20.0,405.4
18451,19.6613,20.0,405.5
18452,19.6613,20.0,405.5
18453,19.6613,20.0,405.5
18454,19.6613,20.0,405.5
18455,19.6613,20.0,405.5
18456,19.6613,20.0,405.6
18457,19.6613,20.0,405.6
18458,19.6613,20.0,405.6
18459,19.6613,20.0,405.6
18460,19.6613,20.0,405.7
18461,19.6811,20.0,405.7
18462,19.6811,20.0,405.7
18463,19.6811,20.0,405.7
18464,19.6811,20.0,405.8
18465,19.6811,20.0,405.8
18466,19.6811,20.0,405.8
18467,19.6811,20.0,405.8
18468,19.6811,20.0,405.8
18469,19.6811,20.0,405.9
18470,19.6811,20.0,405.9
18471,19.6811,20.0,405.9
18472,19.6811,20.0,405.9
18473,19.6811,20.0,405.9
18474,19.6811,20.0,406.0
18475,19.6811,20.0,406.0
18476,19.6811,20.0,406.0
18477,19.6811,20.0,406.0
18478,19.6811,20.0,406.0
18479,19.6811,20.0,406.1
18480,19.6811,20.0,406.1
18481,19.7009,20.0,406.1
18482,19.7009,20.0,406.1
18483,19.7009,20.0,406.1
18484,19.7009,20.0,406.2
18485,19.7009,20.0,406.2
18486,19.7009,20.0,406.2
18487,19.7009,20.0,406.2
18488,19.7009,20.0,406.3
18489,19.7009,20.0,406.3
18490,19.7009,20.0,406.3
18491,19.7009,20.0,406.3
18492,19.7009,20.0,406.3
18493,19.7009,20.0,406.4
18494,19.7009,20.0,406.4
18495,19.7009,20.0,406.4
18496,19.7009,20.0,406.4
18497,19.7009,20.0,406.4
18498,19.7009,20.0,406.4
18499,19.7009,20.0,406.5
18500,19.7009,20.0,406.5
18501,19.7207,20.0,406.5
18502,19.7207,20.0,406.5
18503,19.7207,20.0,406.5
18504,19.7207,20.0,406.6
18505,19.7207,20.0,406.6
18506,19.7207,20.0,406.6
18507,19.7207,20.0,406.6
18508,19.7207,20.0,406.7
18509,19.7207,20.0,406.7
18510,19.7207,20.0,406.7
18511,19.7207,20.0,406.7
18512,19.7207,20.0,406.7
18513,19.7207,20.0,406.8
18514,19.7207,20.0,406.8
18515,19.7207,20.0,406.8
18516,19.7207,20.0,406.8
18517,19.7207,20.0,406.9
18518,19.7207,20.0,406.9
18519,19.7207,20.0,406.9
18520,19.7207,20.0,406.9
18521,19.7405,20.0,406.9
18522,19.7405,20.0,407.0
18523,19.7405,20.0,407.0
18524,19.7405,20.0,407.0
18525,19.7405,20.0,407.0
18526,19.7405,20.0,407.1
18527,19.7405,20.0,407.1
18528,19.7405,20.0,407.1
18529,19.7405,20.0,407.1
18530,19.7405,20.0,407.1
18531,19.7405,20.0,407.2
18532,19.7405,20.0,407.2
18533,19.7405,20.0,407.2
18534,19.7405,20.0,407.2
18535,19.7405,20.0,407.3
18536,19.7405,20.0,407.3
18537,19.7405,20.0,407.3
18538,19.7405,20.0,407.3
18539,19.7405,20.0,407.3
18540,19.7405,20.0,407.4
18541,19.7603,20.0,407.4
18542,19.7603,20.0,407.4
18543,19.7603,20.0,407.4
18544,19.7603,20.0,407.5
18545,19.7603,20.0,407.5
18546,19.7603,20.0,407.5
18547,19.7603,20.0,407.5
18548,19.7603,20.0,407.5
18549,19.7603,20.0,407.6
18550,19.7603,20.0,407.6
18551,19.7603,20.0,407.6
18552,19.7603,20.0,407.6
18553,19.7603,20.0,407.7
18554,19.7603,20.0,407.7
18555,19.7603,20.0,407.7
18556,19.7603,20.0,407.7
18557,19.7603,20.0,407.7
18558,19.7603,20.0,407.8
18559,19.7603,20.0,407.8
18560,19.7603,20.0,407.8
18561,19.7801,20.0,407.8
18562,19.7801,20.0,407.8
18563,19.7801,20.0,407.9
18564,19.7801,20.0,407.9
18565,19.7801,20.0,407.9
18566,19.7801,20.0,407.9
18567,19.7801,20.0,408.0
18568,19.7801,20.0,408.0
18569,19.7801,20.0,408.0
18570,19.7801,20.0,408.0
18571,19.7801,20.0,408.1
18572,19.7801,20.0,408.1
18573,19.7801,20.0,408.1
18574,19.7801,20.0,408.1
18575,19.7801,20.0,408.1
18576,19.7801,20.0,408.2
18577,19.7801,20.0,408.2
18578,19.7801,20.0,408.2
18579,19.7801,20.0,408.2
18580,19.7801,20.0,408.3
18581,19.7998,20.0,408.3
18582,19.7998,20.0,408.3
18583,19.7998,20.0,408.3
18584,19.7998,20.0,408.4
18585,19.7998,20.0,408.4
18586,19.7998,20.0,408.4
18587,19.7998,20.0,408.4
18588,19.7998,20.0,408.5
18589,19.7998,20.0,408.5
18590,19.7998,20.0,408.5
18591,19.7998,20.0,408.5
18592,19.7998,20.0,408.6
18593,19.7998,20.0,408.6
18594,19.7998,20.0,408.6
18595,19.7998,20.0,408.6
18596,19.7998,20.0,408.7
18597,19.7998,20.0,408.7
18598,19.7998,20.0,408.7
18599,19.7998,20.0,408.7
18600,19.7998,20.0,408.7
18601,19.8196,20.0,408.8
18602,19.8196,20.0,408.8
18603,19.8196,20.0,408.8
18604,19.8196,20.0,408.8
18605,19.8196,20.0,408.9
18606,19.8196,20.0,408.9
18607,19.8196,20.0,408.9
18608,19.8196,20.0,408.9
18609,19.8196,20.0,409.0
18610,19.8196,20.0,409.0
18611,19.8196,20.0,409.0
18612,19.8196,20.0,409.0
18613,19.8196,20.0,409.0
18614,19.8196,20.0,409.1
18615,19.8196,20.0,409.1
18616,19.8196,20.0,409.1
18617,19.8196,20.0,409.1
18618,19.8196,20.0,409.2
18619,19.8196,20.0,409.2
18620,19.8196,20.0,409.2
18621,19.8394,20.0,409.2
18622,19.8394,20.0,409.2
18623,19.8394,20.0,409.3
18624,19.8394,20.0,409.3
18625,19.8394,20.0,409.3
18626,19.8394,20.0,409.3
18627,19.8394,20.0,409.3
18628,19.8394,20.0,409.4
18629,19.8394,20.0,409.4
18630,19.8394,20.0,409.4
18631,19.8394,20.0,409.4
18632,19.8394,20.0,409.4
18633,19.8394,20.0,409.5
18634,19.8394,20.0,409.5
18635,19.8394,20.0,409.5
18636,19.8394,20.0,409.5
18637,19.8394,20.0,409.5
18638,19.8394,20.0,409.6
18639,19.8394,20.0,409.6
18640,19.8394,20.0,409.6
18641,19.8592,20.0,409.6
18642,19.8592,20.0,409.7
18643,19.8592,20.0,409.7
18644,19.8592,20.0,409.7
18645,19.8592,20.0,409.7
18646,19.8592,20.0,409.8
18647,19.8592,20.0,409.8
18648,19.8592,20.0,409.8
18649,19.8592,20.0,409.8
18650,19.8592,20.0,409.9
18651,19.8592,20.0,409.9
18652,19.8592,20.0,409.9
18653,19.8592,20.0,409.9
18654,19.8592,20.0,409.9
18655,19.8592,20.0,410.0
18656,19.8592,20.0,410.0
18657,19.8592,20.0,410.0
18658,19.8592,20.0,410.0
18659,19.8592,20.0,410.1
18660,19.8592,20.0,410.1
18661,19.8790,20.0,410.1
18662,19.8790,20.0,410.1
18663,19.8790,20.0,410.2
18664,19.8790,20.0,410.2
18665,19.8790,20.0,410.2
18666,19.8790,20.0,410.2
18667,19.8790,20.0,410.2
18668,19.8790,20.0,410.3
18669,19.8790,20.0,410.3
18670,19.8790,20.0,410.3
18671,19.8790,20.0,410.3
18672,19.8790,20.0,410.4
18673,19.8790,20.0,410.4
18674,19.8790,20.0,410.4
18675,19.8790,20.0,410.4
18676,19.8790,20.0,410.5
18677,19.8790,20.0,410.5
18678,19.8790,20.0,410.5
18679,19.8790,20.0,410.5
18680,19.8790,20.0,410.6
18681,19.8988,20.0,410.6
18682,19.8988,20.0,410.6
18683,19.8988,20.0,410.6
18684,19.8988,20.0,410.6
18685,19.8988,20.0,410.6
18686,19.8988,20.0,410.7
18687,19.8988,20.0,410.7
18688,19.8988,20.0,410.7
18689,19.8988,20.0,410.7
18690,19.8988,20.0,410.7
18691,19.8988,20.0,410.8
18692,19.8988,20.0,410.8
18693,19.8988,20.0,410.8
18694,19.8988,20.0,410.8
18695,19.8988,20.0,410.9
18696,19.8988,20.0,410.9
18697,19.8988,20.0,410.9
18698,19.8988,20.0,410.9
18699,19.8988,20.0,410.9
18700,19.8988,20.0,411.0
18701,19.9186,20.0,411.0
18702,19.9186,20.0,411.0
18703,19.9186,20.0,411.0
18704,19.9186,20.0,411.0
18705,19.9186,20.0,411.1
18706,19.9186,20.0,411.1
18707,19.9186,20.0,411.1
18708,19.9186,20.0,411.1
18709,19.9186,20.0,411.2
18710,19.9186,20.0,411.2
18711,19.9186,20.0,411.2
18712,19.9186,20.0,411.2
18713,19.9186,20.0,411.2
18714,19.9186,20.0,411.3
18715,19.9186,20.0,411.3
18716,19.9186,20.0,411.3
18717,19.9186,20.0,411.3
18718,19.9186,20.0,411.4
18719,19.9186,20.0,411.4
18720,19.9186,20.0,411.4
18721,19.9384,20.0,411.4
18722,19.9384,20.0,411.5
18723,19.9384,20.0,411.5
18724,19.9384,20.0,411.5
18725,19.9384,20.0,411.5
18726,19.9384,20.0,411.5
18727,19.9384,20.0,411.5
18728,19.9384,20.0,411.6
18729,19.9384,20.0,411.6
18730,19.9384,20.0,411.6
18731,19.9384,20.0,411.6
18732,19.9384,20.0,411.7
18733,19.9384,20.0,411.7
18734,19.9384,20.0,411.7
18735,19.9384,20.0,411.7
18736,19.9384,20.0,411.7
18737,19.9384,20.0,411.8
18738,19.9384,20.0,411.8
18739,19.9384,20.0,411.8
18740,19.9384,20.0,411.8
18741,19.9582,20.0,411.9
18742,19.9582,20.0,411.9
18743,19.9582,20.0,411.9
18744,19.9582,20.0,411.9
18745,19.9582,20.0,411.9
18746,19.9582,20.0,412.0
18747,19.9582,20.0,412.0
18748,19.9582,20.0,412.0
18749,19.9582,20.0,412.0
18750,19.9582,20.0,412.0
18751,19.9582,20.0,412.1
18752,19.9582,20.0,412.1
18753,19.9582,20.0,412.1
18754,19.9582,20.0,412.1
18755,19.9582,20.0,412.1
18756,19.9582,20.0,412.2
18757,19.9582,20.0,412.2
18758,19.9582,20.0,412.2
18759,19.9582,20.0,412.2
18760,19.9582,20.0,412.3
18761,19.9780,20.0,412.3
18762,19.9780,20.0,412.3
18763,19.9780,20.0,412.3
18764,19.9780,20.0,412.3
18765,19.9780,20.0,412.4
18766,19.9780,20.0,412.4
18767,19.9780,20.0,412.4
18768,19.9780,20.0,412.4
18769,19.9780,20.0,412.5
18770,19.9780,20.0,412.5
18771,19.9780,20.0,412.5
18772,19.9780,20.0,412.5
18773,19.9780,20.0,412.5
18774,19.9780,20.0,412.6
18775,19.9780,20.0,412.6
18776,19.9780,20.0,412.6
18777,19.9780,20.0,412.6
18778,19.9780,20.0,412.7
18779,19.9780,20.0,412.7
18780,19.9780,20.0,412.7
18781,19.9978,20.0,412.7
18782,19.9978,20.0,412.7
18783,19.9978,20.0,412.8
18784,19.9978,20.0,412.8
18785,19.9978,20.0,412.8
18786,19.9978,20.0,412.8
18787,19.9978,20.0,412.8
18788,19.9978,20.0,412.9
18789,19.9978,20.0,412.9
18790,19.9978,20.0,412.9
18791,19.9978,20.0,412.9
18792,19.9978,20.0,413.0
18793,19.9978,20.0,413.0
18794,19.9978,20.0,413.0
18795,19.9978,20.0,413.0
18796,19.9978,20.0,413.0
18797,19.9978,20.0,413.1
18798,19.9978,20.0,413.1
18799,19.9978,20.0,413.1
18800,19.9978,20.0,413.1
18801,20.0176,20.0,413.1
18802,20.0176,20.0,413.2
18803,20.0176,20.0,413.2
18804,20.0176,20.0,413.2
18805,20.0176,20.0,413.2
18806,20.0176,20.0,413.3
18807,20.0176,20.0,413.3
18808,20.0176,20.0,413.3
18809,20.0176,20.0,413.3
18810,20.0176,20.0,413.3
18811,20.0176,20.0,413.4
18812,20.0176,20.0,413.4
18813,20.0176,20.0,413.4
18814,20.0176,20.0,413.4
18815,20.0176,20.0,413.5
18816,20.0176,20.0,413.5
18817,20.0176,20.0,413.5
18818,20.0176,20.0,413.5
18819,20.0176,20.0,413.6
18820,20.0176,20.0,413.6
18821,20.0374,20.0,413.6
18822,20.0374,20.0,413.6
18823,20.0374,20.0,413.6
18824,20.0374,20.0,413.7
18825,20.0374,20.0,413.7
18826,20.0374,20.0,413.7
18827,20.0374,20.0,413.7
18828,20.0374,20.0,413.7
18829,20.0374,20.0,413.8
18830,20.0374,20.0,413.8
18831,20.0374,20.0,413.8
18832,20.0374,20.0,413.8
18833,20.0374,20.0,413.9
18834,20.0374,20.0,413.9
18835,20.0374,20.0,413.9
18836,20.0374,20.0,413.9
18837,20.0374,20.0,414.0
18838,20.0374,20.0,414.0
18839,20.0374,20.0,414.0
18840,20.0374,20.0,414.0
18841,20.0572,20.0,414.0
18842,20.0572,20.0,414.1
18843,20.0572,20.0,414.1
18844,20.0572,20.0,414.1
18845,20.0572,20.0,414.1
18846,20.0572,20.0,414.2
18847,20.0572,20.0,414.2
18848,20.0572,20.0,414.2
18849,20.0572,20.0,414.2
18850,20.0572,20.0,414.2
18851,20.0572,20.0,414.3
18852,20.0572,20.0,414.3
18853,20.0572,20.0,414.3
18854,20.0572,20.0,414.3
18855,20.0572,20.0,414.4
18856,20.0572,20.0,414.4
18857,20.0572,20.0,414.4
18858,20.0572,20.0,414.4
18859,20.0572,20.0,414.5
18860,20.0572,20.0,414.5
18861,20.0769,20.0,414.5
18862,20.0769,20.0,414.5
18863,20.0769,20.0,414.6
18864,20.0769,20.0,414.6
18865,20.0769,20.0,414.6
18866,20.0769,20.0,414.6
18867,20.0769,20.0,414.6
18868,20.0769,20.0,414.7
18869,20.0769,20.0,414.7
18870,20.0769,20.0,414.7
18871,20.0769,20.0,414.7
18872,20.0769,20.0,414.7
18873,20.0769,20.0,414.8
18874,20.0769,20.0,414.8
18875,20.0769,20.0,414.8
18876,20.0769,20.0,414.8
18877,20.0769,20.0,414.8
18878,20.0769,20.0,414.9
18879,20.0769,20.0,414.9
18880,20.0769,20.0,414.9
18881,20.0967,20.0,414.9
18882,20.0967,20.0,415.0
18883,20.0967,20.0,415.0
18884,20.0967,20.0,415.0
18885,20.0967,20.0,415.0
18886,20.0967,20.0,415.0
18887,20.0967,20.0,415.1
18888,20.0967,20.0,415.1
18889,20.0967,20.0,415.1
18890,20.0967,20.0,415.1
18891,20.0967,20.0,415.2
18892,20.0967,20.0,415.2
18893,20.0967,20.0,415.2
18894,20.0967,20.0,415.2
18895,20.0967,20.0,415.2
18896,20.0967,20.0,415.3
18897,20.0967,20.0,415.3
18898,20.0967,20.0,415.3
18899,20.0967,20.0,415.3
18900,20.0967,20.0,415.3
18901,20.1165,20.0,415.4
18902,20.1165,20.0,415.4
18903,20.1165,20.0,415.4
18904,20.1165,20.0,415.5
18905,20.1165,20.0,415.5
18906,20.1165,20.0,415.5
18907,20.1165,20.0,415.5
18908,20.1165,20.0,415.5
18909,20.1165,20.0,415.6
18910,20.1165,20.0,415.6
18911,20.1165,20.0,415.6
18912,20.1165,20.0,415.6
18913,20.1165,20.0,415.6
18914,20.1165,20.0,415.7
18915,20.1165,20.0,415.7
18916,20.1165,20.0,415.7
18917,20.1165,20.0,415.7
18918,20.1165,20.0,415.8
18919,20.1165,20.0,415.8
18920,20.1165,20.0,415.8
18921,20.1162,20.0,415.8
18922,20.1162,20.0,415.8
18923,20.1162,20.0,415.9
18924,20.1162,20.0,415.9
18925,20.1162,20.0,415.9
18926,20.1162,20.0,415.9
18927,20.1162,20.0,416.0
18928,20.1162,20.0,416.0
18929,20.1162,20.0,416.0
18930,20.1162,20.0,416.0
18931,20.1162,20.0,416.0
18932,20.1162,20.0,416.1
18933,20.1162,20.0,416.1
18934,20.1162,20.0,416.1
18935,20.1162,20.0,416.1
18936,20.1162,20.0,416.1
18937,20.1162,20.0,416.2
18938,20.1162,20.0,416.2
18939,20.1162,20.0,416.2
18940,20.1162,20.0,416.2
18941,20.1158,20.0,416.3
18942,20.1158,20.0,416.3
18943,20.1158,20.0,416.3
18944,20.1158,20.0,416.3
18945,20.1158,20.0,416.7
18946,20.1158,20.0,416.7
18947,20.1158,20.0,416.7
18948,20.1158,20.0,416.7
18949,20.1158,20.0,416.8
18950,20.1158,20.0,416.8
18951,20.1158,20.0,416.8
18952,20.1158,20.0,416.8
18953,20.1158,20.0,416.8
18954,20.1158,20.0,416.9
18955,20.1158,20.0,416.9
18956,20.1158,20.0,416.9
18957,20.1158,20.0,416.9
18958,20.1158,20.0,416.9
18959,20.1158,20.0,417.0
18960,20.1158,20.0,417.0
18961,20.1158,20.0,417.0
18962,20.1158,20.0,417.0
18963,20.1158,20.0,417.1
18964,20.1158,20.0,417.1
18965,20.1158,20.0,417.1
18966,20.1158,20.0,417.1
18967,20.1158,20.0,417.1
18968,20.1158,20.0,417.2
18969,20.1158,20.0,417.2
18970,20.1158,20.0,417.2
18971,20.1158,20.0,417.3
18972,20.1158,20.0,417.3
18973,20.1158,20.0,417.3
18974,20.1158,20.0,417.3
18975,20.1158,20.0,417.3
18976,20.1158,20.0,417.4
18977,20.1158,20.0,417.4
18978,20.1158,20.0,417.4
18979,20.1158,20.0,417.5
18980,20.1158,20.0,417.5
18981,20.1158,20.0,417.5
18982,20.1158,20.0,417.5
18983,20.1158,20.0,417.6
18984,20.1158,20.0,417.6
18985,20.1158,20.0,417.6
18986,20.1158,20.0,417.6
18987,20.1158,20.0,417.7
18988,20.1158,20.0,417.7
18989,20.1158,20.0,417.7
18990,20.1158,20.0,417.8
18991,20.1158,20.0,417.8
18992,20.1158,20.0,417.8
18993,20.1158,20.0,417.8
18994,20.1158,20.0,417.8
18995,20.1158,20.0,417.9
18996,20.1158,20.0,417.9
18997,20.1158,20.0,417.9
18998,20.1158,20.0,417.9
18999,20.1158,20.0,418.0
19000,20.1158,20.0,418.0
19001,20.1158,20.0,418.0
19002,20.1158,20.0,418.0
19003,20.1158,20.0,418.1
19004,20.1158,20.0,418.1
19005,20.1158,20.0,418.1
19006,20.1158,20.0,418.1
19007,20.1158,20.0,418.2
19008,20.1158,20.0,418.2
19009,20.1158,20.0,418.2
19010,20.1158,20.0,418.2
19011,20.1158,20.0,418.2
19012,20.1158,20.0,418.3
19013,20.1158,20.0,418.3
19014,20.1158,20.0,418.3
19015,20.1158,20.0,418.3
19016,20.1158,20.0,418.4
19017,20.1158,20.0,418.4
19018,20.1158,20.0,418.4
19019,20.1158,20.0,418.4
19020,20.1158,20.0,418.5
19021,20.1157,20.0,418.5
19022,20.1157,20.0,418.5
19023,20.1157,20.0,418.5
19024,20.1157,20.0,418.6
19025,20.1157,20.0,418.6
19026,20.1157,20.0,418.6
19027,20.1157,20.0,418.6
19028,20.1157,20.0,418.6
19029,20.1157,20.0,418.7
19030,20.1157,20.0,418.7
19031,20.1157,20.0,418.7
19032,20.1157,20.0,418.7
19033,20.1157,20.0,418.8
19034,20.1157,20.0,418.8
19035,20.1157,20.0,418.8
19036,20.1157,20.0,418.8
19037,20.1157,20.0,418.8
19038,20.1157,20.0,418.9
19039,20.1157,20.0,418.9
19040,20.1157,20.0,418.9
19041,20.1157,20.0,418.9
19042,20.1157,20.0,419.0
19043,20.1157,20.0,419.0
19044,20.1157,20.0,419.0
19045,20.1157,20.0,419.0
19046,20.1157,20.0,419.0
19047,20.1157,20.0,419.1
19048,20.1157,20.0,419.1
19049,20.1157,20.0,419.1
19050,20.1157,20.0,419.1
19051,20.1157,20.0,419.2
19052,20.1157,20.0,419.2
19053,20.1157,20.0,419.2
19054,20.1157,20.0,419.2
19055,20.1157,20.0,419.2
19056,20.1157,20.0,419.3
19057,20.1157,20.0,419.3
19058,20.1157,20.0,419.3
19059,20.1157,20.0,419.3
19060,20.1157,20.0,419.4
19061,20.1157,20.0,419.4
19062,20.1157,20.0,419.4
19063,20.1157,20.0,419.5
19064,20.1157,20.0,419.5
19065,20.1157,20.0,419.5
19066,20.1157,20.0,419.5
19067,20.1157,20.0,419.6
19068,20.1157,20.0,419.6
19069,20.1157,20.0,419.6
19070,20.1157,20.0,419.6
19071,20.1157,20.0,419.7
19072,20.1157,20.0,419.7
19073,20.1157,20.0,419.7
19074,20.1157,20.0,419.7
19075,20.1157,20.0,419.8
19076,20.1157,20.0,419.8
19077,20.1157,20.0,419.8
19078,20.1157,20.0,419.8
19079,20.1157,20.0,419.8
19080,20.1157,20.0,419.9
19081,20.1156,20.0,419.9
19082,20.1156,20.0,419.9
19083,20.1156,20.0,419.9
19084,20.1156,20.0,420.0
19085,20.1156,20.0,420.0
19086,20.1156,20.0,420.0
19087,20.1156,20.0,420.0
19088,20.1156,20.0,420.0
19089,20.1156,20.0,420.1
19090,20.1156,20.0,420.1
19091,20.1156,20.0,420.1
19092,20.1156,20.0,420.1
19093,20.1156,20.0,420.2
19094,20.1156,20.0,420.2
19095,20.1156,20.0,420.2
19096,20.1156,20.0,420.2
19097,20.1156,20.0,420.3
19098,20.1156,20.0,420.3
19099,20.1156,20.0,420.3
19100,20.1156,20.0,420.4
19101,20.1156,20.0,420.4
19102,20.1156,20.0,420.5
19103,20.1156,20.0,420.5
19104,20.1156,20.0,420.5
19105,20.1156,20.0,420.5
19106,20.1156,20.0,420.6
19107,20.1156,20.0,420.6
19108,20.1156,20.0,420.6
19109,20.1156,20.0,420.6
19110,20.1156,20.0,420.7
19111,20.1156,20.0,420.7
19112,20.1156,20.0,420.7
19113,20.1156,20.0,420.7
19114,20.1156,20.0,420.8
19115,20.1156,20.0,420.8
19116,20.1156,20.0,420.8
19117,20.1156,20.0,420.8
19118,20.1156,20.0,420.9
19119,20.1156,20.0,420.9
19120,20.1156,20.0,420.9
19121,20.1156,20.0,420.9
19122,20.1156,20.0,421.0
19123,20.1156,20.0,421.0
19124,20.1156,20.0,421.0
19125,20.1156,20.0,421.0
19126,20.1156,20.0,421.0
19127,20.1156,20.0,421.1
19128,20.1156,20.0,421.1
19129,20.1156,20.0,421.1
19130,20.1156,20.0,421.1
19131,20.1156,20.0,421.2
19132,20.1156,20.0,421.2
19133,20.1156,20.0,421.2
19134,20.1156,20.0,421.2
19135,20.1156,20.0,421.3
19136,20.1156,20.0,421.3
19137,20.1156,20.0,421.3
19138,20.1156,20.0,421.3
19139,20.1156,20.0,421.3
19140,20.1156,20.0,421.4
19141,20.1155,20.0,421.4
19142,20.1155,20.0,421.4
19143,20.1155,20.0,421.5
19144,20.1155,20.0,421.6
19145,20.1155,20.0,421.6
19146,20.1155,20.0,421.7
19147,20.1155,20.0,421.7
19148,20.1155,20.0,421.7
19149,20.1155,20.0,421.8
19150,20.1155,20.0,421.8
19151,20.1155,20.0,421.9
19152,20.1155,20.0,421.9
19153,20.1155,20.0,421.9
19154,20.1155,20.0,421.9
19155,20.1155,20.0,422.0
19156,20.1155,20.0,422.0
19157,20.1155,20.0,422.0
19158,20.1155,20.0,422.0
19159,20.1155,20.0,422.1
19160,20.1155,20.0,422.1
19161,20.1155,20.0,422.1
19162,20.1155,20.0,422.2
19163,20.1155,20.0,422.2
19164,20.1155,20.0,422.2
19165,20.1155,20.0,422.2
19166,20.1155,20.0,422.3
19167,20.1155,20.0,422.3
19168,20.1155,20.0,422.3
19169,20.1155,20.0,422.3
19170,20.1155,20.0,422.4
19171,20.1155,20.0,422.4
19172,20.1155,20.0,422.4
19173,20.1155,20.0,422.4
19174,20.1155,20.0,422.5
19175,20.1155,20.0,422.5
19176,20.1155,20.0,422.5
19177,20.1155,20.0,422.5
19178,20.1155,20.0,422.6
19179,20.1155,20.0,422.6
19180,20.1155,20.0,422.6
19181,20.1155,20.0,422.6
19182,20.1155,20.0,422.7
19183,20.1155,20.0,422.7
19184,20.1155,20.0,422.7
19185,20.1155,20.0,422.7
19186,20.1155,20.0,422.8
19187,20.1155,20.0,422.8
19188,20.1155,20.0,422.8
19189,20.1155,20.0,422.8
19190,20.1155,20.0,422.9
19191,20.1155,20.0,422.9
19192,20.1155,20.0,422.9
19193,20.1155,20.0,422.9
19194,20.1155,20.0,423.0
19195,20.1155,20.0,423.0
19196,20.1155,20.0,423.0
19197,20.1155,20.0,423.0
19198,20.1155,20.0,423.1
19199,20.1155,20.0,423.1
19200,20.1155,20.0,423.1
19201,20.1154,20.0,423.2
19202,20.1154,20.0,423.2
19203,20.1154,20.0,423.2
19204,20.1154,20.0,423.2
19205,20.1154,20.0,423.3
19206,20.1154,20.0,423.3
19207,20.1154,20.0,423.3
19208,20.1154,20.0,423.3
19209,20.1154,20.0,423.4
19210,20.1154,20.0,423.4
19211,20.1154,20.0,423.4
19212,20.1154,20.0,423.4
19213,20.1154,20.0,423.5
19214,20.1154,20.0,423.5
19215,20.1154,20.0,423.5
19216,20.1154,20.0,423.6
19217,20.1154,20.0,423.6
19218,20.1154,20.0,423.7
19219,20.1154,20.0,423.7
19220,20.1154,20.0,423.8
19221,20.1154,20.0,423.8
19222,20.1154,20.0,423.8
19223,20.1154,20.0,423.8
19224,20.1154,20.0,423.9
19225,20.1154,20.0,423.9
19226,20.1154,20.0,423.9
19227,20.1154,20.0,424.0
19228,20.1154,20.0,424.0
19229,20.1154,20.0,424.0
19230,20.1154,20.0,424.1
19231,20.1154,20.0,424.1
19232,20.1154,20.0,424.1
19233,20.1154,20.0,424.1
19234,20.1154,20.0,424.2
19235,20.1154,20.0,424.2
19236,20.1154,20.0,424.2
19237,20.1154,20.0,424.3
19238,20.1154,20.0,424.3
19239,20.1154,20.0,424.3
19240,20.1154,20.0,424.3
19241,20.1154,20.0,424.4
19242,20.1154,20.0,424.4
19243,20.1154,20.0,424.4
19244,20.1154,20.0,424.5
19245,20.1154,20.0,424.5
19246,20.1154,20.0,424.5
19247,20.1154,20.0,424.5
19248,20.1154,20.0,424.6
19249,20.1154,20.0,424.6
19250,20.1154,20.0,424.6
19251,20.1154,20.0,424.7
19252,20.1154,20.0,424.7
19253,20.1154,20.0,424.7
19254,20.1154,20.0,424.8
19255,20.1154,20.0,424.8
19256,20.1154,20.0,424.8
19257,20.1154,20.0,424.8
19258,20.1154,20.0,424.9
19259,20.1154,20.0,424.9
19260,20.1154,20.0,424.9
19261,20.1153,20.0,424.9
19262,20.1153,20.0,425.0
19263,20.1153,20.0,425.0
19264,20.1153,20.0,425.0
19265,20.1153,20.0,425.1
19266,20.1153,20.0,425.1
19267,20.1153,20.0,425.1
19268,20.1153,20.0,425.2
19269,20.1153,20.0,425.2
19270,20.1153,20.0,425.3
19271,20.1153,20.0,425.3
19272,20.1153,20.0,425.3
19273,20.1153,20.0,425.4
19274,20.1153,20.0,425.4
19275,20.1153,20.0,425.5
19276,20.1153,20.0,425.5
19277,20.1153,20.0,425.6
19278,20.1153,20.0,425.6
19279,20.1153,20.0,425.7
19280,20.1153,20.0,425.7
19281,20.1153,20.0,425.8
19282,20.1153,20.0,425.8
19283,20.1153,20.0,425.8
19284,20.1153,20.0,425.9
19285,20.1153,20.0,425.9
19286,20.1153,20.0,425.9
19287,20.1153,20.0,426.0
19288,20.1153,20.0,426.0
19289,20.1153,20.0,426.0
19290,20.1153,20.0,426.1
19291,20.1153,20.0,426.2
19292,20.1153,20.0,426.2
19293,20.1153,20.0,426.2
19294,20.1153,20.0,426.3
19295,20.1153,20.0,426.3
19296,20.1153,20.0,426.3
19297,20.1153,20.0,426.4
19298,20.1153,20.0,426.4
19299,20.1153,20.0,426.4
19300,20.1153,20.0,426.5
19301,20.1153,20.0,426.5
19302,20.1153,20.0,426.5
19303,20.1153,20.0,426.6
19304,20.1153,20.0,426.6
19305,20.1153,20.0,426.6
19306,20.1153,20.0,426.7
19307,20.1153,20.0,426.7
19308,20.1153,20.0,426.7
19309,20.1153,20.0,426.7
19310,20.1153,20.0,426.8
19311,20.1153,20.0,426.8
19312,20.1153,20.0,426.8
19313,20.1153,20.0,426.8
19314,20.1153,20.0,426.9
19315,20.1153,20.0,426.9
19316,20.1153,20.0,426.9
19317,20.1153,20.0,427.0
19318,20.1153,20.0,427.0
19319,20.1153,20.0,427.0
19320,20.1153,20.0,427.0
19321,20.1152,20.0,427.1
19322,20.1152,20.0,427.1
19323,20.1152,20.0,427.1
19324,20.1152,20.0,427.1
19325,20.1152,20.0,427.2
19326,20.1152,20.0,427.2
19327,20.1152,20.0,427.2
19328,20.1152,20.0,427.2
19329,20.1152,20.0,427.2
19330,20.1152,20.0,427.3
19331,20.1152,20.0,427.3
19332,20.1152,20.0,427.3
19333,20.1152,20.0,427.3
19334,20.1152,20.0,427.4
19335,20.1152,20.0,427.4
19336,20.1152,20.0,427.4
19337,20.1152,20.0,427.4
19338,20.1152,20.0,427.5
19339,20.1152,20.0,427.5
19340,20.1152,20.0,427.5
19341,20.1152,20.0,427.5
19342,20.1152,20.0,427.5
19343,20.1152,20.0,427.6
19344,20.1152,20.0,427.6
19345,20.1152,20.0,427.6
19346,20.1152,20.0,427.6
19347,20.1152,20.0,427.6
19348,20.1152,20.0,427.7
19349,20.1152,20.0,427.7
19350,20.1152,20.0,427.7
19351,20.1152,20.0,427.7
19352,20.1152,20.0,427.7
19353,20.1152,20.0,427.8
19354,20.1152,20.0,427.8
19355,20.1152,20.0,427.8
19356,20.1152,20.0,427.8
19357,20.1152,20.0,427.8
19358,20.1152,20.0,427.9
19359,20.1152,20.0,427.9
19360,20.1152,20.0,427.9
19361,20.1152,20.0,427.9
19362,20.1152,20.0,427.9
19363,20.1152,20.0,428.0
19364,20.1152,20.0,428.0
19365,20.1152,20.0,428.0
19366,20.1152,20.0,428.0
19367,20.1152,20.0,428.0
19368,20.1152,20.0,428.1
19369,20.1152,20.0,428.1
19370,20.1152,20.0,428.1
19371,20.1152,20.0,428.1
19372,20.1152,20.0,428.1
19373,20.1152,20.0,428.2
19374,20.1152,20.0,428.2
19375,20.1152,20.0,428.2
19376,20.1152,20.0,428.2
19377,20.1152,20.0,428.3
19378,20.1152,20.0,428.3
19379,20.1152,20.0,428.4
19380,20.1152,20.0,428.4
19381,20.1151,20.0,428.4
19382,20.1151,20.0,428.4
19383,20.1151,20.0,428.4
19384,20.1151,20.0,428.5
19385,20.1151,20.0,428.5
19386,20.1151,20.0,428.5
19387,20.1151,20.0,428.5
19388,20.1151,20.0,428.6
19389,20.1151,20.0,428.6
19390,20.1151,20.0,428.6
19391,20.1151,20.0,428.6
19392,20.1151,20.0,428.7
19393,20.1151,20.0,428.7
19394,20.1151,20.0,428.7
19395,20.1151,20.0,428.7
19396,20.1151,20.0,428.7
19397,20.1151,20.0,428.8
19398,20.1151,20.0,428.8
19399,20.1151,20.0,428.8
19400,20.1151,20.0,428.8
19401,20.1151,20.0,428.8
19402,20.1151,20.0,428.9
19403,20.1151,20.0,428.9
19404,20.1151,20.0,428.9
19405,20.1151,20.0,428.9
19406,20.1151,20.0,428.9
19407,20.1151,20.0,429.0
19408,20.1151,20.0,429.0
19409,20.1151,20.0,429.0
19410,20.1151,20.0,429.0
19411,20.1151,20.0,429.0
19412,20.1151,20.0,429.1
19413,20.1151,20.0,429.1
19414,20.1151,20.0,429.1
19415,20.1151,20.0,429.1
19416,20.1151,20.0,429.1
19417,20.1151,20.0,429.2
19418,20.1151,20.0,429.2
19419,20.1151,20.0,429.2
19420,20.1151,20.0,429.2
19421,20.1151,20.0,429.3
19422,20.1151,20.0,429.3
19423,20.1151,20.0,429.3
19424,20.1151,20.0,429.3
19425,20.1151,20.0,429.4
19426,20.1151,20.0,429.4
19427,20.1151,20.0,429.4
19428,20.1151,20.0,429.4
19429,20.1151,20.0,429.5
19430,20.1151,20.0,429.5
19431,20.1151,20.0,429.5
19432,20.1151,20.0,429.5
19433,20.1151,20.0,429.5
19434,20.1151,20.0,429.6
19435,20.1151,20.0,429.6
19436,20.1151,20.0,429.6
19437,20.1151,20.0,429.6
19438,20.1151,20.0,429.6
19439,20.1151,20.0,429.7
19440,20.1151,20.0,429.7
19441,20.1151,20.0,429.7
19442,20.1151,20.0,429.7
19443,20.1151,20.0,429.8
19444,20.1151,20.0,429.8
19445,20.1151,20.0,429.8
19446,20.1151,20.0,429.8
19447,20.1151,20.0,429.8
19448,20.1151,20.0,429.9
19449,20.1151,20.0,429.9
19450,20.1151,20.0,429.9
19451,20.1151,20.0,429.9
19452,20.1151,20.0,429.9
19453,20.1151,20.0,430.0
19454,20.1151,20.0,430.0
19455,20.1151,20.0,430.0
19456,20.1151,20.0,430.0
19457,20.1151,20.0,430.3
19458,20.1151,20.0,430.3
19459,20.1151,20.0,430.3
19460,20.1151,20.0,430.4
19461,20.1150,20.0,430.4
19462,20.1150,20.0,430.4
19463,20.1150,20.0,430.4
19464,20.1150,20.0,430.4
19465,20.1150,20.0,430.5
19466,20.1150,20.0,430.5
19467,20.1150,20.0,430.5
19468,20.1150,20.0,430.5
19469,20.1150,20.0,430.5
19470,20.1150,20.0,430.6
19471,20.1150,20.0,430.6
19472,20.1150,20.0,430.6
19473,20.1150,20.0,430.6
19474,20.1150,20.0,430.6
19475,20.1150,20.0,430.7
19476,20.1150,20.0,430.7
19477,20.1150,20.0,430.7
19478,20.1150,20.0,430.7
19479,20.1150,20.0,430.8
19480,20.1150,20.0,430.8
19481,20.1148,20.0,430.8
19482,20.1148,20.0,430.8
19483,20.1148,20.0,430.8
19484,20.1148,20.0,430.9
19485,20.1148,20.0,430.9
19486,20.1148,20.0,430.9
19487,20.1148,20.0,430.9
19488,20.1148,20.0,430.9
19489,20.1148,20.0,431.0
19490,20.1148,20.0,431.0
19491,20.1148,20.0,431.0
19492,20.1148,20.0,431.0
19493,20.1148,20.0,431.0
19494,20.1148,20.0,431.1
19495,20.1148,20.0,431.1
19496,20.1148,20.0,431.1
19497,20.1148,20.0,431.1
19498,20.1148,20.0,431.2
19499,20.1148,20.0,431.2
19500,20.1148,20.0,431.2
19501,20.1146,20.0,431.2
19502,20.1146,20.0,431.3
19503,20.1146,20.0,431.3
19504,20.1146,20.0,431.3
19505,20.1146,20.0,431.3
19506,20.1146,20.0,431.3
19507,20.1146,20.0,431.4
19508,20.1146,20.0,431.4
19509,20.1146,20.0,431.4
19510,20.1146,20.0,431.4
19511,20.1146,20.0,431.4
19512,20.1146,20.0,431.5
19513,20.1146,20.0,431.5
19514,20.1146,20.0,431.5
19515,20.1146,20.0,431.6
19516,20.1146,20.0,431.6
19517,20.1146,20.0,431.6
19518,20.1146,20.0,431.6
19519,20.1146,20.0,431.7
19520,20.1146,20.0,431.7
19521,20.1145,20.0,431.7
19522,20.1145,20.0,431.8
19523,20.1145,20.0,431.8
19524,20.1145,20.0,431.8
19525,20.1145,20.0,431.8
19526,20.1145,20.0,431.9
19527,20.1145,20.0,431.9
19528,20.1145,20.0,431.9
19529,20.1145,20.0,431.9
19530,20.1145,20.0,432.0
19531,20.1145,20.0,432.0
19532,20.1145,20.0,432.0
19533,20.1145,20.0,432.0
19534,20.1145,20.0,432.1
19535,20.1145,20.0,432.1
19536,20.1145,20.0,432.1
19537,20.1145,20.0,432.1
19538,20.1145,20.0,432.1
19539,20.1145,20.0,432.2
19540,20.1145,20.0,432.2
19541,20.1143,20.0,432.2
19542,20.1143,20.0,432.2
19543,20.1143,20.0,432.3
19544,20.1143,20.0,432.3
19545,20.1143,20.0,432.3
19546,20.1143,20.0,432.3
19547,20.1143,20.0,432.3
19548,20.1143,20.0,432.4
19549,20.1143,20.0,432.4
19550,20.1143,20.0,432.4
19551,20.1143,20.0,432.4
19552,20.1143,20.0,432.5
19553,20.1143,20.0,432.5
19554,20.1143,20.0,432.5
19555,20.1143,20.0,432.5
19556,20.1143,20.0,432.6
19557,20.1143,20.0,432.6
19558,20.1143,20.0,432.6
19559,20.1143,20.0,432.6
19560,20.1143,20.0,432.6
19561,20.1141,20.0,432.7
19562,20.1141,20.0,432.7
19563,20.1141,20.0,432.7
19564,20.1141,20.0,432.7
19565,20.1141,20.0,432.7
19566,20.1141,20.0,432.8
19567,20.1141,20.0,432.8
19568,20.1141,20.0,432.8
19569,20.1141,20.0,432.8
19570,20.1141,20.0,432.8
19571,20.1141,20.0,432.8
19572,20.1141,20.0,432.9
19573,20.1141,20.0,432.9
19574,20.1141,20.0,432.9
19575,20.1141,20.0,432.9
19576,20.1141,20.0,433.0
19577,20.1141,20.0,433.0
19578,20.1141,20.0,433.0
19579,20.1141,20.0,433.0
19580,20.1141,20.0,433.0
19581,20.1139,20.0,433.1
19582,20.1139,20.0,433.1
19583,20.1139,20.0,433.1
19584,20.1139,20.0,433.1
19585,20.1139,20.0,433.2
19586,20.1139,20.0,433.2
19587,20.1139,20.0,433.2
19588,20.1139,20.0,433.2
19589,20.1139,20.0,433.2
19590,20.1139,20.0,433.3
19591,20.1139,20.0,433.3
19592,20.1139,20.0,433.3
19593,20.1139,20.0,433.4
19594,20.1139,20.0,433.4
19595,20.1139,20.0,433.4
19596,20.1139,20.0,433.4
19597,20.1139,20.0,433.5
19598,20.1139,20.0,433.5
19599,20.1139,20.0,433.5
19600,20.1139,20.0,433.5
19601,20.1137,20.0,433.6
19602,20.1137,20.0,433.6
19603,20.1137,20.0,433.6
19604,20.1137,20.0,433.6
19605,20.1137,20.0,433.7
19606,20.1137,20.0,433.7
19607,20.1137,20.0,433.7
19608,20.1137,20.0,433.7
19609,20.1137,20.0,433.7
19610,20.1137,20.0,433.8
19611,20.1137,20.0,433.8
19612,20.1137,20.0,433.8
19613,20.1137,20.0,433.8
19614,20.1137,20.0,433.8
19615,20.1137,20.0,433.9
19616,20.1137,20.0,433.9
19617,20.1137,20.0,433.9
19618,20.1137,20.0,433.9
19619,20.1137,20.0,434.0
19620,20.1137,20.0,434.0
19621,20.1135,20.0,434.0
19622,20.1135,20.0,434.0
19623,20.1135,20.0,434.1
19624,20.1135,20.0,434.1
19625,20.1135,20.0,434.1
19626,20.1135,20.0,434.1
19627,20.1135,20.0,434.2
19628,20.1135,20.0,434.2
19629,20.1135,20.0,434.2
19630,20.1135,20.0,434.2
19631,20.1135,20.0,434.2
19632,20.1135,20.0,434.3
19633,20.1135,20.0,434.3
19634,20.1135,20.0,434.3
19635,20.1135,20.0,434.3
19636,20.1135,20.0,434.4
19637,20.1135,20.0,434.4
19638,20.1135,20.0,434.4
19639,20.1135,20.0,434.5
19640,20.1135,20.0,434.5
19641,20.1133,20.0,434.5
19642,20.1133,20.0,434.5
19643,20.1133,20.0,434.6
19644,20.1133,20.0,434.6
19645,20.1133,20.0,434.6
19646,20.1133,20.0,434.6
19647,20.1133,20.0,434.7
19648,20.1133,20.0,434.7
19649,20.1133,20.0,434.7
19650,20.1133,20.0,434.7
19651,20.1133,20.0,434.7
19652,20.1133,20.0,434.8
19653,20.1133,20.0,434.8
19654,20.1133,20.0,434.8
19655,20.1133,20.0,434.8
19656,20.1133,20.0,434.8
19657,20.1133,20.0,434.9
19658,20.1133,20.0,434.9
19659,20.1133,20.0,434.9
19660,20.1133,20.0,434.9
19661,20.1131,20.0,434.9
19662,20.1131,20.0,435.0
19663,20.1131,20.0,435.0
19664,20.1131,20.0,435.0
19665,20.1131,20.0,435.0
19666,20.1131,20.0,435.0
19667,20.1131,20.0,435.1
19668,20.1131,20.0,435.1
19669,20.1131,20.0,435.1
19670,20.1131,20.0,435.1
19671,20.1131,20.0,435.1
19672,20.1131,20.0,435.2
19673,20.1131,20.0,435.2
19674,20.1131,20.0,435.2
19675,20.1131,20.0,435.2
19676,20.1131,20.0,435.2
19677,20.1131,20.0,435.3
19678,20.1131,20.0,435.3
19679,20.1131,20.0,435.3
19680,20.1131,20.0,435.3
19681,20.1130,20.0,435.4
19682,20.1130,20.0,435.4
19683,20.1130,20.0,435.4
19684,20.1130,20.0,435.4
19685,20.1130,20.0,435.4
19686,20.1130,20.0,435.5
19687,20.1130,20.0,435.5
19688,20.1130,20.0,435.6
19689,20.1130,20.0,435.6
19690,20.1130,20.0,435.6
19691,20.1130,20.0,435.6
19692,20.1130,20.0,435.7
19693,20.1130,20.0,435.7
19694,20.1130,20.0,435.7
19695,20.1130,20.0,435.7
19696,20.1130,20.0,435.7
19697,20.1130,20.0,435.8
19698,20.1130,20.0,435.8
19699,20.1130,20.0,435.8
19700,20.1130,20.0,435.8
19701,20.1128,20.0,435.9
19702,20.1128,20.0,435.9
19703,20.1128,20.0,435.9
19704,20.1128,20.0,435.9
19705,20.1128,20.0,435.9
19706,20.1128,20.0,436.0
19707,20.1128,20.0,436.0
19708,20.1128,20.0,436.0
19709,20.1128,20.0,436.0
19710,20.1128,20.0,436.0
19711,20.1128,20.0,436.1
19712,20.1128,20.0,436.1
19713,20.1128,20.0,436.1
19714,20.1128,20.0,436.1
19715,20.1128,20.0,436.1
19716,20.1128,20.0,436.2
19717,20.1128,20.0,436.2
19718,20.1128,20.0,436.2
19719,20.1128,20.0,436.2
19720,20.1128,20.0,436.3
19721,20.1126,20.0,436.3
19722,20.1126,20.0,436.3
19723,20.1126,20.0,436.3
19724,20.1126,20.0,436.4
19725,20.1126,20.0,436.4
19726,20.1126,20.0,436.4
19727,20.1126,20.0,436.4
19728,20.1126,20.0,436.4
19729,20.1126,20.0,436.5
19730,20.1126,20.0,436.5
19731,20.1126,20.0,436.5
19732,20.1126,20.0,436.5
19733,20.1126,20.0,436.6
19734,20.1126,20.0,436.6
19735,20.1126,20.0,436.6
19736,20.1126,20.0,436.6
19737,20.1126,20.0,436.6
19738,20.1126,20.0,436.7
19739,20.1126,20.0,436.7
19740,20.1126,20.0,436.7
19741,20.1124,20.0,436.7
19742,20.1124,20.0,436.8
19743,20.1124,20.0,436.8
19744,20.1124,20.0,436.8
19745,20.1124,20.0,436.8
19746,20.1124,20.0,436.8
19747,20.1124,20.0,436.9
19748,20.1124,20.0,436.9
19749,20.1124,20.0,436.9
19750,20.1124,20.0,436.9
19751,20.1124,20.0,437.0
19752,20.1124,20.0,437.0
19753,20.1124,20.0,437.0
19754,20.1124,20.0,437.0
19755,20.1124,20.0,437.1
19756,20.1124,20.0,437.1
19757,20.1124,20.0,437.1
19758,20.1124,20.0,437.1
19759,20.1124,20.0,437.1
19760,20.1124,20.0,437.2
19761,20.1122,20.0,437.2
19762,20.1122,20.0,437.2
19763,20.1122,20.0,437.2
19764,20.1122,20.0,437.2
19765,20.1122,20.0,437.3
19766,20.1122,20.0,437.3
19767,20.1122,20.0,437.3
19768,20.1122,20.0,437.3
19769,20.1122,20.0,437.4
19770,20.1122,20.0,437.4
19771,20.1122,20.0,437.4
19772,20.1122,20.0,437.4
19773,20.1122,20.0,437.4
19774,20.1122,20.0,437.4
19775,20.1122,20.0,437.5
19776,20.1122,20.0,437.5
19777,20.1122,20.0,437.5
19778,20.1122,20.0,437.5
19779,20.1122,20.0,437.5
19780,20.1122,20.0,437.6
19781,20.1120,20.0,437.6
19782,20.1120,20.0,437.6
19783,20.1120,20.0,437.6
19784,20.1120,20.0,437.6
19785,20.1120,20.0,437.7
19786,20.1120,20.0,437.7
19787,20.1120,20.0,437.7
19788,20.1120,20.0,437.7
19789,20.1120,20.0,437.8
19790,20.1120,20.0,437.8
19791,20.1120,20.0,437.8
19792,20.1120,20.0,437.8
19793,20.1120,20.0,437.8
19794,20.1120,20.0,437.9
19795,20.1120,20.0,437.9
19796,20.1120,20.0,437.9
19797,20.1120,20.0,437.9
19798,20.1120,20.0,437.9
19799,20.1120,20.0,438.0
19800,20.1120,20.0,438.0
19801,20.1118,20.0,438.0
19802,20.1118,20.0,438.0
19803,20.1118,20.0,438.1
19804,20.1118,20.0,438.1
19805,20.1118,20.0,438.1
19806,20.1118,20.0,438.1
19807,20.1118,20.0,438.1
19808,20.1118,20.0,438.1
19809,20.1118,20.0,438.2
19810,20.1118,20.0,438.2
19811,20.1118,20.0,438.2
19812,20.1118,20.0,438.2
19813,20.1118,20.0,438.2
19814,20.1118,20.0,438.3
19815,20.1118,20.0,438.3
19816,20.1118,20.0,438.3
19817,20.1118,20.0,438.3
19818,20.1118,20.0,438.3
19819,20.1118,20.0,438.4
19820,20.1118,20.0,438.4
19821,20.1116,20.0,438.4
19822,20.1116,20.0,438.4
19823,20.1116,20.0,438.5
19824,20.1116,20.0,438.5
19825,20.1116,20.0,438.5
19826,20.1116,20.0,438.5
19827,20.1116,20.0,438.5
19828,20.1116,20.0,438.6
19829,20.1116,20.0,438.6
19830,20.1116,20.0,438.6
19831,20.1116,20.0,438.6
19832,20.1116,20.0,438.7
19833,20.1116,20.0,438.7
19834,20.1116,20.0,438.7
19835,20.1116,20.0,438.7
19836,20.1116,20.0,438.7
19837,20.1116,20.0,438.7
19838,20.1116,20.0,438.8
19839,20.1116,20.0,438.8
19840,20.1116,20.0,438.8
19841,20.1115,20.0,438.8
19842,20.1115,20.0,438.9
19843,20.1115,20.0,438.9
19844,20.1115,20.0,438.9
19845,20.1115,20.0,438.9
19846,20.1115,20.0,438.9
19847,20.1115,20.0,439.0
19848,20.1115,20.0,439.0
19849,20.1115,20.0,439.0
19850,20.1115,20.0,439.0
19851,20.1115,20.0,439.0
19852,20.1115,20.0,439.1
19853,20.1115,20.0,439.1
19854,20.1115,20.0,439.1
19855,20.1115,20.0,439.1
19856,20.1115,20.0,439.1
19857,20.1115,20.0,439.2
19858,20.1115,20.0,439.2
19859,20.1115,20.0,439.2
19860,20.1115,20.0,439.2
19861,20.1113,20.0,439.2
19862,20.1113,20.0,439.3
19863,20.1113,20.0,439.3
19864,20.1113,20.0,439.3
19865,20.1113,20.0,439.3
19866,20.1113,20.0,439.3
19867,20.1113,20.0,439.4
19868,20.1113,20.0,439.4
19869,20.1113,20.0,439.4
19870,20.1113,20.0,439.4
19871,20.1113,20.0,439.4
19872,20.1113,20.0,439.5
19873,20.1113,20.0,439.5
19874,20.1113,20.0,439.5
19875,20.1113,20.0,439.5
19876,20.1113,20.0,439.5
19877,20.1113,20.0,439.6
19878,20.1113,20.0,439.6
19879,20.1113,20.0,439.6
19880,20.1113,20.0,439.6
19881,20.1111,20.0,439.6
19882,20.1111,20.0,439.7
19883,20.1111,20.0,439.7
19884,20.1111,20.0,439.7
19885,20.1111,20.0,439.7
19886,20.1111,20.0,439.7
19887,20.1111,20.0,439.8
19888,20.1111,20.0,439.8
19889,20.1111,20.0,439.8
19890,20.1111,20.0,439.8
19891,20.1111,20.0,439.8
19892,20.1111,20.0,439.9
19893,20.1111,20.0,439.9
19894,20.1111,20.0,439.9
19895,20.1111,20.0,439.9
19896,20.1111,20.0,440.0
19897,20.1111,20.0,440.0
19898,20.1111,20.0,440.0
19899,20.1111,20.0,440.0
19900,20.1111,20.0,440.1
19901,20.1109,20.0,440.1
19902,20.1109,20.0,440.1
19903,20.1109,20.0,440.1
19904,20.1109,20.0,440.1
19905,20.1109,20.0,440.2
19906,20.1109,20.0,440.2
19907,20.1109,20.0,440.2
19908,20.1109,20.0,440.2
19909,20.1109,20.0,440.3
19910,20.1109,20.0,440.3
19911,20.1109,20.0,440.3
19912,20.1109,20.0,440.3
19913,20.1109,20.0,440.4
19914,20.1109,20.0,440.4
19915,20.1109,20.0,440.4
19916,20.1109,20.0,440.4
19917,20.1109,20.0,440.4
19918,20.1109,20.0,440.5
19919,20.1109,20.0,440.5
19920,20.1109,20.0,440.5
19921,20.1107,20.0,440.5
19922,20.1107,20.0,440.6
19923,20.1107,20.0,440.6
19924,20.1107,20.0,440.6
19925,20.1107,20.0,440.6
19926,20.1107,20.0,440.6
19927,20.1107,20.0,440.7
19928,20.1107,20.0,440.7
19929,20.1107,20.0,440.7
19930,20.1107,20.0,440.7
19931,20.1107,20.0,440.7
19932,20.1107,20.0,440.8
19933,20.1107,20.0,440.8
19934,20.1107,20.0,440.8
19935,20.1107,20.0,440.8
19936,20.1107,20.0,440.9
19937,20.1107,20.0,440.9
19938,20.1107,20.0,440.9
19939,20.1107,20.0,440.9
19940,20.1107,20.0,440.9
19941,20.1107,20.0,441.0
19942,20.1107,20.0,441.0
19943,20.1107,20.0,441.0
19944,20.1107,20.0,441.0
19945,20.1107,20.0,441.0
19946,20.1107,20.0,441.1
19947,20.1107,20.0,441.1
19948,20.1107,20.0,441.1
19949,20.1107,20.0,441.1
19950,20.1107,20.0,441.2
19951,20.1107,20.0,441.2
19952,20.1107,20.0,441.2
19953,20.1107,20.0,441.2
19954,20.1107,20.0,441.2
19955,20.1107,20.0,441.3
19956,20.1107,20.0,441.3
19957,20.1107,20.0,441.3
19958,20.1107,20.0,441.3
19959,20.1107,20.0,441.3
19960,20.1107,20.0,441.4
19961,20.1107,20.0,441.4
19962,20.1107,20.0,441.4
19963,20.1107,20.0,441.4
19964,20.1107,20.0,441.5
19965,20.1107,20.0,441.5
19966,20.1107,20.0,441.5
19967,20.1107,20.0,441.5
19968,20.1107,20.0,441.6
19969,20.1107,20.0,441.9
19970,20.1107,20.0,441.9
19971,20.1107,20.0,441.9
19972,20.1107,20.0,441.9
19973,20.1107,20.0,441.9
19974,20.1107,20.0,442.0
19975,20.1107,20.0,442.0
19976,20.1107,20.0,442.0
19977,20.1107,20.0,442.0
19978,20.1107,20.0,442.1
19979,20.1107,20.0,442.1
19980,20.1107,20.0,442.1
19981,20.1110,20.0,442.1
19982,20.1110,20.0,442.2
19983,20.1110,20.0,442.2
19984,20.1110,20.0,442.2
19985,20.1110,20.0,442.2
19986,20.1110,20.0,442.2
19987,20.1110,20.0,442.3
19988,20.1110,20.0,442.3
19989,20.1110,20.0,442.3
19990,20.1110,20.0,442.3
19991,20.1110,20.0,442.3
19992,20.1110,20.0,442.4
19993,20.1110,20.0,442.4
19994,20.1110,20.0,442.4
19995,20.1110,20.0,442.4
19996,20.1110,20.0,442.5
19997,20.1110,20.0,442.5
19998,20.1110,20.0,442.5
19999,20.1110,20.0,442.5
20000,20.1110,20.0,442.5
20001,20.1113,20.0,442.6
20002,20.1113,20.0,442.6
20003,20.1113,20.0,442.6
20004,20.1113,20.0,442.6
20005,20.1113,20.0,442.7
20006,20.1113,20.0,442.7
20007,20.1113,20.0,442.7
20008,20.1113,20.0,442.7
20009,20.1113,20.0,442.7
20010,20.1113,20.0,442.7
20011,20.1113,20.0,442.8
20012,20.1113,20.0,442.8
20013,20.1113,20.0,442.8
20014,20.1113,20.0,442.8
20015,20.1113,20.0,442.8
20016,20.1113,20.0,442.9
20017,20.1113,20.0,442.9
20018,20.1113,20.0,442.9
20019,20.1113,20.0,442.9
20020,20.1113,20.0,442.9
20021,20.1116,20.0,443.0
20022,20.1116,20.0,443.0
20023,20.1116,20.0,443.0
20024,20.1116,20.0,443.0
20025,20.1116,20.0,443.1
20026,20.1116,20.0,443.1
20027,20.1116,20.0,443.1
20028,20.1116,20.0,443.1
20029,20.1116,20.0,443.1
20030,20.1116,20.0,443.2
20031,20.1116,20.0,443.2
20032,20.1116,20.0,443.2
20033,20.1116,20.0,443.2
20034,20.1116,20.0,443.3
20035,20.1116,20.0,443.3
20036,20.1116,20.0,443.3
20037,20.1116,20.0,443.3
20038,20.1116,20.0,443.3
20039,20.1116,20.0,443.4
20040,20.1116,20.0,443.4
20041,20.1119,20.0,443.4
20042,20.1119,20.0,443.4
20043,20.1119,20.0,443.5
20044,20.1119,20.0,443.5
20045,20.1119,20.0,443.5
20046,20.1119,20.0,443.5
20047,20.1119,20.0,443.5
20048,20.1119,20.0,443.6
20049,20.1119,20.0,443.6
20050,20.1119,20.0,443.6
20051,20.1119,20.0,443.6
20052,20.1119,20.0,443.7
20053,20.1119,20.0,443.7
20054,20.1119,20.0,443.7
20055,20.1119,20.0,443.7
20056,20.1119,20.0,443.7
20057,20.1119,20.0,443.8
20058,20.1119,20.0,443.8
20059,20.1119,20.0,443.8
20060,20.1119,20.0,443.8
20061,20.1122,20.0,443.8
20062,20.1122,20.0,443.9
20063,20.1122,20.0,443.9
20064,20.1122,20.0,443.9
20065,20.1122,20.0,443.9
20066,20.1122,20.0,443.9
20067,20.1122,20.0,444.0
20068,20.1122,20.0,444.0
20069,20.1122,20.0,444.0
20070,20.1122,20.0,444.0
20071,20.1122,20.0,444.1
20072,20.1122,20.0,444.1
20073,20.1122,20.0,444.1
20074,20.1122,20.0,444.1
20075,20.1122,20.0,444.2
20076,20.1122,20.0,444.2
20077,20.1122,20.0,444.2
20078,20.1122,20.0,444.2
20079,20.1122,20.0,444.2
20080,20.1122,20.0,444.3
20081,20.1125,20.0,444.3
20082,20.1125,20.0,444.3
20083,20.1125,20.0,444.4
20084,20.1125,20.0,444.4
20085,20.1125,20.0,444.4
20086,20.1125,20.0,444.5
20087,20.1125,20.0,444.5
20088,20.1125,20.0,444.5
20089,20.1125,20.0,444.5
20090,20.1125,20.0,444.6
20091,20.1125,20.0,444.6
20092,20.1125,20.0,444.6
20093,20.1125,20.0,444.6
20094,20.1125,20.0,444.7
20095,20.1125,20.0,444.7
20096,20.1125,20.0,444.7
20097,20.1125,20.0,444.7
20098,20.1125,20.0,444.8
20099,20.1125,20.0,444.8
20100,20.1125,20.0,444.8
20101,20.1127,20.0,444.8
20102,20.1127,20.0,444.8
20103,20.1127,20.0,444.9
20104,20.1127,20.0,444.9
20105,20.1127,20.0,444.9
20106,20.1127,20.0,444.9
20107,20.1127,20.0,444.9
20108,20.1127,20.0,445.0
20109,20.1127,20.0,445.0
20110,20.1127,20.0,445.0
20111,20.1127,20.0,445.0
20112,20.1127,20.0,445.0
20113,20.1127,20.0,445.1
20114,20.1127,20.0,445.1
20115,20.1127,20.0,445.1
20116,20.1127,20.0,445.1
20117,20.1127,20.0,445.2
20118,20.1127,20.0,445.2
20119,20.1127,20.0,445.2
20120,20.1127,20.0,445.2
20121,20.1130,20.0,445.2
20122,20.1130,20.0,445.3
20123,20.1130,20.0,445.3
20124,20.1130,20.0,445.3
20125,20.1130,20.0,445.3
20126,20.1130,20.0,445.3
20127,20.1130,20.0,445.4
20128,20.1130,20.0,445.4
20129,20.1130,20.0,445.4
20130,20.1130,20.0,445.4
20131,20.1130,20.0,445.4
20132,20.1130,20.0,445.5
20133,20.1130,20.0,445.5
20134,20.1130,20.0,445.5
20135,20.1130,20.0,445.5
20136,20.1130,20.0,445.5
20137,20.1130,20.0,445.6
20138,20.1130,20.0,445.6
20139,20.1130,20.0,445.6
20140,20.1130,20.0,445.6
20141,20.1133,20.0,445.7
20142,20.1133,20.0,445.7
20143,20.1133,20.0,445.7
20144,20.1133,20.0,445.7
20145,20.1133,20.0,445.7
20146,20.1133,20.0,445.7
20147,20.1133,20.0,445.8
20148,20.1133,20.0,445.8
20149,20.1133,20.0,445.8
20150,20.1133,20.0,445.8
20151,20.1133,20.0,445.8
20152,20.1133,20.0,445.9
20153,20.1133,20.0,445.9
20154,20.1133,20.0,445.9
20155,20.1133,20.0,445.9
20156,20.1133,20.0,445.9
20157,20.1133,20.0,446.0
20158,20.1133,20.0,446.0
20159,20.1133,20.0,446.0
20160,20.1133,20.0,446.0
20161,20.1136,20.0,446.1
20162,20.1136,20.0,446.1
20163,20.1136,20.0,446.1
20164,20.1136,20.0,446.1
20165,20.1136,20.0,446.1
20166,20.1136,20.0,446.2
20167,20.1136,20.0,446.2
20168,20.1136,20.0,446.2
20169,20.1136,20.0,446.2
20170,20.1136,20.0,446.3
20171,20.1136,20.0,446.3
20172,20.1136,20.0,446.3
20173,20.1136,20.0,446.3
20174,20.1136,20.0,446.4
20175,20.1136,20.0,446.4
20176,20.1136,20.0,446.4
20177,20.1136,20.0,446.4
20178,20.1136,20.0,446.4
20179,20.1136,20.0,446.5
20180,20.1136,20.0,446.5
20181,20.1139,20.0,446.5
20182,20.1139,20.0,446.5
20183,20.1139,20.0,446.6
20184,20.1139,20.0,446.6
20185,20.1139,20.0,446.6
20186,20.1139,20.0,446.6
20187,20.1139,20.0,446.7
20188,20.1139,20.0,446.7
20189,20.1139,20.0,446.7
20190,20.1139,20.0,446.7
20191,20.1139,20.0,446.7
20192,20.1139,20.0,446.8
20193,20.1139,20.0,446.8
20194,20.1139,20.0,446.8
20195,20.1139,20.0,446.8
20196,20.1139,20.0,446.9
20197,20.1139,20.0,446.9
20198,20.1139,20.0,446.9
20199,20.1139,20.0,446.9
20200,20.1139,20.0,447.0
20201,20.1142,20.0,447.0
20202,20.1142,20.0,447.0
20203,20.1142,20.0,447.0
20204,20.1142,20.0,447.1
20205,20.1142,20.0,447.1
20206,20.1142,20.0,447.1
20207,20.1142,20.0,447.1
20208,20.1142,20.0,447.2
20209,20.1142,20.0,447.2
20210,20.1142,20.0,447.2
20211,20.1142,20.0,447.2
20212,20.1142,20.0,447.2
20213,20.1142,20.0,447.3
20214,20.1142,20.0,447.3
20215,20.1142,20.0,447.3
20216,20.1142,20.0,447.3
20217,20.1142,20.0,447.4
20218,20.1142,20.0,447.4
20219,20.1142,20.0,447.4
20220,20.1142,20.0,447.4
20221,20.1145,20.0,447.5
20222,20.1145,20.0,447.5
20223,20.1145,20.0,447.5
20224,20.1145,20.0,447.5
20225,20.1145,20.0,447.6
20226,20.1145,20.0,447.6
20227,20.1145,20.0,447.6
20228,20.1145,20.0,447.6
20229,20.1145,20.0,447.6
20230,20.1145,20.0,447.7
20231,20.1145,20.0,447.7
20232,20.1145,20.0,447.7
20233,20.1145,20.0,447.7
20234,20.1145,20.0,447.8
20235,20.1145,20.0,447.8
20236,20.1145,20.0,447.8
20237,20.1145,20.0,447.8
20238,20.1145,20.0,447.8
20239,20.1145,20.0,447.9
20240,20.1145,20.0,447.9
20241,20.1148,20.0,447.9
20242,20.1148,20.0,447.9
20243,20.1148,20.0,448.0
20244,20.1148,20.0,448.0
20245,20.1148,20.0,448.0
20246,20.1148,20.0,448.0
20247,20.1148,20.0,448.0
20248,20.1148,20.0,448.1
20249,20.1148,20.0,448.1
20250,20.1148,20.0,448.1
20251,20.1148,20.0,448.1
20252,20.1148,20.0,448.2
20253,20.1148,20.0,448.2
20254,20.1148,20.0,448.2
20255,20.1148,20.0,448.2
20256,20.1148,20.0,448.2
20257,20.1148,20.0,448.3
20258,20.1148,20.0,448.3
20259,20.1148,20.0,448.3
20260,20.1148,20.0,448.3
20261,20.1151,20.0,448.4
20262,20.1151,20.0,448.4
20263,20.1151,20.0,448.4
20264,20.1151,20.0,448.5
20265,20.1151,20.0,448.5
20266,20.1151,20.0,448.5
20267,20.1151,20.0,448.5
20268,20.1151,20.0,448.6
20269,20.1151,20.0,448.6
20270,20.1151,20.0,448.6
20271,20.1151,20.0,448.6
20272,20.1151,20.0,448.7
20273,20.1151,20.0,448.7
20274,20.1151,20.0,448.7
20275,20.1151,20.0,448.7
20276,20.1151,20.0,448.8
20277,20.1151,20.0,448.8
20278,20.1151,20.0,448.8
20279,20.1151,20.0,448.8
20280,20.1151,20.0,448.9
20281,20.1154,20.0,448.9
20282,20.1154,20.0,448.9
20283,20.1154,20.0,448.9
20284,20.1154,20.0,449.0
20285,20.1154,20.0,449.0
20286,20.1154,20.0,449.0
20287,20.1154,20.0,449.0
20288,20.1154,20.0,449.0
20289,20.1154,20.0,449.1
20290,20.1154,20.0,449.1
20291,20.1154,20.0,449.1
20292,20.1154,20.0,449.1
20293,20.1154,20.0,449.1
20294,20.1154,20.0,449.1
20295,20.1154,20.0,449.2
20296,20.1154,20.0,449.2
20297,20.1154,20.0,449.2
20298,20.1154,20.0,449.2
20299,20.1154,20.0,449.3
20300,20.1154,20.0,449.3
20301,20.1157,20.0,449.3
20302,20.1157,20.0,449.3
20303,20.1157,20.0,449.3
20304,20.1157,20.0,449.3
20305,20.1157,20.0,449.4
20306,20.1157,20.0,449.4
20307,20.1157,20.0,449.4
20308,20.1157,20.0,449.4
20309,20.1157,20.0,449.4
20310,20.1157,20.0,449.5
20311,20.1157,20.0,449.5
20312,20.1157,20.0,449.5
20313,20.1157,20.0,449.5
20314,20.1157,20.0,449.6
20315,20.1157,20.0,449.6
20316,20.1157,20.0,449.6
20317,20.1157,20.0,449.7
20318,20.1157,20.0,449.7
20319,20.1157,20.0,449.7
20320,20.1157,20.0,449.7
20321,20.1160,20.0,449.8
20322,20.1160,20.0,449.8
20323,20.1160,20.0,449.8
20324,20.1160,20.0,449.8
20325,20.1160,20.0,449.8
20326,20.1160,20.0,449.9
20327,20.1160,20.0,449.9
20328,20.1160,20.0,449.9
20329,20.1160,20.0,449.9
20330,20.1160,20.0,449.9
20331,20.1160,20.0,449.9
20332,20.1160,20.0,450.0
20333,20.1160,20.0,450.0
20334,20.1160,20.0,450.0
20335,20.1160,20.0,450.0
20336,20.1160,20.0,450.1
20337,20.1160,20.0,450.1
20338,20.1160,20.0,450.1
20339,20.1160,20.0,450.1
20340,20.1160,20.0,450.1
20341,20.1163,20.0,450.2
20342,20.1163,20.0,450.2
20343,20.1163,20.0,450.2
20344,20.1163,20.0,450.2
20345,20.1163,20.0,450.3
20346,20.1163,20.0,450.3
20347,20.1163,20.0,450.3
20348,20.1163,20.0,450.3
20349,20.1163,20.0,450.3
20350,20.1163,20.0,450.4
20351,20.1163,20.0,450.4
20352,20.1163,20.0,450.4
20353,20.1163,20.0,450.4
20354,20.1163,20.0,450.4
20355,20.1163,20.0,450.5
20356,20.1163,20.0,450.5
20357,20.1163,20.0,450.5
20358,20.1163,20.0,450.5
20359,20.1163,20.0,450.5
20360,20.1163,20.0,450.6
20361,20.1166,20.0,450.6
20362,20.1166,20.0,450.6
20363,20.1166,20.0,450.6
20364,20.1166,20.0,450.7
20365,20.1166,20.0,450.7
20366,20.1166,20.0,450.7
20367,20.1166,20.0,450.7
20368,20.1166,20.0,450.8
20369,20.1166,20.0,450.8
20370,20.1166,20.0,450.8
20371,20.1166,20.0,450.8
20372,20.1166,20.0,450.9
20373,20.1166,20.0,450.9
20374,20.1166,20.0,450.9
20375,20.1166,20.0,450.9
20376,20.1166,20.0,451.0
20377,20.1166,20.0,451.0
20378,20.1166,20.0,451.0
20379,20.1166,20.0,451.0
20380,20.1166,20.0,451.1
20381,20.1169,20.0,451.1
20382,20.1169,20.0,451.1
20383,20.1169,20.0,451.1
20384,20.1169,20.0,451.1
20385,20.1169,20.0,451.1
20386,20.1169,20.0,451.2
20387,20.1169,20.0,451.2
20388,20.1169,20.0,451.2
20389,20.1169,20.0,451.2
20390,20.1169,20.0,451.3
20391,20.1169,20.0,451.3
20392,20.1169,20.0,451.3
20393,20.1169,20.0,451.3
20394,20.1169,20.0,451.4
20395,20.1169,20.0,451.4
20396,20.1169,20.0,451.4
20397,20.1169,20.0,451.4
20398,20.1169,20.0,451.5
20399,20.1169,20.0,451.5
20400,20.1169,20.0,451.5
20401,20.1171,20.0,451.6
20402,20.1171,20.0,451.6
20403,20.1171,20.0,451.6
20404,20.1171,20.0,451.6
20405,20.1171,20.0,451.7
20406,20.1171,20.0,451.7
20407,20.1171,20.0,451.7
20408,20.1171,20.0,451.7
20409,20.1171,20.0,451.8
20410,20.1171,20.0,451.8
20411,20.1171,20.0,451.8
20412,20.1171,20.0,451.8
20413,20.1171,20.0,451.9
20414,20.1171,20.0,451.9
20415,20.1171,20.0,451.9
20416,20.1171,20.0,451.9
20417,20.1171,20.0,451.9
20418,20.1171,20.0,452.0
20419,20.1171,20.0,452.0
20420,20.1171,20.0,452.0
20421,20.1174,20.0,452.0
20422,20.1174,20.0,452.1
20423,20.1174,20.0,452.1
20424,20.1174,20.0,452.1
20425,20.1174,20.0,452.1
20426,20.1174,20.0,452.2
20427,20.1174,20.0,452.2
20428,20.1174,20.0,452.2
20429,20.1174,20.0,452.2
20430,20.1174,20.0,452.3
20431,20.1174,20.0,452.3
20432,20.1174,20.0,452.3
20433,20.1174,20.0,452.3
20434,20.1174,20.0,452.3
20435,20.1174,20.0,452.4
20436,20.1174,20.0,452.4
20437,20.1174,20.0,452.4
20438,20.1174,20.0,452.4
20439,20.1174,20.0,452.5
20440,20.1174,20.0,452.5
20441,20.1176,20.0,452.5
20442,20.1176,20.0,452.5
20443,20.1176,20.0,452.5
20444,20.1176,20.0,452.6
20445,20.1176,20.0,452.6
20446,20.1176,20.0,452.6
20447,20.1176,20.0,452.6
20448,20.1176,20.0,452.6
20449,20.1176,20.0,452.7
20450,20.1176,20.0,452.7
20451,20.1176,20.0,452.7
20452,20.1176,20.0,452.7
20453,20.1176,20.0,452.8
20454,20.1176,20.0,452.8
20455,20.1176,20.0,452.8
20456,20.1176,20.0,452.8
20457,20.1176,20.0,452.9
20458,20.1176,20.0,452.9
20459,20.1176,20.0,452.9
20460,20.1176,20.0,452.9
20461,20.1180,20.0,453.0
20462,20.1180,20.0,453.0
20463,20.1180,20.0,453.0
20464,20.1180,20.0,453.0
20465,20.1180,20.0,453.0
20466,20.1180,20.0,453.1
20467,20.1180,20.0,453.1
20468,20.1180,20.0,453.1
20469,20.1180,20.0,453.2
20470,20.1180,20.0,453.2
20471,20.1180,20.0,453.2
20472,20.1180,20.0,453.2
20473,20.1180,20.0,453.3
20474,20.1180,20.0,453.3
20475,20.1180,20.0,453.3
20476,20.1180,20.0,453.4
20477,20.1180,20.0,453.4
20478,20.1180,20.0,453.4
20479,20.1180,20.0,453.4
20480,20.1180,20.0,453.5
20481,20.1185,20.0,453.8
20482,20.1185,20.0,453.9
20483,20.1185,20.0,453.9
20484,20.1185,20.0,453.9
20485,20.1185,20.0,453.9
20486,20.1185,20.0,453.9
20487,20.1185,20.0,454.0
20488,20.1185,20.0,454.0
20489,20.1185,20.0,454.0
20490,20.1185,20.0,454.0
20491,20.1185,20.0,454.0
20492,20.1185,20.0,454.1
20493,20.1185,20.0,454.1
20494,20.1185,20.0,454.1
20495,20.1185,20.0,454.1
20496,20.1185,20.0,454.1
20497,20.1185,20.0,454.2
20498,20.1185,20.0,454.2
20499,20.1185,20.0,454.2
20500,20.1185,20.0,454.2
20501,20.1186,20.0,454.2
20502,20.1186,20.0,454.3
20503,20.1186,20.0,454.3
20504,20.1186,20.0,454.3
20505,20.1186,20.0,454.3
20506,20.1186,20.0,454.3
20507,20.1186,20.0,454.4
20508,20.1186,20.0,454.4
20509,20.1186,20.0,454.4
20510,20.1186,20.0,454.4
20511,20.1186,20.0,454.4
20512,20.1186,20.0,454.5
20513,20.1186,20.0,454.5
20514,20.1186,20.0,454.5
20515,20.1186,20.0,454.5
20516,20.1186,20.0,454.5
20517,20.1186,20.0,454.5
20518,20.1186,20.0,454.5
20519,20.1186,20.0,454.6
20520,20.1186,20.0,454.6
20521,20.1188,20.0,454.6
20522,20.1188,20.0,454.6
20523,20.1188,20.0,454.7
20524,20.1188,20.0,454.7
20525,20.1188,20.0,454.7
20526,20.1188,20.0,454.7
20527,20.1188,20.0,454.8
20528,20.1188,20.0,454.8
20529,20.1188,20.0,454.8
20530,20.1188,20.0,454.8
20531,20.1188,20.0,454.8
20532,20.1188,20.0,454.9
20533,20.1188,20.0,454.9
20534,20.1188,20.0,454.9
20535,20.1188,20.0,454.9
20536,20.1188,20.0,454.9
20537,20.1188,20.0,455.0
20538,20.1188,20.0,455.0
20539,20.1188,20.0,455.0
20540,20.1188,20.0,455.0
20541,20.1189,20.0,455.0
20542,20.1189,20.0,455.0
20543,20.1189,20.0,455.1
20544,20.1189,20.0,455.1
20545,20.1189,20.0,455.1
20546,20.1189,20.0,455.1
20547,20.1189,20.0,455.1
20548,20.1189,20.0,455.2
20549,20.1189,20.0,455.2
20550,20.1189,20.0,455.2
20551,20.1189,20.0,455.2
20552,20.1189,20.0,455.3
20553,20.1189,20.0,455.3
20554,20.1189,20.0,455.3
20555,20.1189,20.0,455.3
20556,20.1189,20.0,455.3
20557,20.1189,20.0,455.4
20558,20.1189,20.0,455.4
20559,20.1189,20.0,455.4
20560,20.1189,20.0,455.4
20561,20.1191,20.0,455.5
20562,20.1191,20.0,455.5
20563,20.1191,20.0,455.5
20564,20.1191,20.0,455.5
20565,20.1191,20.0,455.6
20566,20.1191,20.0,455.6
20567,20.1191,20.0,455.6
20568,20.1191,20.0,455.6
20569,20.1191,20.0,455.7
20570,20.1191,20.0,455.7
20571,20.1191,20.0,455.7
20572,20.1191,20.0,455.7
20573,20.1191,20.0,455.7
20574,20.1191,20.0,455.8
20575,20.1191,20.0,455.8
20576,20.1191,20.0,455.8
20577,20.1191,20.0,455.8
20578,20.1191,20.0,455.9
20579,20.1191,20.0,455.9
20580,20.1191,20.0,455.9
20581,20.1193,20.0,455.9
20582,20.1193,20.0,456.0
20583,20.1193,20.0,456.0
20584,20.1193,20.0,456.0
20585,20.1193,20.0,456.0
20586,20.1193,20.0,456.1
20587,20.1193,20.0,456.1
20588,20.1193,20.0,456.1
20589,20.1193,20.0,456.1
20590,20.1193,20.0,456.1
20591,20.1193,20.0,456.2
20592,20.1193,20.0,456.2
20593,20.1193,20.0,456.2
20594,20.1193,20.0,456.2
20595,20.1193,20.0,456.3
20596,20.1193,20.0,456.3
20597,20.1193,20.0,456.3
20598,20.1193,20.0,456.3
20599,20.1193,20.0,456.4
20600,20.1193,20.0,456.4
20601,20.1194,20.0,456.4
20602,20.1194,20.0,456.4
20603,20.1194,20.0,456.5
20604,20.1194,20.0,456.5
20605,20.1194,20.0,456.5
20606,20.1194,20.0,456.5
20607,20.1194,20.0,456.5
20608,20.1194,20.0,456.6
20609,20.1194,20.0,456.6
20610,20.1194,20.0,456.6
20611,20.1194,20.0,456.7
20612,20.1194,20.0,456.7
20613,20.1194,20.0,456.7
20614,20.1194,20.0,456.7
20615,20.1194,20.0,456.7
20616,20.1194,20.0,456.8
20617,20.1194,20.0,456.8
20618,20.1194,20.0,456.8
20619,20.1194,20.0,456.8
20620,20.1194,20.0,456.8
20621,20.1196,20.0,456.9
20622,20.1196,20.0,456.9
20623,20.1196,20.0,456.9
20624,20.1196,20.0,456.9
20625,20.1196,20.0,456.9
20626,20.1196,20.0,457.0
20627,20.1196,20.0,457.0
20628,20.1196,20.0,457.0
20629,20.1196,20.0,457.0
20630,20.1196,20.0,457.0
20631,20.1196,20.0,457.1
20632,20.1196,20.0,457.1
20633,20.1196,20.0,457.1
20634,20.1196,20.0,457.1
20635,20.1196,20.0,457.2
20636,20.1196,20.0,457.2
20637,20.1196,20.0,457.2
20638,20.1196,20.0,457.2
20639,20.1196,20.0,457.3
20640,20.1196,20.0,457.3
20641,20.1197,20.0,457.3
20642,20.1197,20.0,457.3
20643,20.1197,20.0,457.3
20644,20.1197,20.0,457.4
20645,20.1197,20.0,457.4
20646,20.1197,20.0,457.4
20647,20.1197,20.0,457.4
20648,20.1197,20.0,457.4
20649,20.1197,20.0,457.5
20650,20.1197,20.0,457.5
20651,20.1197,20.0,457.5
20652,20.1197,20.0,457.5
20653,20.1197,20.0,457.5
20654,20.1197,20.0,457.6
20655,20.1197,20.0,457.6
20656,20.1197,20.0,457.6
20657,20.1197,20.0,457.6
20658,20.1197,20.0,457.7
20659,20.1197,20.0,457.7
20660,20.1197,20.0,457.7
20661,20.1199,20.0,457.7
20662,20.1199,20.0,457.8
20663,20.1199,20.0,457.8
20664,20.1199,20.0,457.8
20665,20.1199,20.0,457.8
20666,20.1199,20.0,457.8
20667,20.1199,20.0,457.9
20668,20.1199,20.0,457.9
20669,20.1199,20.0,457.9
20670,20.1199,20.0,457.9
20671,20.1199,20.0,457.9
20672,20.1199,20.0,458.0
20673,20.1199,20.0,458.0
20674,20.1199,20.0,458.0
20675,20.1199,20.0,458.0
20676,20.1199,20.0,458.0
20677,20.1199,20.0,458.1
20678,20.1199,20.0,458.1
20679,20.1199,20.0,458.1
20680,20.1199,20.0,458.1
20681,20.1200,20.0,458.1
20682,20.1200,20.0,458.2
20683,20.1200,20.0,458.2
20684,20.1200,20.0,458.2
20685,20.1200,20.0,458.2
20686,20.1200,20.0,458.2
20687,20.1200,20.0,458.3
20688,20.1200,20.0,458.3
20689,20.1200,20.0,458.3
20690,20.1200,20.0,458.3
20691,20.1200,20.0,458.3
20692,20.1200,20.0,458.3
20693,20.1200,20.0,458.4
20694,20.1200,20.0,458.4
20695,20.1200,20.0,458.4
20696,20.1200,20.0,458.4
20697,20.1200,20.0,458.4
20698,20.1200,20.0,458.5
20699,20.1200,20.0,458.5
20700,20.1200,20.0,458.5
20701,20.1202,20.0,458.5
20702,20.1202,20.0,458.5
20703,20.1202,20.0,458.6
20704,20.1202,20.0,458.6
20705,20.1202,20.0,458.6
20706,20.1202,20.0,458.6
20707,20.1202,20.0,458.7
20708,20.1202,20.0,458.7
20709,20.1202,20.0,458.7
20710,20.1202,20.0,458.7
20711,20.1202,20.0,458.7
20712,20.1202,20.0,458.8
20713,20.1202,20.0,458.8
20714,20.1202,20.0,458.8
20715,20.1202,20.0,458.8
20716,20.1202,20.0,458.8
20717,20.1202,20.0,458.9
20718,20.1202,20.0,458.9
20719,20.1202,20.0,458.9
20720,20.1202,20.0,458.9
20721,20.1203,20.0,458.9
20722,20.1203,20.0,459.0
20723,20.1203,20.0,459.0
20724,20.1203,20.0,459.0
20725,20.1203,20.0,459.0
20726,20.1203,20.0,459.0
20727,20.1203,20.0,459.1
20728,20.1203,20.0,459.1
20729,20.1203,20.0,459.1
20730,20.1203,20.0,459.1
20731,20.1203,20.0,459.2
20732,20.1203,20.0,459.2
20733,20.1203,20.0,459.2
20734,20.1203,20.0,459.2
20735,20.1203,20.0,459.2
20736,20.1203,20.0,459.3
20737,20.1203,20.0,459.3
20738,20.1203,20.0,459.3
20739,20.1203,20.0,459.3
20740,20.1203,20.0,459.3
20741,20.1205,20.0,459.4
20742,20.1205,20.0,459.4
20743,20.1205,20.0,459.4
20744,20.1205,20.0,459.4
20745,20.1205,20.0,459.4
20746,20.1205,20.0,459.4
20747,20.1205,20.0,459.5
20748,20.1205,20.0,459.5
20749,20.1205,20.0,459.5
20750,20.1205,20.0,459.5
20751,20.1205,20.0,459.5
20752,20.1205,20.0,459.6
20753,20.1205,20.0,459.6
20754,20.1205,20.0,459.6
20755,20.1205,20.0,459.6
20756,20.1205,20.0,459.6
20757,20.1205,20.0,459.7
20758,20.1205,20.0,459.7
20759,20.1205,20.0,459.7
20760,20.1205,20.0,459.7
20761,20.1206,20.0,459.8
20762,20.1206,20.0,459.8
20763,20.1206,20.0,459.8
20764,20.1206,20.0,459.8
20765,20.1206,20.0,459.8
20766,20.1206,20.0,459.8
20767,20.1206,20.0,459.9
20768,20.1206,20.0,459.9
20769,20.1206,20.0,459.9
20770,20.1206,20.0,459.9
20771,20.1206,20.0,460.0
20772,20.1206,20.0,460.0
20773,20.1206,20.0,460.0
20774,20.1206,20.0,460.0
20775,20.1206,20.0,460.0
20776,20.1206,20.0,460.1
20777,20.1206,20.0,460.1
20778,20.1206,20.0,460.1
20779,20.1206,20.0,460.1
20780,20.1206,20.0,460.1
20781,20.1208,20.0,460.2
20782,20.1208,20.0,460.2
20783,20.1208,20.0,460.2
20784,20.1208,20.0,460.2
20785,20.1208,20.0,460.2
20786,20.1208,20.0,460.2
20787,20.1208,20.0,460.3
20788,20.1208,20.0,460.3
20789,20.1208,20.0,460.3
20790,20.1208,20.0,460.3
20791,20.1208,20.0,460.3
20792,20.1208,20.0,460.4
20793,20.1208,20.0,460.4
20794,20.1208,20.0,460.4
20795,20.1208,20.0,460.4
20796,20.1208,20.0,460.5
20797,20.1208,20.0,460.5
20798,20.1208,20.0,460.5
20799,20.1208,20.0,460.5
20800,20.1208,20.0,460.6
20801,20.1209,20.0,460.6
20802,20.1209,20.0,460.6
20803,20.1209,20.0,460.6
20804,20.1209,20.0,460.6
20805,20.1209,20.0,460.7
20806,20.1209,20.0,460.7
20807,20.1209,20.0,460.7
20808,20.1209,20.0,460.7
20809,20.1209,20.0,460.8
20810,20.1209,20.0,460.8
20811,20.1209,20.0,460.8
20812,20.1209,20.0,460.8
20813,20.1209,20.0,460.8
20814,20.1209,20.0,460.9
20815,20.1209,20.0,460.9
20816,20.1209,20.0,460.9
20817,20.1209,20.0,460.9
20818,20.1209,20.0,460.9
20819,20.1209,20.0,461.0
20820,20.1209,20.0,461.0
20821,20.1211,20.0,461.0
20822,20.1211,20.0,461.0
20823,20.1211,20.0,461.0
20824,20.1211,20.0,461.1
20825,20.1211,20.0,461.1
20826,20.1211,20.0,461.1
20827,20.1211,20.0,461.1
20828,20.1211,20.0,461.1
20829,20.1211,20.0,461.2
20830,20.1211,20.0,461.2
20831,20.1211,20.0,461.2
20832,20.1211,20.0,461.2
20833,20.1211,20.0,461.2
20834,20.1211,20.0,461.2
20835,20.1211,20.0,461.3
20836,20.1211,20.0,461.3
20837,20.1211,20.0,461.3
20838,20.1211,20.0,461.3
20839,20.1211,20.0,461.3
20840,20.1211,20.0,461.4
20841,20.1212,20.0,461.4
20842,20.1212,20.0,461.4
20843,20.1212,20.0,461.4
20844,20.1212,20.0,461.4
20845,20.1212,20.0,461.5
20846,20.1212,20.0,461.5
20847,20.1212,20.0,461.5
20848,20.1212,20.0,461.5
20849,20.1212,20.0,461.5
20850,20.1212,20.0,461.6
20851,20.1212,20.0,461.6
20852,20.1212,20.0,461.6
20853,20.1212,20.0,461.6
20854,20.1212,20.0,461.7
20855,20.1212,20.0,461.7
20856,20.1212,20.0,461.7
20857,20.1212,20.0,461.7
20858,20.1212,20.0,461.8
20859,20.1212,20.0,461.8
20860,20.1212,20.0,461.8
20861,20.1214,20.0,461.8
20862,20.1214,20.0,461.8
20863,20.1214,20.0,461.9
20864,20.1214,20.0,461.9
20865,20.1214,20.0,461.9
20866,20.1214,20.0,461.9
20867,20.1214,20.0,461.9
20868,20.1214,20.0,462.0
20869,20.1214,20.0,462.0
20870,20.1214,20.0,462.0
20871,20.1214,20.0,462.0
20872,20.1214,20.0,462.0
20873,20.1214,20.0,462.1
20874,20.1214,20.0,462.1
20875,20.1214,20.0,462.1
20876,20.1214,20.0,462.1
20877,20.1214,20.0,462.1
20878,20.1214,20.0,462.2
20879,20.1214,20.0,462.2
20880,20.1214,20.0,462.2
20881,20.1215,20.0,462.2
20882,20.1215,20.0,462.3
20883,20.1215,20.0,462.3
20884,20.1215,20.0,462.3
20885,20.1215,20.0,462.3
20886,20.1215,20.0,462.3
20887,20.1215,20.0,462.4
20888,20.1215,20.0,462.4
20889,20.1215,20.0,462.4
20890,20.1215,20.0,462.4
20891,20.1215,20.0,462.4
20892,20.1215,20.0,462.5
20893,20.1215,20.0,462.5
20894,20.1215,20.0,462.5
20895,20.1215,20.0,462.5
20896,20.1215,20.0,462.5
20897,20.1215,20.0,462.6
20898,20.1215,20.0,462.6
20899,20.1215,20.0,462.6
20900,20.1215,20.0,462.6
20901,20.1217,20.0,462.7
20902,20.1217,20.0,462.7
20903,20.1217,20.0,462.7
20904,20.1217,20.0,462.7
20905,20.1217,20.0,462.7
20906,20.1217,20.0,462.8
20907,20.1217,20.0,462.8
20908,20.1217,20.0,462.8
20909,20.1217,20.0,462.8
20910,20.1217,20.0,462.8
20911,20.1217,20.0,462.9
20912,20.1217,20.0,462.9
20913,20.1217,20.0,462.9
20914,20.1217,20.0,462.9
20915,20.1217,20.0,462.9
20916,20.1217,20.0,463.0
20917,20.1217,20.0,463.0
20918,20.1217,20.0,463.0
20919,20.1217,20.0,463.0
20920,20.1217,20.0,463.0
20921,20.1218,20.0,463.1
20922,20.1218,20.0,463.1
20923,20.1218,20.0,463.1
20924,20.1218,20.0,463.1
20925,20.1218,20.0,463.1
20926,20.1218,20.0,463.2
20927,20.1218,20.0,463.2
20928,20.1218,20.0,463.2
20929,20.1218,20.0,463.2
20930,20.1218,20.0,463.2
20931,20.1218,20.0,463.3
20932,20.1218,20.0,463.3
20933,20.1218,20.0,463.3
20934,20.1218,20.0,463.4
20935,20.1218,20.0,463.4
20936,20.1218,20.0,463.5
20937,20.1218,20.0,463.5
20938,20.1218,20.0,463.5
20939,20.1218,20.0,463.5
20940,20.1218,20.0,463.6
20941,20.1220,20.0,463.6
20942,20.1220,20.0,463.6
20943,20.1220,20.0,463.6
20944,20.1220,20.0,463.7
20945,20.1220,20.0,463.7
20946,20.1220,20.0,463.7
20947,20.1220,20.0,463.7
20948,20.1220,20.0,463.7
20949,20.1220,20.0,463.8
20950,20.1220,20.0,463.8
20951,20.1220,20.0,463.8
20952,20.1220,20.0,463.8
20953,20.1220,20.0,463.8
20954,20.1220,20.0,463.8
20955,20.1220,20.0,463.9
20956,20.1220,20.0,463.9
20957,20.1220,20.0,463.9
20958,20.1220,20.0,463.9
20959,20.1220,20.0,463.9
20960,20.1220,20.0,464.0
20961,20.1218,20.0,464.0
20962,20.1218,20.0,464.0
20963,20.1218,20.0,464.0
20964,20.1218,20.0,464.0
20965,20.1218,20.0,464.1
20966,20.1218,20.0,464.1
20967,20.1218,20.0,464.1
20968,20.1218,20.0,464.1
20969,20.1218,20.0,464.1
20970,20.1218,20.0,464.2
20971,20.1218,20.0,464.2
20972,20.1218,20.0,464.2
20973,20.1218,20.0,464.2
20974,20.1218,20.0,464.3
20975,20.1218,20.0,464.3
20976,20.1218,20.0,464.3
20977,20.1218,20.0,464.3
20978,20.1218,20.0,464.3
20979,20.1218,20.0,464.4
20980,20.1218,20.0,464.4
20981,20.1217,20.0,464.4
20982,20.1217,20.0,464.4
20983,20.1217,20.0,464.5
20984,20.1217,20.0,464.5
20985,20.1217,20.0,464.5
20986,20.1217,20.0,464.5
20987,20.1217,20.0,464.6
20988,20.1217,20.0,464.6
20989,20.1217,20.0,464.6
20990,20.1217,20.0,464.6
20991,20.1217,20.0,464.7
20992,20.1217,20.0,464.7
20993,20.1217,20.0,465.0
20994,20.1217,20.0,465.0
20995,20.1217,20.0,465.1
20996,20.1217,20.0,465.1
20997,20.1217,20.0,465.1
20998,20.1217,20.0,465.1
20999,20.1217,20.0,465.1
21000,20.1217,20.0,465.2
21001,20.1217,20.0,465.2
21002,20.1217,20.0,465.2
21003,20.1217,20.0,465.2
21004,20.1217,20.0,465.3
21005,20.1217,20.0,465.3
21006,20.1217,20.0,465.3
21007,20.1217,20.0,465.3
21008,20.1217,20.0,465.3
21009,20.1217,20.0,465.4
21010,20.1217,20.0,465.4
21011,20.1217,20.0,465.4
21012,20.1217,20.0,465.4
21013,20.1217,20.0,465.4
21014,20.1217,20.0,465.4
21015,20.1217,20.0,465.5
21016,20.1217,20.0,465.5
21017,20.1217,20.0,465.5
21018,20.1217,20.0,465.5
21019,20.1217,20.0,465.5
21020,20.1217,20.0,465.6
21021,20.1217,20.0,465.6
21022,20.1217,20.0,465.6
21023,20.1217,20.0,465.6
21024,20.1217,20.0,465.7
21025,20.1217,20.0,465.7
21026,20.1217,20.0,465.7
21027,20.1217,20.0,465.7
21028,20.1217,20.0,465.7
21029,20.1217,20.0,465.7
21030,20.1217,20.0,465.8
21031,20.1217,20.0,465.8
21032,20.1217,20.0,465.8
21033,20.1217,20.0,465.8
21034,20.1217,20.0,465.9
21035,20.1217,20.0,465.9
21036,20.1217,20.0,465.9
21037,20.1217,20.0,465.9
21038,20.1217,20.0,465.9
21039,20.1217,20.0,466.0
21040,20.1217,20.0,466.0
21041,20.1217,20.0,466.0
21042,20.1217,20.0,466.0
21043,20.1217,20.0,466.0
21044,20.1217,20.0,466.1
21045,20.1217,20.0,466.1
21046,20.1217,20.0,466.1
21047,20.1217,20.0,466.1
21048,20.1217,20.0,466.1
21049,20.1217,20.0,466.2
21050,20.1217,20.0,466.2
21051,20.1217,20.0,466.2
21052,20.1217,20.0,466.2
21053,20.1217,20.0,466.2
21054,20.1217,20.0,466.3
21055,20.1217,20.0,466.3
21056,20.1217,20.0,466.3
21057,20.1217,20.0,466.3
21058,20.1217,20.0,466.4
21059,20.1217,20.0,466.4
21060,20.1217,20.0,466.4
21061,20.1217,20.0,466.4
21062,20.1217,20.0,466.4
21063,20.1217,20.0,466.5
21064,20.1217,20.0,466.5
21065,20.1217,20.0,466.5
21066,20.1217,20.0,466.5
21067,20.1217,20.0,466.6
21068,20.1217,20.0,466.6
21069,20.1217,20.0,466.6
21070,20.1217,20.0,466.6
21071,20.1217,20.0,466.7
21072,20.1217,20.0,466.7
21073,20.1217,20.0,466.7
21074,20.1217,20.0,466.7
21075,20.1217,20.0,466.7
21076,20.1217,20.0,466.8
21077,20.1217,20.0,466.8
21078,20.1217,20.0,466.8
21079,20.1217,20.0,466.8
21080,20.1217,20.0,466.8
21081,20.1216,20.0,466.9
21082,20.1216,20.0,466.9
21083,20.1216,20.0,466.9
21084,20.1216,20.0,466.9
21085,20.1216,20.0,466.9
21086,20.1216,20.0,467.0
21087,20.1216,20.0,467.0
21088,20.1216,20.0,467.0
21089,20.1216,20.0,467.0
21090,20.1216,20.0,467.0
21091,20.1216,20.0,467.1
21092,20.1216,20.0,467.1
21093,20.1216,20.0,467.1
21094,20.1216,20.0,467.1
21095,20.1216,20.0,467.1
21096,20.1216,20.0,467.1
21097,20.1216,20.0,467.2
21098,20.1216,20.0,467.2
21099,20.1216,20.0,467.2
21100,20.1216,20.0,467.2
21101,20.1216,20.0,467.2
21102,20.1216,20.0,467.3
21103,20.1216,20.0,467.3
21104,20.1216,20.0,467.3
21105,20.1216,20.0,467.3
21106,20.1216,20.0,467.3
21107,20.1216,20.0,467.4
21108,20.1216,20.0,467.4
21109,20.1216,20.0,467.4
21110,20.1216,20.0,467.4
21111,20.1216,20.0,467.4
21112,20.1216,20.0,467.5
21113,20.1216,20.0,467.5
21114,20.1216,20.0,467.5
21115,20.1216,20.0,467.5
21116,20.1216,20.0,467.6
21117,20.1216,20.0,467.6
21118,20.1216,20.0,467.6
21119,20.1216,20.0,467.6
21120,20.1216,20.0,467.6
21121,20.1216,20.0,467.6
21122,20.1216,20.0,467.7
21123,20.1216,20.0,467.7
21124,20.1216,20.0,467.7
21125,20.1216,20.0,467.7
21126,20.1216,20.0,467.8
21127,20.1216,20.0,467.8
21128,20.1216,20.0,467.8
21129,20.1216,20.0,467.8
21130,20.1216,20.0,467.8
21131,20.1216,20.0,467.8
21132,20.1216,20.0,467.9
21133,20.1216,20.0,467.9
21134,20.1216,20.0,467.9
21135,20.1216,20.0,467.9
21136,20.1216,20.0,467.9
21137,20.1216,20.0,468.0
21138,20.1216,20.0,468.0
21139,20.1216,20.0,468.0
21140,20.1216,20.0,468.0
21141,20.1216,20.0,468.0
21142,20.1216,20.0,468.1
21143,20.1216,20.0,468.1
21144,20.1216,20.0,468.1
21145,20.1216,20.0,468.1
21146,20.1216,20.0,468.1
21147,20.1216,20.0,468.2
21148,20.1216,20.0,468.2
21149,20.1216,20.0,468.2
21150,20.1216,20.0,468.2
21151,20.1216,20.0,468.2
21152,20.1216,20.0,468.3
21153,20.1216,20.0,468.3
21154,20.1216,20.0,468.3
21155,20.1216,20.0,468.3
21156,20.1216,20.0,468.3
21157,20.1216,20.0,468.3
21158,20.1216,20.0,468.4
21159,20.1216,20.0,468.4
21160,20.1216,20.0,468.4
21161,20.1216,20.0,468.4
21162,20.1216,20.0,468.5
21163,20.1216,20.0,468.5
21164,20.1216,20.0,468.5
21165,20.1216,20.0,468.5
21166,20.1216,20.0,468.5
21167,20.1216,20.0,468.6
21168,20.1216,20.0,468.6
21169,20.1216,20.0,468.6
21170,20.1216,20.0,468.6
21171,20.1216,20.0,468.7
21172,20.1216,20.0,468.7
21173,20.1216,20.0,468.7
21174,20.1216,20.0,468.7
21175,20.1216,20.0,468.7
21176,20.1216,20.0,468.8
21177,20.1216,20.0,468.8
21178,20.1216,20.0,468.8
21179,20.1216,20.0,468.8
21180,20.1216,20.0,468.9
21181,20.1216,20.0,468.9
21182,20.1216,20.0,468.9
21183,20.1216,20.0,468.9
21184,20.1216,20.0,468.9
21185,20.1216,20.0,469.0
21186,20.1216,20.0,469.0
21187,20.1216,20.0,469.0
21188,20.1216,20.0,469.0
21189,20.1216,20.0,469.0
21190,20.1216,20.0,469.1
21191,20.1216,20.0,469.1
21192,20.1216,20.0,469.1
21193,20.1216,20.0,469.1
21194,20.1216,20.0,469.2
21195,20.1216,20.0,469.2
21196,20.1216,20.0,469.2
21197,20.1216,20.0,469.2
21198,20.1216,20.0,469.2
21199,20.1216,20.0,469.3
21200,20.1216,20.0,469.3
21201,20.1216,20.0,469.3
21202,20.1216,20.0,469.3
21203,20.1216,20.0,469.3
21204,20.1216,20.0,469.4
21205,20.1216,20.0,469.4
21206,20.1216,20.0,469.4
21207,20.1216,20.0,469.4
21208,20.1216,20.0,469.4
21209,20.1216,20.0,469.4
21210,20.1216,20.0,469.5
21211,20.1216,20.0,469.5
21212,20.1216,20.0,469.5
21213,20.1216,20.0,469.5
21214,20.1216,20.0,469.5
21215,20.1216,20.0,469.6
21216,20.1216,20.0,469.6
21217,20.1216,20.0,469.6
21218,20.1216,20.0,469.6
21219,20.1216,20.0,469.6
21220,20.1216,20.0,469.7
21221,20.1216,20.0,469.7
21222,20.1216,20.0,469.7
21223,20.1216,20.0,469.7
21224,20.1216,20.0,469.7
21225,20.1216,20.0,469.8
21226,20.1216,20.0,469.8
21227,20.1216,20.0,469.8
21228,20.1216,20.0,469.8
21229,20.1216,20.0,469.9
21230,20.1216,20.0,469.9
21231,20.1216,20.0,469.9
21232,20.1216,20.0,469.9
21233,20.1216,20.0,469.9
21234,20.1216,20.0,470.0
21235,20.1216,20.0,470.0
21236,20.1216,20.0,470.0
21237,20.1216,20.0,470.0
21238,20.1216,20.0,470.0
21239,20.1216,20.0,470.1
21240,20.1216,20.0,470.1
21241,20.1216,20.0,470.1
21242,20.1216,20.0,470.1
21243,20.1216,20.0,470.1
21244,20.1216,20.0,470.2
21245,20.1216,20.0,470.2
21246,20.1216,20.0,470.2
21247,20.1216,20.0,470.2
21248,20.1216,20.0,470.3
21249,20.1216,20.0,470.3
21250,20.1216,20.0,470.3
21251,20.1216,20.0,470.3
21252,20.1216,20.0,470.3
21253,20.1216,20.0,470.4
21254,20.1216,20.0,470.4
21255,20.1216,20.0,470.4
21256,20.1216,20.0,470.4
21257,20.1216,20.0,470.5
21258,20.1216,20.0,470.5
21259,20.1216,20.0,470.5
21260,20.1216,20.0,470.5
21261,20.1216,20.0,470.6
21262,20.1216,20.0,470.6
21263,20.1216,20.0,470.6
21264,20.1216,20.0,470.6
21265,20.1216,20.0,470.7
21266,20.1216,20.0,470.7
21267,20.1216,20.0,470.7
21268,20.1216,20.0,470.7
21269,20.1216,20.0,470.8
21270,20.1216,20.0,470.8
21271,20.1216,20.0,470.8
21272,20.1216,20.0,470.8
21273,20.1216,20.0,470.9
21274,20.1216,20.0,470.9
21275,20.1216,20.0,470.9
21276,20.1216,20.0,470.9
21277,20.1216,20.0,470.9
21278,20.1216,20.0,471.0
21279,20.1216,20.0,471.0
21280,20.1216,20.0,471.0
21281,20.1215,20.0,471.0
21282,20.1215,20.0,471.1
21283,20.1215,20.0,471.1
21284,20.1215,20.0,471.1
21285,20.1215,20.0,471.1
21286,20.1215,20.0,471.1
21287,20.1215,20.0,471.2
21288,20.1215,20.0,471.2
21289,20.1215,20.0,471.2
21290,20.1215,20.0,471.2
21291,20.1215,20.0,471.2
21292,20.1215,20.0,471.3
21293,20.1215,20.0,471.3
21294,20.1215,20.0,471.3
21295,20.1215,20.0,471.3
21296,20.1215,20.0,471.4
21297,20.1215,20.0,471.4
21298,20.1215,20.0,471.4
21299,20.1215,20.0,471.4
21300,20.1215,20.0,471.4
21301,20.1215,20.0,471.5
21302,20.1215,20.0,471.5
21303,20.1215,20.0,471.5
21304,20.1215,20.0,471.5
21305,20.1215,20.0,471.5
21306,20.1215,20.0,471.6
21307,20.1215,20.0,471.6
21308,20.1215,20.0,471.6
21309,20.1215,20.0,471.6
21310,20.1215,20.0,471.6
21311,20.1215,20.0,471.7
21312,20.1215,20.0,471.7
21313,20.1215,20.0,471.7
21314,20.1215,20.0,471.7
21315,20.1215,20.0,471.7
21316,20.1215,20.0,471.7
21317,20.1215,20.0,471.8
21318,20.1215,20.0,471.8
21319,20.1215,20.0,471.8
21320,20.1215,20.0,471.8
21321,20.1215,20.0,471.9
21322,20.1215,20.0,471.9
21323,20.1215,20.0,471.9
21324,20.1215,20.0,471.9
21325,20.1215,20.0,471.9
21326,20.1215,20.0,472.0
21327,20.1215,20.0,472.0
21328,20.1215,20.0,472.0
21329,20.1215,20.0,472.0
21330,20.1215,20.0,472.0
21331,20.1215,20.0,472.1
21332,20.1215,20.0,472.1
21333,20.1215,20.0,472.1
21334,20.1215,20.0,472.1
21335,20.1215,20.0,472.1
21336,20.1215,20.0,472.1
21337,20.1215,20.0,472.2
21338,20.1215,20.0,472.2
21339,20.1215,20.0,472.2
21340,20.1215,20.0,472.2
21341,20.1215,20.0,472.2
21342,20.1215,20.0,472.3
21343,20.1215,20.0,472.3
21344,20.1215,20.0,472.3
21345,20.1215,20.0,472.3
21346,20.1215,20.0,472.3
21347,20.1215,20.0,472.4
21348,20.1215,20.0,472.4
21349,20.1215,20.0,472.4
21350,20.1215,20.0,472.4
21351,20.1215,20.0,472.4
21352,20.1215,20.0,472.5
21353,20.1215,20.0,472.5
21354,20.1215,20.0,472.5
21355,20.1215,20.0,472.5
21356,20.1215,20.0,472.5
21357,20.1215,20.0,472.6
21358,20.1215,20.0,472.6
21359,20.1215,20.0,472.6
21360,20.1215,20.0,472.6
21361,20.1215,20.0,472.7
21362,20.1215,20.0,472.7
21363,20.1215,20.0,472.7
21364,20.1215,20.0,472.7
21365,20.1215,20.0,472.7
21366,20.1215,20.0,472.8
21367,20.1215,20.0,472.8
21368,20.1215,20.0,472.8
21369,20.1215,20.0,472.8
21370,20.1215,20.0,472.8
21371,20.1215,20.0,472.8
21372,20.1215,20.0,472.9
21373,20.1215,20.0,472.9
21374,20.1215,20.0,472.9
21375,20.1215,20.0,472.9
21376,20.1215,20.0,472.9
21377,20.1215,20.0,473.0
21378,20.1215,20.0,473.0
21379,20.1215,20.0,473.0
21380,20.1215,20.0,473.0
21381,20.1215,20.0,473.0
21382,20.1215,20.0,473.1
21383,20.1215,20.0,473.1
21384,20.1215,20.0,473.1
21385,20.1215,20.0,473.1
21386,20.1215,20.0,473.1
21387,20.1215,20.0,473.2
21388,20.1215,20.0,473.2
21389,20.1215,20.0,473.2
21390,20.1215,20.0,473.2
21391,20.1215,20.0,473.3
21392,20.1215,20.0,473.3
21393,20.1215,20.0,473.3
21394,20.1215,20.0,473.3
21395,20.1215,20.0,473.3
21396,20.1215,20.0,473.4
21397,20.1215,20.0,473.4
21398,20.1215,20.0,473.4
21399,20.1215,20.0,473.4
21400,20.1215,20.0,473.5
21401,20.1215,20.0,473.5
21402,20.1215,20.0,473.5
21403,20.1215,20.0,473.5
21404,20.1215,20.0,473.5
21405,20.1215,20.0,473.6
21406,20.1215,20.0,473.6
21407,20.1215,20.0,473.6
21408,20.1215,20.0,473.6
21409,20.1215,20.0,473.6
21410,20.1215,20.0,473.7
21411,20.1215,20.0,473.7
21412,20.1215,20.0,473.7
21413,20.1215,20.0,473.7
21414,20.1215,20.0,473.7
21415,20.1215,20.0,473.8
21416,20.1215,20.0,473.8
21417,20.1215,20.0,473.8
21418,20.1215,20.0,473.8
21419,20.1215,20.0,473.9
21420,20.1215,20.0,473.9
21421,20.1215,20.0,473.9
21422,20.1215,20.0,473.9
21423,20.1215,20.0,473.9
21424,20.1215,20.0,474.0
21425,20.1215,20.0,474.0
21426,20.1215,20.0,474.0
21427,20.1215,20.0,474.0
21428,20.1215,20.0,474.0
21429,20.1215,20.0,474.1
21430,20.1215,20.0,474.1
21431,20.1215,20.0,474.1
21432,20.1215,20.0,474.1
21433,20.1215,20.0,474.1
21434,20.1215,20.0,474.2
21435,20.1215,20.0,474.2
21436,20.1215,20.0,474.2
21437,20.1215,20.0,474.2
21438,20.1215,20.0,474.2
21439,20.1215,20.0,474.3
21440,20.1215,20.0,474.3
21441,20.1215,20.0,474.3
21442,20.1215,20.0,474.3
21443,20.1215,20.0,474.3
21444,20.1215,20.0,474.3
21445,20.1215,20.0,474.4
21446,20.1215,20.0,474.4
21447,20.1215,20.0,474.4
21448,20.1215,20.0,474.4
21449,20.1215,20.0,474.4
21450,20.1215,20.0,474.5
21451,20.1215,20.0,474.5
21452,20.1215,20.0,474.5
21453,20.1215,20.0,474.5
21454,20.1215,20.0,474.5
21455,20.1215,20.0,474.6
21456,20.1215,20.0,474.6
21457,20.1215,20.0,474.6
21458,20.1215,20.0,474.6
21459,20.1215,20.0,474.7
21460,20.1215,20.0,474.7
21461,20.1215,20.0,474.7
21462,20.1215,20.0,474.7
21463,20.1215,20.0,474.7
21464,20.1215,20.0,474.8
21465,20.1215,20.0,474.8
21466,20.1215,20.0,474.8
21467,20.1215,20.0,474.8
21468,20.1215,20.0,474.9
21469,20.1215,20.0,474.9
21470,20.1215,20.0,474.9
21471,20.1215,20.0,474.9
21472,20.1215,20.0,474.9
21473,20.1215,20.0,474.9
21474,20.1215,20.0,475.0
21475,20.1215,20.0,475.0
21476,20.1215,20.0,475.0
21477,20.1215,20.0,475.0
21478,20.1215,20.0,475.0
21479,20.1215,20.0,475.1
21480,20.1215,20.0,475.1
21481,20.1216,20.0,475.1
21482,20.1216,20.0,475.1
21483,20.1216,20.0,475.1
21484,20.1216,20.0,475.2
21485,20.1216,20.0,475.2
21486,20.1216,20.0,475.2
21487,20.1216,20.0,475.2
21488,20.1216,20.0,475.2
21489,20.1216,20.0,475.3
21490,20.1216,20.0,475.3
21491,20.1216,20.0,475.3
21492,20.1216,20.0,475.3
21493,20.1216,20.0,475.3
21494,20.1216,20.0,475.4
21495,20.1216,20.0,475.4
21496,20.1216,20.0,475.4
21497,20.1216,20.0,475.4
21498,20.1216,20.0,475.4
21499,20.1216,20.0,475.5
21500,20.1216,20.0,475.5
21501,20.1218,20.0,475.5
21502,20.1218,20.0,475.5
21503,20.1218,20.0,475.5
21504,20.1218,20.0,475.5
21505,20.1218,20.0,475.9
21506,20.1218,20.0,475.9
21507,20.1218,20.0,475.9
21508,20.1218,20.0,475.9
21509,20.1218,20.0,475.9
21510,20.1218,20.0,476.0
21511,20.1218,20.0,476.0
21512,20.1218,20.0,476.0
21513,20.1218,20.0,476.0
21514,20.1218,20.0,476.0
21515,20.1218,20.0,476.1
21516,20.1218,20.0,476.1
21517,20.1218,20.0,476.1
21518,20.1218,20.0,476.1
21519,20.1218,20.0,476.1
21520,20.1218,20.0,476.2
21521,20.1219,20.0,476.2
21522,20.1219,20.0,476.2
21523,20.1219,20.0,476.2
21524,20.1219,20.0,476.2
21525,20.1219,20.0,476.2
21526,20.1219,20.0,476.3
21527,20.1219,20.0,476.3
21528,20.1219,20.0,476.3
21529,20.1219,20.0,476.3
21530,20.1219,20.0,476.3
21531,20.1219,20.0,476.4
21532,20.1219,20.0,476.4
21533,20.1219,20.0,476.4
21534,20.1219,20.0,476.4
21535,20.1219,20.0,476.4
21536,20.1219,20.0,476.5
21537,20.1219,20.0,476.5
21538,20.1219,20.0,476.5
21539,20.1219,20.0,476.5
21540,20.1219,20.0,476.5
21541,20.1220,20.0,476.6
21542,20.1220,20.0,476.6
21543,20.1220,20.0,476.6
21544,20.1220,20.0,476.6
21545,20.1220,20.0,476.6
21546,20.1220,20.0,476.7
21547,20.1220,20.0,476.7
21548,20.1220,20.0,476.7
21549,20.1220,20.0,476.7
21550,20.1220,20.0,476.8
21551,20.1220,20.0,476.8
21552,20.1220,20.0,476.8
21553,20.1220,20.0,476.8
21554,20.1220,20.0,476.8
21555,20.1220,20.0,476.9
21556,20.1220,20.0,476.9
21557,20.1220,20.0,476.9
21558,20.1220,20.0,476.9
21559,20.1220,20.0,476.9
21560,20.1220,20.0,477.0
21561,20.1222,20.0,477.0
21562,20.1222,20.0,477.0
21563,20.1222,20.0,477.0
21564,20.1222,20.0,477.0
21565,20.1222,20.0,477.1
21566,20.1222,20.0,477.1
21567,20.1222,20.0,477.1
21568,20.1222,20.0,477.1
21569,20.1222,20.0,477.1
21570,20.1222,20.0,477.2
21571,20.1222,20.0,477.2
21572,20.1222,20.0,477.2
21573,20.1222,20.0,477.2
21574,20.1222,20.0,477.2
21575,20.1222,20.0,477.3
21576,20.1222,20.0,477.3
21577,20.1222,20.0,477.3
21578,20.1222,20.0,477.3
21579,20.1222,20.0,477.4
21580,20.1222,20.0,477.4
21581,20.1223,20.0,477.4
21582,20.1223,20.0,477.4
21583,20.1223,20.0,477.4
21584,20.1223,20.0,477.5
21585,20.1223,20.0,477.5
21586,20.1223,20.0,477.5
21587,20.1223,20.0,477.5
21588,20.1223,20.0,477.6
21589,20.1223,20.0,477.6
21590,20.1223,20.0,477.6
21591,20.1223,20.0,477.6
21592,20.1223,20.0,477.7
21593,20.1223,20.0,477.7
21594,20.1223,20.0,477.7
21595,20.1223,20.0,477.7
21596,20.1223,20.0,477.7
21597,20.1223,20.0,477.8
21598,20.1223,20.0,477.8
21599,20.1223,20.0,477.8
21600,20.1223,20.0,477.8
21601,20.1225,20.0,477.9
21602,20.1225,20.0,477.9
21603,20.1225,20.0,477.9
21604,20.1225,20.0,477.9
21605,20.1225,20.0,477.9
21606,20.1225,20.0,478.0
21607,20.1225,20.0,478.0
21608,20.1225,20.0,478.0
21609,20.1225,20.0,478.0
21610,20.1225,20.0,478.0
21611,20.1225,20.0,478.1
21612,20.1225,20.0,478.1
21613,20.1225,20.0,478.1
21614,20.1225,20.0,478.1
21615,20.1225,20.0,478.1
21616,20.1225,20.0,478.2
21617,20.1225,20.0,478.2
21618,20.1225,20.0,478.2
21619,20.1225,20.0,478.2
21620,20.1225,20.0,478.2
21621,20.1226,20.0,478.2
21622,20.1226,20.0,478.3
21623,20.1226,20.0,478.3
21624,20.1226,20.0,478.3
21625,20.1226,20.0,478.3
21626,20.1226,20.0,478.3
21627,20.1226,20.0,478.4
21628,20.1226,20.0,478.4
21629,20.1226,20.0,478.4
21630,20.1226,20.0,478.4
21631,20.1226,20.0,478.4
21632,20.1226,20.0,478.5
21633,20.1226,20.0,478.5
21634,20.1226,20.0,478.5
21635,20.1226,20.0,478.5
21636,20.1226,20.0,478.6
21637,20.1226,20.0,478.6
21638,20.1226,20.0,478.6
21639,20.1226,20.0,478.6
21640,20.1226,20.0,478.6
21641,20.1228,20.0,478.7
21642,20.1228,20.0,478.7
21643,20.1228,20.0,478.7
21644,20.1228,20.0,478.7
21645,20.1228,20.0,478.8
21646,20.1228,20.0,478.8
21647,20.1228,20.0,478.8
21648,20.1228,20.0,478.8
21649,20.1228,20.0,478.8
21650,20.1228,20.0,478.8
21651,20.1228,20.0,478.9
21652,20.1228,20.0,478.9
21653,20.1228,20.0,478.9
21654,20.1228,20.0,478.9
21655,20.1228,20.0,478.9
21656,20.1228,20.0,479.0
21657,20.1228,20.0,479.0
21658,20.1228,20.0,479.0
21659,20.1228,20.0,479.0
21660,20.1228,20.0,479.0
21661,20.1229,20.0,479.1
21662,20.1229,20.0,479.1
21663,20.1229,20.0,479.1
21664,20.1229,20.0,479.1
21665,20.1229,20.0,479.1
21666,20.1229,20.0,479.2
21667,20.1229,20.0,479.2
21668,20.1229,20.0,479.2
21669,20.1229,20.0,479.2
21670,20.1229,20.0,479.2
21671,20.1229,20.0,479.2
21672,20.1229,20.0,479.3
21673,20.1229,20.0,479.3
21674,20.1229,20.0,479.3
21675,20.1229,20.0,479.3
21676,20.1229,20.0,479.4
21677,20.1229,20.0,479.4
21678,20.1229,20.0,479.4
21679,20.1229,20.0,479.4
21680,20.1229,20.0,479.4
21681,20.1231,20.0,479.5
21682,20.1231,20.0,479.5
21683,20.1231,20.0,479.5
21684,20.1231,20.0,479.5
21685,20.1231,20.0,479.5
21686,20.1231,20.0,479.5
21687,20.1231,20.0,479.6
21688,20.1231,20.0,479.6
21689,20.1231,20.0,479.6
21690,20.1231,20.0,479.6
21691,20.1231,20.0,479.6
21692,20.1231,20.0,479.7
21693,20.1231,20.0,479.7
21694,20.1231,20.0,479.7
21695,20.1231,20.0,479.7
21696,20.1231,20.0,479.7
21697,20.1231,20.0,479.8
21698,20.1231,20.0,479.8
21699,20.1231,20.0,479.8
21700,20.1231,20.0,479.8
21701,20.1232,20.0,479.8
21702,20.1232,20.0,479.9
21703,20.1232,20.0,479.9
21704,20.1232,20.0,479.9
21705,20.1232,20.0,479.9
21706,20.1232,20.0,480.0
21707,20.1232,20.0,480.0
21708,20.1232,20.0,480.0
21709,20.1232,20.0,480.0
21710,20.1232,20.0,480.0
21711,20.1232,20.0,480.0
21712,20.1232,20.0,480.1
21713,20.1232,20.0,480.1
21714,20.1232,20.0,480.1
21715,20.1232,20.0,480.1
21716,20.1232,20.0,480.1
21717,20.1232,20.0,480.2
21718,20.1232,20.0,480.2
21719,20.1232,20.0,480.2
21720,20.1232,20.0,480.2
21721,20.1234,20.0,480.2
21722,20.1234,20.0,480.3
21723,20.1234,20.0,480.3
21724,20.1234,20.0,480.3
21725,20.1234,20.0,480.3
21726,20.1234,20.0,480.3
21727,20.1234,20.0,480.4
21728,20.1234,20.0,480.4
21729,20.1234,20.0,480.4
21730,20.1234,20.0,480.4
21731,20.1234,20.0,480.4
21732,20.1234,20.0,480.5
21733,20.1234,20.0,480.5
21734,20.1234,20.0,480.5
21735,20.1234,20.0,480.5
21736,20.1234,20.0,480.5
21737,20.1234,20.0,480.5
21738,20.1234,20.0,480.6
21739,20.1234,20.0,480.6
21740,20.1234,20.0,480.6
21741,20.1235,20.0,480.6
21742,20.1235,20.0,480.7
21743,20.1235,20.0,480.7
21744,20.1235,20.0,480.7
21745,20.1235,20.0,480.7
21746,20.1235,20.0,480.7
21747,20.1235,20.0,480.8
21748,20.1235,20.0,480.8
21749,20.1235,20.0,480.8
21750,20.1235,20.0,480.8
21751,20.1235,20.0,480.8
21752,20.1235,20.0,480.9
21753,20.1235,20.0,480.9
21754,20.1235,20.0,480.9
21755,20.1235,20.0,480.9
21756,20.1235,20.0,480.9
21757,20.1235,20.0,481.0
21758,20.1235,20.0,481.0
21759,20.1235,20.0,481.0
21760,20.1235,20.0,481.0
21761,20.1237,20.0,481.0
21762,20.1237,20.0,481.1
21763,20.1237,20.0,481.1
21764,20.1237,20.0,481.1
21765,20.1237,20.0,481.1
21766,20.1237,20.0,481.1
21767,20.1237,20.0,481.2
21768,20.1237,20.0,481.2
21769,20.1237,20.0,481.2
21770,20.1237,20.0,481.2
21771,20.1237,20.0,481.2
21772,20.1237,20.0,481.2
21773,20.1237,20.0,481.3
21774,20.1237,20.0,481.3
21775,20.1237,20.0,481.3
21776,20.1237,20.0,481.3
21777,20.1237,20.0,481.3
21778,20.1237,20.0,481.3
21779,20.1237,20.0,481.4
21780,20.1237,20.0,481.4
21781,20.1238,20.0,481.4
21782,20.1238,20.0,481.4
21783,20.1238,20.0,481.5
21784,20.1238,20.0,481.5
21785,20.1238,20.0,481.5
21786,20.1238,20.0,481.5
21787,20.1238,20.0,481.5
21788,20.1238,20.0,481.6
21789,20.1238,20.0,481.6
21790,20.1238,20.0,481.6
21791,20.1238,20.0,481.6
21792,20.1238,20.0,481.6
21793,20.1238,20.0,481.6
21794,20.1238,20.0,481.7
21795,20.1238,20.0,481.7
21796,20.1238,20.0,481.7
21797,20.1238,20.0,481.7
21798,20.1238,20.0,481.8
21799,20.1238,20.0,481.8
21800,20.1238,20.0,481.8
21801,20.1240,20.0,481.8
21802,20.1240,20.0,481.8
21803,20.1240,20.0,481.9
21804,20.1240,20.0,481.9
21805,20.1240,20.0,481.9
21806,20.1240,20.0,481.9
21807,20.1240,20.0,482.0
21808,20.1240,20.0,482.0
21809,20.1240,20.0,482.0
21810,20.1240,20.0,482.0
21811,20.1240,20.0,482.0
21812,20.1240,20.0,482.0
21813,20.1240,20.0,482.1
21814,20.1240,20.0,482.1
21815,20.1240,20.0,482.1
21816,20.1240,20.0,482.1
21817,20.1240,20.0,482.1
21818,20.1240,20.0,482.2
21819,20.1240,20.0,482.2
21820,20.1240,20.0,482.2
21821,20.1241,20.0,482.2
21822,20.1241,20.0,482.3
21823,20.1241,20.0,482.3
21824,20.1241,20.0,482.3
21825,20.1241,20.0,482.3
21826,20.1241,20.0,482.3
21827,20.1241,20.0,482.4
21828,20.1241,20.0,482.4
21829,20.1241,20.0,482.4
21830,20.1241,20.0,482.4
21831,20.1241,20.0,482.4
21832,20.1241,20.0,482.5
21833,20.1241,20.0,482.5
21834,20.1241,20.0,482.5
21835,20.1241,20.0,482.5
21836,20.1241,20.0,482.5
21837,20.1241,20.0,482.6
21838,20.1241,20.0,482.6
21839,20.1241,20.0,482.6
21840,20.1241,20.0,482.6
21841,20.1243,20.0,482.6
21842,20.1243,20.0,482.6
21843,20.1243,20.0,482.7
21844,20.1243,20.0,482.7
21845,20.1243,20.0,482.7
21846,20.1243,20.0,482.7
21847,20.1243,20.0,482.8
21848,20.1243,20.0,482.8
21849,20.1243,20.0,482.8
21850,20.1243,20.0,482.8
21851,20.1243,20.0,482.9
21852,20.1243,20.0,482.9
21853,20.1243,20.0,482.9
21854,20.1243,20.0,482.9
21855,20.1243,20.0,482.9
21856,20.1243,20.0,483.0
21857,20.1243,20.0,483.0
21858,20.1243,20.0,483.0
21859,20.1243,20.0,483.0
21860,20.1243,20.0,483.1
21861,20.1244,20.0,483.1
21862,20.1244,20.0,483.1
21863,20.1244,20.0,483.1
21864,20.1244,20.0,483.1
21865,20.1244,20.0,483.2
21866,20.1244,20.0,483.2
21867,20.1244,20.0,483.2
21868,20.1244,20.0,483.2
21869,20.1244,20.0,483.3
21870,20.1244,20.0,483.3
21871,20.1244,20.0,483.3
21872,20.1244,20.0,483.3
21873,20.1244,20.0,483.3
21874,20.1244,20.0,483.4
21875,20.1244,20.0,483.4
21876,20.1244,20.0,483.4
21877,20.1244,20.0,483.4
21878,20.1244,20.0,483.4
21879,20.1244,20.0,483.5
21880,20.1244,20.0,483.5
21881,20.1246,20.0,483.5
21882,20.1246,20.0,483.5
21883,20.1246,20.0,483.5
21884,20.1246,20.0,483.6
21885,20.1246,20.0,483.6
21886,20.1246,20.0,483.6
21887,20.1246,20.0,483.6
21888,20.1246,20.0,483.6
21889,20.1246,20.0,483.7
21890,20.1246,20.0,483.7
21891,20.1246,20.0,483.7
21892,20.1246,20.0,483.7
21893,20.1246,20.0,483.8
21894,20.1246,20.0,483.8
21895,20.1246,20.0,483.8
21896,20.1246,20.0,483.8
21897,20.1246,20.0,483.8
21898,20.1246,20.0,483.9
21899,20.1246,20.0,483.9
21900,20.1246,20.0,483.9
21901,20.1247,20.0,483.9
21902,20.1247,20.0,483.9
21903,20.1247,20.0,484.0
21904,20.1247,20.0,484.0
21905,20.1247,20.0,484.0
21906,20.1247,20.0,484.0
21907,20.1247,20.0,484.0
21908,20.1247,20.0,484.1
21909,20.1247,20.0,484.1
21910,20.1247,20.0,484.1
21911,20.1247,20.0,484.1
21912,20.1247,20.0,484.1
21913,20.1247,20.0,484.1
21914,20.1247,20.0,484.2
21915,20.1247,20.0,484.2
21916,20.1247,20.0,484.2
21917,20.1247,20.0,484.2
21918,20.1247,20.0,484.2
21919,20.1247,20.0,484.3
21920,20.1247,20.0,484.3
21921,20.1249,20.0,484.3
21922,20.1249,20.0,484.3
21923,20.1249,20.0,484.4
21924,20.1249,20.0,484.4
21925,20.1249,20.0,484.4
21926,20.1249,20.0,484.4
21927,20.1249,20.0,484.4
21928,20.1249,20.0,484.5
21929,20.1249,20.0,484.5
21930,20.1249,20.0,484.5
21931,20.1249,20.0,484.5
21932,20.1249,20.0,484.5
21933,20.1249,20.0,484.6
21934,20.1249,20.0,484.6
21935,20.1249,20.0,484.6
21936,20.1249,20.0,484.6
21937,20.1249,20.0,484.6
21938,20.1249,20.0,484.7
21939,20.1249,20.0,484.7
21940,20.1249,20.0,484.7
21941,20.1250,20.0,484.7
21942,20.1250,20.0,484.7
21943,20.1250,20.0,484.8
21944,20.1250,20.0,484.8
21945,20.1250,20.0,484.8
21946,20.1250,20.0,484.8
21947,20.1250,20.0,484.8
21948,20.1250,20.0,484.9
21949,20.1250,20.0,484.9
21950,20.1250,20.0,484.9
21951,20.1250,20.0,484.9
21952,20.1250,20.0,484.9
21953,20.1250,20.0,484.9
21954,20.1250,20.0,485.0
21955,20.1250,20.0,485.0
21956,20.1250,20.0,485.0
21957,20.1250,20.0,485.0
21958,20.1250,20.0,485.0
21959,20.1250,20.0,485.1
21960,20.1250,20.0,485.1
21961,20.1251,20.0,485.1
21962,20.1251,20.0,485.1
21963,20.1251,20.0,485.1
21964,20.1251,20.0,485.2
21965,20.1251,20.0,485.2
21966,20.1251,20.0,485.2
21967,20.1251,20.0,485.2
21968,20.1251,20.0,485.2
21969,20.1251,20.0,485.2
21970,20.1251,20.0,485.3
21971,20.1251,20.0,485.3
21972,20.1251,20.0,485.3
21973,20.1251,20.0,485.3
21974,20.1251,20.0,485.4
21975,20.1251,20.0,485.4
21976,20.1251,20.0,485.4
21977,20.1251,20.0,485.4
21978,20.1251,20.0,485.4
21979,20.1251,20.0,485.5
21980,20.1251,20.0,485.5
21981,20.1250,20.0,485.5
21982,20.1250,20.0,485.5
21983,20.1250,20.0,485.5
21984,20.1250,20.0,485.6
21985,20.1250,20.0,485.6
21986,20.1250,20.0,485.6
21987,20.1250,20.0,485.6
21988,20.1250,20.0,485.6
21989,20.1250,20.0,485.7
21990,20.1250,20.0,485.7
21991,20.1250,20.0,485.7
21992,20.1250,20.0,485.7
21993,20.1250,20.0,485.8
21994,20.1250,20.0,485.8
21995,20.1250,20.0,485.8
21996,20.1250,20.0,485.8
21997,20.1250,20.0,485.8
21998,20.1250,20.0,485.8
21999,20.1250,20.0,485.9
22000,20.1250,20.0,485.9
22001,20.1248,20.0,485.9
22002,20.1248,20.0,485.9
22003,20.1248,20.0,485.9
22004,20.1248,20.0,486.0
22005,20.1248,20.0,486.0
22006,20.1248,20.0,486.0
22007,20.1248,20.0,486.0
22008,20.1248,20.0,486.0
22009,20.1248,20.0,486.1
22010,20.1248,20.0,486.1
22011,20.1248,20.0,486.1
22012,20.1248,20.0,486.1
22013,20.1248,20.0,486.1
22014,20.1248,20.0,486.2
22015,20.1248,20.0,486.2
22016,20.1248,20.0,486.2
22017,20.1248,20.0,486.5
22018,20.1248,20.0,486.5
22019,20.1248,20.0,486.5
22020,20.1248,20.0,486.6
22021,20.1248,20.0,486.6
22022,20.1248,20.0,486.6
22023,20.1248,20.0,486.6
22024,20.1248,20.0,486.6
22025,20.1248,20.0,486.7
22026,20.1248,20.0,486.7
22027,20.1248,20.0,486.7
22028,20.1248,20.0,486.7
22029,20.1248,20.0,486.7
22030,20.1248,20.0,486.8
22031,20.1248,20.0,486.8
22032,20.1248,20.0,486.8
22033,20.1248,20.0,486.8
22034,20.1248,20.0,486.8
22035,20.1248,20.0,486.9
22036,20.1248,20.0,486.9
22037,20.1248,20.0,486.9
22038,20.1248,20.0,486.9
22039,20.1248,20.0,487.0
22040,20.1248,20.0,487.0
22041,20.1051,20.0,487.0
22042,20.1051,20.0,487.0
22043,20.1051,20.0,487.0
22044,20.1051,20.0,487.1
22045,20.1051,20.0,487.1
22046,20.1051,20.0,487.1
22047,20.1051,20.0,487.1
22048,20.1051,20.0,487.2
22049,20.1051,20.0,487.2
22050,20.1051,20.0,487.2
22051,20.1051,20.0,487.2
22052,20.1051,20.0,487.2
22053,20.1051,20.0,487.3
22054,20.1051,20.0,487.3
22055,20.1051,20.0,487.3
22056,20.1051,20.0,487.3
22057,20.1051,20.0,487.4
22058,20.1051,20.0,487.4
22059,20.1051,20.0,487.4
22060,20.1051,20.0,487.4
22061,20.0855,20.0,487.4
22062,20.0855,20.0,487.5
22063,20.0855,20.0,487.5
22064,20.0855,20.0,487.5
22065,20.0855,20.0,487.5
22066,20.0855,20.0,487.6
22067,20.0855,20.0,487.6
22068,20.0855,20.0,487.6
22069,20.0855,20.0,487.6
22070,20.0855,20.0,487.7
22071,20.0855,20.0,487.7
22072,20.0855,20.0,487.7
22073,20.0855,20.0,487.7
22074,20.0855,20.0,487.7
22075,20.0855,20.0,487.8
22076,20.0855,20.0,487.8
22077,20.0855,20.0,487.8
22078,20.0855,20.0,487.8
22079,20.0855,20.0,487.8
22080,20.0855,20.0,487.9
22081,20.0659,20.0,487.9
22082,20.0659,20.0,487.9
22083,20.0659,20.0,487.9
22084,20.0659,20.0,487.9
22085,20.0659,20.0,487.9
22086,20.0659,20.0,488.0
22087,20.0659,20.0,488.0
22088,20.0659,20.0,488.0
22089,20.0659,20.0,488.0
22090,20.0659,20.0,488.0
22091,20.0659,20.0,488.1
22092,20.0659,20.0,488.1
22093,20.0659,20.0,488.1
22094,20.0659,20.0,488.1
22095,20.0659,20.0,488.1
22096,20.0659,20.0,488.2
22097,20.0659,20.0,488.2
22098,20.0659,20.0,488.2
22099,20.0659,20.0,488.2
22100,20.0659,20.0,488.2
22101,20.0463,20.0,488.3
22102,20.0463,20.0,488.3
22103,20.0463,20.0,488.3
22104,20.0463,20.0,488.3
22105,20.0463,20.0,488.4
22106,20.0463,20.0,488.4
22107,20.0463,20.0,488.4
22108,20.0463,20.0,488.4
22109,20.0463,20.0,488.4
22110,20.0463,20.0,488.5
22111,20.0463,20.0,488.5
22112,20.0463,20.0,488.5
22113,20.0463,20.0,488.5
22114,20.0463,20.0,488.5
22115,20.0463,20.0,488.6
22116,20.0463,20.0,488.6
22117,20.0463,20.0,488.6
22118,20.0463,20.0,488.6
22119,20.0463,20.0,488.6
22120,20.0463,20.0,488.7
22121,20.0267,20.0,488.7
22122,20.0267,20.0,488.7
22123,20.0267,20.0,488.7
22124,20.0267,20.0,488.7
22125,20.0267,20.0,488.8
22126,20.0267,20.0,488.8
22127,20.0267,20.0,488.8
22128,20.0267,20.0,488.8
22129,20.0267,20.0,488.9
22130,20.0267,20.0,488.9
22131,20.0267,20.0,488.9
22132,20.0267,20.0,488.9
22133,20.0267,20.0,488.9
22134,20.0267,20.0,489.0
22135,20.0267,20.0,489.0
22136,20.0267,20.0,489.0
22137,20.0267,20.0,489.0
22138,20.0267,20.0,489.0
22139,20.0267,20.0,489.1
22140,20.0267,20.0,489.1
22141,20.0071,20.0,489.1
22142,20.0071,20.0,489.1
22143,20.0071,20.0,489.1
22144,20.0071,20.0,489.2
22145,20.0071,20.0,489.2
22146,20.0071,20.0,489.2
22147,20.0071,20.0,489.2
22148,20.0071,20.0,489.3
22149,20.0071,20.0,489.3
22150,20.0071,20.0,489.3
22151,20.0071,20.0,489.3
22152,20.0071,20.0,489.3
22153,20.0071,20.0,489.4
22154,20.0071,20.0,489.4
22155,20.0071,20.0,489.4
22156,20.0071,20.0,489.4
22157,20.0071,20.0,489.4
22158,20.0071,20.0,489.5
22159,20.0071,20.0,489.5
22160,20.0071,20.0,489.5
22161,19.9875,20.0,489.5
22162,19.9875,20.0,489.6
22163,19.9875,20.0,489.6
22164,19.9875,20.0,489.6
22165,19.9875,20.0,489.6
22166,19.9875,20.0,489.6
22167,19.9875,20.0,489.7
22168,19.9875,20.0,489.7
22169,19.9875,20.0,489.7
22170,19.9875,20.0,489.7
22171,19.9875,20.0,489.7
22172,19.9875,20.0,489.8
22173,19.9875,20.0,489.8
22174,19.9875,20.0,489.8
22175,19.9875,20.0,489.8
22176,19.9875,20.0,489.8
22177,19.9875,20.0,489.9
22178,19.9875,20.0,489.9
22179,19.9875,20.0,489.9
22180,19.9875,20.0,489.9
22181,19.9679,20.0,490.0
22182,19.9679,20.0,490.0
22183,19.9679,20.0,490.0
22184,19.9679,20.0,490.0
22185,19.9679,20.0,490.0
22186,19.9679,20.0,490.1
22187,19.9679,20.0,490.1
22188,19.9679,20.0,490.1
22189,19.9679,20.0,490.1
22190,19.9679,20.0,490.2
22191,19.9679,20.0,490.2
22192,19.9679,20.0,490.2
22193,19.9679,20.0,490.2
22194,19.9679,20.0,490.2
22195,19.9679,20.0,490.3
22196,19.9679,20.0,490.3
22197,19.9679,20.0,490.3
22198,19.9679,20.0,490.3
22199,19.9679,20.0,490.3
22200,19.9679,20.0,490.4
22201,19.9483,20.0,490.4
22202,19.9483,20.0,490.4
22203,19.9483,20.0,490.4
22204,19.9483,20.0,490.4
22205,19.9483,20.0,490.5
22206,19.9483,20.0,490.5
22207,19.9483,20.0,490.5
22208,19.9483,20.0,490.5
22209,19.9483,20.0,490.6
22210,19.9483,20.0,490.6
22211,19.9483,20.0,490.6
22212,19.9483,20.0,490.6
22213,19.9483,20.0,490.6
22214,19.9483,20.0,490.7
22215,19.9483,20.0,490.7
22216,19.9483,20.0,490.7
22217,19.9483,20.0,490.7
22218,19.9483,20.0,490.7
22219,19.9483,20.0,490.8
22220,19.9483,20.0,490.8
22221,19.9287,20.0,490.8
22222,19.9287,20.0,490.8
22223,19.9287,20.0,490.9
22224,19.9287,20.0,490.9
22225,19.9287,20.0,490.9
22226,19.9287,20.0,490.9
22227,19.9287,20.0,490.9
22228,19.9287,20.0,491.0
22229,19.9287,20.0,491.0
22230,19.9287,20.0,491.0
22231,19.9287,20.0,491.0
22232,19.9287,20.0,491.0
22233,19.9287,20.0,491.0
22234,19.9287,20.0,491.1
22235,19.9287,20.0,491.1
22236,19.9287,20.0,491.1
22237,19.9287,20.0,491.1
22238,19.9287,20.0,491.2
22239,19.9287,20.0,491.2
22240,19.9287,20.0,491.2
22241,19.9091,20.0,491.2
22242,19.9091,20.0,491.2
22243,19.9091,20.0,491.3
22244,19.9091,20.0,491.3
22245,19.9091,20.0,491.3
22246,19.9091,20.0,491.3
22247,19.9091,20.0,491.3
22248,19.9091,20.0,491.4
22249,19.9091,20.0,491.4
22250,19.9091,20.0,491.4
22251,19.9091,20.0,491.4
22252,19.9091,20.0,491.5
22253,19.9091,20.0,491.5
22254,19.9091,20.0,491.5
22255,19.9091,20.0,491.5
22256,19.9091,20.0,491.5
22257,19.9091,20.0,491.6
22258,19.9091,20.0,491.6
22259,19.9091,20.0,491.6
22260,19.9091,20.0,491.6
22261,19.8894,20.0,491.6
22262,19.8894,20.0,491.7
22263,19.8894,20.0,491.7
22264,19.8894,20.0,491.7
22265,19.8894,20.0,491.7
22266,19.8894,20.0,491.8
22267,19.8894,20.0,491.8
22268,19.8894,20.0,491.8
22269,19.8894,20.0,491.8
22270,19.8894,20.0,491.8
22271,19.8894,20.0,491.9
22272,19.8894,20.0,491.9
22273,19.8894,20.0,491.9
22274,19.8894,20.0,491.9
22275,19.8894,20.0,491.9
22276,19.8894,20.0,492.0
22277,19.8894,20.0,492.0
22278,19.8894,20.0,492.0
22279,19.8894,20.0,492.0
22280,19.8894,20.0,492.0
22281,19.8698,20.0,492.1
22282,19.8698,20.0,492.1
22283,19.8698,20.0,492.1
22284,19.8698,20.0,492.1
22285,19.8698,20.0,492.1
22286,19.8698,20.0,492.2
22287,19.8698,20.0,492.2
22288,19.8698,20.0,492.2
22289,19.8698,20.0,492.2
22290,19.8698,20.0,492.2
22291,19.8698,20.0,492.2
22292,19.8698,20.0,492.3
22293,19.8698,20.0,492.3
22294,19.8698,20.0,492.3
22295,19.8698,20.0,492.3
22296,19.8698,20.0,492.3
22297,19.8698,20.0,492.4
22298,19.8698,20.0,492.4
22299,19.8698,20.0,492.4
22300,19.8698,20.0,492.4
22301,19.8502,20.0,492.4
22302,19.8502,20.0,492.5
22303,19.8502,20.0,492.5
22304,19.8502,20.0,492.5
22305,19.8502,20.0,492.5
22306,19.8502,20.0,492.5
22307,19.8502,20.0,492.6
22308,19.8502,20.0,492.6
22309,19.8502,20.0,492.6
22310,19.8502,20.0,492.6
22311,19.8502,20.0,492.6
22312,19.8502,20.0,492.6
22313,19.8502,20.0,492.7
22314,19.8502,20.0,492.7
22315,19.8502,20.0,492.7
22316,19.8502,20.0,492.7
22317,19.8502,20.0,492.8
22318,19.8502,20.0,492.8
22319,19.8502,20.0,492.8
22320,19.8502,20.0,492.8
22321,19.8306,20.0,492.8
22322,19.8306,20.0,492.9
22323,19.8306,20.0,492.9
22324,19.8306,20.0,492.9
22325,19.8306,20.0,492.9
22326,19.8306,20.0,492.9
22327,19.8306,20.0,493.0
22328,19.8306,20.0,493.0
22329,19.8306,20.0,493.0
22330,19.8306,20.0,493.0
22331,19.8306,20.0,493.0
22332,19.8306,20.0,493.1
22333,19.8306,20.0,493.1
22334,19.8306,20.0,493.1
22335,19.8306,20.0,493.1
22336,19.8306,20.0,493.2
22337,19.8306,20.0,493.2
22338,19.8306,20.0,493.2
22339,19.8306,20.0,493.2
22340,19.8306,20.0,493.2
22341,19.8110,20.0,493.3
22342,19.8110,20.0,493.3
22343,19.8110,20.0,493.3
22344,19.8110,20.0,493.3
22345,19.8110,20.0,493.4
22346,19.8110,20.0,493.4
22347,19.8110,20.0,493.4
22348,19.8110,20.0,493.4
22349,19.8110,20.0,493.5
22350,19.8110,20.0,493.5
22351,19.8110,20.0,493.5
22352,19.8110,20.0,493.5
22353,19.8110,20.0,493.6
22354,19.8110,20.0,493.6
22355,19.8110,20.0,493.6
22356,19.8110,20.0,493.6
22357,19.8110,20.0,493.6
22358,19.8110,20.0,493.7
22359,19.8110,20.0,493.7
22360,19.8110,20.0,493.7
22361,19.7914,20.0,493.7
22362,19.7914,20.0,493.8
22363,19.7914,20.0,493.8
22364,19.7914,20.0,493.8
22365,19.7914,20.0,493.8
22366,19.7914,20.0,493.9
22367,19.7914,20.0,493.9
22368,19.7914,20.0,493.9
22369,19.7914,20.0,493.9
22370,19.7914,20.0,493.9
22371,19.7914,20.0,494.0
22372,19.7914,20.0,494.0
22373,19.7914,20.0,494.0
22374,19.7914,20.0,494.0
22375,19.7914,20.0,494.1
22376,19.7914,20.0,494.1
22377,19.7914,20.0,494.1
22378,19.7914,20.0,494.1
22379,19.7914,20.0,494.1
22380,19.7914,20.0,494.2
22381,19.7718,20.0,494.2
22382,19.7718,20.0,494.2
22383,19.7718,20.0,494.2
22384,19.7718,20.0,494.3
22385,19.7718,20.0,494.3
22386,19.7718,20.0,494.3
22387,19.7718,20.0,494.3
22388,19.7718,20.0,494.4
22389,19.7718,20.0,494.4
22390,19.7718,20.0,494.4
22391,19.7718,20.0,494.4
22392,19.7718,20.0,494.5
22393,19.7718,20.0,494.5
22394,19.7718,20.0,494.5
22395,19.7718,20.0,494.5
22396,19.7718,20.0,494.6
22397,19.7718,20.0,494.6
22398,19.7718,20.0,494.6
22399,19.7718,20.0,494.6
22400,19.7718,20.0,494.7
22401,19.7522,20.0,494.7
22402,19.7522,20.0,494.7
22403,19.7522,20.0,494.8
22404,19.7522,20.0,494.8
22405,19.7522,20.0,494.8
22406,19.7522,20.0,494.9
22407,19.7522,20.0,494.9
22408,19.7522,20.0,494.9
22409,19.7522,20.0,494.9
22410,19.7522,20.0,495.0
22411,19.7522,20.0,495.0
22412,19.7522,20.0,495.0
22413,19.7522,20.0,495.0
22414,19.7522,20.0,495.1
22415,19.7522,20.0,495.1
22416,19.7522,20.0,495.1
22417,19.7522,20.0,495.1
22418,19.7522,20.0,495.1
22419,19.7522,20.0,495.2
22420,19.7522,20.0,495.2
22421,19.7326,20.0,495.2
22422,19.7326,20.0,495.2
22423,19.7326,20.0,495.2
22424,19.7326,20.0,495.3
22425,19.7326,20.0,495.3
22426,19.7326,20.0,495.3
22427,19.7326,20.0,495.3
22428,19.7326,20.0,495.3
22429,19.7326,20.0,495.4
22430,19.7326,20.0,495.4
22431,19.7326,20.0,495.4
22432,19.7326,20.0,495.4
22433,19.7326,20.0,495.5
22434,19.7326,20.0,495.5
22435,19.7326,20.0,495.5
22436,19.7326,20.0,495.5
22437,19.7326,20.0,495.5
22438,19.7326,20.0,495.6
22439,19.7326,20.0,495.6
22440,19.7326,20.0,495.6
22441,19.7130,20.0,495.6
22442,19.7130,20.0,495.6
22443,19.7130,20.0,495.6
22444,19.7130,20.0,495.7
22445,19.7130,20.0,495.7
22446,19.7130,20.0,495.7
22447,19.7130,20.0,495.7
22448,19.7130,20.0,495.8
22449,19.7130,20.0,495.8
22450,19.7130,20.0,495.8
22451,19.7130,20.0,495.8
22452,19.7130,20.0,495.8
22453,19.7130,20.0,495.9
22454,19.7130,20.0,495.9
22455,19.7130,20.0,495.9
22456,19.7130,20.0,495.9
22457,19.7130,20.0,495.9
22458,19.7130,20.0,496.0
22459,19.7130,20.0,496.0
22460,19.7130,20.0,496.0
22461,19.6934,20.0,496.0
22462,19.6934,20.0,496.1
22463,19.6934,20.0,496.1
22464,19.6934,20.0,496.1
22465,19.6934,20.0,496.1
22466,19.6934,20.0,496.1
22467,19.6934,20.0,496.2
22468,19.6934,20.0,496.2
22469,19.6934,20.0,496.2
22470,19.6934,20.0,496.2
22471,19.6934,20.0,496.2
22472,19.6934,20.0,496.2
22473,19.6934,20.0,496.3
22474,19.6934,20.0,496.3
22475,19.6934,20.0,496.3
22476,19.6934,20.0,496.3
22477,19.6934,20.0,496.3
22478,19.6934,20.0,496.4
22479,19.6934,20.0,496.4
22480,19.6934,20.0,496.4
22481,19.6738,20.0,496.4
22482,19.6738,20.0,496.5
22483,19.6738,20.0,496.5
22484,19.6738,20.0,496.5
22485,19.6738,20.0,496.5
22486,19.6738,20.0,496.5
22487,19.6738,20.0,496.6
22488,19.6738,20.0,496.6
22489,19.6738,20.0,496.6
22490,19.6738,20.0,496.6
22491,19.6738,20.0,496.7
22492,19.6738,20.0,496.7
22493,19.6738,20.0,496.7
22494,19.6738,20.0,496.7
22495,19.6738,20.0,496.7
22496,19.6738,20.0,496.8
22497,19.6738,20.0,496.8
22498,19.6738,20.0,496.8
22499,19.6738,20.0,496.8
22500,19.6738,20.0,496.9
22501,19.6544,20.0,496.9
22502,19.6544,20.0,496.9
22503,19.6544,20.0,496.9
22504,19.6544,20.0,496.9
22505,19.6544,20.0,497.0
22506,19.6544,20.0,497.0
22507,19.6544,20.0,497.0
22508,19.6544,20.0,497.0
22509,19.6544,20.0,497.0
22510,19.6544,20.0,497.1
22511,19.6544,20.0,497.1
22512,19.6544,20.0,497.1
22513,19.6544,20.0,497.1
22514,19.6544,20.0,497.1
22515,19.6544,20.0,497.2
22516,19.6544,20.0,497.2
22517,19.6544,20.0,497.2
22518,19.6544,20.0,497.2
22519,19.6544,20.0,497.2
22520,19.6544,20.0,497.3
22521,19.6351,20.0,497.3
22522,19.6351,20.0,497.3
22523,19.6351,20.0,497.3
22524,19.6351,20.0,497.3
22525,19.6351,20.0,497.4
22526,19.6351,20.0,497.4
22527,19.6351,20.0,497.4
22528,19.6351,20.0,497.4
22529,19.6351,20.0,497.7
22530,19.6351,20.0,497.7
22531,19.6351,20.0,497.7
22532,19.6351,20.0,497.7
22533,19.6351,20.0,497.8
22534,19.6351,20.0,497.8
22535,19.6351,20.0,497.8
22536,19.6351,20.0,497.8
22537,19.6351,20.0,497.9
22538,19.6351,20.0,497.9
22539,19.6351,20.0,497.9
22540,19.6351,20.0,497.9
22541,19.6353,20.0,497.9
22542,19.6353,20.0,498.0
22543,19.6353,20.0,498.0
22544,19.6353,20.0,498.0
22545,19.6353,20.0,498.0
22546,19.6353,20.0,498.1
22547,19.6353,20.0,498.1
22548,19.6353,20.0,498.1
22549,19.6353,20.0,498.1
22550,19.6353,20.0,498.1
22551,19.6353,20.0,498.2
22552,19.6353,20.0,498.2
22553,19.6353,20.0,498.2
22554,19.6353,20.0,498.2
22555,19.6353,20.0,498.2
22556,19.6353,20.0,498.2
22557,19.6353,20.0,498.3
22558,19.6353,20.0,498.3
22559,19.6353,20.0,498.3
22560,19.6353,20.0,498.3
22561,19.6355,20.0,498.4
22562,19.6355,20.0,498.4
22563,19.6355,20.0,498.4
22564,19.6355,20.0,498.4
22565,19.6355,20.0,498.4
22566,19.6355,20.0,498.4
22567,19.6355,20.0,498.5
22568,19.6355,20.0,498.5
22569,19.6355,20.0,498.5
22570,19.6355,20.0,498.5
22571,19.6355,20.0,498.5
22572,19.6355,20.0,498.6
22573,19.6355,20.0,498.6
22574,19.6355,20.0,498.6
22575,19.6355,20.0,498.6
22576,19.6355,20.0,498.7
22577,19.6355,20.0,498.7
22578,19.6355,20.0,498.7
22579,19.6355,20.0,498.7
22580,19.6355,20.0,498.7
22581,19.6357,20.0,498.8
22582,19.6357,20.0,498.8
22583,19.6357,20.0,498.8
22584,19.6357,20.0,498.8
22585,19.6357,20.0,498.8
22586,19.6357,20.0,498.9
22587,19.6357,20.0,498.9
22588,19.6357,20.0,498.9
22589,19.6357,20.0,498.9
22590,19.6357,20.0,499.0
22591,19.6357,20.0,499.0
22592,19.6357,20.0,499.0
22593,19.6357,20.0,499.0
22594,19.6357,20.0,499.1
22595,19.6357,20.0,499.1
22596,19.6357,20.0,499.1
22597,19.6357,20.0,499.1
22598,19.6357,20.0,499.1
22599,19.6357,20.0,499.2
22600,19.6357,20.0,499.2
22601,19.6360,20.0,499.2
22602,19.6360,20.0,499.2
22603,19.6360,20.0,499.3
22604,19.6360,20.0,499.3
22605,19.6360,20.0,499.3
22606,19.6360,20.0,499.3
22607,19.6360,20.0,499.3
22608,19.6360,20.0,499.4
22609,19.6360,20.0,499.4
22610,19.6360,20.0,499.4
22611,19.6360,20.0,499.4
22612,19.6360,20.0,499.5
22613,19.6360,20.0,499.5
22614,19.6360,20.0,499.5
22615,19.6360,20.0,499.5
22616,19.6360,20.0,499.5
22617,19.6360,20.0,499.5
22618,19.6360,20.0,499.6
22619,19.6360,20.0,499.6
22620,19.6360,20.0,499.6
22621,19.6362,20.0,499.6
22622,19.6362,20.0,499.7
22623,19.6362,20.0,499.7
22624,19.6362,20.0,499.7
22625,19.6362,20.0,499.7
22626,19.6362,20.0,499.7
22627,19.6362,20.0,499.8
22628,19.6362,20.0,499.8
22629,19.6362,20.0,499.8
22630,19.6362,20.0,499.8
22631,19.6362,20.0,499.9
22632,19.6362,20.0,499.9
22633,19.6362,20.0,499.9
22634,19.6362,20.0,499.9
22635,19.6362,20.0,499.9
22636,19.6362,20.0,500.0
22637,19.6362,20.0,500.0
22638,19.6362,20.0,500.0
22639,19.6362,20.0,500.0
22640,19.6362,20.0,500.1
22641,19.6364,20.0,500.1
22642,19.6364,20.0,500.1
22643,19.6364,20.0,500.1
22644,19.6364,20.0,500.1
22645,19.6364,20.0,500.2
22646,19.6364,20.0,500.2
22647,19.6364,20.0,500.2
22648,19.6364,20.0,500.2
22649,19.6364,20.0,500.2
22650,19.6364,20.0,500.3
22651,19.6364,20.0,500.3
22652,19.6364,20.0,500.3
22653,19.6364,20.0,500.3
22654,19.6364,20.0,500.3
22655,19.6364,20.0,500.4
22656,19.6364,20.0,500.4
22657,19.6364,20.0,500.4
22658,19.6364,20.0,500.4
22659,19.6364,20.0,500.4
22660,19.6364,20.0,500.4
22661,19.6366,20.0,500.5
22662,19.6366,20.0,500.5
22663,19.6366,20.0,500.5
22664,19.6366,20.0,500.5
22665,19.6366,20.0,500.6
22666,19.6366,20.0,500.6
22667,19.6366,20.0,500.6
22668,19.6366,20.0,500.6
22669,19.6366,20.0,500.6
22670,19.6366,20.0,500.7
22671,19.6366,20.0,500.7
22672,19.6366,20.0,500.7
22673,19.6366,20.0,500.7
22674,19.6366,20.0,500.8
22675,19.6366,20.0,500.8
22676,19.6366,20.0,500.8
22677,19.6366,20.0,500.8
22678,19.6366,20.0,500.8
22679,19.6366,20.0,500.9
22680,19.6366,20.0,500.9
22681,19.6368,20.0,500.9
22682,19.6368,20.0,500.9
22683,19.6368,20.0,501.0
22684,19.6368,20.0,501.0
22685,19.6368,20.0,501.0
22686,19.6368,20.0,501.0
22687,19.6368,20.0,501.0
22688,19.6368,20.0,501.1
22689,19.6368,20.0,501.1
22690,19.6368,20.0,501.1
22691,19.6368,20.0,501.1
22692,19.6368,20.0,501.1
22693,19.6368,20.0,501.2
22694,19.6368,20.0,501.2
22695,19.6368,20.0,501.2
22696,19.6368,20.0,501.2
22697,19.6368,20.0,501.2
22698,19.6368,20.0,501.3
22699,19.6368,20.0,501.3
22700,19.6368,20.0,501.3
22701,19.6370,20.0,501.3
22702,19.6370,20.0,501.4
22703,19.6370,20.0,501.4
22704,19.6370,20.0,501.4
22705,19.6370,20.0,501.4
22706,19.6370,20.0,501.4
22707,19.6370,20.0,501.5
22708,19.6370,20.0,501.5
22709,19.6370,20.0,501.5
22710,19.6370,20.0,501.5
22711,19.6370,20.0,501.6
22712,19.6370,20.0,501.6
22713,19.6370,20.0,501.6
22714,19.6370,20.0,501.6
22715,19.6370,20.0,501.6
22716,19.6370,20.0,501.7
22717,19.6370,20.0,501.7
22718,19.6370,20.0,501.7
22719,19.6370,20.0,501.7
22720,19.6370,20.0,501.7
22721,19.6372,20.0,501.8
22722,19.6372,20.0,501.8
22723,19.6372,20.0,501.8
22724,19.6372,20.0,501.8
22725,19.6372,20.0,501.8
22726,19.6372,20.0,501.9
22727,19.6372,20.0,501.9
22728,19.6372,20.0,501.9
22729,19.6372,20.0,501.9
22730,19.6372,20.0,501.9
22731,19.6372,20.0,502.0
22732,19.6372,20.0,502.0
22733,19.6372,20.0,502.0
22734,19.6372,20.0,502.0
22735,19.6372,20.0,502.1
22736,19.6372,20.0,502.1
22737,19.6372,20.0,502.1
22738,19.6372,20.0,502.1
22739,19.6372,20.0,502.1
22740,19.6372,20.0,502.2
22741,19.6374,20.0,502.2
22742,19.6374,20.0,502.2
22743,19.6374,20.0,502.2
22744,19.6374,20.0,502.3
22745,19.6374,20.0,502.3
22746,19.6374,20.0,502.3
22747,19.6374,20.0,502.3
22748,19.6374,20.0,502.3
22749,19.6374,20.0,502.4
22750,19.6374,20.0,502.4
22751,19.6374,20.0,502.4
22752,19.6374,20.0,502.4
22753,19.6374,20.0,502.5
22754,19.6374,20.0,502.5
22755,19.6374,20.0,502.5
22756,19.6374,20.0,502.5
22757,19.6374,20.0,502.5
22758,19.6374,20.0,502.6
22759,19.6374,20.0,502.6
22760,19.6374,20.0,502.6
22761,19.6376,20.0,502.6
22762,19.6376,20.0,502.6
22763,19.6376,20.0,502.7
22764,19.6376,20.0,502.7
22765,19.6376,20.0,502.7
22766,19.6376,20.0,502.7
22767,19.6376,20.0,502.8
22768,19.6376,20.0,502.8
22769,19.6376,20.0,502.8
22770,19.6376,20.0,502.8
22771,19.6376,20.0,502.8
22772,19.6376,20.0,502.9
22773,19.6376,20.0,502.9
22774,19.6376,20.0,502.9
22775,19.6376,20.0,502.9
22776,19.6376,20.0,502.9
22777,19.6376,20.0,503.0
22778,19.6376,20.0,503.0
22779,19.6376,20.0,503.0
22780,19.6376,20.0,503.0
22781,19.6378,20.0,503.0
22782,19.6378,20.0,503.0
22783,19.6378,20.0,503.1
22784,19.6378,20.0,503.1
22785,19.6378,20.0,503.1
22786,19.6378,20.0,503.1
22787,19.6378,20.0,503.1
22788,19.6378,20.0,503.2
22789,19.6378,20.0,503.2
22790,19.6378,20.0,503.2
22791,19.6378,20.0,503.2
22792,19.6378,20.0,503.2
22793,19.6378,20.0,503.3
22794,19.6378,20.0,503.3
22795,19.6378,20.0,503.3
22796,19.6378,20.0,503.3
22797,19.6378,20.0,503.4
22798,19.6378,20.0,503.4
22799,19.6378,20.0,503.4
22800,19.6378,20.0,503.4
22801,19.6380,20.0,503.4
22802,19.6380,20.0,503.4
22803,19.6380,20.0,503.5
22804,19.6380,20.0,503.5
22805,19.6380,20.0,503.5
22806,19.6380,20.0,503.5
22807,19.6380,20.0,503.6
22808,19.6380,20.0,503.6
22809,19.6380,20.0,503.6
22810,19.6380,20.0,503.6
22811,19.6380,20.0,503.6
22812,19.6380,20.0,503.7
22813,19.6380,20.0,503.7
22814,19.6380,20.0,503.7
22815,19.6380,20.0,503.7
22816,19.6380,20.0,503.7
22817,19.6380,20.0,503.8
22818,19.6380,20.0,503.8
22819,19.6380,20.0,503.8
22820,19.6380,20.0,503.8
22821,19.6382,20.0,503.8
22822,19.6382,20.0,503.9
22823,19.6382,20.0,503.9
22824,19.6382,20.0,503.9
22825,19.6382,20.0,503.9
22826,19.6382,20.0,503.9
22827,19.6382,20.0,504.0
22828,19.6382,20.0,504.0
22829,19.6382,20.0,504.0
22830,19.6382,20.0,504.0
22831,19.6382,20.0,504.1
22832,19.6382,20.0,504.1
22833,19.6382,20.0,504.1
22834,19.6382,20.0,504.1
22835,19.6382,20.0,504.1
22836,19.6382,20.0,504.1
22837,19.6382,20.0,504.2
22838,19.6382,20.0,504.2
22839,19.6382,20.0,504.2
22840,19.6382,20.0,504.2
22841,19.6384,20.0,504.3
22842,19.6384,20.0,504.3
22843,19.6384,20.0,504.3
22844,19.6384,20.0,504.3
22845,19.6384,20.0,504.4
22846,19.6384,20.0,504.4
22847,19.6384,20.0,504.4
22848,19.6384,20.0,504.4
22849,19.6384,20.0,504.4
22850,19.6384,20.0,504.5
22851,19.6384,20.0,504.5
22852,19.6384,20.0,504.5
22853,19.6384,20.0,504.5
22854,19.6384,20.0,504.5
22855,19.6384,20.0,504.5
22856,19.6384,20.0,504.6
22857,19.6384,20.0,504.6
22858,19.6384,20.0,504.6
22859,19.6384,20.0,504.6
22860,19.6384,20.0,504.6
22861,19.6386,20.0,504.7
22862,19.6386,20.0,504.7
22863,19.6386,20.0,504.7
22864,19.6386,20.0,504.7
22865,19.6386,20.0,504.7
22866,19.6386,20.0,504.8
22867,19.6386,20.0,504.8
22868,19.6386,20.0,504.8
22869,19.6386,20.0,504.8
22870,19.6386,20.0,504.8
22871,19.6386,20.0,504.9
22872,19.6386,20.0,504.9
22873,19.6386,20.0,504.9
22874,19.6386,20.0,504.9
22875,19.6386,20.0,504.9
22876,19.6386,20.0,505.0
22877,19.6386,20.0,505.0
22878,19.6386,20.0,505.0
22879,19.6386,20.0,505.0
22880,19.6386,20.0,505.0
22881,19.6388,20.0,505.1
22882,19.6388,20.0,505.1
22883,19.6388,20.0,505.1
22884,19.6388,20.0,505.1
22885,19.6388,20.0,505.1
22886,19.6388,20.0,505.2
22887,19.6388,20.0,505.2
22888,19.6388,20.0,505.2
22889,19.6388,20.0,505.2
22890,19.6388,20.0,505.2
22891,19.6388,20.0,505.3
22892,19.6388,20.0,505.3
22893,19.6388,20.0,505.3
22894,19.6388,20.0,505.3
22895,19.6388,20.0,505.3
22896,19.6388,20.0,505.4
22897,19.6388,20.0,505.4
22898,19.6388,20.0,505.4
22899,19.6388,20.0,505.4
22900,19.6388,20.0,505.4
22901,19.6390,20.0,505.5
22902,19.6390,20.0,505.5
22903,19.6390,20.0,505.5
22904,19.6390,20.0,505.5
22905,19.6390,20.0,505.5
22906,19.6390,20.0,505.6
22907,19.6390,20.0,505.6
22908,19.6390,20.0,505.6
22909,19.6390,20.0,505.6
22910,19.6390,20.0,505.6
22911,19.6390,20.0,505.7
22912,19.6390,20.0,505.7
22913,19.6390,20.0,505.7
22914,19.6390,20.0,505.7
22915,19.6390,20.0,505.7
22916,19.6390,20.0,505.7
22917,19.6390,20.0,505.8
22918,19.6390,20.0,505.8
22919,19.6390,20.0,505.8
22920,19.6390,20.0,505.8
22921,19.6392,20.0,505.8
22922,19.6392,20.0,505.9
22923,19.6392,20.0,505.9
22924,19.6392,20.0,505.9
22925,19.6392,20.0,505.9
22926,19.6392,20.0,505.9
22927,19.6392,20.0,505.9
22928,19.6392,20.0,506.0
22929,19.6392,20.0,506.0
22930,19.6392,20.0,506.0
22931,19.6392,20.0,506.0
22932,19.6392,20.0,506.1
22933,19.6392,20.0,506.1
22934,19.6392,20.0,506.1
22935,19.6392,20.0,506.1
22936,19.6392,20.0,506.1
22937,19.6392,20.0,506.2
22938,19.6392,20.0,506.2
22939,19.6392,20.0,506.2
22940,19.6392,20.0,506.2
22941,19.6394,20.0,506.2
22942,19.6394,20.0,506.3
22943,19.6394,20.0,506.3
22944,19.6394,20.0,506.3
22945,19.6394,20.0,506.3
22946,19.6394,20.0,506.3
22947,19.6394,20.0,506.4
22948,19.6394,20.0,506.4
22949,19.6394,20.0,506.4
22950,19.6394,20.0,506.4
22951,19.6394,20.0,506.4
22952,19.6394,20.0,506.5
22953,19.6394,20.0,506.5
22954,19.6394,20.0,506.5
22955,19.6394,20.0,506.5
22956,19.6394,20.0,506.5
22957,19.6394,20.0,506.6
22958,19.6394,20.0,506.6
22959,19.6394,20.0,506.6
22960,19.6394,20.0,506.6
22961,19.6396,20.0,506.6
22962,19.6396,20.0,506.7
22963,19.6396,20.0,506.7
22964,19.6396,20.0,506.7
22965,19.6396,20.0,506.7
22966,19.6396,20.0,506.7
22967,19.6396,20.0,506.8
22968,19.6396,20.0,506.8
22969,19.6396,20.0,506.8
22970,19.6396,20.0,506.8
22971,19.6396,20.0,506.9
22972,19.6396,20.0,506.9
22973,19.6396,20.0,506.9
22974,19.6396,20.0,506.9
22975,19.6396,20.0,506.9
22976,19.6396,20.0,506.9
22977,19.6396,20.0,507.0
22978,19.6396,20.0,507.0
22979,19.6396,20.0,507.0
22980,19.6396,20.0,507.0
22981,19.6399,20.0,507.0
22982,19.6399,20.0,507.1
22983,19.6399,20.0,507.1
22984,19.6399,20.0,507.1
22985,19.6399,20.0,507.1
22986,19.6399,20.0,507.1
22987,19.6399,20.0,507.2
22988,19.6399,20.0,507.2
22989,19.6399,20.0,507.2
22990,19.6399,20.0,507.2
22991,19.6399,20.0,507.2
22992,19.6399,20.0,507.3
22993,19.6399,20.0,507.3
22994,19.6399,20.0,507.3
22995,19.6399,20.0,507.3
22996,19.6399,20.0,507.4
22997,19.6399,20.0,507.4
22998,19.6399,20.0,507.4
22999,19.6399,20.0,507.4
23000,19.6399,20.0,507.4
23001,19.6399,20.0,507.4
23002,19.6399,20.0,507.5
23003,19.6399,20.0,507.5
23004,19.6399,20.0,507.5
23005,19.6399,20.0,507.5
23006,19.6399,20.0,507.6
23007,19.6399,20.0,507.6
23008,19.6399,20.0,507.6
23009,19.6399,20.0,507.6
23010,19.6399,20.0,507.6
23011,19.6399,20.0,507.7
23012,19.6399,20.0,507.7
23013,19.6399,20.0,507.7
23014,19.6399,20.0,507.7
23015,19.6399,20.0,507.8
23016,19.6399,20.0,507.8
23017,19.6399,20.0,507.8
23018,19.6399,20.0,507.8
23019,19.6399,20.0,507.8
23020,19.6399,20.0,507.9
23021,19.6400,20.0,507.9
23022,19.6400,20.0,507.9
23023,19.6400,20.0,507.9
23024,19.6400,20.0,508.0
23025,19.6400,20.0,508.0
23026,19.6400,20.0,508.0
23027,19.6400,20.0,508.0
23028,19.6400,20.0,508.0
23029,19.6400,20.0,508.1
23030,19.6400,20.0,508.1
23031,19.6400,20.0,508.1
23032,19.6400,20.0,508.1
23033,19.6400,20.0,508.1
23034,19.6400,20.0,508.2
23035,19.6400,20.0,508.2
23036,19.6400,20.0,508.2
23037,19.6400,20.0,508.2
23038,19.6400,20.0,508.2
23039,19.6400,20.0,508.3
23040,19.6400,20.0,508.3
23041,19.6400,20.0,508.6
23042,19.6400,20.0,508.6
23043,19.6400,20.0,508.6
23044,19.6400,20.0,508.6
23045,19.6400,20.0,508.7
23046,19.6400,20.0,508.7
23047,19.6400,20.0,508.7
23048,19.6400,20.0,508.7
23049,19.6400,20.0,508.7
23050,19.6400,20.0,508.8
23051,19.6400,20.0,508.8
23052,19.6400,20.0,508.8
23053,19.6400,20.0,508.8
23054,19.6400,20.0,508.8
23055,19.6400,20.0,508.9
23056,19.6400,20.0,508.9
23057,19.6400,20.0,508.9
23058,19.6400,20.0,508.9
23059,19.6400,20.0,508.9
23060,19.6400,20.0,509.0
23061,19.6401,20.0,509.0
23062,19.6401,20.0,509.0
23063,19.6401,20.0,509.0
23064,19.6401,20.0,509.1
23065,19.6401,20.0,509.1
23066,19.6401,20.0,509.1
23067,19.6401,20.0,509.1
23068,19.6401,20.0,509.1
23069,19.6401,20.0,509.2
23070,19.6401,20.0,509.2
23071,19.6401,20.0,509.2
23072,19.6401,20.0,509.2
23073,19.6401,20.0,509.2
23074,19.6401,20.0,509.3
23075,19.6401,20.0,509.3
23076,19.6401,20.0,509.3
23077,19.6401,20.0,509.3
23078,19.6401,20.0,509.4
23079,19.6401,20.0,509.4
23080,19.6401,20.0,509.4
23081,19.6401,20.0,509.4
23082,19.6401,20.0,509.4
23083,19.6401,20.0,509.4
23084,19.6401,20.0,509.5
23085,19.6401,20.0,509.5
23086,19.6401,20.0,509.5
23087,19.6401,20.0,509.5
23088,19.6401,20.0,509.5
23089,19.6401,20.0,509.6
23090,19.6401,20.0,509.6
23091,19.6401,20.0,509.6
23092,19.6401,20.0,509.6
23093,19.6401,20.0,509.6
23094,19.6401,20.0,509.6
23095,19.6401,20.0,509.7
23096,19.6401,20.0,509.7
23097,19.6401,20.0,509.7
23098,19.6401,20.0,509.7
23099,19.6401,20.0,509.8
23100,19.6401,20.0,509.8
23101,19.6402,20.0,509.8
23102,19.6402,20.0,509.8
23103,19.6402,20.0,509.8
23104,19.6402,20.0,509.9
23105,19.6402,20.0,509.9
23106,19.6402,20.0,509.9
23107,19.6402,20.0,509.9
23108,19.6402,20.0,509.9
23109,19.6402,20.0,509.9
23110,19.6402,20.0,510.0
23111,19.6402,20.0,510.0
23112,19.6402,20.0,510.0
23113,19.6402,20.0,510.0
23114,19.6402,20.0,510.0
23115,19.6402,20.0,510.1
23116,19.6402,20.0,510.1
23117,19.6402,20.0,510.1
23118,19.6402,20.0,510.1
23119,19.6402,20.0,510.1
23120,19.6402,20.0,510.2
23121,19.6403,20.0,510.2
23122,19.6403,20.0,510.2
23123,19.6403,20.0,510.2
23124,19.6403,20.0,510.2
23125,19.6403,20.0,510.2
23126,19.6403,20.0,510.3
23127,19.6403,20.0,510.3
23128,19.6403,20.0,510.3
23129,19.6403,20.0,510.3
23130,19.6403,20.0,510.4
23131,19.6403,20.0,510.4
23132,19.6403,20.0,510.4
23133,19.6403,20.0,510.4
23134,19.6403,20.0,510.4
23135,19.6403,20.0,510.5
23136,19.6403,20.0,510.5
23137,19.6403,20.0,510.5
23138,19.6403,20.0,510.5
23139,19.6403,20.0,510.5
23140,19.6403,20.0,510.6
23141,19.6403,20.0,510.6
23142,19.6403,20.0,510.6
23143,19.6403,20.0,510.6
23144,19.6403,20.0,510.6
23145,19.6403,20.0,510.6
23146,19.6403,20.0,510.7
23147,19.6403,20.0,510.7
23148,19.6403,20.0,510.7
23149,19.6403,20.0,510.7
23150,19.6403,20.0,510.8
23151,19.6403,20.0,510.8
23152,19.6403,20.0,510.8
23153,19.6403,20.0,510.8
23154,19.6403,20.0,510.8
23155,19.6403,20.0,510.9
23156,19.6403,20.0,510.9
23157,19.6403,20.0,510.9
23158,19.6403,20.0,510.9
23159,19.6403,20.0,510.9
23160,19.6403,20.0,511.0
23161,19.6404,20.0,511.0
23162,19.6404,20.0,511.0
23163,19.6404,20.0,511.0
23164,19.6404,20.0,511.0
23165,19.6404,20.0,511.1
23166,19.6404,20.0,511.1
23167,19.6404,20.0,511.1
23168,19.6404,20.0,511.1
23169,19.6404,20.0,511.2
23170,19.6404,20.0,511.2
23171,19.6404,20.0,511.2
23172,19.6404,20.0,511.2
23173,19.6404,20.0,511.2
23174,19.6404,20.0,511.3
23175,19.6404,20.0,511.3
23176,19.6404,20.0,511.3
23177,19.6404,20.0,511.3
23178,19.6404,20.0,511.3
23179,19.6404,20.0,511.4
23180,19.6404,20.0,511.4
23181,19.6404,20.0,511.4
23182,19.6404,20.0,511.4
23183,19.6404,20.0,511.4
23184,19.6404,20.0,511.5
23185,19.6404,20.0,511.5
23186,19.6404,20.0,511.5
23187,19.6404,20.0,511.5
23188,19.6404,20.0,511.5
23189,19.6404,20.0,511.6
23190,19.6404,20.0,511.6
23191,19.6404,20.0,511.6
23192,19.6404,20.0,511.6
23193,19.6404,20.0,511.6
23194,19.6404,20.0,511.7
23195,19.6404,20.0,511.7
23196,19.6404,20.0,511.7
23197,19.6404,20.0,511.7
23198,19.6404,20.0,511.7
23199,19.6404,20.0,511.8
23200,19.6404,20.0,511.8
23201,19.6405,20.0,511.8
23202,19.6405,20.0,511.8
23203,19.6405,20.0,511.8
23204,19.6405,20.0,511.9
23205,19.6405,20.0,511.9
23206,19.6405,20.0,511.9
23207,19.6405,20.0,511.9
23208,19.6405,20.0,511.9
23209,19.6405,20.0,512.0
23210,19.6405,20.0,512.0
23211,19.6405,20.0,512.0
23212,19.6405,20.0,512.0
23213,19.6405,20.0,512.1
23214,19.6405,20.0,512.1
23215,19.6405,20.0,512.1
23216,19.6405,20.0,512.1
23217,19.6405,20.0,512.2
23218,19.6405,20.0,512.2
23219,19.6405,20.0,512.2
23220,19.6405,20.0,512.2
23221,19.6406,20.0,512.2
23222,19.6406,20.0,512.3
23223,19.6406,20.0,512.3
23224,19.6406,20.0,512.3
23225,19.6406,20.0,512.3
23226,19.6406,20.0,512.4
23227,19.6406,20.0,512.4
23228,19.6406,20.0,512.4
23229,19.6406,20.0,512.4
23230,19.6406,20.0,512.4
23231,19.6406,20.0,512.4
23232,19.6406,20.0,512.5
23233,19.6406,20.0,512.5
23234,19.6406,20.0,512.5
23235,19.6406,20.0,512.5
23236,19.6406,20.0,512.6
23237,19.6406,20.0,512.6
23238,19.6406,20.0,512.6
23239,19.6406,20.0,512.6
23240,19.6406,20.0,512.6
23241,19.6406,20.0,512.7
23242,19.6406,20.0,512.7
23243,19.6406,20.0,512.7
23244,19.6406,20.0,512.7
23245,19.6406,20.0,512.7
23246,19.6406,20.0,512.7
23247,19.6406,20.0,512.8
23248,19.6406,20.0,512.8
23249,19.6406,20.0,512.8
23250,19.6406,20.0,512.8
23251,19.6406,20.0,512.9
23252,19.6406,20.0,512.9
23253,19.6406,20.0,512.9
23254,19.6406,20.0,512.9
23255,19.6406,20.0,512.9
23256,19.6406,20.0,513.0
23257,19.6406,20.0,513.0
23258,19.6406,20.0,513.0
23259,19.6406,20.0,513.0
23260,19.6406,20.0,513.0
23261,19.6407,20.0,513.1
23262,19.6407,20.0,513.1
23263,19.6407,20.0,513.1
23264,19.6407,20.0,513.1
23265,19.6407,20.0,513.2
23266,19.6407,20.0,513.2
23267,19.6407,20.0,513.2
23268,19.6407,20.0,513.2
23269,19.6407,20.0,513.3
23270,19.6407,20.0,513.3
23271,19.6407,20.0,513.3
23272,19.6407,20.0,513.3
23273,19.6407,20.0,513.3
23274,19.6407,20.0,513.4
23275,19.6407,20.0,513.4
23276,19.6407,20.0,513.4
23277,19.6407,20.0,513.4
23278,19.6407,20.0,513.5
23279,19.6407,20.0,513.5
23280,19.6407,20.0,513.5
23281,19.6407,20.0,513.5
23282,19.6407,20.0,513.5
23283,19.6407,20.0,513.5
23284,19.6407,20.0,513.6
23285,19.6407,20.0,513.6
23286,19.6407,20.0,513.6
23287,19.6407,20.0,513.6
23288,19.6407,20.0,513.7
23289,19.6407,20.0,513.7
23290,19.6407,20.0,513.7
23291,19.6407,20.0,513.7
23292,19.6407,20.0,513.7
23293,19.6407,20.0,513.8
23294,19.6407,20.0,513.8
23295,19.6407,20.0,513.8
23296,19.6407,20.0,513.8
23297,19.6407,20.0,513.9
23298,19.6407,20.0,513.9
23299,19.6407,20.0,513.9
23300,19.6407,20.0,513.9
23301,19.6408,20.0,513.9
23302,19.6408,20.0,513.9
23303,19.6408,20.0,514.0
23304,19.6408,20.0,514.0
23305,19.6408,20.0,514.0
23306,19.6408,20.0,514.0
23307,19.6408,20.0,514.0
23308,19.6408,20.0,514.1
23309,19.6408,20.0,514.1
23310,19.6408,20.0,514.1
23311,19.6408,20.0,514.1
23312,19.6408,20.0,514.1
23313,19.6408,20.0,514.2
23314,19.6408,20.0,514.2
23315,19.6408,20.0,514.2
23316,19.6408,20.0,514.2
23317,19.6408,20.0,514.2
23318,19.6408,20.0,514.3
23319,19.6408,20.0,514.3
23320,19.6408,20.0,514.3
23321,19.6409,20.0,514.3
23322,19.6409,20.0,514.3
23323,19.6409,20.0,514.4
23324,19.6409,20.0,514.4
23325,19.6409,20.0,514.4
23326,19.6409,20.0,514.4
23327,19.6409,20.0,514.4
23328,19.6409,20.0,514.5
23329,19.6409,20.0,514.5
23330,19.6409,20.0,514.5
23331,19.6409,20.0,514.5
23332,19.6409,20.0,514.5
23333,19.6409,20.0,514.6
23334,19.6409,20.0,514.6
23335,19.6409,20.0,514.6
23336,19.6409,20.0,514.6
23337,19.6409,20.0,514.6
23338,19.6409,20.0,514.6
23339,19.6409,20.0,514.7
23340,19.6409,20.0,514.7
23341,19.6409,20.0,514.7
23342,19.6409,20.0,514.7
23343,19.6409,20.0,514.7
23344,19.6409,20.0,514.8
23345,19.6409,20.0,514.8
23346,19.6409,20.0,514.8
23347,19.6409,20.0,514.8
23348,19.6409,20.0,514.8
23349,19.6409,20.0,514.9
23350,19.6409,20.0,514.9
23351,19.6409,20.0,514.9
23352,19.6409,20.0,514.9
23353,19.6409,20.0,514.9
23354,19.6409,20.0,515.0
23355,19.6409,20.0,515.0
23356,19.6409,20.0,515.0
23357,19.6409,20.0,515.0
23358,19.6409,20.0,515.0
23359,19.6409,20.0,515.1
23360,19.6409,20.0,515.1
23361,19.6410,20.0,515.1
23362,19.6410,20.0,515.1
23363,19.6410,20.0,515.1
23364,19.6410,20.0,515.2
23365,19.6410,20.0,515.2
23366,19.6410,20.0,515.2
23367,19.6410,20.0,515.2
23368,19.6410,20.0,515.3
23369,19.6410,20.0,515.3
23370,19.6410,20.0,515.3
23371,19.6410,20.0,515.3
23372,19.6410,20.0,515.3
23373,19.6410,20.0,515.4
23374,19.6410,20.0,515.4
23375,19.6410,20.0,515.4
23376,19.6410,20.0,515.4
23377,19.6410,20.0,515.4
23378,19.6410,20.0,515.5
23379,19.6410,20.0,515.5
23380,19.6410,20.0,515.5
23381,19.6410,20.0,515.5
23382,19.6410,20.0,515.5
23383,19.6410,20.0,515.6
23384,19.6410,20.0,515.6
23385,19.6410,20.0,515.6
23386,19.6410,20.0,515.6
23387,19.6410,20.0,515.6
23388,19.6410,20.0,515.7
23389,19.6410,20.0,515.7
23390,19.6410,20.0,515.7
23391,19.6410,20.0,515.7
23392,19.6410,20.0,515.7
23393,19.6410,20.0,515.8
23394,19.6410,20.0,515.8
23395,19.6410,20.0,515.8
23396,19.6410,20.0,515.8
23397,19.6410,20.0,515.8
23398,19.6410,20.0,515.9
23399,19.6410,20.0,515.9
23400,19.6410,20.0,515.9
23401,19.6411,20.0,515.9
23402,19.6411,20.0,515.9
23403,19.6411,20.0,515.9
23404,19.6411,20.0,516.0
23405,19.6411,20.0,516.0
23406,19.6411,20.0,516.0
23407,19.6411,20.0,516.0
23408,19.6411,20.0,516.1
23409,19.6411,20.0,516.1
23410,19.6411,20.0,516.1
23411,19.6411,20.0,516.1
23412,19.6411,20.0,516.1
23413,19.6411,20.0,516.2
23414,19.6411,20.0,516.2
23415,19.6411,20.0,516.2
23416,19.6411,20.0,516.2
23417,19.6411,20.0,516.2
23418,19.6411,20.0,516.2
23419,19.6411,20.0,516.3
23420,19.6411,20.0,516.3
23421,19.6412,20.0,516.3
23422,19.6412,20.0,516.3
23423,19.6412,20.0,516.3
23424,19.6412,20.0,516.4
23425,19.6412,20.0,516.4
23426,19.6412,20.0,516.4
23427,19.6412,20.0,516.4
23428,19.6412,20.0,516.4
23429,19.6412,20.0,516.5
23430,19.6412,20.0,516.5
23431,19.6412,20.0,516.5
23432,19.6412,20.0,516.5
23433,19.6412,20.0,516.5
23434,19.6412,20.0,516.6
23435,19.6412,20.0,516.6
23436,19.6412,20.0,516.6
23437,19.6412,20.0,516.6
23438,19.6412,20.0,516.6
23439,19.6412,20.0,516.7
23440,19.6412,20.0,516.7
23441,19.6412,20.0,516.7
23442,19.6412,20.0,516.7
23443,19.6412,20.0,516.7
23444,19.6412,20.0,516.8
23445,19.6412,20.0,516.8
23446,19.6412,20.0,516.8
23447,19.6412,20.0,516.8
23448,19.6412,20.0,516.9
23449,19.6412,20.0,516.9
23450,19.6412,20.0,516.9
23451,19.6412,20.0,516.9
23452,19.6412,20.0,516.9
23453,19.6412,20.0,517.0
23454,19.6412,20.0,517.0
23455,19.6412,20.0,517.0
23456,19.6412,20.0,517.0
23457,19.6412,20.0,517.0
23458,19.6412,20.0,517.0
23459,19.6412,20.0,517.1
23460,19.6412,20.0,517.1
23461,19.6413,20.0,517.1
23462,19.6413,20.0,517.1
23463,19.6413,20.0,517.2
23464,19.6413,20.0,517.2
23465,19.6413,20.0,517.2
23466,19.6413,20.0,517.2
23467,19.6413,20.0,517.2
23468,19.6413,20.0,517.3
23469,19.6413,20.0,517.3
23470,19.6413,20.0,517.3
23471,19.6413,20.0,517.3
23472,19.6413,20.0,517.3
23473,19.6413,20.0,517.4
23474,19.6413,20.0,517.4
23475,19.6413,20.0,517.4
23476,19.6413,20.0,517.4
23477,19.6413,20.0,517.5
23478,19.6413,20.0,517.5
23479,19.6413,20.0,517.5
23480,19.6413,20.0,517.5
23481,19.6413,20.0,517.6
23482,19.6413,20.0,517.6
23483,19.6413,20.0,517.6
23484,19.6413,20.0,517.6
23485,19.6413,20.0,517.6
23486,19.6413,20.0,517.7
23487,19.6413,20.0,517.7
23488,19.6413,20.0,517.7
23489,19.6413,20.0,517.7
23490,19.6413,20.0,517.7
23491,19.6413,20.0,517.8
23492,19.6413,20.0,517.8
23493,19.6413,20.0,517.8
23494,19.6413,20.0,517.8
23495,19.6413,20.0,517.8
23496,19.6413,20.0,517.9
23497,19.6413,20.0,517.9
23498,19.6413,20.0,517.9
23499,19.6413,20.0,517.9
23500,19.6413,20.0,518.0
23501,19.6414,20.0,518.0
23502,19.6414,20.0,518.0
23503,19.6414,20.0,518.0
23504,19.6414,20.0,518.0
23505,19.6414,20.0,518.1
23506,19.6414,20.0,518.1
23507,19.6414,20.0,518.1
23508,19.6414,20.0,518.1
23509,19.6414,20.0,518.1
23510,19.6414,20.0,518.2
23511,19.6414,20.0,518.2
23512,19.6414,20.0,518.2
23513,19.6414,20.0,518.2
23514,19.6414,20.0,518.2
23515,19.6414,20.0,518.3
23516,19.6414,20.0,518.3
23517,19.6414,20.0,518.3
23518,19.6414,20.0,518.3
23519,19.6414,20.0,518.3
23520,19.6414,20.0,518.3
23521,19.6414,20.0,518.4
23522,19.6414,20.0,518.4
23523,19.6414,20.0,518.4
23524,19.6414,20.0,518.4
23525,19.6414,20.0,518.4
23526,19.6414,20.0,518.5
23527,19.6414,20.0,518.5
23528,19.6414,20.0,518.5
23529,19.6414,20.0,518.5
23530,19.6414,20.0,518.5
23531,19.6414,20.0,518.6
23532,19.6414,20.0,518.6
23533,19.6414,20.0,518.6
23534,19.6414,20.0,518.6
23535,19.6414,20.0,518.6
23536,19.6414,20.0,518.7
23537,19.6414,20.0,518.7
23538,19.6414,20.0,518.7
23539,19.6414,20.0,518.7
23540,19.6414,20.0,518.7
23541,19.6415,20.0,518.8
23542,19.6415,20.0,518.8
23543,19.6415,20.0,518.8
23544,19.6415,20.0,518.8
23545,19.6415,20.0,518.8
23546,19.6415,20.0,518.9
23547,19.6415,20.0,518.9
23548,19.6415,20.0,518.9
23549,19.6415,20.0,518.9
23550,19.6415,20.0,518.9
23551,19.6415,20.0,519.0
23552,19.6415,20.0,519.0
23553,19.6415,20.0,519.3
23554,19.6415,20.0,519.3
23555,19.6415,20.0,519.3
23556,19.6415,20.0,519.3
23557,19.6415,20.0,519.3
23558,19.6415,20.0,519.4
23559,19.6415,20.0,519.4
23560,19.6415,20.0,519.4
23561,19.6424,20.0,519.4
23562,19.6424,20.0,519.4
23563,19.6424,20.0,519.5
23564,19.6424,20.0,519.5
23565,19.6424,20.0,519.5
23566,19.6424,20.0,519.5
23567,19.6424,20.0,519.5
23568,19.6424,20.0,519.6
23569,19.6424,20.0,519.6
23570,19.6424,20.0,519.6
23571,19.6424,20.0,519.6
23572,19.6424,20.0,519.7
23573,19.6424,20.0,519.7
23574,19.6424,20.0,519.7
23575,19.6424,20.0,519.7
23576,19.6424,20.0,519.7
23577,19.6424,20.0,519.8
23578,19.6424,20.0,519.8
23579,19.6424,20.0,519.8
23580,19.6424,20.0,519.8
23581,19.6434,20.0,519.9
23582,19.6434,20.0,519.9
23583,19.6434,20.0,519.9
23584,19.6434,20.0,519.9
23585,19.6434,20.0,520.0
23586,19.6434,20.0,520.0
23587,19.6434,20.0,520.0
23588,19.6434,20.0,520.0
23589,19.6434,20.0,520.0
23590,19.6434,20.0,520.1
23591,19.6434,20.0,520.1
23592,19.6434,20.0,520.1
23593,19.6434,20.0,520.1
23594,19.6434,20.0,520.1
23595,19.6434,20.0,520.2
23596,19.6434,20.0,520.2
23597,19.6434,20.0,520.2
23598,19.6434,20.0,520.2
23599,19.6434,20.0,520.2
23600,19.6434,20.0,520.3
23601,19.6443,20.0,520.3
23602,19.6443,20.0,520.3
23603,19.6443,20.0,520.3
23604,19.6443,20.0,520.4
23605,19.6443,20.0,520.4
23606,19.6443,20.0,520.4
23607,19.6443,20.0,520.4
23608,19.6443,20.0,520.4
23609,19.6443,20.0,520.5
23610,19.6443,20.0,520.5
23611,19.6443,20.0,520.5
23612,19.6443,20.0,520.5
23613,19.6443,20.0,520.6
23614,19.6443,20.0,520.6
23615,19.6443,20.0,520.6
23616,19.6443,20.0,520.6
23617,19.6443,20.0,520.7
23618,19.6443,20.0,520.7
23619,19.6443,20.0,520.7
23620,19.6443,20.0,520.7
23621,19.6453,20.0,520.7
23622,19.6453,20.0,520.8
23623,19.6453,20.0,520.8
23624,19.6453,20.0,520.8
23625,19.6453,20.0,520.8
23626,19.6453,20.0,520.9
23627,19.6453,20.0,520.9
23628,19.6453,20.0,520.9
23629,19.6453,20.0,520.9
23630,19.6453,20.0,520.9
23631,19.6453,20.0,521.0
23632,19.6453,20.0,521.0
23633,19.6453,20.0,521.0
23634,19.6453,20.0,521.0
23635,19.6453,20.0,521.0
23636,19.6453,20.0,521.1
23637,19.6453,20.0,521.1
23638,19.6453,20.0,521.1
23639,19.6453,20.0,521.1
23640,19.6453,20.0,521.1
23641,19.6462,20.0,521.2
23642,19.6462,20.0,521.2
23643,19.6462,20.0,521.2
23644,19.6462,20.0,521.2
23645,19.6462,20.0,521.2
23646,19.6462,20.0,521.3
23647,19.6462,20.0,521.3
23648,19.6462,20.0,521.3
23649,19.6462,20.0,521.3
23650,19.6462,20.0,521.4
23651,19.6462,20.0,521.4
23652,19.6462,20.0,521.4
23653,19.6462,20.0,521.4
23654,19.6462,20.0,521.4
23655,19.6462,20.0,521.5
23656,19.6462,20.0,521.5
23657,19.6462,20.0,521.5
23658,19.6462,20.0,521.5
23659,19.6462,20.0,521.6
23660,19.6462,20.0,521.6
23661,19.6471,20.0,521.6
23662,19.6471,20.0,521.6
23663,19.6471,20.0,521.6
23664,19.6471,20.0,521.7
23665,19.6471,20.0,521.7
23666,19.6471,20.0,521.7
23667,19.6471,20.0,521.7
23668,19.6471,20.0,521.8
23669,19.6471,20.0,521.8
23670,19.6471,20.0,521.8
23671,19.6471,20.0,521.8
23672,19.6471,20.0,521.8
23673,19.6471,20.0,521.9
23674,19.6471,20.0,521.9
23675,19.6471,20.0,521.9
23676,19.6471,20.0,521.9
23677,19.6471,20.0,522.0
23678,19.6471,20.0,522.0
23679,19.6471,20.0,522.0
23680,19.6471,20.0,522.0
23681,19.6481,20.0,522.0
23682,19.6481,20.0,522.1
23683,19.6481,20.0,522.1
23684,19.6481,20.0,522.1
23685,19.6481,20.0,522.1
23686,19.6481,20.0,522.2
23687,19.6481,20.0,522.2
23688,19.6481,20.0,522.2
23689,19.6481,20.0,522.2
23690,19.6481,20.0,522.2
23691,19.6481,20.0,522.3
23692,19.6481,20.0,522.3
23693,19.6481,20.0,522.3
23694,19.6481,20.0,522.3
23695,19.6481,20.0,522.4
23696,19.6481,20.0,522.4
23697,19.6481,20.0,522.4
23698,19.6481,20.0,522.4
23699,19.6481,20.0,522.4
23700,19.6481,20.0,522.5
23701,19.6490,20.0,522.5
23702,19.6490,20.0,522.5
23703,19.6490,20.0,522.5
23704,19.6490,20.0,522.6
23705,19.6490,20.0,522.6
23706,19.6490,20.0,522.6
23707,19.6490,20.0,522.6
23708,19.6490,20.0,522.6
23709,19.6490,20.0,522.7
23710,19.6490,20.0,522.7
23711,19.6490,20.0,522.7
23712,19.6490,20.0,522.7
23713,19.6490,20.0,522.8
23714,19.6490,20.0,522.8
23715,19.6490,20.0,522.8
23716,19.6490,20.0,522.8
23717,19.6490,20.0,522.8
23718,19.6490,20.0,522.9
23719,19.6490,20.0,522.9
23720,19.6490,20.0,522.9
23721,19.6499,20.0,522.9
23722,19.6499,20.0,522.9
23723,19.6499,20.0,523.0
23724,19.6499,20.0,523.0
23725,19.6499,20.0,523.0
23726,19.6499,20.0,523.0
23727,19.6499,20.0,523.1
23728,19.6499,20.0,523.1
23729,19.6499,20.0,523.1
23730,19.6499,20.0,523.1
23731,19.6499,20.0,523.1
23732,19.6499,20.0,523.2
23733,19.6499,20.0,523.2
23734,19.6499,20.0,523.2
23735,19.6499,20.0,523.2
23736,19.6499,20.0,523.2
23737,19.6499,20.0,523.3
23738,19.6499,20.0,523.3
23739,19.6499,20.0,523.3
23740,19.6499,20.0,523.3
23741,19.6509,20.0,523.4
23742,19.6509,20.0,523.4
23743,19.6509,20.0,523.4
23744,19.6509,20.0,523.4
23745,19.6509,20.0,523.4
23746,19.6509,20.0,523.5
23747,19.6509,20.0,523.5
23748,19.6509,20.0,523.5
23749,19.6509,20.0,523.5
23750,19.6509,20.0,523.6
23751,19.6509,20.0,523.6
23752,19.6509,20.0,523.6
23753,19.6509,20.0,523.6
23754,19.6509,20.0,523.6
23755,19.6509,20.0,523.6
23756,19.6509,20.0,523.7
23757,19.6509,20.0,523.7
23758,19.6509,20.0,523.7
23759,19.6509,20.0,523.7
23760,19.6509,20.0,523.8
23761,19.6518,20.0,523.8
23762,19.6518,20.0,523.8
23763,19.6518,20.0,523.8
23764,19.6518,20.0,523.8
23765,19.6518,20.0,523.9
23766,19.6518,20.0,523.9
23767,19.6518,20.0,523.9
23768,19.6518,20.0,523.9
23769,19.6518,20.0,523.9
23770,19.6518,20.0,524.0
23771,19.6518,20.0,524.0
23772,19.6518,20.0,524.0
23773,19.6518,20.0,524.0
23774,19.6518,20.0,524.1
23775,19.6518,20.0,524.1
23776,19.6518,20.0,524.1
23777,19.6518,20.0,524.1
23778,19.6518,20.0,524.2
23779,19.6518,20.0,524.2
23780,19.6518,20.0,524.2
23781,19.6527,20.0,524.2
23782,19.6527,20.0,524.3
23783,19.6527,20.0,524.3
23784,19.6527,20.0,524.3
23785,19.6527,20.0,524.3
23786,19.6527,20.0,524.3
23787,19.6527,20.0,524.4
23788,19.6527,20.0,524.4
23789,19.6527,20.0,524.4
23790,19.6527,20.0,524.4
23791,19.6527,20.0,524.4
23792,19.6527,20.0,524.5
23793,19.6527,20.0,524.5
23794,19.6527,20.0,524.5
23795,19.6527,20.0,524.5
23796,19.6527,20.0,524.6
23797,19.6527,20.0,524.6
23798,19.6527,20.0,524.6
23799,19.6527,20.0,524.6
23800,19.6527,20.0,524.6
23801,19.6537,20.0,524.7
23802,19.6537,20.0,524.7
23803,19.6537,20.0,524.7
23804,19.6537,20.0,524.7
23805,19.6537,20.0,524.8
23806,19.6537,20.0,524.8
23807,19.6537,20.0,524.8
23808,19.6537,20.0,524.8
23809,19.6537,20.0,524.8
23810,19.6537,20.0,524.9
23811,19.6537,20.0,524.9
23812,19.6537,20.0,524.9
23813,19.6537,20.0,524.9
23814,19.6537,20.0,524.9
23815,19.6537,20.0,525.0
23816,19.6537,20.0,525.0
23817,19.6537,20.0,525.0
23818,19.6537,20.0,525.0
23819,19.6537,20.0,525.0
23820,19.6537,20.0,525.1
23821,19.6546,20.0,525.1
23822,19.6546,20.0,525.1
23823,19.6546,20.0,525.1
23824,19.6546,20.0,525.2
23825,19.6546,20.0,525.2
23826,19.6546,20.0,525.2
23827,19.6546,20.0,525.2
23828,19.6546,20.0,525.2
23829,19.6546,20.0,525.3
23830,19.6546,20.0,525.3
23831,19.6546,20.0,525.3
23832,19.6546,20.0,525.3
23833,19.6546,20.0,525.3
23834,19.6546,20.0,525.4
23835,19.6546,20.0,525.4
23836,19.6546,20.0,525.4
23837,19.6546,20.0,525.4
23838,19.6546,20.0,525.4
23839,19.6546,20.0,525.5
23840,19.6546,20.0,525.5
23841,19.6555,20.0,525.5
23842,19.6555,20.0,525.5
23843,19.6555,20.0,525.5
23844,19.6555,20.0,525.6
23845,19.6555,20.0,525.6
23846,19.6555,20.0,525.6
23847,19.6555,20.0,525.6
23848,19.6555,20.0,525.6
23849,19.6555,20.0,525.7
23850,19.6555,20.0,525.7
23851,19.6555,20.0,525.7
23852,19.6555,20.0,525.7
23853,19.6555,20.0,525.7
23854,19.6555,20.0,525.8
23855,19.6555,20.0,525.8
23856,19.6555,20.0,525.8
23857,19.6555,20.0,525.8
23858,19.6555,20.0,525.8
23859,19.6555,20.0,525.9
23860,19.6555,20.0,525.9
23861,19.6565,20.0,525.9
23862,19.6565,20.0,525.9
23863,19.6565,20.0,526.0
23864,19.6565,20.0,526.0
23865,19.6565,20.0,526.0
23866,19.6565,20.0,526.0
23867,19.6565,20.0,526.0
23868,19.6565,20.0,526.1
23869,19.6565,20.0,526.1
23870,19.6565,20.0,526.1
23871,19.6565,20.0,526.1
23872,19.6565,20.0,526.1
23873,19.6565,20.0,526.2
23874,19.6565,20.0,526.2
23875,19.6565,20.0,526.2
23876,19.6565,20.0,526.2
23877,19.6565,20.0,526.3
23878,19.6565,20.0,526.3
23879,19.6565,20.0,526.3
23880,19.6565,20.0,526.3
23881,19.6574,20.0,526.4
23882,19.6574,20.0,526.4
23883,19.6574,20.0,526.4
23884,19.6574,20.0,526.4
23885,19.6574,20.0,526.5
23886,19.6574,20.0,526.5
23887,19.6574,20.0,526.5
23888,19.6574,20.0,526.5
23889,19.6574,20.0,526.6
23890,19.6574,20.0,526.6
23891,19.6574,20.0,526.6
23892,19.6574,20.0,526.6
23893,19.6574,20.0,526.7
23894,19.6574,20.0,526.7
23895,19.6574,20.0,526.7
23896,19.6574,20.0,526.7
23897,19.6574,20.0,526.8
23898,19.6574,20.0,526.8
23899,19.6574,20.0,526.8
23900,19.6574,20.0,526.8
23901,19.6584,20.0,526.9
23902,19.6584,20.0,526.9
23903,19.6584,20.0,526.9
23904,19.6584,20.0,526.9
23905,19.6584,20.0,526.9
23906,19.6584,20.0,527.0
23907,19.6584,20.0,527.0
23908,19.6584,20.0,527.0
23909,19.6584,20.0,527.0
23910,19.6584,20.0,527.0
23911,19.6584,20.0,527.1
23912,19.6584,20.0,527.1
23913,19.6584,20.0,527.1
23914,19.6584,20.0,527.1
23915,19.6584,20.0,527.2
23916,19.6584,20.0,527.2
23917,19.6584,20.0,527.2
23918,19.6584,20.0,527.2
23919,19.6584,20.0,527.3
23920,19.6584,20.0,527.3
23921,19.6593,20.0,527.3
23922,19.6593,20.0,527.3
23923,19.6593,20.0,527.4
23924,19.6593,20.0,527.4
23925,19.6593,20.0,527.4
23926,19.6593,20.0,527.4
23927,19.6593,20.0,527.5
23928,19.6593,20.0,527.5
23929,19.6593,20.0,527.5
23930,19.6593,20.0,527.5
23931,19.6593,20.0,527.6
23932,19.6593,20.0,527.6
23933,19.6593,20.0,527.6
23934,19.6593,20.0,527.6
23935,19.6593,20.0,527.6
23936,19.6593,20.0,527.7
23937,19.6593,20.0,527.7
23938,19.6593,20.0,527.7
23939,19.6593,20.0,527.7
23940,19.6593,20.0,527.8
23941,19.6602,20.0,527.8
23942,19.6602,20.0,527.8
23943,19.6602,20.0,527.8
23944,19.6602,20.0,527.8
23945,19.6602,20.0,527.9
23946,19.6602,20.0,527.9
23947,19.6602,20.0,527.9
23948,19.6602,20.0,527.9
23949,19.6602,20.0,528.0
23950,19.6602,20.0,528.0
23951,19.6602,20.0,528.0
23952,19.6602,20.0,528.0
23953,19.6602,20.0,528.0
23954,19.6602,20.0,528.1
23955,19.6602,20.0,528.1
23956,19.6602,20.0,528.1
23957,19.6602,20.0,528.1
23958,19.6602,20.0,528.2
23959,19.6602,20.0,528.2
23960,19.6602,20.0,528.2
23961,19.6612,20.0,528.2
23962,19.6612,20.0,528.2
23963,19.6612,20.0,528.3
23964,19.6612,20.0,528.3
23965,19.6612,20.0,528.3
23966,19.6612,20.0,528.3
23967,19.6612,20.0,528.3
23968,19.6612,20.0,528.4
23969,19.6612,20.0,528.4
23970,19.6612,20.0,528.4
23971,19.6612,20.0,528.4
23972,19.6612,20.0,528.5
23973,19.6612,20.0,528.5
23974,19.6612,20.0,528.5
23975,19.6612,20.0,528.5
23976,19.6612,20.0,528.5
23977,19.6612,20.0,528.6
23978,19.6612,20.0,528.6
23979,19.6612,20.0,528.6
23980,19.6612,20.0,528.6
23981,19.6621,20.0,528.6
23982,19.6621,20.0,528.7
23983,19.6621,20.0,528.7
23984,19.6621,20.0,528.7
23985,19.6621,20.0,528.7
23986,19.6621,20.0,528.8
23987,19.6621,20.0,528.8
23988,19.6621,20.0,528.8
23989,19.6621,20.0,528.8
23990,19.6621,20.0,528.8
23991,19.6621,20.0,528.9
23992,19.6621,20.0,528.9
23993,19.6621,20.0,528.9
23994,19.6621,20.0,528.9
23995,19.6621,20.0,528.9
23996,19.6621,20.0,529.0
23997,19.6621,20.0,529.0
23998,19.6621,20.0,529.0
23999,19.6621,20.0,529.0
24000,19.6621,20.0,529.0
24001,19.6630,20.0,529.1
24002,19.6630,20.0,529.1
24003,19.6630,20.0,529.1
24004,19.6630,20.0,529.1
24005,19.6630,20.0,529.1
24006,19.6630,20.0,529.2
24007,19.6630,20.0,529.2
24008,19.6630,20.0,529.2
24009,19.6630,20.0,529.2
24010,19.6630,20.0,529.2
24011,19.6630,20.0,529.3
24012,19.6630,20.0,529.3
24013,19.6630,20.0,529.3
24014,19.6630,20.0,529.3
24015,19.6630,20.0,529.4
24016,19.6630,20.0,529.4
24017,19.6630,20.0,529.4
24018,19.6630,20.0,529.4
24019,19.6630,20.0,529.4
24020,19.6630,20.0,529.5
24021,19.6639,20.0,529.5
24022,19.6639,20.0,529.5
24023,19.6639,20.0,529.5
24024,19.6639,20.0,529.6
24025,19.6639,20.0,529.6
24026,19.6639,20.0,529.6
24027,19.6639,20.0,529.6
24028,19.6639,20.0,529.6
24029,19.6639,20.0,529.7
24030,19.6639,20.0,529.7
24031,19.6639,20.0,529.7
24032,19.6639,20.0,529.7
24033,19.6639,20.0,529.7
24034,19.6639,20.0,529.8
24035,19.6639,20.0,529.8
24036,19.6639,20.0,529.8
24037,19.6639,20.0,529.8
24038,19.6639,20.0,529.9
24039,19.6639,20.0,529.9
24040,19.6639,20.0,529.9
24041,19.6843,20.0,529.9
24042,19.6843,20.0,529.9
24043,19.6843,20.0,530.0
24044,19.6843,20.0,530.0
24045,19.6843,20.0,530.0
24046,19.6843,20.0,530.0
24047,19.6843,20.0,530.0
24048,19.6843,20.0,530.1
24049,19.6843,20.0,530.1
24050,19.6843,20.0,530.1
24051,19.6843,20.0,530.1
24052,19.6843,20.0,530.1
24053,19.6843,20.0,530.2
24054,19.6843,20.0,530.2
24055,19.6843,20.0,530.2
24056,19.6843,20.0,530.2
24057,19.6843,20.0,530.2
24058,19.6843,20.0,530.2
24059,19.6843,20.0,530.3
24060,19.6843,20.0,530.3
24061,19.7047,20.0,530.3
24062,19.7047,20.0,530.3
24063,19.7047,20.0,530.3
24064,19.7047,20.0,530.4
24065,19.7047,20.0,530.6
24066,19.7047,20.0,530.6
24067,19.7047,20.0,530.7
24068,19.7047,20.0,530.7
24069,19.7047,20.0,530.7
24070,19.7047,20.0,530.7
24071,19.7047,20.0,530.7
24072,19.7047,20.0,530.8
24073,19.7047,20.0,530.8
24074,19.7047,20.0,530.8
24075,19.7047,20.0,530.8
24076,19.7047,20.0,530.9
24077,19.7047,20.0,530.9
24078,19.7047,20.0,530.9
24079,19.7047,20.0,530.9
24080,19.7047,20.0,530.9
24081,19.7045,20.0,531.0
24082,19.7045,20.0,531.0
24083,19.7045,20.0,531.0
24084,19.7045,20.0,531.0
24085,19.7045,20.0,531.0
24086,19.7045,20.0,531.1
24087,19.7045,20.0,531.1
24088,19.7045,20.0,531.1
24089,19.7045,20.0,531.1
24090,19.7045,20.0,531.1
24091,19.7045,20.0,531.2
24092,19.7045,20.0,531.2
24093,19.7045,20.0,531.2
24094,19.7045,20.0,531.2
24095,19.7045,20.0,531.2
24096,19.7045,20.0,531.3
24097,19.7045,20.0,531.3
24098,19.7045,20.0,531.3
24099,19.7045,20.0,531.3
24100,19.7045,20.0,531.3
24101,19.7043,20.0,531.4
24102,19.7043,20.0,531.4
24103,19.7043,20.0,531.4
24104,19.7043,20.0,531.4
24105,19.7043,20.0,531.5
24106,19.7043,20.0,531.5
24107,19.7043,20.0,531.5
24108,19.7043,20.0,531.5
24109,19.7043,20.0,531.6
24110,19.7043,20.0,531.6
24111,19.7043,20.0,531.6
24112,19.7043,20.0,531.6
24113,19.7043,20.0,531.6
24114,19.7043,20.0,531.7
24115,19.7043,20.0,531.7
24116,19.7043,20.0,531.7
24117,19.7043,20.0,531.7
24118,19.7043,20.0,531.7
24119,19.7043,20.0,531.8
24120,19.7043,20.0,531.8
24121,19.7041,20.0,531.8
24122,19.7041,20.0,531.8
24123,19.7041,20.0,531.9
24124,19.7041,20.0,531.9
24125,19.7041,20.0,531.9
24126,19.7041,20.0,531.9
24127,19.7041,20.0,531.9
24128,19.7041,20.0,532.0
24129,19.7041,20.0,532.0
24130,19.7041,20.0,532.0
24131,19.7041,20.0,532.0
24132,19.7041,20.0,532.0
24133,19.7041,20.0,532.0
24134,19.7041,20.0,532.1
24135,19.7041,20.0,532.1
24136,19.7041,20.0,532.1
24137,19.7041,20.0,532.1
24138,19.7041,20.0,532.2
24139,19.7041,20.0,532.2
24140,19.7041,20.0,532.2
24141,19.7039,20.0,532.2
24142,19.7039,20.0,532.2
24143,19.7039,20.0,532.3
24144,19.7039,20.0,532.3
24145,19.7039,20.0,532.3
24146,19.7039,20.0,532.3
24147,19.7039,20.0,532.3
24148,19.7039,20.0,532.4
24149,19.7039,20.0,532.4
24150,19.7039,20.0,532.4
24151,19.7039,20.0,532.4
24152,19.7039,20.0,532.4
24153,19.7039,20.0,532.5
24154,19.7039,20.0,532.5
24155,19.7039,20.0,532.5
24156,19.7039,20.0,532.5
24157,19.7039,20.0,532.5
24158,19.7039,20.0,532.6
24159,19.7039,20.0,532.6
24160,19.7039,20.0,532.6
24161,19.7037,20.0,532.6
24162,19.7037,20.0,532.6
24163,19.7037,20.0,532.7
24164,19.7037,20.0,532.7
24165,19.7037,20.0,532.7
24166,19.7037,20.0,532.7
24167,19.7037,20.0,532.7
24168,19.7037,20.0,532.8
24169,19.7037,20.0,532.8
24170,19.7037,20.0,532.8
24171,19.7037,20.0,532.8
24172,19.7037,20.0,532.8
24173,19.7037,20.0,532.9
24174,19.7037,20.0,532.9
24175,19.7037,20.0,532.9
24176,19.7037,20.0,532.9
24177,19.7037,20.0,532.9
24178,19.7037,20.0,533.0
24179,19.7037,20.0,533.0
24180,19.7037,20.0,533.0
24181,19.7035,20.0,533.0
24182,19.7035,20.0,533.1
24183,19.7035,20.0,533.1
24184,19.7035,20.0,533.1
24185,19.7035,20.0,533.1
24186,19.7035,20.0,533.1
24187,19.7035,20.0,533.2
24188,19.7035,20.0,533.2
24189,19.7035,20.0,533.2
24190,19.7035,20.0,533.2
24191,19.7035,20.0,533.3
24192,19.7035,20.0,533.3
24193,19.7035,20.0,533.3
24194,19.7035,20.0,533.3
24195,19.7035,20.0,533.3
24196,19.7035,20.0,533.4
24197,19.7035,20.0,533.4
24198,19.7035,20.0,533.4
24199,19.7035,20.0,533.4
24200,19.7035,20.0,533.5
24201,19.7033,20.0,533.5
24202,19.7033,20.0,533.5
24203,19.7033,20.0,533.5
24204,19.7033,20.0,533.5
24205,19.7033,20.0,533.5
24206,19.7033,20.0,533.6
24207,19.7033,20.0,533.6
24208,19.7033,20.0,533.6
24209,19.7033,20.0,533.6
24210,19.7033,20.0,533.7
24211,19.7033,20.0,533.7
24212,19.7033,20.0,533.7
24213,19.7033,20.0,533.7
24214,19.7033,20.0,533.7
24215,19.7033,20.0,533.8
24216,19.7033,20.0,533.8
24217,19.7033,20.0,533.8
24218,19.7033,20.0,533.8
24219,19.7033,20.0,533.9
24220,19.7033,20.0,533.9
24221,19.7031,20.0,533.9
24222,19.7031,20.0,533.9
24223,19.7031,20.0,533.9
24224,19.7031,20.0,534.0
24225,19.7031,20.0,534.0
24226,19.7031,20.0,534.0
24227,19.7031,20.0,534.0
24228,19.7031,20.0,534.1
24229,19.7031,20.0,534.1
24230,19.7031,20.0,534.1
24231,19.7031,20.0,534.1
24232,19.7031,20.0,534.1
24233,19.7031,20.0,534.2
24234,19.7031,20.0,534.2
24235,19.7031,20.0,534.2
24236,19.7031,20.0,534.2
24237,19.7031,20.0,534.3
24238,19.7031,20.0,534.3
24239,19.7031,20.0,534.3
24240,19.7031,20.0,534.3
24241,19.7029,20.0,534.3
24242,19.7029,20.0,534.4
24243,19.7029,20.0,534.4
24244,19.7029,20.0,534.4
24245,19.7029,20.0,534.4
24246,19.7029,20.0,534.4
24247,19.7029,20.0,534.5
24248,19.7029,20.0,534.5
24249,19.7029,20.0,534.5
24250,19.7029,20.0,534.5
24251,19.7029,20.0,534.5
24252,19.7029,20.0,534.6
24253,19.7029,20.0,534.6
24254,19.7029,20.0,534.6
24255,19.7029,20.0,534.6
24256,19.7029,20.0,534.6
24257,19.7029,20.0,534.7
24258,19.7029,20.0,534.7
24259,19.7029,20.0,534.7
24260,19.7029,20.0,534.7
24261,19.7027,20.0,534.7
24262,19.7027,20.0,534.8
24263,19.7027,20.0,534.8
24264,19.7027,20.0,534.8
24265,19.7027,20.0,534.8
24266,19.7027,20.0,534.8
24267,19.7027,20.0,534.9
24268,19.7027,20.0,534.9
24269,19.7027,20.0,534.9
24270,19.7027,20.0,534.9
24271,19.7027,20.0,534.9
24272,19.7027,20.0,534.9
24273,19.7027,20.0,535.0
24274,19.7027,20.0,535.0
24275,19.7027,20.0,535.0
24276,19.7027,20.0,535.0
24277,19.7027,20.0,535.1
24278,19.7027,20.0,535.1
24279,19.7027,20.0,535.1
24280,19.7027,20.0,535.1
24281,19.7025,20.0,535.1
24282,19.7025,20.0,535.2
24283,19.7025,20.0,535.2
24284,19.7025,20.0,535.2
24285,19.7025,20.0,535.2
24286,19.7025,20.0,535.2
24287,19.7025,20.0,535.3
24288,19.7025,20.0,535.3
24289,19.7025,20.0,535.3
24290,19.7025,20.0,535.3
24291,19.7025,20.0,535.3
24292,19.7025,20.0,535.4
24293,19.7025,20.0,535.4
24294,19.7025,20.0,535.4
24295,19.7025,20.0,535.4
24296,19.7025,20.0,535.4
24297,19.7025,20.0,535.4
24298,19.7025,20.0,535.5
24299,19.7025,20.0,535.5
24300,19.7025,20.0,535.5
24301,19.7023,20.0,535.5
24302,19.7023,20.0,535.5
24303,19.7023,20.0,535.6
24304,19.7023,20.0,535.6
24305,19.7023,20.0,535.6
24306,19.7023,20.0,535.6
24307,19.7023,20.0,535.6
24308,19.7023,20.0,535.7
24309,19.7023,20.0,535.7
24310,19.7023,20.0,535.7
24311,19.7023,20.0,535.7
24312,19.7023,20.0,535.7
24313,19.7023,20.0,535.7
24314,19.7023,20.0,535.8
24315,19.7023,20.0,535.8
24316,19.7023,20.0,535.8
24317,19.7023,20.0,535.8
24318,19.7023,20.0,535.8
24319,19.7023,20.0,535.9
24320,19.7023,20.0,535.9
24321,19.7021,20.0,535.9
24322,19.7021,20.0,535.9
24323,19.7021,20.0,535.9
24324,19.7021,20.0,536.0
24325,19.7021,20.0,536.0
24326,19.7021,20.0,536.0
24327,19.7021,20.0,536.0
24328,19.7021,20.0,536.0
24329,19.7021,20.0,536.1
24330,19.7021,20.0,536.1
24331,19.7021,20.0,536.1
24332,19.7021,20.0,536.1
24333,19.7021,20.0,536.2
24334,19.7021,20.0,536.2
24335,19.7021,20.0,536.2
24336,19.7021,20.0,536.2
24337,19.7021,20.0,536.2
24338,19.7021,20.0,536.2
24339,19.7021,20.0,536.2
24340,19.7021,20.0,536.3
24341,19.7019,20.0,536.3
24342,19.7019,20.0,536.3
24343,19.7019,20.0,536.3
24344,19.7019,20.0,536.4
24345,19.7019,20.0,536.4
24346,19.7019,20.0,536.4
24347,19.7019,20.0,536.4
24348,19.7019,20.0,536.4
24349,19.7019,20.0,536.5
24350,19.7019,20.0,536.5
24351,19.7019,20.0,536.5
24352,19.7019,20.0,536.5
24353,19.7019,20.0,536.6
24354,19.7019,20.0,536.6
24355,19.7019,20.0,536.6
24356,19.7019,20.0,536.6
24357,19.7019,20.0,536.6
24358,19.7019,20.0,536.7
24359,19.7019,20.0,536.7
24360,19.7019,20.0,536.7
24361,19.7017,20.0,536.7
24362,19.7017,20.0,536.7
24363,19.7017,20.0,536.7
24364,19.7017,20.0,536.8
24365,19.7017,20.0,536.8
24366,19.7017,20.0,536.8
24367,19.7017,20.0,536.8
24368,19.7017,20.0,536.8
24369,19.7017,20.0,536.8
24370,19.7017,20.0,536.9
24371,19.7017,20.0,536.9
24372,19.7017,20.0,536.9
24373,19.7017,20.0,536.9
24374,19.7017,20.0,537.0
24375,19.7017,20.0,537.0
24376,19.7017,20.0,537.0
24377,19.7017,20.0,537.0
24378,19.7017,20.0,537.0
24379,19.7017,20.0,537.1
24380,19.7017,20.0,537.1
24381,19.7015,20.0,537.1
24382,19.7015,20.0,537.1
24383,19.7015,20.0,537.1
24384,19.7015,20.0,537.2
24385,19.7015,20.0,537.2
24386,19.7015,20.0,537.2
24387,19.7015,20.0,537.2
24388,19.7015,20.0,537.2
24389,19.7015,20.0,537.3
24390,19.7015,20.0,537.3
24391,19.7015,20.0,537.3
24392,19.7015,20.0,537.3
24393,19.7015,20.0,537.3
24394,19.7015,20.0,537.4
24395,19.7015,20.0,537.4
24396,19.7015,20.0,537.4
24397,19.7015,20.0,537.4
24398,19.7015,20.0,537.5
24399,19.7015,20.0,537.5
24400,19.7015,20.0,537.5
24401,19.7013,20.0,537.5
24402,19.7013,20.0,537.5
24403,19.7013,20.0,537.6
24404,19.7013,20.0,537.6
24405,19.7013,20.0,537.6
24406,19.7013,20.0,537.6
24407,19.7013,20.0,537.6
24408,19.7013,20.0,537.7
24409,19.7013,20.0,537.7
24410,19.7013,20.0,537.7
24411,19.7013,20.0,537.7
24412,19.7013,20.0,537.7
24413,19.7013,20.0,537.7
24414,19.7013,20.0,537.8
24415,19.7013,20.0,537.8
24416,19.7013,20.0,537.8
24417,19.7013,20.0,537.8
24418,19.7013,20.0,537.8
24419,19.7013,20.0,537.9
24420,19.7013,20.0,537.9
24421,19.7011,20.0,537.9
24422,19.7011,20.0,537.9
24423,19.7011,20.0,538.0
24424,19.7011,20.0,538.0
24425,19.7011,20.0,538.0
24426,19.7011,20.0,538.0
24427,19.7011,20.0,538.0
24428,19.7011,20.0,538.1
24429,19.7011,20.0,538.1
24430,19.7011,20.0,538.1
24431,19.7011,20.0,538.1
24432,19.7011,20.0,538.1
24433,19.7011,20.0,538.2
24434,19.7011,20.0,538.2
24435,19.7011,20.0,538.2
24436,19.7011,20.0,538.2
24437,19.7011,20.0,538.2
24438,19.7011,20.0,538.3
24439,19.7011,20.0,538.3
24440,19.7011,20.0,538.3
24441,19.7009,20.0,538.3
24442,19.7009,20.0,538.4
24443,19.7009,20.0,538.4
24444,19.7009,20.0,538.4
24445,19.7009,20.0,538.4
24446,19.7009,20.0,538.4
24447,19.7009,20.0,538.5
24448,19.7009,20.0,538.5
24449,19.7009,20.0,538.5
24450,19.7009,20.0,538.5
24451,19.7009,20.0,538.5
24452,19.7009,20.0,538.6
24453,19.7009,20.0,538.6
24454,19.7009,20.0,538.6
24455,19.7009,20.0,538.6
24456,19.7009,20.0,538.6
24457,19.7009,20.0,538.7
24458,19.7009,20.0,538.7
24459,19.7009,20.0,538.7
24460,19.7009,20.0,538.7
24461,19.7007,20.0,538.8
24462,19.7007,20.0,538.8
24463,19.7007,20.0,538.8
24464,19.7007,20.0,538.8
24465,19.7007,20.0,538.8
24466,19.7007,20.0,538.8
24467,19.7007,20.0,538.9
24468,19.7007,20.0,538.9
24469,19.7007,20.0,538.9
24470,19.7007,20.0,538.9
24471,19.7007,20.0,538.9
24472,19.7007,20.0,539.0
24473,19.7007,20.0,539.0
24474,19.7007,20.0,539.0
24475,19.7007,20.0,539.0
24476,19.7007,20.0,539.1
24477,19.7007,20.0,539.1
24478,19.7007,20.0,539.1
24479,19.7007,20.0,539.1
24480,19.7007,20.0,539.1
24481,19.7005,20.0,539.2
24482,19.7005,20.0,539.2
24483,19.7005,20.0,539.2
24484,19.7005,20.0,539.2
24485,19.7005,20.0,539.2
24486,19.7005,20.0,539.3
24487,19.7005,20.0,539.3
24488,19.7005,20.0,539.3
24489,19.7005,20.0,539.3
24490,19.7005,20.0,539.3
24491,19.7005,20.0,539.4
24492,19.7005,20.0,539.4
24493,19.7005,20.0,539.4
24494,19.7005,20.0,539.4
24495,19.7005,20.0,539.4
24496,19.7005,20.0,539.4
24497,19.7005,20.0,539.5
24498,19.7005,20.0,539.5
24499,19.7005,20.0,539.5
24500,19.7005,20.0,539.5
24501,19.7003,20.0,539.5
24502,19.7003,20.0,539.6
24503,19.7003,20.0,539.6
24504,19.7003,20.0,539.6
24505,19.7003,20.0,539.6
24506,19.7003,20.0,539.7
24507,19.7003,20.0,539.7
24508,19.7003,20.0,539.7
24509,19.7003,20.0,539.7
24510,19.7003,20.0,539.7
24511,19.7003,20.0,539.8
24512,19.7003,20.0,539.8
24513,19.7003,20.0,539.8
24514,19.7003,20.0,539.8
24515,19.7003,20.0,539.9
24516,19.7003,20.0,539.9
24517,19.7003,20.0,539.9
24518,19.7003,20.0,539.9
24519,19.7003,20.0,539.9
24520,19.7003,20.0,539.9
24521,19.7001,20.0,540.0
24522,19.7001,20.0,540.0
24523,19.7001,20.0,540.0
24524,19.7001,20.0,540.0
24525,19.7001,20.0,540.0
24526,19.7001,20.0,540.1
24527,19.7001,20.0,540.1
24528,19.7001,20.0,540.1
24529,19.7001,20.0,540.1
24530,19.7001,20.0,540.1
24531,19.7001,20.0,540.2
24532,19.7001,20.0,540.2
24533,19.7001,20.0,540.2
24534,19.7001,20.0,540.2
24535,19.7001,20.0,540.2
24536,19.7001,20.0,540.3
24537,19.7001,20.0,540.3
24538,19.7001,20.0,540.3
24539,19.7001,20.0,540.3
24540,19.7001,20.0,540.4
24541,19.6804,20.0,540.4
24542,19.6804,20.0,540.4
24543,19.6804,20.0,540.4
24544,19.6804,20.0,540.4
24545,19.6804,20.0,540.5
24546,19.6804,20.0,540.5
24547,19.6804,20.0,540.5
24548,19.6804,20.0,540.5
24549,19.6804,20.0,540.5
24550,19.6804,20.0,540.5
24551,19.6804,20.0,540.6
24552,19.6804,20.0,540.6
24553,19.6804,20.0,540.6
24554,19.6804,20.0,540.6
24555,19.6804,20.0,540.7
24556,19.6804,20.0,540.7
24557,19.6804,20.0,540.7
24558,19.6804,20.0,540.7
24559,19.6804,20.0,540.7
24560,19.6804,20.0,540.7
24561,19.6607,20.0,540.8
24562,19.6607,20.0,540.8
24563,19.6607,20.0,540.8
24564,19.6607,20.0,540.8
24565,19.6607,20.0,540.8
24566,19.6607,20.0,540.9
24567,19.6607,20.0,540.9
24568,19.6607,20.0,540.9
24569,19.6607,20.0,540.9
24570,19.6607,20.0,540.9
24571,19.6607,20.0,541.0
24572,19.6607,20.0,541.0
24573,19.6607,20.0,541.0
24574,19.6607,20.0,541.0
24575,19.6607,20.0,541.0
24576,19.6607,20.0,541.1
24577,19.6607,20.0,541.3
24578,19.6607,20.0,541.4
24579,19.6607,20.0,541.4
24580,19.6607,20.0,541.4
24581,19.6410,20.0,541.4
24582,19.6410,20.0,541.5
24583,19.6410,20.0,541.5
24584,19.6410,20.0,541.5
24585,19.6410,20.0,541.5
24586,19.6410,20.0,541.6
24587,19.6410,20.0,541.6
24588,19.6410,20.0,541.6
24589,19.6410,20.0,541.6
24590,19.6410,20.0,541.6
24591,19.6410,20.0,541.7
24592,19.6410,20.0,541.7
24593,19.6410,20.0,541.7
24594,19.6410,20.0,541.7
24595,19.6410,20.0,541.7
24596,19.6410,20.0,541.8
24597,19.6410,20.0,541.8
24598,19.6410,20.0,541.8
24599,19.6410,20.0,541.8
24600,19.6410,20.0,541.8
24601,19.6405,20.0,541.9
24602,19.6405,20.0,541.9
24603,19.6405,20.0,541.9
24604,19.6405,20.0,541.9
24605,19.6405,20.0,541.9
24606,19.6405,20.0,542.0
24607,19.6405,20.0,542.0
24608,19.6405,20.0,542.0
24609,19.6405,20.0,542.0
24610,19.6405,20.0,542.0
24611,19.6405,20.0,542.1
24612,19.6405,20.0,542.1
24613,19.6405,20.0,542.1
24614,19.6405,20.0,542.1
24615,19.6405,20.0,542.1
24616,19.6405,20.0,542.2
24617,19.6405,20.0,542.2
24618,19.6405,20.0,542.2
24619,19.6405,20.0,542.2
24620,19.6405,20.0,542.3
24621,19.6400,20.0,542.3
24622,19.6400,20.0,542.3
24623,19.6400,20.0,542.3
24624,19.6400,20.0,542.3
24625,19.6400,20.0,542.4
24626,19.6400,20.0,542.4
24627,19.6400,20.0,542.4
24628,19.6400,20.0,542.4
24629,19.6400,20.0,542.5
24630,19.6400,20.0,542.5
24631,19.6400,20.0,542.5
24632,19.6400,20.0,542.5
24633,19.6400,20.0,542.5
24634,19.6400,20.0,542.6
24635,19.6400,20.0,542.6
24636,19.6400,20.0,542.6
24637,19.6400,20.0,542.6
24638,19.6400,20.0,542.7
24639,19.6400,20.0,542.7
24640,19.6400,20.0,542.7
24641,19.6395,20.0,542.7
24642,19.6395,20.0,542.7
24643,19.6395,20.0,542.7
24644,19.6395,20.0,542.8
24645,19.6395,20.0,542.8
24646,19.6395,20.0,542.8
24647,19.6395,20.0,542.8
24648,19.6395,20.0,542.8
24649,19.6395,20.0,542.9
24650,19.6395,20.0,542.9
24651,19.6395,20.0,542.9
24652,19.6395,20.0,542.9
24653,19.6395,20.0,542.9
24654,19.6395,20.0,543.0
24655,19.6395,20.0,543.0
24656,19.6395,20.0,543.0
24657,19.6395,20.0,543.0
24658,19.6395,20.0,543.0
24659,19.6395,20.0,543.1
24660,19.6395,20.0,543.1
24661,19.6389,20.0,543.1
24662,19.6389,20.0,543.1
24663,19.6389,20.0,543.1
24664,19.6389,20.0,543.2
24665,19.6389,20.0,543.2
24666,19.6389,20.0,543.2
24667,19.6389,20.0,543.2
24668,19.6389,20.0,543.2
24669,19.6389,20.0,543.3
24670,19.6389,20.0,543.3
24671,19.6389,20.0,543.3
24672,19.6389,20.0,543.3
24673,19.6389,20.0,543.3
24674,19.6389,20.0,543.4
24675,19.6389,20.0,543.4
24676,19.6389,20.0,543.4
24677,19.6389,20.0,543.4
24678,19.6389,20.0,543.4
24679,19.6389,20.0,543.5
24680,19.6389,20.0,543.5
24681,19.6384,20.0,543.5
24682,19.6384,20.0,543.5
24683,19.6384,20.0,543.5
24684,19.6384,20.0,543.6
24685,19.6384,20.0,543.6
24686,19.6384,20.0,543.6
24687,19.6384,20.0,543.6
24688,19.6384,20.0,543.7
24689,19.6384,20.0,543.7
24690,19.6384,20.0,543.7
24691,19.6384,20.0,543.7
24692,19.6384,20.0,543.7
24693,19.6384,20.0,543.8
24694,19.6384,20.0,543.8
24695,19.6384,20.0,543.8
24696,19.6384,20.0,543.8
24697,19.6384,20.0,543.8
24698,19.6384,20.0,543.9
24699,19.6384,20.0,543.9
24700,19.6384,20.0,543.9
24701,19.6379,20.0,543.9
24702,19.6379,20.0,544.0
24703,19.6379,20.0,544.0
24704,19.6379,20.0,544.0
24705,19.6379,20.0,544.0
24706,19.6379,20.0,544.1
24707,19.6379,20.0,544.1
24708,19.6379,20.0,544.1
24709,19.6379,20.0,544.1
24710,19.6379,20.0,544.1
24711,19.6379,20.0,544.2
24712,19.6379,20.0,544.2
24713,19.6379,20.0,544.2
24714,19.6379,20.0,544.2
24715,19.6379,20.0,544.2
24716,19.6379,20.0,544.3
24717,19.6379,20.0,544.3
24718,19.6379,20.0,544.3
24719,19.6379,20.0,544.3
24720,19.6379,20.0,544.3
24721,19.6374,20.0,544.4
24722,19.6374,20.0,544.4
24723,19.6374,20.0,544.4
24724,19.6374,20.0,544.4
24725,19.6374,20.0,544.4
24726,19.6374,20.0,544.4
24727,19.6374,20.0,544.5
24728,19.6374,20.0,544.5
24729,19.6374,20.0,544.5
24730,19.6374,20.0,544.5
24731,19.6374,20.0,544.5
24732,19.6374,20.0,544.5
24733,19.6374,20.0,544.6
24734,19.6374,20.0,544.6
24735,19.6374,20.0,544.6
24736,19.6374,20.0,544.6
24737,19.6374,20.0,544.7
24738,19.6374,20.0,544.7
24739,19.6374,20.0,544.7
24740,19.6374,20.0,544.7
24741,19.6369,20.0,544.7
24742,19.6369,20.0,544.8
24743,19.6369,20.0,544.8
24744,19.6369,20.0,544.8
24745,19.6369,20.0,544.8
24746,19.6369,20.0,544.8
24747,19.6369,20.0,544.8
24748,19.6369,20.0,544.9
24749,19.6369,20.0,544.9
24750,19.6369,20.0,544.9
24751,19.6369,20.0,544.9
24752,19.6369,20.0,544.9
24753,19.6369,20.0,545.0
24754,19.6369,20.0,545.0
24755,19.6369,20.0,545.0
24756,19.6369,20.0,545.0
24757,19.6369,20.0,545.1
24758,19.6369,20.0,545.1
24759,19.6369,20.0,545.1
24760,19.6369,20.0,545.1
24761,19.6364,20.0,545.1
24762,19.6364,20.0,545.2
24763,19.6364,20.0,545.2
24764,19.6364,20.0,545.2
24765,19.6364,20.0,545.2
24766,19.6364,20.0,545.2
24767,19.6364,20.0,545.3
24768,19.6364,20.0,545.3
24769,19.6364,20.0,545.3
24770,19.6364,20.0,545.3
24771,19.6364,20.0,545.3
24772,19.6364,20.0,545.3
24773,19.6364,20.0,545.4
24774,19.6364,20.0,545.4
24775,19.6364,20.0,545.4
24776,19.6364,20.0,545.4
24777,19.6364,20.0,545.5
24778,19.6364,20.0,545.5
24779,19.6364,20.0,545.5
24780,19.6364,20.0,545.5
24781,19.6359,20.0,545.5
24782,19.6359,20.0,545.6
24783,19.6359,20.0,545.6
24784,19.6359,20.0,545.6
24785,19.6359,20.0,545.6
24786,19.6359,20.0,545.6
24787,19.6359,20.0,545.6
24788,19.6359,20.0,545.7
24789,19.6359,20.0,545.7
24790,19.6359,20.0,545.7
24791,19.6359,20.0,545.7
24792,19.6359,20.0,545.8
24793,19.6359,20.0,545.8
24794,19.6359,20.0,545.8
24795,19.6359,20.0,545.8
24796,19.6359,20.0,545.8
24797,19.6359,20.0,545.9
24798,19.6359,20.0,545.9
24799,19.6359,20.0,545.9
24800,19.6359,20.0,545.9
24801,19.6354,20.0,546.0
24802,19.6354,20.0,546.0
24803,19.6354,20.0,546.0
24804,19.6354,20.0,546.0
24805,19.6354,20.0,546.0
24806,19.6354,20.0,546.1
24807,19.6354,20.0,546.1
24808,19.6354,20.0,546.1
24809,19.6354,20.0,546.1
24810,19.6354,20.0,546.1
24811,19.6354,20.0,546.1
24812,19.6354,20.0,546.2
24813,19.6354,20.0,546.2
24814,19.6354,20.0,546.2
24815,19.6354,20.0,546.2
24816,19.6354,20.0,546.3
24817,19.6354,20.0,546.3
24818,19.6354,20.0,546.3
24819,19.6354,20.0,546.3
24820,19.6354,20.0,546.3
24821,19.6349,20.0,546.4
24822,19.6349,20.0,546.4
24823,19.6349,20.0,546.4
24824,19.6349,20.0,546.4
24825,19.6349,20.0,546.4
24826,19.6349,20.0,546.5
24827,19.6349,20.0,546.5
24828,19.6349,20.0,546.5
24829,19.6349,20.0,546.5
24830,19.6349,20.0,546.6
24831,19.6349,20.0,546.6
24832,19.6349,20.0,546.6
24833,19.6349,20.0,546.6
24834,19.6349,20.0,546.6
24835,19.6349,20.0,546.7
24836,19.6349,20.0,546.7
24837,19.6349,20.0,546.7
24838,19.6349,20.0,546.7
24839,19.6349,20.0,546.8
24840,19.6349,20.0,546.8
24841,19.6344,20.0,546.8
24842,19.6344,20.0,546.8
24843,19.6344,20.0,546.8
24844,19.6344,20.0,546.9
24845,19.6344,20.0,546.9
24846,19.6344,20.0,546.9
24847,19.6344,20.0,546.9
24848,19.6344,20.0,546.9
24849,19.6344,20.0,547.0
24850,19.6344,20.0,547.0
24851,19.6344,20.0,547.0
24852,19.6344,20.0,547.0
24853,19.6344,20.0,547.0
24854,19.6344,20.0,547.1
24855,19.6344,20.0,547.1
24856,19.6344,20.0,547.1
24857,19.6344,20.0,547.1
24858,19.6344,20.0,547.1
24859,19.6344,20.0,547.2
24860,19.6344,20.0,547.2
24861,19.6339,20.0,547.2
24862,19.6339,20.0,547.2
24863,19.6339,20.0,547.2
24864,19.6339,20.0,547.3
24865,19.6339,20.0,547.3
24866,19.6339,20.0,547.3
24867,19.6339,20.0,547.3
24868,19.6339,20.0,547.3
24869,19.6339,20.0,547.4
24870,19.6339,20.0,547.4
24871,19.6339,20.0,547.4
24872,19.6339,20.0,547.4
24873,19.6339,20.0,547.4
24874,19.6339,20.0,547.5
24875,19.6339,20.0,547.5
24876,19.6339,20.0,547.5
24877,19.6339,20.0,547.5
24878,19.6339,20.0,547.5
24879,19.6339,20.0,547.6
24880,19.6339,20.0,547.6
24881,19.6334,20.0,547.6
24882,19.6334,20.0,547.6
24883,19.6334,20.0,547.6
24884,19.6334,20.0,547.7
24885,19.6334,20.0,547.7
24886,19.6334,20.0,547.7
24887,19.6334,20.0,547.7
24888,19.6334,20.0,547.7
24889,19.6334,20.0,547.8
24890,19.6334,20.0,547.8
24891,19.6334,20.0,547.8
24892,19.6334,20.0,547.8
24893,19.6334,20.0,547.8
24894,19.6334,20.0,547.8
24895,19.6334,20.0,547.9
24896,19.6334,20.0,547.9
24897,19.6334,20.0,547.9
24898,19.6334,20.0,547.9
24899,19.6334,20.0,548.0
24900,19.6334,20.0,548.0
24901,19.6329,20.0,548.0
24902,19.6329,20.0,548.0
24903,19.6329,20.0,548.0
24904,19.6329,20.0,548.1
24905,19.6329,20.0,548.1
24906,19.6329,20.0,548.1
24907,19.6329,20.0,548.1
24908,19.6329,20.0,548.1
24909,19.6329,20.0,548.2
24910,19.6329,20.0,548.2
24911,19.6329,20.0,548.2
24912,19.6329,20.0,548.2
24913,19.6329,20.0,548.2
24914,19.6329,20.0,548.3
24915,19.6329,20.0,548.3
24916,19.6329,20.0,548.3
24917,19.6329,20.0,548.3
24918,19.6329,20.0,548.3
24919,19.6329,20.0,548.4
24920,19.6329,20.0,548.4
24921,19.6324,20.0,548.4
24922,19.6324,20.0,548.4
24923,19.6324,20.0,548.4
24924,19.6324,20.0,548.5
24925,19.6324,20.0,548.5
24926,19.6324,20.0,548.5
24927,19.6324,20.0,548.5
24928,19.6324,20.0,548.5
24929,19.6324,20.0,548.6
24930,19.6324,20.0,548.6
24931,19.6324,20.0,548.6
24932,19.6324,20.0,548.6
24933,19.6324,20.0,548.6
24934,19.6324,20.0,548.7
24935,19.6324,20.0,548.7
24936,19.6324,20.0,548.7
24937,19.6324,20.0,548.7
24938,19.6324,20.0,548.7
24939,19.6324,20.0,548.8
24940,19.6324,20.0,548.8
24941,19.6318,20.0,548.8
24942,19.6318,20.0,548.8
24943,19.6318,20.0,548.8
24944,19.6318,20.0,548.9
24945,19.6318,20.0,548.9
24946,19.6318,20.0,548.9
24947,19.6318,20.0,548.9
24948,19.6318,20.0,548.9
24949,19.6318,20.0,549.0
24950,19.6318,20.0,549.0
24951,19.6318,20.0,549.0
24952,19.6318,20.0,549.0
24953,19.6318,20.0,549.0
24954,19.6318,20.0,549.0
24955,19.6318,20.0,549.1
24956,19.6318,20.0,549.1
24957,19.6318,20.0,549.1
24958,19.6318,20.0,549.1
24959,19.6318,20.0,549.1
24960,19.6318,20.0,549.2
24961,19.6313,20.0,549.2
24962,19.6313,20.0,549.2
24963,19.6313,20.0,549.2
24964,19.6313,20.0,549.2
24965,19.6313,20.0,549.3
24966,19.6313,20.0,549.3
24967,19.6313,20.0,549.3
24968,19.6313,20.0,549.3
24969,19.6313,20.0,549.3
24970,19.6313,20.0,549.4
24971,19.6313,20.0,549.4
24972,19.6313,20.0,549.4
24973,19.6313,20.0,549.4
24974,19.6313,20.0,549.4
24975,19.6313,20.0,549.5
24976,19.6313,20.0,549.5
24977,19.6313,20.0,549.5
24978,19.6313,20.0,549.5
24979,19.6313,20.0,549.5
24980,19.6313,20.0,549.6
24981,19.6308,20.0,549.6
24982,19.6308,20.0,549.6
24983,19.6308,20.0,549.6
24984,19.6308,20.0,549.6
24985,19.6308,20.0,549.7
24986,19.6308,20.0,549.7
24987,19.6308,20.0,549.7
24988,19.6308,20.0,549.7
24989,19.6308,20.0,549.7
24990,19.6308,20.0,549.8
24991,19.6308,20.0,549.8
24992,19.6308,20.0,549.8
24993,19.6308,20.0,549.8
24994,19.6308,20.0,549.8
24995,19.6308,20.0,549.9
24996,19.6308,20.0,549.9
24997,19.6308,20.0,549.9
24998,19.6308,20.0,549.9
24999,19.6308,20.0,549.9
25000,19.6308,20.0,550.0
25001,19.6303,20.0,550.0
25002,19.6303,20.0,550.0
25003,19.6303,20.0,550.0
25004,19.6303,20.0,550.0
25005,19.6303,20.0,550.1
25006,19.6303,20.0,550.1
25007,19.6303,20.0,550.1
25008,19.6303,20.0,550.1
25009,19.6303,20.0,550.1
25010,19.6303,20.0,550.1
25011,19.6303,20.0,550.2
25012,19.6303,20.0,550.2
25013,19.6303,20.0,550.2
25014,19.6303,20.0,550.2
25015,19.6303,20.0,550.2
25016,19.6303,20.0,550.3
25017,19.6303,20.0,550.3
25018,19.6303,20.0,550.3
25019,19.6303,20.0,550.3
25020,19.6303,20.0,550.3
25021,19.6298,20.0,550.4
25022,19.6298,20.0,550.4
25023,19.6298,20.0,550.4
25024,19.6298,20.0,550.4
25025,19.6298,20.0,550.4
25026,19.6298,20.0,550.5
25027,19.6298,20.0,550.5
25028,19.6298,20.0,550.5
25029,19.6298,20.0,550.5
25030,19.6298,20.0,550.5
25031,19.6298,20.0,550.6
25032,19.6298,20.0,550.6
25033,19.6298,20.0,550.6
25034,19.6298,20.0,550.6
25035,19.6298,20.0,550.7
25036,19.6298,20.0,550.7
25037,19.6298,20.0,550.7
25038,19.6298,20.0,550.7
25039,19.6298,20.0,550.7
25040,19.6298,20.0,550.8
25041,19.6293,20.0,550.8
25042,19.6293,20.0,550.8
25043,19.6293,20.0,550.8
25044,19.6293,20.0,550.8
25045,19.6293,20.0,550.8
25046,19.6293,20.0,550.9
25047,19.6293,20.0,550.9
25048,19.6293,20.0,550.9
25049,19.6293,20.0,550.9
25050,19.6293,20.0,551.0
25051,19.6293,20.0,551.0
25052,19.6293,20.0,551.0
25053,19.6293,20.0,551.0
25054,19.6293,20.0,551.0
25055,19.6293,20.0,551.1
25056,19.6293,20.0,551.1
25057,19.6293,20.0,551.1
25058,19.6293,20.0,551.1
25059,19.6293,20.0,551.1
25060,19.6293,20.0,551.2
25061,19.6288,20.0,551.2
25062,19.6288,20.0,551.2
25063,19.6288,20.0,551.2
25064,19.6288,20.0,551.2
25065,19.6288,20.0,551.3
25066,19.6288,20.0,551.3
25067,19.6288,20.0,551.3
25068,19.6288,20.0,551.3
25069,19.6288,20.0,551.3
25070,19.6288,20.0,551.4
25071,19.6288,20.0,551.4
25072,19.6288,20.0,551.4
25073,19.6288,20.0,551.4
25074,19.6288,20.0,551.5
25075,19.6288,20.0,551.5
25076,19.6288,20.0,551.5
25077,19.6288,20.0,551.5
25078,19.6288,20.0,551.5
25079,19.6288,20.0,551.6
25080,19.6288,20.0,551.6
25081,19.6283,20.0,551.6
25082,19.6283,20.0,551.6
25083,19.6283,20.0,551.6
25084,19.6283,20.0,551.7
25085,19.6283,20.0,551.7
25086,19.6283,20.0,551.7
25087,19.6283,20.0,551.7
25088,19.6283,20.0,551.7
25089,19.6283,20.0,552.0
25090,19.6283,20.0,552.0
25091,19.6283,20.0,552.1
25092,19.6283,20.0,552.1
25093,19.6283,20.0,552.1
25094,19.6283,20.0,552.1
25095,19.6283,20.0,552.1
25096,19.6283,20.0,552.2
25097,19.6283,20.0,552.2
25098,19.6283,20.0,552.2
25099,19.6283,20.0,552.2
25100,19.6283,20.0,552.2
25101,19.6278,20.0,552.3
25102,19.6278,20.0,552.3
25103,19.6278,20.0,552.3
25104,19.6278,20.0,552.3
25105,19.6278,20.0,552.4
25106,19.6278,20.0,552.4
25107,19.6278,20.0,552.4
25108,19.6278,20.0,552.4
25109,19.6278,20.0,552.5
25110,19.6278,20.0,552.5
25111,19.6278,20.0,552.5
25112,19.6278,20.0,552.5
25113,19.6278,20.0,552.5
25114,19.6278,20.0,552.6
25115,19.6278,20.0,552.6
25116,19.6278,20.0,552.6
25117,19.6278,20.0,552.6
25118,19.6278,20.0,552.6
25119,19.6278,20.0,552.7
25120,19.6278,20.0,552.7
25121,19.6273,20.0,552.7
25122,19.6273,20.0,552.7
25123,19.6273,20.0,552.7
25124,19.6273,20.0,552.8
25125,19.6273,20.0,552.8
25126,19.6273,20.0,552.8
25127,19.6273,20.0,552.8
25128,19.6273,20.0,552.9
25129,19.6273,20.0,552.9
25130,19.6273,20.0,552.9
25131,19.6273,20.0,552.9
25132,19.6273,20.0,552.9
25133,19.6273,20.0,553.0
25134,19.6273,20.0,553.0
25135,19.6273,20.0,553.0
25136,19.6273,20.0,553.0
25137,19.6273,20.0,553.0
25138,19.6273,20.0,553.0
25139,19.6273,20.0,553.1
25140,19.6273,20.0,553.1
25141,19.6268,20.0,553.1
25142,19.6268,20.0,553.1
25143,19.6268,20.0,553.2
25144,19.6268,20.0,553.2
25145,19.6268,20.0,553.2
25146,19.6268,20.0,553.2
25147,19.6268,20.0,553.2
25148,19.6268,20.0,553.3
25149,19.6268,20.0,553.3
25150,19.6268,20.0,553.3
25151,19.6268,20.0,553.3
25152,19.6268,20.0,553.4
25153,19.6268,20.0,553.4
25154,19.6268,20.0,553.4
25155,19.6268,20.0,553.4
25156,19.6268,20.0,553.4
25157,19.6268,20.0,553.5
25158,19.6268,20.0,553.5
25159,19.6268,20.0,553.5
25160,19.6268,20.0,553.5
25161,19.6263,20.0,553.5
25162,19.6263,20.0,553.6
25163,19.6263,20.0,553.6
25164,19.6263,20.0,553.6
25165,19.6263,20.0,553.6
25166,19.6263,20.0,553.6
25167,19.6263,20.0,553.7
25168,19.6263,20.0,553.7
25169,19.6263,20.0,553.7
25170,19.6263,20.0,553.7
25171,19.6263,20.0,553.8
25172,19.6263,20.0,553.8
25173,19.6263,20.0,553.8
25174,19.6263,20.0,553.8
25175,19.6263,20.0,553.8
25176,19.6263,20.0,553.9
25177,19.6263,20.0,553.9
25178,19.6263,20.0,553.9
25179,19.6263,20.0,553.9
25180,19.6263,20.0,554.0
25181,19.6258,20.0,554.0
25182,19.6258,20.0,554.0
25183,19.6258,20.0,554.0
25184,19.6258,20.0,554.0
25185,19.6258,20.0,554.1
25186,19.6258,20.0,554.1
25187,19.6258,20.0,554.1
25188,19.6258,20.0,554.1
25189,19.6258,20.0,554.1
25190,19.6258,20.0,554.2
25191,19.6258,20.0,554.2
25192,19.6258,20.0,554.2
25193,19.6258,20.0,554.2
25194,19.6258,20.0,554.2
25195,19.6258,20.0,554.3
25196,19.6258,20.0,554.3
25197,19.6258,20.0,554.3
25198,19.6258,20.0,554.3
25199,19.6258,20.0,554.3
25200,19.6258,20.0,554.4
25201,19.6252,20.0,554.4
25202,19.6252,20.0,554.4
25203,19.6252,20.0,554.4
25204,19.6252,20.0,554.5
25205,19.6252,20.0,554.5
25206,19.6252,20.0,554.5
25207,19.6252,20.0,554.6
25208,19.6252,20.0,554.6
25209,19.6252,20.0,554.6
25210,19.6252,20.0,554.6
25211,19.6252,20.0,554.6
25212,19.6252,20.0,554.7
25213,19.6252,20.0,554.7
25214,19.6252,20.0,554.7
25215,19.6252,20.0,554.7
25216,19.6252,20.0,554.8
25217,19.6252,20.0,554.8
25218,19.6252,20.0,554.8
25219,19.6252,20.0,554.8
25220,19.6252,20.0,554.8
25221,19.6247,20.0,554.9
25222,19.6247,20.0,554.9
25223,19.6247,20.0,554.9
25224,19.6247,20.0,554.9
25225,19.6247,20.0,555.0
25226,19.6247,20.0,555.0
25227,19.6247,20.0,555.0
25228,19.6247,20.0,555.0
25229,19.6247,20.0,555.1
25230,19.6247,20.0,555.1
25231,19.6247,20.0,555.1
25232,19.6247,20.0,555.1
25233,19.6247,20.0,555.1
25234,19.6247,20.0,555.2
25235,19.6247,20.0,555.2
25236,19.6247,20.0,555.2
25237,19.6247,20.0,555.2
25238,19.6247,20.0,555.2
25239,19.6247,20.0,555.3
25240,19.6247,20.0,555.3
25241,19.6242,20.0,555.3
25242,19.6242,20.0,555.3
25243,19.6242,20.0,555.4
25244,19.6242,20.0,555.4
25245,19.6242,20.0,555.4
25246,19.6242,20.0,555.4
25247,19.6242,20.0,555.5
25248,19.6242,20.0,555.5
25249,19.6242,20.0,555.5
25250,19.6242,20.0,555.5
25251,19.6242,20.0,555.5
25252,19.6242,20.0,555.6
25253,19.6242,20.0,555.6
25254,19.6242,20.0,555.6
25255,19.6242,20.0,555.6
25256,19.6242,20.0,555.6
25257,19.6242,20.0,555.7
25258,19.6242,20.0,555.7
25259,19.6242,20.0,555.7
25260,19.6242,20.0,555.7
25261,19.6237,20.0,555.7
25262,19.6237,20.0,555.7
25263,19.6237,20.0,555.8
25264,19.6237,20.0,555.8
25265,19.6237,20.0,555.8
25266,19.6237,20.0,555.8
25267,19.6237,20.0,555.8
25268,19.6237,20.0,555.9
25269,19.6237,20.0,555.9
25270,19.6237,20.0,555.9
25271,19.6237,20.0,555.9
25272,19.6237,20.0,556.0
25273,19.6237,20.0,556.0
25274,19.6237,20.0,556.0
25275,19.6237,20.0,556.0
25276,19.6237,20.0,556.0
25277,19.6237,20.0,556.1
25278,19.6237,20.0,556.1
25279,19.6237,20.0,556.1
25280,19.6237,20.0,556.1
25281,19.6232,20.0,556.1
25282,19.6232,20.0,556.2
25283,19.6232,20.0,556.2
25284,19.6232,20.0,556.2
25285,19.6232,20.0,556.2
25286,19.6232,20.0,556.2
25287,19.6232,20.0,556.3
25288,19.6232,20.0,556.3
25289,19.6232,20.0,556.3
25290,19.6232,20.0,556.3
25291,19.6232,20.0,556.3
25292,19.6232,20.0,556.4
25293,19.6232,20.0,556.4
25294,19.6232,20.0,556.4
25295,19.6232,20.0,556.4
25296,19.6232,20.0,556.5
25297,19.6232,20.0,556.5
25298,19.6232,20.0,556.5
25299,19.6232,20.0,556.5
25300,19.6232,20.0,556.6
25301,19.6227,20.0,556.6
25302,19.6227,20.0,556.6
25303,19.6227,20.0,556.6
25304,19.6227,20.0,556.7
25305,19.6227,20.0,556.7
25306,19.6227,20.0,556.7
25307,19.6227,20.0,556.7
25308,19.6227,20.0,556.7
25309,19.6227,20.0,556.8
25310,19.6227,20.0,556.8
25311,19.6227,20.0,556.8
25312,19.6227,20.0,556.8
25313,19.6227,20.0,556.9
25314,19.6227,20.0,556.9
25315,19.6227,20.0,556.9
25316,19.6227,20.0,556.9
25317,19.6227,20.0,556.9
25318,19.6227,20.0,557.0
25319,19.6227,20.0,557.0
25320,19.6227,20.0,557.0
25321,19.6222,20.0,557.0
25322,19.6222,20.0,557.1
25323,19.6222,20.0,557.1
25324,19.6222,20.0,557.1
25325,19.6222,20.0,557.1
25326,19.6222,20.0,557.1
25327,19.6222,20.0,557.2
25328,19.6222,20.0,557.2
25329,19.6222,20.0,557.2
25330,19.6222,20.0,557.2
25331,19.6222,20.0,557.2
25332,19.6222,20.0,557.3
25333,19.6222,20.0,557.3
25334,19.6222,20.0,557.3
25335,19.6222,20.0,557.3
25336,19.6222,20.0,557.3
25337,19.6222,20.0,557.4
25338,19.6222,20.0,557.4
25339,19.6222,20.0,557.4
25340,19.6222,20.0,557.4
25341,19.6217,20.0,557.4
25342,19.6217,20.0,557.5
25343,19.6217,20.0,557.5
25344,19.6217,20.0,557.5
25345,19.6217,20.0,557.5
25346,19.6217,20.0,557.5
25347,19.6217,20.0,557.6
25348,19.6217,20.0,557.6
25349,19.6217,20.0,557.6
25350,19.6217,20.0,557.6
25351,19.6217,20.0,557.7
25352,19.6217,20.0,557.7
25353,19.6217,20.0,557.7
25354,19.6217,20.0,557.7
25355,19.6217,20.0,557.7
25356,19.6217,20.0,557.7
25357,19.6217,20.0,557.8
25358,19.6217,20.0,557.8
25359,19.6217,20.0,557.8
25360,19.6217,20.0,557.8
25361,19.6212,20.0,557.9
25362,19.6212,20.0,557.9
25363,19.6212,20.0,557.9
25364,19.6212,20.0,557.9
25365,19.6212,20.0,557.9
25366,19.6212,20.0,558.0
25367,19.6212,20.0,558.0
25368,19.6212,20.0,558.0
25369,19.6212,20.0,558.0
25370,19.6212,20.0,558.0
25371,19.6212,20.0,558.1
25372,19.6212,20.0,558.1
25373,19.6212,20.0,558.1
25374,19.6212,20.0,558.1
25375,19.6212,20.0,558.1
25376,19.6212,20.0,558.2
25377,19.6212,20.0,558.2
25378,19.6212,20.0,558.2
25379,19.6212,20.0,558.2
25380,19.6212,20.0,558.2
25381,19.6207,20.0,558.3
25382,19.6207,20.0,558.3
25383,19.6207,20.0,558.3
25384,19.6207,20.0,558.3
25385,19.6207,20.0,558.4
25386,19.6207,20.0,558.4
25387,19.6207,20.0,558.4
25388,19.6207,20.0,558.4
25389,19.6207,20.0,558.4
25390,19.6207,20.0,558.5
25391,19.6207,20.0,558.5
25392,19.6207,20.0,558.5
25393,19.6207,20.0,558.5
25394,19.6207,20.0,558.5
25395,19.6207,20.0,558.6
25396,19.6207,20.0,558.6
25397,19.6207,20.0,558.6
25398,19.6207,20.0,558.6
25399,19.6207,20.0,558.7
25400,19.6207,20.0,558.7
25401,19.6202,20.0,558.7
25402,19.6202,20.0,558.7
25403,19.6202,20.0,558.7
25404,19.6202,20.0,558.8
25405,19.6202,20.0,558.8
25406,19.6202,20.0,558.8
25407,19.6202,20.0,558.8
25408,19.6202,20.0,558.8
25409,19.6202,20.0,558.9
25410,19.6202,20.0,558.9
25411,19.6202,20.0,558.9
25412,19.6202,20.0,558.9
25413,19.6202,20.0,558.9
25414,19.6202,20.0,559.0
25415,19.6202,20.0,559.0
25416,19.6202,20.0,559.0
25417,19.6202,20.0,559.0
25418,19.6202,20.0,559.0
25419,19.6202,20.0,559.1
25420,19.6202,20.0,559.1
25421,19.6197,20.0,559.1
25422,19.6197,20.0,559.1
25423,19.6197,20.0,559.1
25424,19.6197,20.0,559.2
25425,19.6197,20.0,559.2
25426,19.6197,20.0,559.2
25427,19.6197,20.0,559.2
25428,19.6197,20.0,559.2
25429,19.6197,20.0,559.3
25430,19.6197,20.0,559.3
25431,19.6197,20.0,559.3
25432,19.6197,20.0,559.3
25433,19.6197,20.0,559.3
25434,19.6197,20.0,559.4
25435,19.6197,20.0,559.4
25436,19.6197,20.0,559.4
25437,19.6197,20.0,559.4
25438,19.6197,20.0,559.4
25439,19.6197,20.0,559.4
25440,19.6197,20.0,559.5
25441,19.6192,20.0,559.5
25442,19.6192,20.0,559.5
25443,19.6192,20.0,559.5
25444,19.6192,20.0,559.6
25445,19.6192,20.0,559.6
25446,19.6192,20.0,559.6
25447,19.6192,20.0,559.6
25448,19.6192,20.0,559.7
25449,19.6192,20.0,559.7
25450,19.6192,20.0,559.7
25451,19.6192,20.0,559.7
25452,19.6192,20.0,559.7
25453,19.6192,20.0,559.8
25454,19.6192,20.0,559.8
25455,19.6192,20.0,559.8
25456,19.6192,20.0,559.8
25457,19.6192,20.0,559.9
25458,19.6192,20.0,559.9
25459,19.6192,20.0,559.9
25460,19.6192,20.0,559.9
25461,19.6187,20.0,559.9
25462,19.6187,20.0,560.0
25463,19.6187,20.0,560.0
25464,19.6187,20.0,560.0
25465,19.6187,20.0,560.0
25466,19.6187,20.0,560.0
25467,19.6187,20.0,560.1
25468,19.6187,20.0,560.1
25469,19.6187,20.0,560.1
25470,19.6187,20.0,560.1
25471,19.6187,20.0,560.1
25472,19.6187,20.0,560.2
25473,19.6187,20.0,560.2
25474,19.6187,20.0,560.2
25475,19.6187,20.0,560.2
25476,19.6187,20.0,560.2
25477,19.6187,20.0,560.3
25478,19.6187,20.0,560.3
25479,19.6187,20.0,560.3
25480,19.6187,20.0,560.3
25481,19.6181,20.0,560.3
25482,19.6181,20.0,560.4
25483,19.6181,20.0,560.4
25484,19.6181,20.0,560.4
25485,19.6181,20.0,560.4
25486,19.6181,20.0,560.4
25487,19.6181,20.0,560.5
25488,19.6181,20.0,560.5
25489,19.6181,20.0,560.5
25490,19.6181,20.0,560.5
25491,19.6181,20.0,560.5
25492,19.6181,20.0,560.5
25493,19.6181,20.0,560.6
25494,19.6181,20.0,560.6
25495,19.6181,20.0,560.6
25496,19.6181,20.0,560.6
25497,19.6181,20.0,560.6
25498,19.6181,20.0,560.7
25499,19.6181,20.0,560.7
25500,19.6181,20.0,560.7
25501,19.6176,20.0,560.7
25502,19.6176,20.0,560.7
25503,19.6176,20.0,560.8
25504,19.6176,20.0,560.8
25505,19.6176,20.0,560.8
25506,19.6176,20.0,560.8
25507,19.6176,20.0,560.8
25508,19.6176,20.0,560.9
25509,19.6176,20.0,560.9
25510,19.6176,20.0,560.9
25511,19.6176,20.0,560.9
25512,19.6176,20.0,560.9
25513,19.6176,20.0,561.0
25514,19.6176,20.0,561.0
25515,19.6176,20.0,561.0
25516,19.6176,20.0,561.0
25517,19.6176,20.0,561.1
25518,19.6176,20.0,561.1
25519,19.6176,20.0,561.1
25520,19.6176,20.0,561.1
25521,19.6171,20.0,561.1
25522,19.6171,20.0,561.2
25523,19.6171,20.0,561.2
25524,19.6171,20.0,561.2
25525,19.6171,20.0,561.2
25526,19.6171,20.0,561.2
25527,19.6171,20.0,561.3
25528,19.6171,20.0,561.3
25529,19.6171,20.0,561.3
25530,19.6171,20.0,561.3
25531,19.6171,20.0,561.3
25532,19.6171,20.0,561.3
25533,19.6171,20.0,561.4
25534,19.6171,20.0,561.4
25535,19.6171,20.0,561.4
25536,19.6171,20.0,561.4
25537,19.6171,20.0,561.4
25538,19.6171,20.0,561.5
25539,19.6171,20.0,561.5
25540,19.6171,20.0,561.5
25541,19.6166,20.0,561.5
25542,19.6166,20.0,561.6
25543,19.6166,20.0,561.6
25544,19.6166,20.0,561.6
25545,19.6166,20.0,561.6
25546,19.6166,20.0,561.6
25547,19.6166,20.0,561.7
25548,19.6166,20.0,561.7
25549,19.6166,20.0,561.7
25550,19.6166,20.0,561.7
25551,19.6166,20.0,561.8
25552,19.6166,20.0,561.8
25553,19.6166,20.0,561.8
25554,19.6166,20.0,561.8
25555,19.6166,20.0,561.8
25556,19.6166,20.0,561.9
25557,19.6166,20.0,561.9
25558,19.6166,20.0,561.9
25559,19.6166,20.0,561.9
25560,19.6166,20.0,562.0
25561,19.6152,20.0,562.0
25562,19.6152,20.0,562.0
25563,19.6152,20.0,562.0
25564,19.6152,20.0,562.0
25565,19.6152,20.0,562.1
25566,19.6152,20.0,562.1
25567,19.6152,20.0,562.1
25568,19.6152,20.0,562.1
25569,19.6152,20.0,562.1
25570,19.6152,20.0,562.2
25571,19.6152,20.0,562.2
25572,19.6152,20.0,562.2
25573,19.6152,20.0,562.2
25574,19.6152,20.0,562.2
25575,19.6152,20.0,562.3
25576,19.6152,20.0,562.3
25577,19.6152,20.0,562.3
25578,19.6152,20.0,562.3
25579,19.6152,20.0,562.3
25580,19.6152,20.0,562.4
25581,19.6139,20.0,562.4
25582,19.6139,20.0,562.4
25583,19.6139,20.0,562.4
25584,19.6139,20.0,562.5
25585,19.6139,20.0,562.5
25586,19.6139,20.0,562.5
25587,19.6139,20.0,562.5
25588,19.6139,20.0,562.5
25589,19.6139,20.0,562.6
25590,19.6139,20.0,562.6
25591,19.6139,20.0,562.6
25592,19.6139,20.0,562.6
25593,19.6139,20.0,562.6
25594,19.6139,20.0,562.7
25595,19.6139,20.0,562.7
25596,19.6139,20.0,562.7
25597,19.6139,20.0,562.7
25598,19.6139,20.0,562.7
25599,19.6139,20.0,562.8
25600,19.6139,20.0,562.8
25601,19.6125,20.0,563.1
25602,19.6125,20.0,563.1
25603,19.6125,20.0,563.1
25604,19.6125,20.0,563.1
25605,19.6125,20.0,563.2
25606,19.6125,20.0,563.2
25607,19.6125,20.0,563.2
25608,19.6125,20.0,563.2
25609,19.6125,20.0,563.2
25610,19.6125,20.0,563.2
25611,19.6125,20.0,563.3
25612,19.6125,20.0,563.3
25613,19.6125,20.0,563.3
25614,19.6125,20.0,563.3
25615,19.6125,20.0,563.3
25616,19.6125,20.0,563.4
25617,19.6125,20.0,563.4
25618,19.6125,20.0,563.4
25619,19.6125,20.0,563.4
25620,19.6125,20.0,563.4
25621,19.6114,20.0,563.4
25622,19.6114,20.0,563.5
25623,19.6114,20.0,563.5
25624,19.6114,20.0,563.5
25625,19.6114,20.0,563.5
25626,19.6114,20.0,563.5
25627,19.6114,20.0,563.6
25628,19.6114,20.0,563.6
25629,19.6114,20.0,563.6
25630,19.6114,20.0,563.6
25631,19.6114,20.0,563.6
25632,19.6114,20.0,563.7
25633,19.6114,20.0,563.7
25634,19.6114,20.0,563.7
25635,19.6114,20.0,563.7
25636,19.6114,20.0,563.7
25637,19.6114,20.0,563.8
25638,19.6114,20.0,563.8
25639,19.6114,20.0,563.8
25640,19.6114,20.0,563.8
25641,19.6104,20.0,563.8
25642,19.6104,20.0,563.9
25643,19.6104,20.0,563.9
25644,19.6104,20.0,563.9
25645,19.6104,20.0,563.9
25646,19.6104,20.0,564.0
25647,19.6104,20.0,564.0
25648,19.6104,20.0,564.0
25649,19.6104,20.0,564.0
25650,19.6104,20.0,564.1
25651,19.6104,20.0,564.1
25652,19.6104,20.0,564.1
25653,19.6104,20.0,564.1
25654,19.6104,20.0,564.2
25655,19.6104,20.0,564.2
25656,19.6104,20.0,564.2
25657,19.6104,20.0,564.2
25658,19.6104,20.0,564.2
25659,19.6104,20.0,564.3
25660,19.6104,20.0,564.3
25661,19.6093,20.0,564.3
25662,19.6093,20.0,564.3
25663,19.6093,20.0,564.3
25664,19.6093,20.0,564.3
25665,19.6093,20.0,564.4
25666,19.6093,20.0,564.4
25667,19.6093,20.0,564.4
25668,19.6093,20.0,564.4
25669,19.6093,20.0,564.4
25670,19.6093,20.0,564.5
25671,19.6093,20.0,564.5
25672,19.6093,20.0,564.5
25673,19.6093,20.0,564.5
25674,19.6093,20.0,564.5
25675,19.6093,20.0,564.6
25676,19.6093,20.0,564.6
25677,19.6093,20.0,564.6
25678,19.6093,20.0,564.6
25679,19.6093,20.0,564.7
25680,19.6093,20.0,564.7
25681,19.6083,20.0,564.7
25682,19.6083,20.0,564.7
25683,19.6083,20.0,564.7
25684,19.6083,20.0,564.8
25685,19.6083,20.0,564.8
25686,19.6083,20.0,564.8
25687,19.6083,20.0,564.8
25688,19.6083,20.0,564.8
25689,19.6083,20.0,564.9
25690,19.6083,20.0,564.9
25691,19.6083,20.0,564.9
25692,19.6083,20.0,564.9
25693,19.6083,20.0,564.9
25694,19.6083,20.0,565.0
25695,19.6083,20.0,565.0
25696,19.6083,20.0,565.0
25697,19.6083,20.0,565.0
25698,19.6083,20.0,565.0
25699,19.6083,20.0,565.1
25700,19.6083,20.0,565.1
25701,19.6072,20.0,565.1
25702,19.6072,20.0,565.1
25703,19.6072,20.0,565.1
25704,19.6072,20.0,565.2
25705,19.6072,20.0,565.2
25706,19.6072,20.0,565.2
25707,19.6072,20.0,565.2
25708,19.6072,20.0,565.2
25709,19.6072,20.0,565.3
25710,19.6072,20.0,565.3
25711,19.6072,20.0,565.3
25712,19.6072,20.0,565.3
25713,19.6072,20.0,565.3
25714,19.6072,20.0,565.3
25715,19.6072,20.0,565.4
25716,19.6072,20.0,565.4
25717,19.6072,20.0,565.4
25718,19.6072,20.0,565.4
25719,19.6072,20.0,565.4
25720,19.6072,20.0,565.5
25721,19.6062,20.0,565.5
25722,19.6062,20.0,565.5
25723,19.6062,20.0,565.5
25724,19.6062,20.0,565.6
25725,19.6062,20.0,565.6
25726,19.6062,20.0,565.6
25727,19.6062,20.0,565.6
25728,19.6062,20.0,565.6
25729,19.6062,20.0,565.7
25730,19.6062,20.0,565.7
25731,19.6062,20.0,565.7
25732,19.6062,20.0,565.7
25733,19.6062,20.0,565.7
25734,19.6062,20.0,565.8
25735,19.6062,20.0,565.8
25736,19.6062,20.0,565.8
25737,19.6062,20.0,565.8
25738,19.6062,20.0,565.9
25739,19.6062,20.0,565.9
25740,19.6062,20.0,565.9
25741,19.6051,20.0,565.9
25742,19.6051,20.0,565.9
25743,19.6051,20.0,566.0
25744,19.6051,20.0,566.0
25745,19.6051,20.0,566.0
25746,19.6051,20.0,566.0
25747,19.6051,20.0,566.1
25748,19.6051,20.0,566.1
25749,19.6051,20.0,566.1
25750,19.6051,20.0,566.1
25751,19.6051,20.0,566.1
25752,19.6051,20.0,566.2
25753,19.6051,20.0,566.2
25754,19.6051,20.0,566.2
25755,19.6051,20.0,566.2
25756,19.6051,20.0,566.2
25757,19.6051,20.0,566.2
25758,19.6051,20.0,566.3
25759,19.6051,20.0,566.3
25760,19.6051,20.0,566.3
25761,19.6041,20.0,566.3
25762,19.6041,20.0,566.4
25763,19.6041,20.0,566.4
25764,19.6041,20.0,566.4
25765,19.6041,20.0,566.4
25766,19.6041,20.0,566.4
25767,19.6041,20.0,566.4
25768,19.6041,20.0,566.5
25769,19.6041,20.0,566.5
25770,19.6041,20.0,566.5
25771,19.6041,20.0,566.5
25772,19.6041,20.0,566.5
25773,19.6041,20.0,566.6
25774,19.6041,20.0,566.6
25775,19.6041,20.0,566.6
25776,19.6041,20.0,566.6
25777,19.6041,20.0,566.6
25778,19.6041,20.0,566.6
25779,19.6041,20.0,566.7
25780,19.6041,20.0,566.7
25781,19.6030,20.0,566.7
25782,19.6030,20.0,566.7
25783,19.6030,20.0,566.8
25784,19.6030,20.0,566.8
25785,19.6030,20.0,566.8
25786,19.6030,20.0,566.8
25787,19.6030,20.0,566.8
25788,19.6030,20.0,566.9
25789,19.6030,20.0,566.9
25790,19.6030,20.0,566.9
25791,19.6030,20.0,566.9
25792,19.6030,20.0,567.0
25793,19.6030,20.0,567.0
25794,19.6030,20.0,567.0
25795,19.6030,20.0,567.0
25796,19.6030,20.0,567.0
25797,19.6030,20.0,567.1
25798,19.6030,20.0,567.1
25799,19.6030,20.0,567.1
25800,19.6030,20.0,567.1
25801,19.6020,20.0,567.2
25802,19.6020,20.0,567.2
25803,19.6020,20.0,567.2
25804,19.6020,20.0,567.2
25805,19.6020,20.0,567.2
25806,19.6020,20.0,567.3
25807,19.6020,20.0,567.3
25808,19.6020,20.0,567.3
25809,19.6020,20.0,567.3
25810,19.6020,20.0,567.3
25811,19.6020,20.0,567.4
25812,19.6020,20.0,567.4
25813,19.6020,20.0,567.4
25814,19.6020,20.0,567.4
25815,19.6020,20.0,567.4
25816,19.6020,20.0,567.5
25817,19.6020,20.0,567.5
25818,19.6020,20.0,567.5
25819,19.6020,20.0,567.5
25820,19.6020,20.0,567.5
25821,19.6010,20.0,567.6
25822,19.6010,20.0,567.6
25823,19.6010,20.0,567.6
25824,19.6010,20.0,567.6
25825,19.6010,20.0,567.6
25826,19.6010,20.0,567.7
25827,19.6010,20.0,567.7
25828,19.6010,20.0,567.7
25829,19.6010,20.0,567.7
25830,19.6010,20.0,567.7
25831,19.6010,20.0,567.8
25832,19.6010,20.0,567.8
25833,19.6010,20.0,567.8
25834,19.6010,20.0,567.8
25835,19.6010,20.0,567.9
25836,19.6010,20.0,567.9
25837,19.6010,20.0,567.9
25838,19.6010,20.0,567.9
25839,19.6010,20.0,567.9
25840,19.6010,20.0,568.0
25841,19.5999,20.0,568.0
25842,19.5999,20.0,568.0
25843,19.5999,20.0,568.0
25844,19.5999,20.0,568.1
25845,19.5999,20.0,568.1
25846,19.5999,20.0,568.1
25847,19.5999,20.0,568.1
25848,19.5999,20.0,568.2
25849,19.5999,20.0,568.2
25850,19.5999,20.0,568.2
25851,19.5999,20.0,568.2
25852,19.5999,20.0,568.2
25853,19.5999,20.0,568.3
25854,19.5999,20.0,568.3
25855,19.5999,20.0,568.3
25856,19.5999,20.0,568.3
25857,19.5999,20.0,568.3
25858,19.5999,20.0,568.4
25859,19.5999,20.0,568.4
25860,19.5999,20.0,568.4
25861,19.5989,20.0,568.4
25862,19.5989,20.0,568.4
25863,19.5989,20.0,568.5
25864,19.5989,20.0,568.5
25865,19.5989,20.0,568.5
25866,19.5989,20.0,568.5
25867,19.5989,20.0,568.5
25868,19.5989,20.0,568.6
25869,19.5989,20.0,568.6
25870,19.5989,20.0,568.6
25871,19.5989,20.0,568.6
25872,19.5989,20.0,568.6
25873,19.5989,20.0,568.6
25874,19.5989,20.0,568.7
25875,19.5989,20.0,568.7
25876,19.5989,20.0,568.7
25877,19.5989,20.0,568.7
25878,19.5989,20.0,568.8
25879,19.5989,20.0,568.8
25880,19.5989,20.0,568.8
25881,19.5978,20.0,568.8
25882,19.5978,20.0,568.8
25883,19.5978,20.0,568.9
25884,19.5978,20.0,568.9
25885,19.5978,20.0,568.9
25886,19.5978,20.0,568.9
25887,19.5978,20.0,568.9
25888,19.5978,20.0,569.0
25889,19.5978,20.0,569.0
25890,19.5978,20.0,569.0
25891,19.5978,20.0,569.0
25892,19.5978,20.0,569.1
25893,19.5978,20.0,569.1
25894,19.5978,20.0,569.1
25895,19.5978,20.0,569.1
25896,19.5978,20.0,569.1
25897,19.5978,20.0,569.1
25898,19.5978,20.0,569.2
25899,19.5978,20.0,569.2
25900,19.5978,20.0,569.2
25901,19.5968,20.0,569.2
25902,19.5968,20.0,569.3
25903,19.5968,20.0,569.3
25904,19.5968,20.0,569.3
25905,19.5968,20.0,569.3
25906,19.5968,20.0,569.3
25907,19.5968,20.0,569.4
25908,19.5968,20.0,569.4
25909,19.5968,20.0,569.4
25910,19.5968,20.0,569.4
25911,19.5968,20.0,569.4
25912,19.5968,20.0,569.4
25913,19.5968,20.0,569.5
25914,19.5968,20.0,569.5
25915,19.5968,20.0,569.5
25916,19.5968,20.0,569.5
25917,19.5968,20.0,569.6
25918,19.5968,20.0,569.6
25919,19.5968,20.0,569.6
25920,19.5968,20.0,569.6
25921,19.5957,20.0,569.6
25922,19.5957,20.0,569.7
25923,19.5957,20.0,569.7
25924,19.5957,20.0,569.7
25925,19.5957,20.0,569.7
25926,19.5957,20.0,569.8
25927,19.5957,20.0,569.8
25928,19.5957,20.0,569.8
25929,19.5957,20.0,569.8
25930,19.5957,20.0,569.8
25931,19.5957,20.0,569.9
25932,19.5957,20.0,569.9
25933,19.5957,20.0,569.9
25934,19.5957,20.0,569.9
25935,19.5957,20.0,569.9
25936,19.5957,20.0,570.0
25937,19.5957,20.0,570.0
25938,19.5957,20.0,570.0
25939,19.5957,20.0,570.0
25940,19.5957,20.0,570.1
25941,19.5947,20.0,570.1
25942,19.5947,20.0,570.1
25943,19.5947,20.0,570.1
25944,19.5947,20.0,570.2
25945,19.5947,20.0,570.2
25946,19.5947,20.0,570.2
25947,19.5947,20.0,570.2
25948,19.5947,20.0,570.2
25949,19.5947,20.0,570.3
25950,19.5947,20.0,570.3
25951,19.5947,20.0,570.3
25952,19.5947,20.0,570.3
25953,19.5947,20.0,570.3
25954,19.5947,20.0,570.4
25955,19.5947,20.0,570.4
25956,19.5947,20.0,570.4
25957,19.5947,20.0,570.4
25958,19.5947,20.0,570.4
25959,19.5947,20.0,570.4
25960,19.5947,20.0,570.5
25961,19.5936,20.0,570.5
25962,19.5936,20.0,570.5
25963,19.5936,20.0,570.5
25964,19.5936,20.0,570.6
25965,19.5936,20.0,570.6
25966,19.5936,20.0,570.6
25967,19.5936,20.0,570.6
25968,19.5936,20.0,570.6
25969,19.5936,20.0,570.7
25970,19.5936,20.0,570.7
25971,19.5936,20.0,570.7
25972,19.5936,20.0,570.7
25973,19.5936,20.0,570.7
25974,19.5936,20.0,570.8
25975,19.5936,20.0,570.8
25976,19.5936,20.0,570.8
25977,19.5936,20.0,570.8
25978,19.5936,20.0,570.8
25979,19.5936,20.0,570.9
25980,19.5936,20.0,570.9
25981,19.5926,20.0,570.9
25982,19.5926,20.0,570.9
25983,19.5926,20.0,570.9
25984,19.5926,20.0,571.0
25985,19.5926,20.0,571.0
25986,19.5926,20.0,571.0
25987,19.5926,20.0,571.0
25988,19.5926,20.0,571.0
25989,19.5926,20.0,571.1
25990,19.5926,20.0,571.1
25991,19.5926,20.0,571.1
25992,19.5926,20.0,571.1
25993,19.5926,20.0,571.1
25994,19.5926,20.0,571.2
25995,19.5926,20.0,571.2
25996,19.5926,20.0,571.2
25997,19.5926,20.0,571.2
25998,19.5926,20.0,571.2
25999,19.5926,20.0,571.3
26000,19.5926,20.0,571.3
26001,19.5915,20.0,571.3
26002,19.5915,20.0,571.3
26003,19.5915,20.0,571.3
26004,19.5915,20.0,571.3
26005,19.5915,20.0,571.4
26006,19.5915,20.0,571.4
26007,19.5915,20.0,571.4
26008,19.5915,20.0,571.4
26009,19.5915,20.0,571.4
26010,19.5915,20.0,571.5
26011,19.5915,20.0,571.5
26012,19.5915,20.0,571.5
26013,19.5915,20.0,571.5
26014,19.5915,20.0,571.5
26015,19.5915,20.0,571.6
26016,19.5915,20.0,571.6
26017,19.5915,20.0,571.6
26018,19.5915,20.0,571.6
26019,19.5915,20.0,571.6
26020,19.5915,20.0,571.7
26021,19.5905,20.0,571.7
26022,19.5905,20.0,571.7
26023,19.5905,20.0,571.7
26024,19.5905,20.0,571.7
26025,19.5905,20.0,571.8
26026,19.5905,20.0,571.8
26027,19.5905,20.0,571.8
26028,19.5905,20.0,571.8
26029,19.5905,20.0,571.8
26030,19.5905,20.0,571.9
26031,19.5905,20.0,571.9
26032,19.5905,20.0,571.9
26033,19.5905,20.0,571.9
26034,19.5905,20.0,571.9
26035,19.5905,20.0,571.9
26036,19.5905,20.0,572.0
26037,19.5905,20.0,572.0
26038,19.5905,20.0,572.0
26039,19.5905,20.0,572.0
26040,19.5905,20.0,572.0
26041,19.5894,20.0,572.1
26042,19.5894,20.0,572.1
26043,19.5894,20.0,572.1
26044,19.5894,20.0,572.1
26045,19.5894,20.0,572.1
26046,19.5894,20.0,572.2
26047,19.5894,20.0,572.2
26048,19.5894,20.0,572.2
26049,19.5894,20.0,572.2
26050,19.5894,20.0,572.2
26051,19.5894,20.0,572.3
26052,19.5894,20.0,572.3
26053,19.5894,20.0,572.3
26054,19.5894,20.0,572.3
26055,19.5894,20.0,572.3
26056,19.5894,20.0,572.3
26057,19.5894,20.0,572.4
26058,19.5894,20.0,572.4
26059,19.5894,20.0,572.4
26060,19.5894,20.0,572.4
26061,19.5884,20.0,572.4
26062,19.5884,20.0,572.5
26063,19.5884,20.0,572.5
26064,19.5884,20.0,572.5
26065,19.5884,20.0,572.5
26066,19.5884,20.0,572.6
26067,19.5884,20.0,572.6
26068,19.5884,20.0,572.6
26069,19.5884,20.0,572.6
26070,19.5884,20.0,572.7
26071,19.5884,20.0,572.7
26072,19.5884,20.0,572.7
26073,19.5884,20.0,572.7
26074,19.5884,20.0,572.7
26075,19.5884,20.0,572.8
26076,19.5884,20.0,572.8
26077,19.5884,20.0,572.8
26078,19.5884,20.0,572.8
26079,19.5884,20.0,572.8
26080,19.5884,20.0,572.9
26081,19.6079,20.0,572.9
26082,19.6079,20.0,572.9
26083,19.6079,20.0,572.9
26084,19.6079,20.0,572.9
26085,19.6079,20.0,573.0
26086,19.6079,20.0,573.0
26087,19.6079,20.0,573.0
26088,19.6079,20.0,573.0
26089,19.6079,20.0,573.0
26090,19.6079,20.0,573.0
26091,19.6079,20.0,573.1
26092,19.6079,20.0,573.1
26093,19.6079,20.0,573.1
26094,19.6079,20.0,573.1
26095,19.6079,20.0,573.2
26096,19.6079,20.0,573.2
26097,19.6079,20.0,573.2
26098,19.6079,20.0,573.2
26099,19.6079,20.0,573.2
26100,19.6079,20.0,573.3
26101,19.6275,20.0,573.3
26102,19.6275,20.0,573.3
26103,19.6275,20.0,573.3
26104,19.6275,20.0,573.3
26105,19.6275,20.0,573.4
26106,19.6275,20.0,573.4
26107,19.6275,20.0,573.4
26108,19.6275,20.0,573.4
26109,19.6275,20.0,573.4
26110,19.6275,20.0,573.5
26111,19.6275,20.0,573.5
26112,19.6275,20.0,573.5
26113,19.6275,20.0,573.8
26114,19.6275,20.0,573.8
26115,19.6275,20.0,573.8
26116,19.6275,20.0,573.9
26117,19.6275,20.0,573.9
26118,19.6275,20.0,573.9
26119,19.6275,20.0,573.9
26120,19.6275,20.0,574.0
26121,19.5870,20.0,574.0
26122,19.5870,20.0,574.0
26123,19.5870,20.0,574.0
26124,19.5870,20.0,574.0
26125,19.5870,20.0,574.1
26126,19.5870,20.0,574.1
26127,19.5870,20.0,574.1
26128,19.5870,20.0,574.1
26129,19.5870,20.0,574.1
26130,19.5870,20.0,574.2
26131,19.5870,20.0,574.2
26132,19.5870,20.0,574.2
26133,19.5870,20.0,574.2
26134,19.5870,20.0,574.2
26135,19.5870,20.0,574.2
26136,19.5870,20.0,574.2
26137,19.5870,20.0,574.3
26138,19.5870,20.0,574.3
26139,19.5870,20.0,574.3
26140,19.5870,20.0,574.3
26141,19.5465,20.0,574.4
26142,19.5465,20.0,574.4
26143,19.5465,20.0,574.4
26144,19.5465,20.0,574.4
26145,19.5465,20.0,574.4
26146,19.5465,20.0,574.4
26147,19.5465,20.0,574.5
26148,19.5465,20.0,574.5
26149,19.5465,20.0,574.5
26150,19.5465,20.0,574.5
26151,19.5465,20.0,574.5
26152,19.5465,20.0,574.6
26153,19.5465,20.0,574.6
26154,19.5465,20.0,574.6
26155,19.5465,20.0,574.6
26156,19.5465,20.0,574.6
26157,19.5465,20.0,574.7
26158,19.5465,20.0,574.7
26159,19.5465,20.0,574.7
26160,19.5465,20.0,574.7
26161,19.5060,20.0,574.7
26162,19.5060,20.0,574.7
26163,19.5060,20.0,574.8
26164,19.5060,20.0,574.8
26165,19.5060,20.0,574.8
26166,19.5060,20.0,574.8
26167,19.5060,20.0,574.8
26168,19.5060,20.0,574.9
26169,19.5060,20.0,574.9
26170,19.5060,20.0,574.9
26171,19.5060,20.0,574.9
26172,19.5060,20.0,574.9
26173,19.5060,20.0,575.0
26174,19.5060,20.0,575.0
26175,19.5060,20.0,575.0
26176,19.5060,20.0,575.0
26177,19.5060,20.0,575.0
26178,19.5060,20.0,575.1
26179,19.5060,20.0,575.1
26180,19.5060,20.0,575.1
26181,19.4655,20.0,575.1
26182,19.4655,20.0,575.2
26183,19.4655,20.0,575.2
26184,19.4655,20.0,575.2
26185,19.4655,20.0,575.2
26186,19.4655,20.0,575.3
26187,19.4655,20.0,575.3
26188,19.4655,20.0,575.3
26189,19.4655,20.0,575.3
26190,19.4655,20.0,575.3
26191,19.4655,20.0,575.3
26192,19.4655,20.0,575.4
26193,19.4655,20.0,575.4
26194,19.4655,20.0,575.4
26195,19.4655,20.0,575.4
26196,19.4655,20.0,575.4
26197,19.4655,20.0,575.5
26198,19.4655,20.0,575.5
26199,19.4655,20.0,575.5
26200,19.4655,20.0,575.5
26201,19.4250,20.0,575.5
26202,19.4250,20.0,575.6
26203,19.4250,20.0,575.6
26204,19.4250,20.0,575.6
26205,19.4250,20.0,575.6
26206,19.4250,20.0,575.6
26207,19.4250,20.0,575.7
26208,19.4250,20.0,575.7
26209,19.4250,20.0,575.7
26210,19.4250,20.0,575.7
26211,19.4250,20.0,575.7
26212,19.4250,20.0,575.8
26213,19.4250,20.0,575.8
26214,19.4250,20.0,575.8
26215,19.4250,20.0,575.8
26216,19.4250,20.0,575.8
26217,19.4250,20.0,575.9
26218,19.4250,20.0,575.9
26219,19.4250,20.0,575.9
26220,19.4250,20.0,575.9
26221,19.3845,20.0,576.0
26222,19.3845,20.0,576.0
26223,19.3845,20.0,576.0
26224,19.3845,20.0,576.0
26225,19.3845,20.0,576.0
26226,19.3845,20.0,576.1
26227,19.3845,20.0,576.1
26228,19.3845,20.0,576.1
26229,19.3845,20.0,576.1
26230,19.3845,20.0,576.1
26231,19.3845,20.0,576.2
26232,19.3845,20.0,576.2
26233,19.3845,20.0,576.2
26234,19.3845,20.0,576.2
26235,19.3845,20.0,576.2
26236,19.3845,20.0,576.3
26237,19.3845,20.0,576.3
26238,19.3845,20.0,576.3
26239,19.3845,20.0,576.3
26240,19.3845,20.0,576.4
26241,19.3440,20.0,576.4
26242,19.3440,20.0,576.4
26243,19.3440,20.0,576.4
26244,19.3440,20.0,576.4
26245,19.3440,20.0,576.4
26246,19.3440,20.0,576.5
26247,19.3440,20.0,576.5
26248,19.3440,20.0,576.5
26249,19.3440,20.0,576.5
26250,19.3440,20.0,576.5
26251,19.3440,20.0,576.6
26252,19.3440,20.0,576.6
26253,19.3440,20.0,576.6
26254,19.3440,20.0,576.6
26255,19.3440,20.0,576.6
26256,19.3440,20.0,576.7
26257,19.3440,20.0,576.7
26258,19.3440,20.0,576.7
26259,19.3440,20.0,576.7
26260,19.3440,20.0,576.7
26261,19.3035,20.0,576.8
26262,19.3035,20.0,576.8
26263,19.3035,20.0,576.8
26264,19.3035,20.0,576.8
26265,19.3035,20.0,576.9
26266,19.3035,20.0,576.9
26267,19.3035,20.0,576.9
26268,19.3035,20.0,576.9
26269,19.3035,20.0,576.9
26270,19.3035,20.0,577.0
26271,19.3035,20.0,577.0
26272,19.3035,20.0,577.0
26273,19.3035,20.0,577.0
26274,19.3035,20.0,577.0
26275,19.3035,20.0,577.1
26276,19.3035,20.0,577.1
26277,19.3035,20.0,577.1
26278,19.3035,20.0,577.2
26279,19.3035,20.0,577.2
26280,19.3035,20.0,577.2
26281,19.2630,20.0,577.2
26282,19.2630,20.0,577.2
26283,19.2630,20.0,577.3
26284,19.2630,20.0,577.3
26285,19.2630,20.0,577.3
26286,19.2630,20.0,577.3
26287,19.2630,20.0,577.3
26288,19.2630,20.0,577.4
26289,19.2630,20.0,577.4
26290,19.2630,20.0,577.4
26291,19.2630,20.0,577.4
26292,19.2630,20.0,577.5
26293,19.2630,20.0,577.5
26294,19.2630,20.0,577.5
26295,19.2630,20.0,577.5
26296,19.2630,20.0,577.5
26297,19.2630,20.0,577.6
26298,19.2630,20.0,577.6
26299,19.2630,20.0,577.6
26300,19.2630,20.0,577.6
26301,19.2225,20.0,577.6
26302,19.2225,20.0,577.7
26303,19.2225,20.0,577.7
26304,19.2225,20.0,577.7
26305,19.2225,20.0,577.7
26306,19.2225,20.0,577.7
26307,19.2225,20.0,577.8
26308,19.2225,20.0,577.8
26309,19.2225,20.0,577.8
26310,19.2225,20.0,577.8
26311,19.2225,20.0,577.8
26312,19.2225,20.0,577.9
26313,19.2225,20.0,577.9
26314,19.2225,20.0,577.9
26315,19.2225,20.0,577.9
26316,19.2225,20.0,577.9
26317,19.2225,20.0,577.9
26318,19.2225,20.0,578.0
26319,19.2225,20.0,578.0
26320,19.2225,20.0,578.0
26321,19.1820,20.0,578.0
26322,19.1820,20.0,578.1
26323,19.1820,20.0,578.1
26324,19.1820,20.0,578.1
26325,19.1820,20.0,578.1
26326,19.1820,20.0,578.1
26327,19.1820,20.0,578.2
26328,19.1820,20.0,578.2
26329,19.1820,20.0,578.2
26330,19.1820,20.0,578.2
26331,19.1820,20.0,578.2
26332,19.1820,20.0,578.3
26333,19.1820,20.0,578.3
26334,19.1820,20.0,578.3
26335,19.1820,20.0,578.3
26336,19.1820,20.0,578.3
26337,19.1820,20.0,578.3
26338,19.1820,20.0,578.4
26339,19.1820,20.0,578.4
26340,19.1820,20.0,578.4
26341,19.1415,20.0,578.4
26342,19.1415,20.0,578.4
26343,19.1415,20.0,578.5
26344,19.1415,20.0,578.5
26345,19.1415,20.0,578.5
26346,19.1415,20.0,578.5
26347,19.1415,20.0,578.6
26348,19.1415,20.0,578.6
26349,19.1415,20.0,578.6
26350,19.1415,20.0,578.6
26351,19.1415,20.0,578.6
26352,19.1415,20.0,578.7
26353,19.1415,20.0,578.7
26354,19.1415,20.0,578.7
26355,19.1415,20.0,578.7
26356,19.1415,20.0,578.7
26357,19.1415,20.0,578.7
26358,19.1415,20.0,578.8
26359,19.1415,20.0,578.8
26360,19.1415,20.0,578.8
26361,19.1010,20.0,578.8
26362,19.1010,20.0,578.8
26363,19.1010,20.0,578.9
26364,19.1010,20.0,578.9
26365,19.1010,20.0,578.9
26366,19.1010,20.0,578.9
26367,19.1010,20.0,578.9
26368,19.1010,20.0,579.0
26369,19.1010,20.0,579.0
26370,19.1010,20.0,579.0
26371,19.1010,20.0,579.0
26372,19.1010,20.0,579.0
26373,19.1010,20.0,579.1
26374,19.1010,20.0,579.1
26375,19.1010,20.0,579.1
26376,19.1010,20.0,579.1
26377,19.1010,20.0,579.1
26378,19.1010,20.0,579.2
26379,19.1010,20.0,579.2
26380,19.1010,20.0,579.2
26381,19.0605,20.0,579.2
26382,19.0605,20.0,579.2
26383,19.0605,20.0,579.3
26384,19.0605,20.0,579.3
26385,19.0605,20.0,579.3
26386,19.0605,20.0,579.3
26387,19.0605,20.0,579.4
26388,19.0605,20.0,579.4
26389,19.0605,20.0,579.4
26390,19.0605,20.0,579.4
26391,19.0605,20.0,579.4
26392,19.0605,20.0,579.5
26393,19.0605,20.0,579.5
26394,19.0605,20.0,579.5
26395,19.0605,20.0,579.5
26396,19.0605,20.0,579.6
26397,19.0605,20.0,579.6
26398,19.0605,20.0,579.6
26399,19.0605,20.0,579.6
26400,19.0605,20.0,579.6
26401,19.0200,20.0,579.7
26402,19.0200,20.0,579.7
26403,19.0200,20.0,579.7
26404,19.0200,20.0,579.7
26405,19.0200,20.0,579.7
26406,19.0200,20.0,579.8
26407,19.0200,20.0,579.8
26408,19.0200,20.0,579.8
26409,19.0200,20.0,579.8
26410,19.0200,20.0,579.8
26411,19.0200,20.0,579.9
26412,19.0200,20.0,579.9
26413,19.0200,20.0,579.9
26414,19.0200,20.0,579.9
26415,19.0200,20.0,579.9
26416,19.0200,20.0,580.0
26417,19.0200,20.0,580.0
26418,19.0200,20.0,580.0
26419,19.0200,20.0,580.0
26420,19.0200,20.0,580.1
26421,18.9795,20.0,580.1
26422,18.9795,20.0,580.1
26423,18.9795,20.0,580.1
26424,18.9795,20.0,580.1
26425,18.9795,20.0,580.2
26426,18.9795,20.0,580.2
26427,18.9795,20.0,580.2
26428,18.9795,20.0,580.2
26429,18.9795,20.0,580.2
26430,18.9795,20.0,580.2
26431,18.9795,20.0,580.3
26432,18.9795,20.0,580.3
26433,18.9795,20.0,580.3
26434,18.9795,20.0,580.3
26435,18.9795,20.0,580.3
26436,18.9795,20.0,580.4
26437,18.9795,20.0,580.4
26438,18.9795,20.0,580.4
26439,18.9795,20.0,580.4
26440,18.9795,20.0,580.4
26441,18.9390,20.0,580.5
26442,18.9390,20.0,580.5
26443,18.9390,20.0,580.5
26444,18.9390,20.0,580.5
26445,18.9390,20.0,580.5
26446,18.9390,20.0,580.6
26447,18.9390,20.0,580.6
26448,18.9390,20.0,580.6
26449,18.9390,20.0,580.6
26450,18.9390,20.0,580.6
26451,18.9390,20.0,580.7
26452,18.9390,20.0,580.7
26453,18.9390,20.0,580.7
26454,18.9390,20.0,580.7
26455,18.9390,20.0,580.7
26456,18.9390,20.0,580.8
26457,18.9390,20.0,580.8
26458,18.9390,20.0,580.8
26459,18.9390,20.0,580.8
26460,18.9390,20.0,580.9
26461,18.8985,20.0,580.9
26462,18.8985,20.0,580.9
26463,18.8985,20.0,580.9
26464,18.8985,20.0,580.9
26465,18.8985,20.0,580.9
26466,18.8985,20.0,581.0
26467,18.8985,20.0,581.0
26468,18.8985,20.0,581.0
26469,18.8985,20.0,581.0
26470,18.8985,20.0,581.1
26471,18.8985,20.0,581.1
26472,18.8985,20.0,581.1
26473,18.8985,20.0,581.1
26474,18.8985,20.0,581.1
26475,18.8985,20.0,581.2
26476,18.8985,20.0,581.2
26477,18.8985,20.0,581.2
26478,18.8985,20.0,581.2
26479,18.8985,20.0,581.3
26480,18.8985,20.0,581.3
26481,18.8580,20.0,581.3
26482,18.8580,20.0,581.3
26483,18.8580,20.0,581.3
26484,18.8580,20.0,581.4
26485,18.8580,20.0,581.4
26486,18.8580,20.0,581.4
26487,18.8580,20.0,581.4
26488,18.8580,20.0,581.4
26489,18.8580,20.0,581.4
26490,18.8580,20.0,581.5
26491,18.8580,20.0,581.5
26492,18.8580,20.0,581.5
26493,18.8580,20.0,581.5
26494,18.8580,20.0,581.5
26495,18.8580,20.0,581.6
26496,18.8580,20.0,581.6
26497,18.8580,20.0,581.6
26498,18.8580,20.0,581.6
26499,18.8580,20.0,581.7
26500,18.8580,20.0,581.7
26501,18.8175,20.0,581.7
26502,18.8175,20.0,581.7
26503,18.8175,20.0,581.7
26504,18.8175,20.0,581.8
26505,18.8175,20.0,581.8
26506,18.8175,20.0,581.8
26507,18.8175,20.0,581.8
26508,18.8175,20.0,581.8
26509,18.8175,20.0,581.9
26510,18.8175,20.0,581.9
26511,18.8175,20.0,581.9
26512,18.8175,20.0,581.9
26513,18.8175,20.0,581.9
26514,18.8175,20.0,582.0
26515,18.8175,20.0,582.0
26516,18.8175,20.0,582.0
26517,18.8175,20.0,582.0
26518,18.8175,20.0,582.0
26519,18.8175,20.0,582.1
26520,18.8175,20.0,582.1
26521,18.7770,20.0,582.1
26522,18.7770,20.0,582.1
26523,18.7770,20.0,582.1
26524,18.7770,20.0,582.2
26525,18.7770,20.0,582.2
26526,18.7770,20.0,582.2
26527,18.7770,20.0,582.2
26528,18.7770,20.0,582.2
26529,18.7770,20.0,582.3
26530,18.7770,20.0,582.3
26531,18.7770,20.0,582.3
26532,18.7770,20.0,582.3
26533,18.7770,20.0,582.3
26534,18.7770,20.0,582.4
26535,18.7770,20.0,582.4
26536,18.7770,20.0,582.4
26537,18.7770,20.0,582.4
26538,18.7770,20.0,582.4
26539,18.7770,20.0,582.5
26540,18.7770,20.0,582.5
26541,18.7365,20.0,582.5
26542,18.7365,20.0,582.5
26543,18.7365,20.0,582.5
26544,18.7365,20.0,582.6
26545,18.7365,20.0,582.6
26546,18.7365,20.0,582.6
26547,18.7365,20.0,582.6
26548,18.7365,20.0,582.6
26549,18.7365,20.0,582.6
26550,18.7365,20.0,582.7
26551,18.7365,20.0,582.7
26552,18.7365,20.0,582.7
26553,18.7365,20.0,582.7
26554,18.7365,20.0,582.7
26555,18.7365,20.0,582.8
26556,18.7365,20.0,582.8
26557,18.7365,20.0,582.8
26558,18.7365,20.0,582.8
26559,18.7365,20.0,582.8
26560,18.7365,20.0,582.9
26561,18.6960,20.0,582.9
26562,18.6960,20.0,582.9
26563,18.6960,20.0,582.9
26564,18.6960,20.0,582.9
26565,18.6960,20.0,583.0
26566,18.6960,20.0,583.0
26567,18.6960,20.0,583.0
26568,18.6960,20.0,583.0
26569,18.6960,20.0,583.0
26570,18.6960,20.0,583.1
26571,18.6960,20.0,583.1
26572,18.6960,20.0,583.1
26573,18.6960,20.0,583.1
26574,18.6960,20.0,583.1
26575,18.6960,20.0,583.2
26576,18.6960,20.0,583.2
26577,18.6960,20.0,583.2
26578,18.6960,20.0,583.2
26579,18.6960,20.0,583.2
26580,18.6960,20.0,583.3
26581,18.6555,20.0,583.3
26582,18.6555,20.0,583.3
26583,18.6555,20.0,583.3
26584,18.6555,20.0,583.3
26585,18.6555,20.0,583.3
26586,18.6555,20.0,583.4
26587,18.6555,20.0,583.4
26588,18.6555,20.0,583.4
26589,18.6555,20.0,583.4
26590,18.6555,20.0,583.5
26591,18.6555,20.0,583.5
26592,18.6555,20.0,583.5
26593,18.6555,20.0,583.5
26594,18.6555,20.0,583.5
26595,18.6555,20.0,583.6
26596,18.6555,20.0,583.6
26597,18.6555,20.0,583.6
26598,18.6555,20.0,583.6
26599,18.6555,20.0,583.6
26600,18.6555,20.0,583.7
26601,18.5958,20.0,583.7
26602,18.5958,20.0,583.7
26603,18.5958,20.0,583.7
26604,18.5958,20.0,583.7
26605,18.5958,20.0,583.8
26606,18.5958,20.0,583.8
26607,18.5958,20.0,583.8
26608,18.5958,20.0,583.8
26609,18.5958,20.0,583.9
26610,18.5958,20.0,583.9
26611,18.5958,20.0,583.9
26612,18.5958,20.0,583.9
26613,18.5958,20.0,583.9
26614,18.5958,20.0,584.0
26615,18.5958,20.0,584.0
26616,18.5958,20.0,584.0
26617,18.5958,20.0,584.0
26618,18.5958,20.0,584.0
26619,18.5958,20.0,584.1
26620,18.5958,20.0,584.1
26621,18.5361,20.0,584.1
26622,18.5361,20.0,584.1
26623,18.5361,20.0,584.2
26624,18.5361,20.0,584.2
26625,18.5361,20.0,584.5
26626,18.5361,20.0,584.5
26627,18.5361,20.0,584.5
26628,18.5361,20.0,584.6
26629,18.5361,20.0,584.6
26630,18.5361,20.0,584.6
26631,18.5361,20.0,584.6
26632,18.5361,20.0,584.6
26633,18.5361,20.0,584.7
26634,18.5361,20.0,584.7
26635,18.5361,20.0,584.7
26636,18.5361,20.0,584.7
26637,18.5361,20.0,584.7
26638,18.5361,20.0,584.7
26639,18.5361,20.0,584.8
26640,18.5361,20.0,584.8
26641,18.4965,20.0,584.8
26642,18.4965,20.0,584.8
26643,18.4965,20.0,584.8
26644,18.4965,20.0,584.9
26645,18.4965,20.0,584.9
26646,18.4965,20.0,584.9
26647,18.4965,20.0,584.9
26648,18.4965,20.0,584.9
26649,18.4965,20.0,585.0
26650,18.4965,20.0,585.0
26651,18.4965,20.0,585.0
26652,18.4965,20.0,585.0
26653,18.4965,20.0,585.0
26654,18.4965,20.0,585.1
26655,18.4965,20.0,585.1
26656,18.4965,20.0,585.1
26657,18.4965,20.0,585.1
26658,18.4965,20.0,585.1
26659,18.4965,20.0,585.2
26660,18.4965,20.0,585.2
26661,18.4568,20.0,585.2
26662,18.4568,20.0,585.2
26663,18.4568,20.0,585.3
26664,18.4568,20.0,585.3
26665,18.4568,20.0,585.3
26666,18.4568,20.0,585.3
26667,18.4568,20.0,585.3
26668,18.4568,20.0,585.4
26669,18.4568,20.0,585.4
26670,18.4568,20.0,585.4
26671,18.4568,20.0,585.4
26672,18.4568,20.0,585.4
26673,18.4568,20.0,585.5
26674,18.4568,20.0,585.5
26675,18.4568,20.0,585.5
26676,18.4568,20.0,585.5
26677,18.4568,20.0,585.5
26678,18.4568,20.0,585.6
26679,18.4568,20.0,585.6
26680,18.4568,20.0,585.6
26681,18.4172,20.0,585.6
26682,18.4172,20.0,585.6
26683,18.4172,20.0,585.7
26684,18.4172,20.0,585.7
26685,18.4172,20.0,585.7
26686,18.4172,20.0,585.7
26687,18.4172,20.0,585.7
26688,18.4172,20.0,585.8
26689,18.4172,20.0,585.8
26690,18.4172,20.0,585.8
26691,18.4172,20.0,585.8
26692,18.4172,20.0,585.9
26693,18.4172,20.0,585.9
26694,18.4172,20.0,585.9
26695,18.4172,20.0,585.9
26696,18.4172,20.0,585.9
26697,18.4172,20.0,586.0
26698,18.4172,20.0,586.0
26699,18.4172,20.0,586.0
26700,18.4172,20.0,586.0
26701,18.3775,20.0,586.1
26702,18.3775,20.0,586.1
26703,18.3775,20.0,586.1
26704,18.3775,20.0,586.1
26705,18.3775,20.0,586.1
26706,18.3775,20.0,586.2
26707,18.3775,20.0,586.2
26708,18.3775,20.0,586.2
26709,18.3775,20.0,586.2
26710,18.3775,20.0,586.2
26711,18.3775,20.0,586.3
26712,18.3775,20.0,586.3
26713,18.3775,20.0,586.3
26714,18.3775,20.0,586.3
26715,18.3775,20.0,586.3
26716,18.3775,20.0,586.4
26717,18.3775,20.0,586.4
26718,18.3775,20.0,586.4
26719,18.3775,20.0,586.4
26720,18.3775,20.0,586.4
26721,18.3379,20.0,586.5
26722,18.3379,20.0,586.5
26723,18.3379,20.0,586.5
26724,18.3379,20.0,586.5
26725,18.3379,20.0,586.5
26726,18.3379,20.0,586.6
26727,18.3379,20.0,586.6
26728,18.3379,20.0,586.6
26729,18.3379,20.0,586.6
26730,18.3379,20.0,586.6
26731,18.3379,20.0,586.7
26732,18.3379,20.0,586.7
26733,18.3379,20.0,586.7
26734,18.3379,20.0,586.7
26735,18.3379,20.0,586.8
26736,18.3379,20.0,586.8
26737,18.3379,20.0,586.8
26738,18.3379,20.0,586.8
26739,18.3379,20.0,586.8
26740,18.3379,20.0,586.9
26741,18.2982,20.0,586.9
26742,18.2982,20.0,586.9
26743,18.2982,20.0,586.9
26744,18.2982,20.0,586.9
26745,18.2982,20.0,587.0
26746,18.2982,20.0,587.0
26747,18.2982,20.0,587.0
26748,18.2982,20.0,587.0
26749,18.2982,20.0,587.0
26750,18.2982,20.0,587.1
26751,18.2982,20.0,587.1
26752,18.2982,20.0,587.1
26753,18.2982,20.0,587.1
26754,18.2982,20.0,587.1
26755,18.2982,20.0,587.2
26756,18.2982,20.0,587.2
26757,18.2982,20.0,587.2
26758,18.2982,20.0,587.2
26759,18.2982,20.0,587.3
26760,18.2982,20.0,587.3
26761,18.2586,20.0,587.3
26762,18.2586,20.0,587.3
26763,18.2586,20.0,587.3
26764,18.2586,20.0,587.4
26765,18.2586,20.0,587.4
26766,18.2586,20.0,587.4
26767,18.2586,20.0,587.4
26768,18.2586,20.0,587.4
26769,18.2586,20.0,587.5
26770,18.2586,20.0,587.5
26771,18.2586,20.0,587.5
26772,18.2586,20.0,587.5
26773,18.2586,20.0,587.6
26774,18.2586,20.0,587.6
26775,18.2586,20.0,587.6
26776,18.2586,20.0,587.6
26777,18.2586,20.0,587.6
26778,18.2586,20.0,587.7
26779,18.2586,20.0,587.7
26780,18.2586,20.0,587.7
26781,18.2189,20.0,587.7
26782,18.2189,20.0,587.7
26783,18.2189,20.0,587.8
26784,18.2189,20.0,587.8
26785,18.2189,20.0,587.8
26786,18.2189,20.0,587.8
26787,18.2189,20.0,587.8
26788,18.2189,20.0,587.9
26789,18.2189,20.0,587.9
26790,18.2189,20.0,587.9
26791,18.2189,20.0,587.9
26792,18.2189,20.0,588.0
26793,18.2189,20.0,588.0
26794,18.2189,20.0,588.0
26795,18.2189,20.0,588.0
26796,18.2189,20.0,588.0
26797,18.2189,20.0,588.1
26798,18.2189,20.0,588.1
26799,18.2189,20.0,588.1
26800,18.2189,20.0,588.1
26801,18.1793,20.0,588.1
26802,18.1793,20.0,588.2
26803,18.1793,20.0,588.2
26804,18.1793,20.0,588.2
26805,18.1793,20.0,588.2
26806,18.1793,20.0,588.3
26807,18.1793,20.0,588.3
26808,18.1793,20.0,588.3
26809,18.1793,20.0,588.3
26810,18.1793,20.0,588.3
26811,18.1793,20.0,588.3
26812,18.1793,20.0,588.4
26813,18.1793,20.0,588.4
26814,18.1793,20.0,588.4
26815,18.1793,20.0,588.4
26816,18.1793,20.0,588.5
26817,18.1793,20.0,588.5
26818,18.1793,20.0,588.5
26819,18.1793,20.0,588.5
26820,18.1793,20.0,588.5
26821,18.1396,20.0,588.6
26822,18.1396,20.0,588.6
26823,18.1396,20.0,588.6
26824,18.1396,20.0,588.6
26825,18.1396,20.0,588.6
26826,18.1396,20.0,588.7
26827,18.1396,20.0,588.7
26828,18.1396,20.0,588.7
26829,18.1396,20.0,588.7
26830,18.1396,20.0,588.7
26831,18.1396,20.0,588.7
26832,18.1396,20.0,588.8
26833,18.1396,20.0,588.8
26834,18.1396,20.0,588.8
26835,18.1396,20.0,588.8
26836,18.1396,20.0,588.8
26837,18.1396,20.0,588.9
26838,18.1396,20.0,588.9
26839,18.1396,20.0,588.9
26840,18.1396,20.0,588.9
26841,18.1000,20.0,588.9
26842,18.1000,20.0,589.0
26843,18.1000,20.0,589.0
26844,18.1000,20.0,589.0
26845,18.1000,20.0,589.0
26846,18.1000,20.0,589.0
26847,18.1000,20.0,589.1
26848,18.1000,20.0,589.1
26849,18.1000,20.0,589.1
26850,18.1000,20.0,589.1
26851,18.1000,20.0,589.2
26852,18.1000,20.0,589.2
26853,18.1000,20.0,589.2
26854,18.1000,20.0,589.2
26855,18.1000,20.0,589.2
26856,18.1000,20.0,589.3
26857,18.1000,20.0,589.3
26858,18.1000,20.0,589.3
26859,18.1000,20.0,589.3
26860,18.1000,20.0,589.4
26861,18.0603,20.0,589.4
26862,18.0603,20.0,589.4
26863,18.0603,20.0,589.4
26864,18.0603,20.0,589.4
26865,18.0603,20.0,589.5
26866,18.0603,20.0,589.5
26867,18.0603,20.0,589.5
26868,18.0603,20.0,589.5
26869,18.0603,20.0,589.5
26870,18.0603,20.0,589.6
26871,18.0603,20.0,589.6
26872,18.0603,20.0,589.6
26873,18.0603,20.0,589.6
26874,18.0603,20.0,589.6
26875,18.0603,20.0,589.7
26876,18.0603,20.0,589.7
26877,18.0603,20.0,589.7
26878,18.0603,20.0,589.7
26879,18.0603,20.0,589.7
26880,18.0603,20.0,589.8
26881,18.0207,20.0,589.8
26882,18.0207,20.0,589.8
26883,18.0207,20.0,589.8
26884,18.0207,20.0,589.8
26885,18.0207,20.0,589.9
26886,18.0207,20.0,589.9
26887,18.0207,20.0,589.9
26888,18.0207,20.0,589.9
26889,18.0207,20.0,590.0
26890,18.0207,20.0,590.0
26891,18.0207,20.0,590.0
26892,18.0207,20.0,590.0
26893,18.0207,20.0,590.0
26894,18.0207,20.0,590.0
26895,18.0207,20.0,590.1
26896,18.0207,20.0,590.1
26897,18.0207,20.0,590.1
26898,18.0207,20.0,590.1
26899,18.0207,20.0,590.2
26900,18.0207,20.0,590.2
26901,17.9811,20.0,590.2
26902,17.9811,20.0,590.2
26903,17.9811,20.0,590.2
26904,17.9811,20.0,590.3
26905,17.9811,20.0,590.3
26906,17.9811,20.0,590.3
26907,17.9811,20.0,590.3
26908,17.9811,20.0,590.3
26909,17.9811,20.0,590.4
26910,17.9811,20.0,590.4
26911,17.9811,20.0,590.4
26912,17.9811,20.0,590.4
26913,17.9811,20.0,590.5
26914,17.9811,20.0,590.5
26915,17.9811,20.0,590.5
26916,17.9811,20.0,590.5
26917,17.9811,20.0,590.6
26918,17.9811,20.0,590.6
26919,17.9811,20.0,590.6
26920,17.9811,20.0,590.6
26921,17.9414,20.0,590.6
26922,17.9414,20.0,590.7
26923,17.9414,20.0,590.7
26924,17.9414,20.0,590.7
26925,17.9414,20.0,590.7
26926,17.9414,20.0,590.8
26927,17.9414,20.0,590.8
26928,17.9414,20.0,590.8
26929,17.9414,20.0,590.8
26930,17.9414,20.0,590.8
26931,17.9414,20.0,590.9
26932,17.9414,20.0,590.9
26933,17.9414,20.0,590.9
26934,17.9414,20.0,590.9
26935,17.9414,20.0,591.0
26936,17.9414,20.0,591.0
26937,17.9414,20.0,591.0
26938,17.9414,20.0,591.0
26939,17.9414,20.0,591.0
26940,17.9414,20.0,591.1
26941,17.9018,20.0,591.1
26942,17.9018,20.0,591.1
26943,17.9018,20.0,591.1
26944,17.9018,20.0,591.1
26945,17.9018,20.0,591.2
26946,17.9018,20.0,591.2
26947,17.9018,20.0,591.2
26948,17.9018,20.0,591.2
26949,17.9018,20.0,591.3
26950,17.9018,20.0,591.3
26951,17.9018,20.0,591.3
26952,17.9018,20.0,591.3
26953,17.9018,20.0,591.3
26954,17.9018,20.0,591.4
26955,17.9018,20.0,591.4
26956,17.9018,20.0,591.4
26957,17.9018,20.0,591.4
26958,17.9018,20.0,591.4
26959,17.9018,20.0,591.4
26960,17.9018,20.0,591.5
26961,17.8621,20.0,591.5
26962,17.8621,20.0,591.5
26963,17.8621,20.0,591.5
26964,17.8621,20.0,591.5
26965,17.8621,20.0,591.6
26966,17.8621,20.0,591.6
26967,17.8621,20.0,591.6
26968,17.8621,20.0,591.6
26969,17.8621,20.0,591.6
26970,17.8621,20.0,591.7
26971,17.8621,20.0,591.7
26972,17.8621,20.0,591.7
26973,17.8621,20.0,591.7
26974,17.8621,20.0,591.7
26975,17.8621,20.0,591.8
26976,17.8621,20.0,591.8
26977,17.8621,20.0,591.8
26978,17.8621,20.0,591.8
26979,17.8621,20.0,591.8
26980,17.8621,20.0,591.9
26981,17.8225,20.0,591.9
26982,17.8225,20.0,591.9
26983,17.8225,20.0,591.9
26984,17.8225,20.0,591.9
26985,17.8225,20.0,592.0
26986,17.8225,20.0,592.0
26987,17.8225,20.0,592.0
26988,17.8225,20.0,592.0
26989,17.8225,20.0,592.0
26990,17.8225,20.0,592.1
26991,17.8225,20.0,592.1
26992,17.8225,20.0,592.1
26993,17.8225,20.0,592.1
26994,17.8225,20.0,592.2
26995,17.8225,20.0,592.2
26996,17.8225,20.0,592.2
26997,17.8225,20.0,592.2
26998,17.8225,20.0,592.2
26999,17.8225,20.0,592.3
27000,17.8225,20.0,592.3
27001,17.7828,20.0,592.3
27002,17.7828,20.0,592.3
27003,17.7828,20.0,592.3
27004,17.7828,20.0,592.4
27005,17.7828,20.0,592.4
27006,17.7828,20.0,592.4
27007,17.7828,20.0,592.4
27008,17.7828,20.0,592.4
27009,17.7828,20.0,592.5
27010,17.7828,20.0,592.5
27011,17.7828,20.0,592.5
27012,17.7828,20.0,592.5
27013,17.7828,20.0,592.5
27014,17.7828,20.0,592.6
27015,17.7828,20.0,592.6
27016,17.7828,20.0,592.6
27017,17.7828,20.0,592.6
27018,17.7828,20.0,592.6
27019,17.7828,20.0,592.7
27020,17.7828,20.0,592.7
27021,17.7432,20.0,592.7
27022,17.7432,20.0,592.7
27023,17.7432,20.0,592.7
27024,17.7432,20.0,592.8
27025,17.7432,20.0,592.8
27026,17.7432,20.0,592.8
27027,17.7432,20.0,592.8
27028,17.7432,20.0,592.8
27029,17.7432,20.0,592.9
27030,17.7432,20.0,592.9
27031,17.7432,20.0,592.9
27032,17.7432,20.0,592.9
27033,17.7432,20.0,593.0
27034,17.7432,20.0,593.0
27035,17.7432,20.0,593.0
27036,17.7432,20.0,593.0
27037,17.7432,20.0,593.0
27038,17.7432,20.0,593.1
27039,17.7432,20.0,593.1
27040,17.7432,20.0,593.1
27041,17.7035,20.0,593.1
27042,17.7035,20.0,593.1
27043,17.7035,20.0,593.2
27044,17.7035,20.0,593.2
27045,17.7035,20.0,593.2
27046,17.7035,20.0,593.2
27047,17.7035,20.0,593.2
27048,17.7035,20.0,593.3
27049,17.7035,20.0,593.3
27050,17.7035,20.0,593.3
27051,17.7035,20.0,593.3
27052,17.7035,20.0,593.4
27053,17.7035,20.0,593.4
27054,17.7035,20.0,593.4
27055,17.7035,20.0,593.4
27056,17.7035,20.0,593.4
27057,17.7035,20.0,593.5
27058,17.7035,20.0,593.5
27059,17.7035,20.0,593.5
27060,17.7035,20.0,593.5
27061,17.6639,20.0,593.5
27062,17.6639,20.0,593.6
27063,17.6639,20.0,593.6
27064,17.6639,20.0,593.6
27065,17.6639,20.0,593.6
27066,17.6639,20.0,593.6
27067,17.6639,20.0,593.7
27068,17.6639,20.0,593.7
27069,17.6639,20.0,593.7
27070,17.6639,20.0,593.7
27071,17.6639,20.0,593.7
27072,17.6639,20.0,593.8
27073,17.6639,20.0,593.8
27074,17.6639,20.0,593.8
27075,17.6639,20.0,593.8
27076,17.6639,20.0,593.8
27077,17.6639,20.0,593.9
27078,17.6639,20.0,593.9
27079,17.6639,20.0,593.9
27080,17.6639,20.0,593.9
27081,17.6242,20.0,594.0
27082,17.6242,20.0,594.0
27083,17.6242,20.0,594.0
27084,17.6242,20.0,594.0
27085,17.6242,20.0,594.0
27086,17.6242,20.0,594.1
27087,17.6242,20.0,594.1
27088,17.6242,20.0,594.1
27089,17.6242,20.0,594.1
27090,17.6242,20.0,594.2
27091,17.6242,20.0,594.2
27092,17.6242,20.0,594.2
27093,17.6242,20.0,594.2
27094,17.6242,20.0,594.2
27095,17.6242,20.0,594.3
27096,17.6242,20.0,594.3
27097,17.6242,20.0,594.3
27098,17.6242,20.0,594.3
27099,17.6242,20.0,594.4
27100,17.6242,20.0,594.4
27101,17.5846,20.0,594.4
27102,17.5846,20.0,594.4
27103,17.5846,20.0,594.4
27104,17.5846,20.0,594.4
27105,17.5846,20.0,594.5
27106,17.5846,20.0,594.5
27107,17.5846,20.0,594.5
27108,17.5846,20.0,594.5
27109,17.5846,20.0,594.6
27110,17.5846,20.0,594.6
27111,17.5846,20.0,594.6
27112,17.5846,20.0,594.6
27113,17.5846,20.0,594.6
27114,17.5846,20.0,594.7
27115,17.5846,20.0,594.7
27116,17.5846,20.0,594.7
27117,17.5846,20.0,594.7
27118,17.5846,20.0,594.7
27119,17.5846,20.0,594.8
27120,17.5846,20.0,594.8
27121,17.5450,20.0,594.8
27122,17.5450,20.0,594.8
27123,17.5450,20.0,594.9
27124,17.5450,20.0,594.9
27125,17.5450,20.0,594.9
27126,17.5450,20.0,594.9
27127,17.5450,20.0,594.9
27128,17.5450,20.0,595.0
27129,17.5450,20.0,595.0
27130,17.5450,20.0,595.0
27131,17.5450,20.0,595.0
27132,17.5450,20.0,595.0
27133,17.5450,20.0,595.1
27134,17.5450,20.0,595.1
27135,17.5450,20.0,595.1
27136,17.5450,20.0,595.1
27137,17.5450,20.0,595.4
27138,17.5450,20.0,595.4
27139,17.5450,20.0,595.5
27140,17.5450,20.0,595.5
27141,17.5251,20.0,595.5
27142,17.5251,20.0,595.5
27143,17.5251,20.0,595.5
27144,17.5251,20.0,595.6
27145,17.5251,20.0,595.6
27146,17.5251,20.0,595.6
27147,17.5251,20.0,595.6
27148,17.5251,20.0,595.6
27149,17.5251,20.0,595.7
27150,17.5251,20.0,595.7
27151,17.5251,20.0,595.7
27152,17.5251,20.0,595.7
27153,17.5251,20.0,595.7
27154,17.5251,20.0,595.8
27155,17.5251,20.0,595.8
27156,17.5251,20.0,595.8
27157,17.5251,20.0,595.8
27158,17.5251,20.0,595.8
27159,17.5251,20.0,595.8
27160,17.5251,20.0,595.9
27161,17.5056,20.0,595.9
27162,17.5056,20.0,595.9
27163,17.5056,20.0,595.9
27164,17.5056,20.0,596.0
27165,17.5056,20.0,596.0
27166,17.5056,20.0,596.0
27167,17.5056,20.0,596.0
27168,17.5056,20.0,596.0
27169,17.5056,20.0,596.1
27170,17.5056,20.0,596.1
27171,17.5056,20.0,596.1
27172,17.5056,20.0,596.1
27173,17.5056,20.0,596.1
27174,17.5056,20.0,596.2
27175,17.5056,20.0,596.2
27176,17.5056,20.0,596.2
27177,17.5056,20.0,596.2
27178,17.5056,20.0,596.2
27179,17.5056,20.0,596.3
27180,17.5056,20.0,596.3
27181,17.4861,20.0,596.3
27182,17.4861,20.0,596.3
27183,17.4861,20.0,596.3
27184,17.4861,20.0,596.4
27185,17.4861,20.0,596.4
27186,17.4861,20.0,596.4
27187,17.4861,20.0,596.4
27188,17.4861,20.0,596.5
27189,17.4861,20.0,596.5
27190,17.4861,20.0,596.5
27191,17.4861,20.0,596.5
27192,17.4861,20.0,596.5
27193,17.4861,20.0,596.5
27194,17.4861,20.0,596.6
27195,17.4861,20.0,596.6
27196,17.4861,20.0,596.6
27197,17.4861,20.0,596.6
27198,17.4861,20.0,596.7
27199,17.4861,20.0,596.7
27200,17.4861,20.0,596.7
27201,17.4666,20.0,596.7
27202,17.4666,20.0,596.7
27203,17.4666,20.0,596.8
27204,17.4666,20.0,596.8
27205,17.4666,20.0,596.8
27206,17.4666,20.0,596.8
27207,17.4666,20.0,596.9
27208,17.4666,20.0,596.9
27209,17.4666,20.0,596.9
27210,17.4666,20.0,596.9
27211,17.4666,20.0,596.9
27212,17.4666,20.0,597.0
27213,17.4666,20.0,597.0
27214,17.4666,20.0,597.0
27215,17.4666,20.0,597.0
27216,17.4666,20.0,597.0
27217,17.4666,20.0,597.1
27218,17.4666,20.0,597.1
27219,17.4666,20.0,597.1
27220,17.4666,20.0,597.1
27221,17.4470,20.0,597.2
27222,17.4470,20.0,597.2
27223,17.4470,20.0,597.2
27224,17.4470,20.0,597.2
27225,17.4470,20.0,597.2
27226,17.4470,20.0,597.3
27227,17.4470,20.0,597.3
27228,17.4470,20.0,597.3
27229,17.4470,20.0,597.3
27230,17.4470,20.0,597.3
27231,17.4470,20.0,597.4
27232,17.4470,20.0,597.4
27233,17.4470,20.0,597.4
27234,17.4470,20.0,597.4
27235,17.4470,20.0,597.4
27236,17.4470,20.0,597.5
27237,17.4470,20.0,597.5
27238,17.4470,20.0,597.5
27239,17.4470,20.0,597.5
27240,17.4470,20.0,597.5
27241,17.4275,20.0,597.6
27242,17.4275,20.0,597.6
27243,17.4275,20.0,597.6
27244,17.4275,20.0,597.6
27245,17.4275,20.0,597.6
27246,17.4275,20.0,597.7
27247,17.4275,20.0,597.7
27248,17.4275,20.0,597.7
27249,17.4275,20.0,597.7
27250,17.4275,20.0,597.8
27251,17.4275,20.0,597.8
27252,17.4275,20.0,597.8
27253,17.4275,20.0,597.8
27254,17.4275,20.0,597.8
27255,17.4275,20.0,597.9
27256,17.4275,20.0,597.9
27257,17.4275,20.0,597.9
27258,17.4275,20.0,597.9
27259,17.4275,20.0,597.9
27260,17.4275,20.0,598.0
27261,17.4080,20.0,598.0
27262,17.4080,20.0,598.0
27263,17.4080,20.0,598.0
27264,17.4080,20.0,598.0
27265,17.4080,20.0,598.1
27266,17.4080,20.0,598.1
27267,17.4080,20.0,598.1
27268,17.4080,20.0,598.1
27269,17.4080,20.0,598.1
27270,17.4080,20.0,598.2
27271,17.4080,20.0,598.2
27272,17.4080,20.0,598.2
27273,17.4080,20.0,598.2
27274,17.4080,20.0,598.2
27275,17.4080,20.0,598.3
27276,17.4080,20.0,598.3
27277,17.4080,20.0,598.3
27278,17.4080,20.0,598.3
27279,17.4080,20.0,598.3
27280,17.4080,20.0,598.4
27281,17.3885,20.0,598.4
27282,17.3885,20.0,598.4
27283,17.3885,20.0,598.4
27284,17.3885,20.0,598.5
27285,17.3885,20.0,598.5
27286,17.3885,20.0,598.5
27287,17.3885,20.0,598.5
27288,17.3885,20.0,598.5
27289,17.3885,20.0,598.6
27290,17.3885,20.0,598.6
27291,17.3885,20.0,598.6
27292,17.3885,20.0,598.6
27293,17.3885,20.0,598.7
27294,17.3885,20.0,598.7
27295,17.3885,20.0,598.7
27296,17.3885,20.0,598.7
27297,17.3885,20.0,598.7
27298,17.3885,20.0,598.8
27299,17.3885,20.0,598.8
27300,17.3885,20.0,598.8
27301,17.3690,20.0,598.8
27302,17.3690,20.0,598.9
27303,17.3690,20.0,598.9
27304,17.3690,20.0,598.9
27305,17.3690,20.0,598.9
27306,17.3690,20.0,598.9
27307,17.3690,20.0,598.9
27308,17.3690,20.0,599.0
27309,17.3690,20.0,599.0
27310,17.3690,20.0,599.0
27311,17.3690,20.0,599.0
27312,17.3690,20.0,599.1
27313,17.3690,20.0,599.1
27314,17.3690,20.0,599.1
27315,17.3690,20.0,599.1
27316,17.3690,20.0,599.2
27317,17.3690,20.0,599.2
27318,17.3690,20.0,599.2
27319,17.3690,20.0,599.2
27320,17.3690,20.0,599.2
27321,17.3494,20.0,599.3
27322,17.3494,20.0,599.3
27323,17.3494,20.0,599.3
27324,17.3494,20.0,599.4
27325,17.3494,20.0,599.4
27326,17.3494,20.0,599.4
27327,17.3494,20.0,599.4
27328,17.3494,20.0,599.4
27329,17.3494,20.0,599.5
27330,17.3494,20.0,599.5
27331,17.3494,20.0,599.5
27332,17.3494,20.0,599.5
27333,17.3494,20.0,599.6
27334,17.3494,20.0,599.6
27335,17.3494,20.0,599.6
27336,17.3494,20.0,599.6
27337,17.3494,20.0,599.6
27338,17.3494,20.0,599.7
27339,17.3494,20.0,599.7
27340,17.3494,20.0,599.7
27341,17.3299,20.0,599.7
27342,17.3299,20.0,599.8
27343,17.3299,20.0,599.8
27344,17.3299,20.0,599.8
27345,17.3299,20.0,599.8
27346,17.3299,20.0,599.8
27347,17.3299,20.0,599.9
27348,17.3299,20.0,599.9
27349,17.3299,20.0,599.9
27350,17.3299,20.0,599.9
27351,17.3299,20.0,599.9
27352,17.3299,20.0,600.0
27353,17.3299,20.0,600.0
27354,17.3299,20.0,600.0
27355,17.3299,20.0,600.0
27356,17.3299,20.0,600.0
27357,17.3299,20.0,600.1
27358,17.3299,20.0,600.1
27359,17.3299,20.0,600.1
27360,17.3299,20.0,600.1
27361,17.3104,20.0,600.2
27362,17.3104,20.0,600.2
27363,17.3104,20.0,600.2
27364,17.3104,20.0,600.2
27365,17.3104,20.0,600.2
27366,17.3104,20.0,600.3
27367,17.3104,20.0,600.3
27368,17.3104,20.0,600.3
27369,17.3104,20.0,600.3
27370,17.3104,20.0,600.4
27371,17.3104,20.0,600.4
27372,17.3104,20.0,600.4
27373,17.3104,20.0,600.4
27374,17.3104,20.0,600.4
27375,17.3104,20.0,600.5
27376,17.3104,20.0,600.5
27377,17.3104,20.0,600.5
27378,17.3104,20.0,600.5
27379,17.3104,20.0,600.5
27380,17.3104,20.0,600.6
27381,17.2909,20.0,600.6
27382,17.2909,20.0,600.6
27383,17.2909,20.0,600.6
27384,17.2909,20.0,600.6
27385,17.2909,20.0,600.7
27386,17.2909,20.0,600.7
27387,17.2909,20.0,600.7
27388,17.2909,20.0,600.7
27389,17.2909,20.0,600.7
27390,17.2909,20.0,600.8
27391,17.2909,20.0,600.8
27392,17.2909,20.0,600.8
27393,17.2909,20.0,600.8
27394,17.2909,20.0,600.8
27395,17.2909,20.0,600.9
27396,17.2909,20.0,600.9
27397,17.2909,20.0,600.9
27398,17.2909,20.0,600.9
27399,17.2909,20.0,601.0
27400,17.2909,20.0,601.0
27401,17.2714,20.0,601.0
27402,17.2714,20.0,601.0
27403,17.2714,20.0,601.1
27404,17.2714,20.0,601.1
27405,17.2714,20.0,601.1
27406,17.2714,20.0,601.1
27407,17.2714,20.0,601.1
27408,17.2714,20.0,601.2
27409,17.2714,20.0,601.2
27410,17.2714,20.0,601.2
27411,17.2714,20.0,601.2
27412,17.2714,20.0,601.3
27413,17.2714,20.0,601.3
27414,17.2714,20.0,601.3
27415,17.2714,20.0,601.3
27416,17.2714,20.0,601.4
27417,17.2714,20.0,601.4
27418,17.2714,20.0,601.4
27419,17.2714,20.0,601.4
27420,17.2714,20.0,601.4
27421,17.2518,20.0,601.5
27422,17.2518,20.0,601.5
27423,17.2518,20.0,601.5
27424,17.2518,20.0,601.5
27425,17.2518,20.0,601.6
27426,17.2518,20.0,601.6
27427,17.2518,20.0,601.6
27428,17.2518,20.0,601.6
27429,17.2518,20.0,601.6
27430,17.2518,20.0,601.7
27431,17.2518,20.0,601.7
27432,17.2518,20.0,601.7
27433,17.2518,20.0,601.7
27434,17.2518,20.0,601.8
27435,17.2518,20.0,601.8
27436,17.2518,20.0,601.8
27437,17.2518,20.0,601.8
27438,17.2518,20.0,601.8
27439,17.2518,20.0,601.9
27440,17.2518,20.0,601.9
27441,17.2323,20.0,601.9
27442,17.2323,20.0,601.9
27443,17.2323,20.0,602.0
27444,17.2323,20.0,602.0
27445,17.2323,20.0,602.0
27446,17.2323,20.0,602.0
27447,17.2323,20.0,602.0
27448,17.2323,20.0,602.1
27449,17.2323,20.0,602.1
27450,17.2323,20.0,602.1
27451,17.2323,20.0,602.1
27452,17.2323,20.0,602.1
27453,17.2323,20.0,602.2
27454,17.2323,20.0,602.2
27455,17.2323,20.0,602.2
27456,17.2323,20.0,602.2
27457,17.2323,20.0,602.2
27458,17.2323,20.0,602.3
27459,17.2323,20.0,602.3
27460,17.2323,20.0,602.3
27461,17.2128,20.0,602.3
27462,17.2128,20.0,602.3
27463,17.2128,20.0,602.4
27464,17.2128,20.0,602.4
27465,17.2128,20.0,602.4
27466,17.2128,20.0,602.4
27467,17.2128,20.0,602.5
27468,17.2128,20.0,602.5
27469,17.2128,20.0,602.5
27470,17.2128,20.0,602.5
27471,17.2128,20.0,602.5
27472,17.2128,20.0,602.6
27473,17.2128,20.0,602.6
27474,17.2128,20.0,602.6
27475,17.2128,20.0,602.6
27476,17.2128,20.0,602.7
27477,17.2128,20.0,602.7
27478,17.2128,20.0,602.7
27479,17.2128,20.0,602.7
27480,17.2128,20.0,602.7
27481,17.1933,20.0,602.8
27482,17.1933,20.0,602.8
27483,17.1933,20.0,602.8
27484,17.1933,20.0,602.8
27485,17.1933,20.0,602.9
27486,17.1933,20.0,602.9
27487,17.1933,20.0,602.9
27488,17.1933,20.0,602.9
27489,17.1933,20.0,602.9
27490,17.1933,20.0,603.0
27491,17.1933,20.0,603.0
27492,17.1933,20.0,603.0
27493,17.1933,20.0,603.0
27494,17.1933,20.0,603.0
27495,17.1933,20.0,603.1
27496,17.1933,20.0,603.1
27497,17.1933,20.0,603.1
27498,17.1933,20.0,603.1
27499,17.1933,20.0,603.2
27500,17.1933,20.0,603.2
27501,17.1737,20.0,603.2
27502,17.1737,20.0,603.2
27503,17.1737,20.0,603.2
27504,17.1737,20.0,603.2
27505,17.1737,20.0,603.3
27506,17.1737,20.0,603.3
27507,17.1737,20.0,603.3
27508,17.1737,20.0,603.3
27509,17.1737,20.0,603.3
27510,17.1737,20.0,603.4
27511,17.1737,20.0,603.4
27512,17.1737,20.0,603.4
27513,17.1737,20.0,603.4
27514,17.1737,20.0,603.5
27515,17.1737,20.0,603.5
27516,17.1737,20.0,603.5
27517,17.1737,20.0,603.5
27518,17.1737,20.0,603.5
27519,17.1737,20.0,603.5
27520,17.1737,20.0,603.6
27521,17.1542,20.0,603.6
27522,17.1542,20.0,603.6
27523,17.1542,20.0,603.6
27524,17.1542,20.0,603.7
27525,17.1542,20.0,603.7
27526,17.1542,20.0,603.7
27527,17.1542,20.0,603.7
27528,17.1542,20.0,603.7
27529,17.1542,20.0,603.8
27530,17.1542,20.0,603.8
27531,17.1542,20.0,603.8
27532,17.1542,20.0,603.8
27533,17.1542,20.0,603.9
27534,17.1542,20.0,603.9
27535,17.1542,20.0,603.9
27536,17.1542,20.0,603.9
27537,17.1542,20.0,603.9
27538,17.1542,20.0,603.9
27539,17.1542,20.0,604.0
27540,17.1542,20.0,604.0
27541,17.1347,20.0,604.0
27542,17.1347,20.0,604.0
27543,17.1347,20.0,604.1
27544,17.1347,20.0,604.1
27545,17.1347,20.0,604.1
27546,17.1347,20.0,604.1
27547,17.1347,20.0,604.1
27548,17.1347,20.0,604.2
27549,17.1347,20.0,604.2
27550,17.1347,20.0,604.2
27551,17.1347,20.0,604.2
27552,17.1347,20.0,604.2
27553,17.1347,20.0,604.2
27554,17.1347,20.0,604.3
27555,17.1347,20.0,604.3
27556,17.1347,20.0,604.3
27557,17.1347,20.0,604.3
27558,17.1347,20.0,604.4
27559,17.1347,20.0,604.4
27560,17.1347,20.0,604.4
27561,17.1152,20.0,604.4
27562,17.1152,20.0,604.4
27563,17.1152,20.0,604.5
27564,17.1152,20.0,604.5
27565,17.1152,20.0,604.5
27566,17.1152,20.0,604.5
27567,17.1152,20.0,604.5
27568,17.1152,20.0,604.6
27569,17.1152,20.0,604.6
27570,17.1152,20.0,604.6
27571,17.1152,20.0,604.6
27572,17.1152,20.0,604.6
27573,17.1152,20.0,604.7
27574,17.1152,20.0,604.7
27575,17.1152,20.0,604.7
27576,17.1152,20.0,604.7
27577,17.1152,20.0,604.7
27578,17.1152,20.0,604.8
27579,17.1152,20.0,604.8
27580,17.1152,20.0,604.8
27581,17.0957,20.0,604.8
27582,17.0957,20.0,604.8
27583,17.0957,20.0,604.9
27584,17.0957,20.0,604.9
27585,17.0957,20.0,604.9
27586,17.0957,20.0,604.9
27587,17.0957,20.0,604.9
27588,17.0957,20.0,605.0
27589,17.0957,20.0,605.0
27590,17.0957,20.0,605.0
27591,17.0957,20.0,605.0
27592,17.0957,20.0,605.0
27593,17.0957,20.0,605.1
27594,17.0957,20.0,605.1
27595,17.0957,20.0,605.1
27596,17.0957,20.0,605.1
27597,17.0957,20.0,605.2
27598,17.0957,20.0,605.2
27599,17.0957,20.0,605.2
27600,17.0957,20.0,605.2
27601,17.0761,20.0,605.2
27602,17.0761,20.0,605.3
27603,17.0761,20.0,605.3
27604,17.0761,20.0,605.3
27605,17.0761,20.0,605.3
27606,17.0761,20.0,605.4
27607,17.0761,20.0,605.4
27608,17.0761,20.0,605.4
27609,17.0761,20.0,605.4
27610,17.0761,20.0,605.4
27611,17.0761,20.0,605.5
27612,17.0761,20.0,605.5
27613,17.0761,20.0,605.5
27614,17.0761,20.0,605.5
27615,17.0761,20.0,605.6
27616,17.0761,20.0,605.6
27617,17.0761,20.0,605.6
27618,17.0761,20.0,605.6
27619,17.0761,20.0,605.6
27620,17.0761,20.0,605.7
27621,17.0563,20.0,605.7
27622,17.0563,20.0,605.7
27623,17.0563,20.0,605.7
27624,17.0563,20.0,605.7
27625,17.0563,20.0,605.8
27626,17.0563,20.0,605.8
27627,17.0563,20.0,605.8
27628,17.0563,20.0,605.8
27629,17.0563,20.0,605.8
27630,17.0563,20.0,605.9
27631,17.0563,20.0,605.9
27632,17.0563,20.0,605.9
27633,17.0563,20.0,605.9
27634,17.0563,20.0,606.0
27635,17.0563,20.0,606.0
27636,17.0563,20.0,606.0
27637,17.0563,20.0,606.0
27638,17.0563,20.0,606.0
27639,17.0563,20.0,606.1
27640,17.0563,20.0,606.1
27641,17.0364,20.0,606.1
27642,17.0364,20.0,606.1
27643,17.0364,20.0,606.2
27644,17.0364,20.0,606.2
27645,17.0364,20.0,606.2
27646,17.0364,20.0,606.2
27647,17.0364,20.0,606.2
27648,17.0364,20.0,606.3
27649,17.0364,20.0,606.6
27650,17.0364,20.0,606.6
27651,17.0364,20.0,606.6
27652,17.0364,20.0,606.6
27653,17.0364,20.0,606.6
27654,17.0364,20.0,606.7
27655,17.0364,20.0,606.7
27656,17.0364,20.0,606.7
27657,17.0364,20.0,606.7
27658,17.0364,20.0,606.8
27659,17.0364,20.0,606.8
27660,17.0364,20.0,606.8
27661,17.0166,20.0,606.8
27662,17.0166,20.0,606.8
27663,17.0166,20.0,606.9
27664,17.0166,20.0,606.9
27665,17.0166,20.0,606.9
27666,17.0166,20.0,606.9
27667,17.0166,20.0,606.9
27668,17.0166,20.0,607.0
27669,17.0166,20.0,607.0
27670,17.0166,20.0,607.0
27671,17.0166,20.0,607.0
27672,17.0166,20.0,607.0
27673,17.0166,20.0,607.1
27674,17.0166,20.0,607.1
27675,17.0166,20.0,607.1
27676,17.0166,20.0,607.1
27677,17.0166,20.0,607.1
27678,17.0166,20.0,607.2
27679,17.0166,20.0,607.2
27680,17.0166,20.0,607.2
27681,16.9964,20.0,607.2
27682,16.9964,20.0,607.2
27683,16.9964,20.0,607.3
27684,16.9964,20.0,607.3
27685,16.9964,20.0,607.3
27686,16.9964,20.0,607.3
27687,16.9964,20.0,607.3
27688,16.9964,20.0,607.4
27689,16.9964,20.0,607.4
27690,16.9964,20.0,607.4
27691,16.9964,20.0,607.4
27692,16.9964,20.0,607.5
27693,16.9964,20.0,607.5
27694,16.9964,20.0,607.5
27695,16.9964,20.0,607.5
27696,16.9964,20.0,607.5
27697,16.9964,20.0,607.6
27698,16.9964,20.0,607.6
27699,16.9964,20.0,607.6
27700,16.9964,20.0,607.6
27701,16.9762,20.0,607.6
27702,16.9762,20.0,607.6
27703,16.9762,20.0,607.7
27704,16.9762,20.0,607.7
27705,16.9762,20.0,607.7
27706,16.9762,20.0,607.7
27707,16.9762,20.0,607.7
27708,16.9762,20.0,607.8
27709,16.9762,20.0,607.8
27710,16.9762,20.0,607.8
27711,16.9762,20.0,607.8
27712,16.9762,20.0,607.8
27713,16.9762,20.0,607.9
27714,16.9762,20.0,607.9
27715,16.9762,20.0,607.9
27716,16.9762,20.0,607.9
27717,16.9762,20.0,607.9
27718,16.9762,20.0,608.0
27719,16.9762,20.0,608.0
27720,16.9762,20.0,608.0
27721,16.9561,20.0,608.0
27722,16.9561,20.0,608.0
27723,16.9561,20.0,608.0
27724,16.9561,20.0,608.1
27725,16.9561,20.0,608.1
27726,16.9561,20.0,608.1
27727,16.9561,20.0,608.1
27728,16.9561,20.0,608.1
27729,16.9561,20.0,608.2
27730,16.9561,20.0,608.2
27731,16.9561,20.0,608.2
27732,16.9561,20.0,608.2
27733,16.9561,20.0,608.3
27734,16.9561,20.0,608.3
27735,16.9561,20.0,608.3
27736,16.9561,20.0,608.3
27737,16.9561,20.0,608.3
27738,16.9561,20.0,608.4
27739,16.9561,20.0,608.4
27740,16.9561,20.0,608.4
27741,16.9359,20.0,608.4
27742,16.9359,20.0,608.5
27743,16.9359,20.0,608.5
27744,16.9359,20.0,608.5
27745,16.9359,20.0,608.5
27746,16.9359,20.0,608.5
27747,16.9359,20.0,608.6
27748,16.9359,20.0,608.6
27749,16.9359,20.0,608.6
27750,16.9359,20.0,608.6
27751,16.9359,20.0,608.7
27752,16.9359,20.0,608.7
27753,16.9359,20.0,608.7
27754,16.9359,20.0,608.7
27755,16.9359,20.0,608.7
27756,16.9359,20.0,608.8
27757,16.9359,20.0,608.8
27758,16.9359,20.0,608.8
27759,16.9359,20.0,608.8
27760,16.9359,20.0,608.8
27761,16.9158,20.0,608.9
27762,16.9158,20.0,608.9
27763,16.9158,20.0,608.9
27764,16.9158,20.0,608.9
27765,16.9158,20.0,608.9
27766,16.9158,20.0,609.0
27767,16.9158,20.0,609.0
27768,16.9158,20.0,609.0
27769,16.9158,20.0,609.0
27770,16.9158,20.0,609.0
27771,16.9158,20.0,609.1
27772,16.9158,20.0,609.1
27773,16.9158,20.0,609.1
27774,16.9158,20.0,609.1
27775,16.9158,20.0,609.2
27776,16.9158,20.0,609.2
27777,16.9158,20.0,609.2
27778,16.9158,20.0,609.2
27779,16.9158,20.0,609.3
27780,16.9158,20.0,609.3
27781,16.8956,20.0,609.3
27782,16.8956,20.0,609.3
27783,16.8956,20.0,609.4
27784,16.8956,20.0,609.4
27785,16.8956,20.0,609.4
27786,16.8956,20.0,609.4
27787,16.8956,20.0,609.5
27788,16.8956,20.0,609.5
27789,16.8956,20.0,609.5
27790,16.8956,20.0,609.5
27791,16.8956,20.0,609.6
27792,16.8956,20.0,609.6
27793,16.8956,20.0,609.6
27794,16.8956,20.0,609.6
27795,16.8956,20.0,609.7
27796,16.8956,20.0,609.7
27797,16.8956,20.0,609.7
27798,16.8956,20.0,609.7
27799,16.8956,20.0,609.7
27800,16.8956,20.0,609.8
27801,16.8754,20.0,609.8
27802,16.8754,20.0,609.8
27803,16.8754,20.0,609.8
27804,16.8754,20.0,609.9
27805,16.8754,20.0,609.9
27806,16.8754,20.0,609.9
27807,16.8754,20.0,609.9
27808,16.8754,20.0,610.0
27809,16.8754,20.0,610.0
27810,16.8754,20.0,610.0
27811,16.8754,20.0,610.0
27812,16.8754,20.0,610.1
27813,16.8754,20.0,610.1
27814,16.8754,20.0,610.1
27815,16.8754,20.0,610.1
27816,16.8754,20.0,610.1
27817,16.8754,20.0,610.2
27818,16.8754,20.0,610.2
27819,16.8754,20.0,610.2
27820,16.8754,20.0,610.3
27821,16.8553,20.0,610.3
27822,16.8553,20.0,610.3
27823,16.8553,20.0,610.3
27824,16.8553,20.0,610.4
27825,16.8553,20.0,610.4
27826,16.8553,20.0,610.4
27827,16.8553,20.0,610.4
27828,16.8553,20.0,610.5
27829,16.8553,20.0,610.5
27830,16.8553,20.0,610.5
27831,16.8553,20.0,610.6
27832,16.8553,20.0,610.6
27833,16.8553,20.0,610.6
27834,16.8553,20.0,610.6
27835,16.8553,20.0,610.6
27836,16.8553,20.0,610.7
27837,16.8553,20.0,610.7
27838,16.8553,20.0,610.7
27839,16.8553,20.0,610.7
27840,16.8553,20.0,610.8
27841,16.8351,20.0,610.8
27842,16.8351,20.0,610.8
27843,16.8351,20.0,610.8
27844,16.8351,20.0,610.8
27845,16.8351,20.0,610.9
27846,16.8351,20.0,610.9
27847,16.8351,20.0,610.9
27848,16.8351,20.0,610.9
27849,16.8351,20.0,610.9
27850,16.8351,20.0,611.0
27851,16.8351,20.0,611.0
27852,16.8351,20.0,611.0
27853,16.8351,20.0,611.0
27854,16.8351,20.0,611.1
27855,16.8351,20.0,611.1
27856,16.8351,20.0,611.1
27857,16.8351,20.0,611.1
27858,16.8351,20.0,611.1
27859,16.8351,20.0,611.2
27860,16.8351,20.0,611.2
27861,16.8149,20.0,611.2
27862,16.8149,20.0,611.2
27863,16.8149,20.0,611.3
27864,16.8149,20.0,611.3
27865,16.8149,20.0,611.3
27866,16.8149,20.0,611.3
27867,16.8149,20.0,611.3
27868,16.8149,20.0,611.4
27869,16.8149,20.0,611.4
27870,16.8149,20.0,611.4
27871,16.8149,20.0,611.4
27872,16.8149,20.0,611.4
27873,16.8149,20.0,611.5
27874,16.8149,20.0,611.5
27875,16.8149,20.0,611.5
27876,16.8149,20.0,611.5
27877,16.8149,20.0,611.6
27878,16.8149,20.0,611.6
27879,16.8149,20.0,611.6
27880,16.8149,20.0,611.6
27881,16.7948,20.0,611.6
27882,16.7948,20.0,611.7
27883,16.7948,20.0,611.7
27884,16.7948,20.0,611.7
27885,16.7948,20.0,611.7
27886,16.7948,20.0,611.7
27887,16.7948,20.0,611.8
27888,16.7948,20.0,611.8
27889,16.7948,20.0,611.8
27890,16.7948,20.0,611.8
27891,16.7948,20.0,611.8
27892,16.7948,20.0,611.9
27893,16.7948,20.0,611.9
27894,16.7948,20.0,611.9
27895,16.7948,20.0,611.9
27896,16.7948,20.0,611.9
27897,16.7948,20.0,612.0
27898,16.7948,20.0,612.0
27899,16.7948,20.0,612.0
27900,16.7948,20.0,612.0
27901,16.7746,20.0,612.0
27902,16.7746,20.0,612.1
27903,16.7746,20.0,612.1
27904,16.7746,20.0,612.1
27905,16.7746,20.0,612.1
27906,16.7746,20.0,612.1
27907,16.7746,20.0,612.2
27908,16.7746,20.0,612.2
27909,16.7746,20.0,612.2
27910,16.7746,20.0,612.2
27911,16.7746,20.0,612.2
27912,16.7746,20.0,612.3
27913,16.7746,20.0,612.3
27914,16.7746,20.0,612.3
27915,16.7746,20.0,612.3
27916,16.7746,20.0,612.4
27917,16.7746,20.0,612.4
27918,16.7746,20.0,612.4
27919,16.7746,20.0,612.4
27920,16.7746,20.0,612.4
27921,16.7545,20.0,612.5
27922,16.7545,20.0,612.5
27923,16.7545,20.0,612.5
27924,16.7545,20.0,612.5
27925,16.7545,20.0,612.5
27926,16.7545,20.0,612.6
27927,16.7545,20.0,612.6
27928,16.7545,20.0,612.6
27929,16.7545,20.0,612.6
27930,16.7545,20.0,612.7
27931,16.7545,20.0,612.7
27932,16.7545,20.0,612.7
27933,16.7545,20.0,612.7
27934,16.7545,20.0,612.7
27935,16.7545,20.0,612.8
27936,16.7545,20.0,612.8
27937,16.7545,20.0,612.8
27938,16.7545,20.0,612.8
27939,16.7545,20.0,612.8
27940,16.7545,20.0,612.9
27941,16.7343,20.0,612.9
27942,16.7343,20.0,612.9
27943,16.7343,20.0,612.9
27944,16.7343,20.0,612.9
27945,16.7343,20.0,612.9
27946,16.7343,20.0,613.0
27947,16.7343,20.0,613.0
27948,16.7343,20.0,613.0
27949,16.7343,20.0,613.0
27950,16.7343,20.0,613.1
27951,16.7343,20.0,613.1
27952,16.7343,20.0,613.1
27953,16.7343,20.0,613.1
27954,16.7343,20.0,613.1
27955,16.7343,20.0,613.2
27956,16.7343,20.0,613.2
27957,16.7343,20.0,613.2
27958,16.7343,20.0,613.2
27959,16.7343,20.0,613.3
27960,16.7343,20.0,613.3
27961,16.7141,20.0,613.3
27962,16.7141,20.0,613.3
27963,16.7141,20.0,613.3
27964,16.7141,20.0,613.4
27965,16.7141,20.0,613.4
27966,16.7141,20.0,613.4
27967,16.7141,20.0,613.4
27968,16.7141,20.0,613.4
27969,16.7141,20.0,613.5
27970,16.7141,20.0,613.5
27971,16.7141,20.0,613.5
27972,16.7141,20.0,613.5
27973,16.7141,20.0,613.5
27974,16.7141,20.0,613.5
27975,16.7141,20.0,613.6
27976,16.7141,20.0,613.6
27977,16.7141,20.0,613.6
27978,16.7141,20.0,613.6
27979,16.7141,20.0,613.6
27980,16.7141,20.0,613.7
27981,16.6940,20.0,613.7
27982,16.6940,20.0,613.7
27983,16.6940,20.0,613.7
27984,16.6940,20.0,613.8
27985,16.6940,20.0,613.8
27986,16.6940,20.0,613.8
27987,16.6940,20.0,613.8
27988,16.6940,20.0,613.8
27989,16.6940,20.0,613.9
27990,16.6940,20.0,613.9
27991,16.6940,20.0,613.9
27992,16.6940,20.0,613.9
27993,16.6940,20.0,613.9
27994,16.6940,20.0,613.9
27995,16.6940,20.0,614.0
27996,16.6940,20.0,614.0
27997,16.6940,20.0,614.0
27998,16.6940,20.0,614.0
27999,16.6940,20.0,614.0
28000,16.6940,20.0,614.1
28001,16.6738,20.0,614.1
28002,16.6738,20.0,614.1
28003,16.6738,20.0,614.1
28004,16.6738,20.0,614.2
28005,16.6738,20.0,614.2
28006,16.6738,20.0,614.2
28007,16.6738,20.0,614.2
28008,16.6738,20.0,614.2
28009,16.6738,20.0,614.3
28010,16.6738,20.0,614.3
28011,16.6738,20.0,614.3
28012,16.6738,20.0,614.3
28013,16.6738,20.0,614.3
28014,16.6738,20.0,614.4
28015,16.6738,20.0,614.4
28016,16.6738,20.0,614.4
28017,16.6738,20.0,614.4
28018,16.6738,20.0,614.4
28019,16.6738,20.0,614.5
28020,16.6738,20.0,614.5
28021,16.6537,20.0,614.5
28022,16.6537,20.0,614.5
28023,16.6537,20.0,614.6
28024,16.6537,20.0,614.6
28025,16.6537,20.0,614.6
28026,16.6537,20.0,614.6
28027,16.6537,20.0,614.7
28028,16.6537,20.0,614.7
28029,16.6537,20.0,614.7
28030,16.6537,20.0,614.7
28031,16.6537,20.0,614.7
28032,16.6537,20.0,614.8
28033,16.6537,20.0,614.8
28034,16.6537,20.0,614.8
28035,16.6537,20.0,614.9
28036,16.6537,20.0,614.9
28037,16.6537,20.0,614.9
28038,16.6537,20.0,614.9
28039,16.6537,20.0,614.9
28040,16.6537,20.0,615.0
28041,16.6335,20.0,615.0
28042,16.6335,20.0,615.0
28043,16.6335,20.0,615.0
28044,16.6335,20.0,615.1
28045,16.6335,20.0,615.1
28046,16.6335,20.0,615.1
28047,16.6335,20.0,615.1
28048,16.6335,20.0,615.1
28049,16.6335,20.0,615.1
28050,16.6335,20.0,615.2
28051,16.6335,20.0,615.2
28052,16.6335,20.0,615.2
28053,16.6335,20.0,615.2
28054,16.6335,20.0,615.3
28055,16.6335,20.0,615.3
28056,16.6335,20.0,615.3
28057,16.6335,20.0,615.3
28058,16.6335,20.0,615.3
28059,16.6335,20.0,615.3
28060,16.6335,20.0,615.4
28061,16.6133,20.0,615.4
28062,16.6133,20.0,615.4
28063,16.6133,20.0,615.4
28064,16.6133,20.0,615.5
28065,16.6133,20.0,615.5
28066,16.6133,20.0,615.5
28067,16.6133,20.0,615.5
28068,16.6133,20.0,615.5
28069,16.6133,20.0,615.6
28070,16.6133,20.0,615.6
28071,16.6133,20.0,615.6
28072,16.6133,20.0,615.6
28073,16.6133,20.0,615.6
28074,16.6133,20.0,615.7
28075,16.6133,20.0,615.7
28076,16.6133,20.0,615.7
28077,16.6133,20.0,615.7
28078,16.6133,20.0,615.7
28079,16.6133,20.0,615.8
28080,16.6133,20.0,615.8
28081,16.5932,20.0,615.8
28082,16.5932,20.0,615.8
28083,16.5932,20.0,615.8
28084,16.5932,20.0,615.9
28085,16.5932,20.0,615.9
28086,16.5932,20.0,615.9
28087,16.5932,20.0,615.9
28088,16.5932,20.0,615.9
28089,16.5932,20.0,616.0
28090,16.5932,20.0,616.0
28091,16.5932,20.0,616.0
28092,16.5932,20.0,616.0
28093,16.5932,20.0,616.1
28094,16.5932,20.0,616.1
28095,16.5932,20.0,616.1
28096,16.5932,20.0,616.1
28097,16.5932,20.0,616.1
28098,16.5932,20.0,616.2
28099,16.5932,20.0,616.2
28100,16.5932,20.0,616.2
28101,16.5730,20.0,616.2
28102,16.5730,20.0,616.2
28103,16.5730,20.0,616.3
28104,16.5730,20.0,616.3
28105,16.5730,20.0,616.3
28106,16.5730,20.0,616.3
28107,16.5730,20.0,616.3
28108,16.5730,20.0,616.4
28109,16.5730,20.0,616.4
28110,16.5730,20.0,616.4
28111,16.5730,20.0,616.4
28112,16.5730,20.0,616.5
28113,16.5730,20.0,616.5
28114,16.5730,20.0,616.5
28115,16.5730,20.0,616.5
28116,16.5730,20.0,616.5
28117,16.5730,20.0,616.6
28118,16.5730,20.0,616.6
28119,16.5730,20.0,616.6
28120,16.5730,20.0,616.6
28121,16.6129,20.0,616.6
28122,16.6129,20.0,616.7
28123,16.6129,20.0,616.7
28124,16.6129,20.0,616.7
28125,16.6129,20.0,616.7
28126,16.6129,20.0,616.7
28127,16.6129,20.0,616.8
28128,16.6129,20.0,616.8
28129,16.6129,20.0,616.8
28130,16.6129,20.0,616.8
28131,16.6129,20.0,616.8
28132,16.6129,20.0,616.9
28133,16.6129,20.0,616.9
28134,16.6129,20.0,616.9
28135,16.6129,20.0,616.9
28136,16.6129,20.0,617.0
28137,16.6129,20.0,617.0
28138,16.6129,20.0,617.0
28139,16.6129,20.0,617.0
28140,16.6129,20.0,617.0
28141,16.6528,20.0,617.1
28142,16.6528,20.0,617.1
28143,16.6528,20.0,617.1
28144,16.6528,20.0,617.1
28145,16.6528,20.0,617.1
28146,16.6528,20.0,617.2
28147,16.6528,20.0,617.2
28148,16.6528,20.0,617.2
28149,16.6528,20.0,617.2
28150,16.6528,20.0,617.2
28151,16.6528,20.0,617.3
28152,16.6528,20.0,617.3
28153,16.6528,20.0,617.3
28154,16.6528,20.0,617.3
28155,16.6528,20.0,617.4
28156,16.6528,20.0,617.4
28157,16.6528,20.0,617.4
28158,16.6528,20.0,617.4
28159,16.6528,20.0,617.4
28160,16.6528,20.0,617.5
28161,16.6927,20.0,617.7
28162,16.6927,20.0,617.8
28163,16.6927,20.0,617.8
28164,16.6927,20.0,617.8
28165,16.6927,20.0,617.8
28166,16.6927,20.0,617.8
28167,16.6927,20.0,617.9
28168,16.6927,20.0,617.9
28169,16.6927,20.0,617.9
28170,16.6927,20.0,617.9
28171,16.6927,20.0,618.0
28172,16.6927,20.0,618.0
28173,16.6927,20.0,618.0
28174,16.6927,20.0,618.0
28175,16.6927,20.0,618.0
28176,16.6927,20.0,618.1
28177,16.6927,20.0,618.1
28178,16.6927,20.0,618.1
28179,16.6927,20.0,618.1
28180,16.6927,20.0,618.1
28181,16.7525,20.0,618.2
28182,16.7525,20.0,618.2
28183,16.7525,20.0,618.2
28184,16.7525,20.0,618.2
28185,16.7525,20.0,618.3
28186,16.7525,20.0,618.3
28187,16.7525,20.0,618.3
28188,16.7525,20.0,618.3
28189,16.7525,20.0,618.3
28190,16.7525,20.0,618.4
28191,16.7525,20.0,618.4
28192,16.7525,20.0,618.4
28193,16.7525,20.0,618.4
28194,16.7525,20.0,618.5
28195,16.7525,20.0,618.5
28196,16.7525,20.0,618.5
28197,16.7525,20.0,618.5
28198,16.7525,20.0,618.5
28199,16.7525,20.0,618.6
28200,16.7525,20.0,618.6
28201,16.8124,20.0,618.6
28202,16.8124,20.0,618.6
28203,16.8124,20.0,618.6
28204,16.8124,20.0,618.7
28205,16.8124,20.0,618.7
28206,16.8124,20.0,618.7
28207,16.8124,20.0,618.7
28208,16.8124,20.0,618.7
28209,16.8124,20.0,618.8
28210,16.8124,20.0,618.8
28211,16.8124,20.0,618.8
28212,16.8124,20.0,618.8
28213,16.8124,20.0,618.8
28214,16.8124,20.0,618.9
28215,16.8124,20.0,618.9
28216,16.8124,20.0,618.9
28217,16.8124,20.0,618.9
28218,16.8124,20.0,618.9
28219,16.8124,20.0,619.0
28220,16.8124,20.0,619.0
28221,16.8722,20.0,619.0
28222,16.8722,20.0,619.0
28223,16.8722,20.0,619.0
28224,16.8722,20.0,619.1
28225,16.8722,20.0,619.1
28226,16.8722,20.0,619.1
28227,16.8722,20.0,619.1
28228,16.8722,20.0,619.1
28229,16.8722,20.0,619.2
28230,16.8722,20.0,619.2
28231,16.8722,20.0,619.2
28232,16.8722,20.0,619.2
28233,16.8722,20.0,619.2
28234,16.8722,20.0,619.3
28235,16.8722,20.0,619.3
28236,16.8722,20.0,619.3
28237,16.8722,20.0,619.3
28238,16.8722,20.0,619.4
28239,16.8722,20.0,619.4
28240,16.8722,20.0,619.4
28241,16.9321,20.0,619.4
28242,16.9321,20.0,619.4
28243,16.9321,20.0,619.5
28244,16.9321,20.0,619.5
28245,16.9321,20.0,619.5
28246,16.9321,20.0,619.5
28247,16.9321,20.0,619.5
28248,16.9321,20.0,619.6
28249,16.9321,20.0,619.6
28250,16.9321,20.0,619.6
28251,16.9321,20.0,619.6
28252,16.9321,20.0,619.7
28253,16.9321,20.0,619.7
28254,16.9321,20.0,619.7
28255,16.9321,20.0,619.7
28256,16.9321,20.0,619.7
28257,16.9321,20.0,619.8
28258,16.9321,20.0,619.8
28259,16.9321,20.0,619.8
28260,16.9321,20.0,619.8
28261,16.9920,20.0,619.8
28262,16.9920,20.0,619.9
28263,16.9920,20.0,619.9
28264,16.9920,20.0,619.9
28265,16.9920,20.0,619.9
28266,16.9920,20.0,619.9
28267,16.9920,20.0,620.0
28268,16.9920,20.0,620.0
28269,16.9920,20.0,620.0
28270,16.9920,20.0,620.0
28271,16.9920,20.0,620.0
28272,16.9920,20.0,620.0
28273,16.9920,20.0,620.1
28274,16.9920,20.0,620.1
28275,16.9920,20.0,620.1
28276,16.9920,20.0,620.1
28277,16.9920,20.0,620.2
28278,16.9920,20.0,620.2
28279,16.9920,20.0,620.2
28280,16.9920,20.0,620.2
28281,17.0518,20.0,620.2
28282,17.0518,20.0,620.2
28283,17.0518,20.0,620.3
28284,17.0518,20.0,620.3
28285,17.0518,20.0,620.3
28286,17.0518,20.0,620.3
28287,17.0518,20.0,620.3
28288,17.0518,20.0,620.4
28289,17.0518,20.0,620.4
28290,17.0518,20.0,620.4
28291,17.0518,20.0,620.4
28292,17.0518,20.0,620.4
28293,17.0518,20.0,620.5
28294,17.0518,20.0,620.5
28295,17.0518,20.0,620.5
28296,17.0518,20.0,620.5
28297,17.0518,20.0,620.5
28298,17.0518,20.0,620.6
28299,17.0518,20.0,620.6
28300,17.0518,20.0,620.6
28301,17.1117,20.0,620.6
28302,17.1117,20.0,620.6
28303,17.1117,20.0,620.7
28304,17.1117,20.0,620.7
28305,17.1117,20.0,620.7
28306,17.1117,20.0,620.7
28307,17.1117,20.0,620.7
28308,17.1117,20.0,620.8
28309,17.1117,20.0,620.8
28310,17.1117,20.0,620.8
28311,17.1117,20.0,620.8
28312,17.1117,20.0,620.8
28313,17.1117,20.0,620.9
28314,17.1117,20.0,620.9
28315,17.1117,20.0,620.9
28316,17.1117,20.0,620.9
28317,17.1117,20.0,620.9
28318,17.1117,20.0,621.0
28319,17.1117,20.0,621.0
28320,17.1117,20.0,621.0
28321,17.1716,20.0,621.0
28322,17.1716,20.0,621.0
28323,17.1716,20.0,621.1
28324,17.1716,20.0,621.1
28325,17.1716,20.0,621.1
28326,17.1716,20.0,621.1
28327,17.1716,20.0,621.1
28328,17.1716,20.0,621.2
28329,17.1716,20.0,621.2
28330,17.1716,20.0,621.2
28331,17.1716,20.0,621.2
28332,17.1716,20.0,621.2
28333,17.1716,20.0,621.3
28334,17.1716,20.0,621.3
28335,17.1716,20.0,621.3
28336,17.1716,20.0,621.3
28337,17.1716,20.0,621.3
28338,17.1716,20.0,621.4
28339,17.1716,20.0,621.4
28340,17.1716,20.0,621.4
28341,17.2314,20.0,621.5
28342,17.2314,20.0,621.5
28343,17.2314,20.0,621.5
28344,17.2314,20.0,621.5
28345,17.2314,20.0,621.5
28346,17.2314,20.0,621.6
28347,17.2314,20.0,621.6
28348,17.2314,20.0,621.6
28349,17.2314,20.0,621.6
28350,17.2314,20.0,621.7
28351,17.2314,20.0,621.7
28352,17.2314,20.0,621.7
28353,17.2314,20.0,621.7
28354,17.2314,20.0,621.7
28355,17.2314,20.0,621.7
28356,17.2314,20.0,621.8
28357,17.2314,20.0,621.8
28358,17.2314,20.0,621.8
28359,17.2314,20.0,621.8
28360,17.2314,20.0,621.8
28361,17.2913,20.0,621.8
28362,17.2913,20.0,621.9
28363,17.2913,20.0,621.9
28364,17.2913,20.0,621.9
28365,17.2913,20.0,621.9
28366,17.2913,20.0,621.9
28367,17.2913,20.0,622.0
28368,17.2913,20.0,622.0
28369,17.2913,20.0,622.0
28370,17.2913,20.0,622.0
28371,17.2913,20.0,622.1
28372,17.2913,20.0,622.1
28373,17.2913,20.0,622.1
28374,17.2913,20.0,622.1
28375,17.2913,20.0,622.1
28376,17.2913,20.0,622.2
28377,17.2913,20.0,622.2
28378,17.2913,20.0,622.2
28379,17.2913,20.0,622.2
28380,17.2913,20.0,622.2
28381,17.3511,20.0,622.3
28382,17.3511,20.0,622.3
28383,17.3511,20.0,622.3
28384,17.3511,20.0,622.3
28385,17.3511,20.0,622.4
28386,17.3511,20.0,622.4
28387,17.3511,20.0,622.4
28388,17.3511,20.0,622.4
28389,17.3511,20.0,622.4
28390,17.3511,20.0,622.5
28391,17.3511,20.0,622.5
28392,17.3511,20.0,622.5
28393,17.3511,20.0,622.5
28394,17.3511,20.0,622.5
28395,17.3511,20.0,622.6
28396,17.3511,20.0,622.6
28397,17.3511,20.0,622.6
28398,17.3511,20.0,622.6
28399,17.3511,20.0,622.6
28400,17.3511,20.0,622.7
28401,17.4110,20.0,622.7
28402,17.4110,20.0,622.7
28403,17.4110,20.0,622.7
28404,17.4110,20.0,622.8
28405,17.4110,20.0,622.8
28406,17.4110,20.0,622.8
28407,17.4110,20.0,622.8
28408,17.4110,20.0,622.8
28409,17.4110,20.0,622.8
28410,17.4110,20.0,622.9
28411,17.4110,20.0,622.9
28412,17.4110,20.0,622.9
28413,17.4110,20.0,622.9
28414,17.4110,20.0,622.9
28415,17.4110,20.0,623.0
28416,17.4110,20.0,623.0
28417,17.4110,20.0,623.0
28418,17.4110,20.0,623.0
28419,17.4110,20.0,623.0
28420,17.4110,20.0,623.1
28421,17.4709,20.0,623.1
28422,17.4709,20.0,623.1
28423,17.4709,20.0,623.1
28424,17.4709,20.0,623.2
28425,17.4709,20.0,623.2
28426,17.4709,20.0,623.2
28427,17.4709,20.0,623.2
28428,17.4709,20.0,623.2
28429,17.4709,20.0,623.2
28430,17.4709,20.0,623.3
28431,17.4709,20.0,623.3
28432,17.4709,20.0,623.3
28433,17.4709,20.0,623.3
28434,17.4709,20.0,623.3
28435,17.4709,20.0,623.4
28436,17.4709,20.0,623.4
28437,17.4709,20.0,623.4
28438,17.4709,20.0,623.4
28439,17.4709,20.0,623.5
28440,17.4709,20.0,623.5
28441,17.5307,20.0,623.5
28442,17.5307,20.0,623.5
28443,17.5307,20.0,623.5
28444,17.5307,20.0,623.5
28445,17.5307,20.0,623.6
28446,17.5307,20.0,623.6
28447,17.5307,20.0,623.6
28448,17.5307,20.0,623.6
28449,17.5307,20.0,623.6
28450,17.5307,20.0,623.7
28451,17.5307,20.0,623.7
28452,17.5307,20.0,623.7
28453,17.5307,20.0,623.7
28454,17.5307,20.0,623.7
28455,17.5307,20.0,623.8
28456,17.5307,20.0,623.8
28457,17.5307,20.0,623.8
28458,17.5307,20.0,623.8
28459,17.5307,20.0,623.8
28460,17.5307,20.0,623.8
28461,17.5906,20.0,623.9
28462,17.5906,20.0,623.9
28463,17.5906,20.0,623.9
28464,17.5906,20.0,623.9
28465,17.5906,20.0,624.0
28466,17.5906,20.0,624.0
28467,17.5906,20.0,624.0
28468,17.5906,20.0,624.0
28469,17.5906,20.0,624.0
28470,17.5906,20.0,624.1
28471,17.5906,20.0,624.1
28472,17.5906,20.0,624.1
28473,17.5906,20.0,624.1
28474,17.5906,20.0,624.1
28475,17.5906,20.0,624.2
28476,17.5906,20.0,624.2
28477,17.5906,20.0,624.2
28478,17.5906,20.0,624.2
28479,17.5906,20.0,624.2
28480,17.5906,20.0,624.3
28481,17.6504,20.0,624.3
28482,17.6504,20.0,624.3
28483,17.6504,20.0,624.3
28484,17.6504,20.0,624.4
28485,17.6504,20.0,624.4
28486,17.6504,20.0,624.4
28487,17.6504,20.0,624.4
28488,17.6504,20.0,624.5
28489,17.6504,20.0,624.5
28490,17.6504,20.0,624.5
28491,17.6504,20.0,624.5
28492,17.6504,20.0,624.5
28493,17.6504,20.0,624.6
28494,17.6504,20.0,624.6
28495,17.6504,20.0,624.6
28496,17.6504,20.0,624.6
28497,17.6504,20.0,624.6
28498,17.6504,20.0,624.7
28499,17.6504,20.0,624.7
28500,17.6504,20.0,624.7
28501,17.7103,20.0,624.7
28502,17.7103,20.0,624.7
28503,17.7103,20.0,624.8
28504,17.7103,20.0,624.8
28505,17.7103,20.0,624.8
28506,17.7103,20.0,624.8
28507,17.7103,20.0,624.9
28508,17.7103,20.0,624.9
28509,17.7103,20.0,624.9
28510,17.7103,20.0,624.9
28511,17.7103,20.0,624.9
28512,17.7103,20.0,624.9
28513,17.7103,20.0,625.0
28514,17.7103,20.0,625.0
28515,17.7103,20.0,625.0
28516,17.7103,20.0,625.0
28517,17.7103,20.0,625.0
28518,17.7103,20.0,625.1
28519,17.7103,20.0,625.1
28520,17.7103,20.0,625.1
28521,17.7702,20.0,625.1
28522,17.7702,20.0,625.1
28523,17.7702,20.0,625.2
28524,17.7702,20.0,625.2
28525,17.7702,20.0,625.2
28526,17.7702,20.0,625.2
28527,17.7702,20.0,625.2
28528,17.7702,20.0,625.2
28529,17.7702,20.0,625.3
28530,17.7702,20.0,625.3
28531,17.7702,20.0,625.3
28532,17.7702,20.0,625.3
28533,17.7702,20.0,625.4
28534,17.7702,20.0,625.4
28535,17.7702,20.0,625.4
28536,17.7702,20.0,625.4
28537,17.7702,20.0,625.4
28538,17.7702,20.0,625.5
28539,17.7702,20.0,625.5
28540,17.7702,20.0,625.5
28541,17.8300,20.0,625.5
28542,17.8300,20.0,625.6
28543,17.8300,20.0,625.6
28544,17.8300,20.0,625.6
28545,17.8300,20.0,625.6
28546,17.8300,20.0,625.6
28547,17.8300,20.0,625.6
28548,17.8300,20.0,625.7
28549,17.8300,20.0,625.7
28550,17.8300,20.0,625.7
28551,17.8300,20.0,625.7
28552,17.8300,20.0,625.7
28553,17.8300,20.0,625.8
28554,17.8300,20.0,625.8
28555,17.8300,20.0,625.8
28556,17.8300,20.0,625.8
28557,17.8300,20.0,625.9
28558,17.8300,20.0,625.9
28559,17.8300,20.0,625.9
28560,17.8300,20.0,625.9
28561,17.8899,20.0,625.9
28562,17.8899,20.0,626.0
28563,17.8899,20.0,626.0
28564,17.8899,20.0,626.0
28565,17.8899,20.0,626.0
28566,17.8899,20.0,626.0
28567,17.8899,20.0,626.1
28568,17.8899,20.0,626.1
28569,17.8899,20.0,626.1
28570,17.8899,20.0,626.1
28571,17.8899,20.0,626.1
28572,17.8899,20.0,626.2
28573,17.8899,20.0,626.2
28574,17.8899,20.0,626.2
28575,17.8899,20.0,626.2
28576,17.8899,20.0,626.2
28577,17.8899,20.0,626.3
28578,17.8899,20.0,626.3
28579,17.8899,20.0,626.3
28580,17.8899,20.0,626.3
28581,17.9498,20.0,626.3
28582,17.9498,20.0,626.4
28583,17.9498,20.0,626.4
28584,17.9498,20.0,626.4
28585,17.9498,20.0,626.4
28586,17.9498,20.0,626.5
28587,17.9498,20.0,626.5
28588,17.9498,20.0,626.5
28589,17.9498,20.0,626.5
28590,17.9498,20.0,626.5
28591,17.9498,20.0,626.5
28592,17.9498,20.0,626.6
28593,17.9498,20.0,626.6
28594,17.9498,20.0,626.6
28595,17.9498,20.0,626.6
28596,17.9498,20.0,626.6
28597,17.9498,20.0,626.7
28598,17.9498,20.0,626.7
28599,17.9498,20.0,626.7
28600,17.9498,20.0,626.7
28601,18.0096,20.0,626.8
28602,18.0096,20.0,626.8
28603,18.0096,20.0,626.8
28604,18.0096,20.0,626.8
28605,18.0096,20.0,626.8
28606,18.0096,20.0,626.8
28607,18.0096,20.0,626.9
28608,18.0096,20.0,626.9
28609,18.0096,20.0,626.9
28610,18.0096,20.0,626.9
28611,18.0096,20.0,626.9
28612,18.0096,20.0,627.0
28613,18.0096,20.0,627.0
28614,18.0096,20.0,627.0
28615,18.0096,20.0,627.0
28616,18.0096,20.0,627.0
28617,18.0096,20.0,627.1
28618,18.0096,20.0,627.1
28619,18.0096,20.0,627.1
28620,18.0096,20.0,627.1
28621,18.0695,20.0,627.1
28622,18.0695,20.0,627.2
28623,18.0695,20.0,627.2
28624,18.0695,20.0,627.2
28625,18.0695,20.0,627.2
28626,18.0695,20.0,627.2
28627,18.0695,20.0,627.3
28628,18.0695,20.0,627.3
28629,18.0695,20.0,627.3
28630,18.0695,20.0,627.3
28631,18.0695,20.0,627.3
28632,18.0695,20.0,627.3
28633,18.0695,20.0,627.4
28634,18.0695,20.0,627.4
28635,18.0695,20.0,627.4
28636,18.0695,20.0,627.4
28637,18.0695,20.0,627.5
28638,18.0695,20.0,627.5
28639,18.0695,20.0,627.5
28640,18.0695,20.0,627.5
28641,18.1093,20.0,627.5
28642,18.1093,20.0,627.6
28643,18.1093,20.0,627.6
28644,18.1093,20.0,627.6
28645,18.1093,20.0,627.6
28646,18.1093,20.0,627.6
28647,18.1093,20.0,627.7
28648,18.1093,20.0,627.7
28649,18.1093,20.0,627.7
28650,18.1093,20.0,627.7
28651,18.1093,20.0,627.7
28652,18.1093,20.0,627.8
28653,18.1093,20.0,627.8
28654,18.1093,20.0,627.8
28655,18.1093,20.0,627.8
28656,18.1093,20.0,627.8
28657,18.1093,20.0,627.9
28658,18.1093,20.0,627.9
28659,18.1093,20.0,627.9
28660,18.1093,20.0,627.9
28661,18.1491,20.0,627.9
28662,18.1491,20.0,628.0
28663,18.1491,20.0,628.0
28664,18.1491,20.0,628.0
28665,18.1491,20.0,628.0
28666,18.1491,20.0,628.0
28667,18.1491,20.0,628.1
28668,18.1491,20.0,628.1
28669,18.1491,20.0,628.1
28670,18.1491,20.0,628.1
28671,18.1491,20.0,628.1
28672,18.1491,20.0,628.2
28673,18.1491,20.0,628.4
28674,18.1491,20.0,628.5
28675,18.1491,20.0,628.5
28676,18.1491,20.0,628.5
28677,18.1491,20.0,628.5
28678,18.1491,20.0,628.6
28679,18.1491,20.0,628.6
28680,18.1491,20.0,628.6
28681,18.1887,20.0,628.6
28682,18.1887,20.0,628.6
28683,18.1887,20.0,628.7
28684,18.1887,20.0,628.7
28685,18.1887,20.0,628.7
28686,18.1887,20.0,628.7
28687,18.1887,20.0,628.7
28688,18.1887,20.0,628.8
28689,18.1887,20.0,628.8
28690,18.1887,20.0,628.8
28691,18.1887,20.0,628.8
28692,18.1887,20.0,628.8
28693,18.1887,20.0,628.9
28694,18.1887,20.0,628.9
28695,18.1887,20.0,628.9
28696,18.1887,20.0,628.9
28697,18.1887,20.0,628.9
28698,18.1887,20.0,629.0
28699,18.1887,20.0,629.0
28700,18.1887,20.0,629.0
28701,18.2284,20.0,629.0
28702,18.2284,20.0,629.1
28703,18.2284,20.0,629.1
28704,18.2284,20.0,629.1
28705,18.2284,20.0,629.1
28706,18.2284,20.0,629.1
28707,18.2284,20.0,629.2
28708,18.2284,20.0,629.2
28709,18.2284,20.0,629.2
28710,18.2284,20.0,629.2
28711,18.2284,20.0,629.2
28712,18.2284,20.0,629.3
28713,18.2284,20.0,629.3
28714,18.2284,20.0,629.3
28715,18.2284,20.0,629.3
28716,18.2284,20.0,629.3
28717,18.2284,20.0,629.4
28718,18.2284,20.0,629.4
28719,18.2284,20.0,629.4
28720,18.2284,20.0,629.4
28721,18.2680,20.0,629.5
28722,18.2680,20.0,629.5
28723,18.2680,20.0,629.5
28724,18.2680,20.0,629.5
28725,18.2680,20.0,629.6
28726,18.2680,20.0,629.6
28727,18.2680,20.0,629.6
28728,18.2680,20.0,629.6
28729,18.2680,20.0,629.6
28730,18.2680,20.0,629.7
28731,18.2680,20.0,629.7
28732,18.2680,20.0,629.7
28733,18.2680,20.0,629.7
28734,18.2680,20.0,629.7
28735,18.2680,20.0,629.8
28736,18.2680,20.0,629.8
28737,18.2680,20.0,629.8
28738,18.2680,20.0,629.8
28739,18.2680,20.0,629.8
28740,18.2680,20.0,629.8
28741,18.3077,20.0,629.9
28742,18.3077,20.0,629.9
28743,18.3077,20.0,629.9
28744,18.3077,20.0,629.9
28745,18.3077,20.0,630.0
28746,18.3077,20.0,630.0
28747,18.3077,20.0,630.0
28748,18.3077,20.0,630.0
28749,18.3077,20.0,630.0
28750,18.3077,20.0,630.1
28751,18.3077,20.0,630.1
28752,18.3077,20.0,630.1
28753,18.3077,20.0,630.1
28754,18.3077,20.0,630.1
28755,18.3077,20.0,630.2
28756,18.3077,20.0,630.2
28757,18.3077,20.0,630.2
28758,18.3077,20.0,630.2
28759,18.3077,20.0,630.2
28760,18.3077,20.0,630.3
28761,18.3473,20.0,630.3
28762,18.3473,20.0,630.3
28763,18.3473,20.0,630.3
28764,18.3473,20.0,630.3
28765,18.3473,20.0,630.4
28766,18.3473,20.0,630.4
28767,18.3473,20.0,630.4
28768,18.3473,20.0,630.4
28769,18.3473,20.0,630.4
28770,18.3473,20.0,630.5
28771,18.3473,20.0,630.5
28772,18.3473,20.0,630.5
28773,18.3473,20.0,630.5
28774,18.3473,20.0,630.6
28775,18.3473,20.0,630.6
28776,18.3473,20.0,630.6
28777,18.3473,20.0,630.6
28778,18.3473,20.0,630.6
28779,18.3473,20.0,630.7
28780,18.3473,20.0,630.7
28781,18.3870,20.0,630.7
28782,18.3870,20.0,630.7
28783,18.3870,20.0,630.8
28784,18.3870,20.0,630.8
28785,18.3870,20.0,630.8
28786,18.3870,20.0,630.8
28787,18.3870,20.0,630.8
28788,18.3870,20.0,630.9
28789,18.3870,20.0,630.9
28790,18.3870,20.0,630.9
28791,18.3870,20.0,630.9
28792,18.3870,20.0,630.9
28793,18.3870,20.0,631.0
28794,18.3870,20.0,631.0
28795,18.3870,20.0,631.0
28796,18.3870,20.0,631.0
28797,18.3870,20.0,631.1
28798,18.3870,20.0,631.1
28799,18.3870,20.0,631.1
28800,18.3870,20.0,631.1
28801,18.4266,20.0,631.2
28802,18.4266,20.0,631.2
28803,18.4266,20.0,631.2
28804,18.4266,20.0,631.2
28805,18.4266,20.0,631.2
28806,18.4266,20.0,631.3
28807,18.4266,20.0,631.3
28808,18.4266,20.0,631.3
28809,18.4266,20.0,631.3
28810,18.4266,20.0,631.3
28811,18.4266,20.0,631.4
28812,18.4266,20.0,631.4
28813,18.4266,20.0,631.4
28814,18.4266,20.0,631.4
28815,18.4266,20.0,631.4
28816,18.4266,20.0,631.4
28817,18.4266,20.0,631.5
28818,18.4266,20.0,631.5
28819,18.4266,20.0,631.5
28820,18.4266,20.0,631.5
28821,18.4662,20.0,631.5
28822,18.4662,20.0,631.6
28823,18.4662,20.0,631.6
28824,18.4662,20.0,631.6
28825,18.4662,20.0,631.6
28826,18.4662,20.0,631.7
28827,18.4662,20.0,631.7
28828,18.4662,20.0,631.7
28829,18.4662,20.0,631.7
28830,18.4662,20.0,631.7
28831,18.4662,20.0,631.7
28832,18.4662,20.0,631.8
28833,18.4662,20.0,631.8
28834,18.4662,20.0,631.8
28835,18.4662,20.0,631.8
28836,18.4662,20.0,631.8
28837,18.4662,20.0,631.9
28838,18.4662,20.0,631.9
28839,18.4662,20.0,631.9
28840,18.4662,20.0,631.9
28841,18.5059,20.0,631.9
28842,18.5059,20.0,631.9
28843,18.5059,20.0,632.0
28844,18.5059,20.0,632.0
28845,18.5059,20.0,632.0
28846,18.5059,20.0,632.0
28847,18.5059,20.0,632.1
28848,18.5059,20.0,632.1
28849,18.5059,20.0,632.1
28850,18.5059,20.0,632.1
28851,18.5059,20.0,632.1
28852,18.5059,20.0,632.2
28853,18.5059,20.0,632.2
28854,18.5059,20.0,632.2
28855,18.5059,20.0,632.2
28856,18.5059,20.0,632.2
28857,18.5059,20.0,632.3
28858,18.5059,20.0,632.3
28859,18.5059,20.0,632.3
28860,18.5059,20.0,632.3
28861,18.5455,20.0,632.4
28862,18.5455,20.0,632.4
28863,18.5455,20.0,632.4
28864,18.5455,20.0,632.4
28865,18.5455,20.0,632.4
28866,18.5455,20.0,632.5
28867,18.5455,20.0,632.5
28868,18.5455,20.0,632.5
28869,18.5455,20.0,632.5
28870,18.5455,20.0,632.6
28871,18.5455,20.0,632.6
28872,18.5455,20.0,632.6
28873,18.5455,20.0,632.6
28874,18.5455,20.0,632.6
28875,18.5455,20.0,632.7
28876,18.5455,20.0,632.7
28877,18.5455,20.0,632.7
28878,18.5455,20.0,632.7
28879,18.5455,20.0,632.7
28880,18.5455,20.0,632.8
28881,18.5852,20.0,632.8
28882,18.5852,20.0,632.8
28883,18.5852,20.0,632.8
28884,18.5852,20.0,632.9
28885,18.5852,20.0,632.9
28886,18.5852,20.0,632.9
28887,18.5852,20.0,632.9
28888,18.5852,20.0,632.9
28889,18.5852,20.0,633.0
28890,18.5852,20.0,633.0
28891,18.5852,20.0,633.0
28892,18.5852,20.0,633.0
28893,18.5852,20.0,633.0
28894,18.5852,20.0,633.1
28895,18.5852,20.0,633.1
28896,18.5852,20.0,633.1
28897,18.5852,20.0,633.1
28898,18.5852,20.0,633.1
28899,18.5852,20.0,633.1
28900,18.5852,20.0,633.2
28901,18.6248,20.0,633.2
28902,18.6248,20.0,633.2
28903,18.6248,20.0,633.2
28904,18.6248,20.0,633.3
28905,18.6248,20.0,633.3
28906,18.6248,20.0,633.3
28907,18.6248,20.0,633.3
28908,18.6248,20.0,633.3
28909,18.6248,20.0,633.4
28910,18.6248,20.0,633.4
28911,18.6248,20.0,633.4
28912,18.6248,20.0,633.4
28913,18.6248,20.0,633.4
28914,18.6248,20.0,633.5
28915,18.6248,20.0,633.5
28916,18.6248,20.0,633.5
28917,18.6248,20.0,633.5
28918,18.6248,20.0,633.5
28919,18.6248,20.0,633.6
28920,18.6248,20.0,633.6
28921,18.6645,20.0,633.6
28922,18.6645,20.0,633.6
28923,18.6645,20.0,633.6
28924,18.6645,20.0,633.7
28925,18.6645,20.0,633.7
28926,18.6645,20.0,633.7
28927,18.6645,20.0,633.7
28928,18.6645,20.0,633.7
28929,18.6645,20.0,633.8
28930,18.6645,20.0,633.8
28931,18.6645,20.0,633.8
28932,18.6645,20.0,633.8
28933,18.6645,20.0,633.8
28934,18.6645,20.0,633.9
28935,18.6645,20.0,633.9
28936,18.6645,20.0,633.9
28937,18.6645,20.0,633.9
28938,18.6645,20.0,634.0
28939,18.6645,20.0,634.0
28940,18.6645,20.0,634.0
28941,18.7041,20.0,634.0
28942,18.7041,20.0,634.0
28943,18.7041,20.0,634.1
28944,18.7041,20.0,634.1
28945,18.7041,20.0,634.1
28946,18.7041,20.0,634.1
28947,18.7041,20.0,634.2
28948,18.7041,20.0,634.2
28949,18.7041,20.0,634.2
28950,18.7041,20.0,634.2
28951,18.7041,20.0,634.2
28952,18.7041,20.0,634.3
28953,18.7041,20.0,634.3
28954,18.7041,20.0,634.3
28955,18.7041,20.0,634.3
28956,18.7041,20.0,634.3
28957,18.7041,20.0,634.4
28958,18.7041,20.0,634.4
28959,18.7041,20.0,634.4
28960,18.7041,20.0,634.4
28961,18.7438,20.0,634.5
28962,18.7438,20.0,634.5
28963,18.7438,20.0,634.5
28964,18.7438,20.0,634.5
28965,18.7438,20.0,634.5
28966,18.7438,20.0,634.5
28967,18.7438,20.0,634.6
28968,18.7438,20.0,634.6
28969,18.7438,20.0,634.6
28970,18.7438,20.0,634.6
28971,18.7438,20.0,634.7
28972,18.7438,20.0,634.7
28973,18.7438,20.0,634.7
28974,18.7438,20.0,634.7
28975,18.7438,20.0,634.8
28976,18.7438,20.0,634.8
28977,18.7438,20.0,634.8
28978,18.7438,20.0,634.8
28979,18.7438,20.0,634.8
28980,18.7438,20.0,634.9
28981,18.7834,20.0,634.9
28982,18.7834,20.0,634.9
28983,18.7834,20.0,634.9
28984,18.7834,20.0,635.0
28985,18.7834,20.0,635.0
28986,18.7834,20.0,635.0
28987,18.7834,20.0,635.0
28988,18.7834,20.0,635.0
28989,18.7834,20.0,635.1
28990,18.7834,20.0,635.1
28991,18.7834,20.0,635.1
28992,18.7834,20.0,635.1
28993,18.7834,20.0,635.1
28994,18.7834,20.0,635.2
28995,18.7834,20.0,635.2
28996,18.7834,20.0,635.2
28997,18.7834,20.0,635.2
28998,18.7834,20.0,635.2
28999,18.7834,20.0,635.3
29000,18.7834,20.0,635.3
29001,18.8231,20.0,635.3
29002,18.8231,20.0,635.3
29003,18.8231,20.0,635.4
29004,18.8231,20.0,635.4
29005,18.8231,20.0,635.4
29006,18.8231,20.0,635.4
29007,18.8231,20.0,635.4
29008,18.8231,20.0,635.5
29009,18.8231,20.0,635.5
29010,18.8231,20.0,635.5
29011,18.8231,20.0,635.5
29012,18.8231,20.0,635.6
29013,18.8231,20.0,635.6
29014,18.8231,20.0,635.6
29015,18.8231,20.0,635.6
29016,18.8231,20.0,635.6
29017,18.8231,20.0,635.7
29018,18.8231,20.0,635.7
29019,18.8231,20.0,635.7
29020,18.8231,20.0,635.7
29021,18.8627,20.0,635.7
29022,18.8627,20.0,635.7
29023,18.8627,20.0,635.8
29024,18.8627,20.0,635.8
29025,18.8627,20.0,635.8
29026,18.8627,20.0,635.8
29027,18.8627,20.0,635.8
29028,18.8627,20.0,635.9
29029,18.8627,20.0,635.9
29030,18.8627,20.0,635.9
29031,18.8627,20.0,635.9
29032,18.8627,20.0,635.9
29033,18.8627,20.0,635.9
29034,18.8627,20.0,636.0
29035,18.8627,20.0,636.0
29036,18.8627,20.0,636.0
29037,18.8627,20.0,636.0
29038,18.8627,20.0,636.0
29039,18.8627,20.0,636.1
29040,18.8627,20.0,636.1
29041,18.9024,20.0,636.1
29042,18.9024,20.0,636.1
29043,18.9024,20.0,636.2
29044,18.9024,20.0,636.2
29045,18.9024,20.0,636.2
29046,18.9024,20.0,636.2
29047,18.9024,20.0,636.2
29048,18.9024,20.0,636.3
29049,18.9024,20.0,636.3
29050,18.9024,20.0,636.3
29051,18.9024,20.0,636.3
29052,18.9024,20.0,636.3
29053,18.9024,20.0,636.4
29054,18.9024,20.0,636.4
29055,18.9024,20.0,636.4
29056,18.9024,20.0,636.4
29057,18.9024,20.0,636.4
29058,18.9024,20.0,636.5
29059,18.9024,20.0,636.5
29060,18.9024,20.0,636.5
29061,18.9420,20.0,636.5
29062,18.9420,20.0,636.5
29063,18.9420,20.0,636.6
29064,18.9420,20.0,636.6
29065,18.9420,20.0,636.6
29066,18.9420,20.0,636.6
29067,18.9420,20.0,636.6
29068,18.9420,20.0,636.7
29069,18.9420,20.0,636.7
29070,18.9420,20.0,636.7
29071,18.9420,20.0,636.7
29072,18.9420,20.0,636.8
29073,18.9420,20.0,636.8
29074,18.9420,20.0,636.8
29075,18.9420,20.0,636.8
29076,18.9420,20.0,636.8
29077,18.9420,20.0,636.9
29078,18.9420,20.0,636.9
29079,18.9420,20.0,636.9
29080,18.9420,20.0,636.9
29081,18.9816,20.0,637.0
29082,18.9816,20.0,637.0
29083,18.9816,20.0,637.0
29084,18.9816,20.0,637.0
29085,18.9816,20.0,637.0
29086,18.9816,20.0,637.1
29087,18.9816,20.0,637.1
29088,18.9816,20.0,637.1
29089,18.9816,20.0,637.1
29090,18.9816,20.0,637.2
29091,18.9816,20.0,637.2
29092,18.9816,20.0,637.2
29093,18.9816,20.0,637.2
29094,18.9816,20.0,637.2
29095,18.9816,20.0,637.3
29096,18.9816,20.0,637.3
29097,18.9816,20.0,637.3
29098,18.9816,20.0,637.3
29099,18.9816,20.0,637.3
29100,18.9816,20.0,637.4
29101,19.0213,20.0,637.4
29102,19.0213,20.0,637.4
29103,19.0213,20.0,637.4
29104,19.0213,20.0,637.4
29105,19.0213,20.0,637.5
29106,19.0213,20.0,637.5
29107,19.0213,20.0,637.5
29108,19.0213,20.0,637.5
29109,19.0213,20.0,637.5
29110,19.0213,20.0,637.6
29111,19.0213,20.0,637.6
29112,19.0213,20.0,637.6
29113,19.0213,20.0,637.6
29114,19.0213,20.0,637.6
29115,19.0213,20.0,637.7
29116,19.0213,20.0,637.7
29117,19.0213,20.0,637.7
29118,19.0213,20.0,637.7
29119,19.0213,20.0,637.7
29120,19.0213,20.0,637.8
29121,19.0609,20.0,637.8
29122,19.0609,20.0,637.8
29123,19.0609,20.0,637.8
29124,19.0609,20.0,637.8
29125,19.0609,20.0,637.9
29126,19.0609,20.0,637.9
29127,19.0609,20.0,637.9
29128,19.0609,20.0,637.9
29129,19.0609,20.0,637.9
29130,19.0609,20.0,638.0
29131,19.0609,20.0,638.0
29132,19.0609,20.0,638.0
29133,19.0609,20.0,638.0
29134,19.0609,20.0,638.0
29135,19.0609,20.0,638.0
29136,19.0609,20.0,638.1
29137,19.0609,20.0,638.1
29138,19.0609,20.0,638.1
29139,19.0609,20.0,638.1
29140,19.0609,20.0,638.2
29141,19.0808,20.0,638.2
29142,19.0808,20.0,638.2
29143,19.0808,20.0,638.2
29144,19.0808,20.0,638.2
29145,19.0808,20.0,638.3
29146,19.0808,20.0,638.3
29147,19.0808,20.0,638.3
29148,19.0808,20.0,638.3
29149,19.0808,20.0,638.3
29150,19.0808,20.0,638.3
29151,19.0808,20.0,638.4
29152,19.0808,20.0,638.4
29153,19.0808,20.0,638.4
29154,19.0808,20.0,638.4
29155,19.0808,20.0,638.4
29156,19.0808,20.0,638.5
29157,19.0808,20.0,638.5
29158,19.0808,20.0,638.5
29159,19.0808,20.0,638.5
29160,19.0808,20.0,638.5
29161,19.1003,20.0,638.6
29162,19.1003,20.0,638.6
29163,19.1003,20.0,638.6
29164,19.1003,20.0,638.6
29165,19.1003,20.0,638.6
29166,19.1003,20.0,638.7
29167,19.1003,20.0,638.7
29168,19.1003,20.0,638.7
29169,19.1003,20.0,638.7
29170,19.1003,20.0,638.8
29171,19.1003,20.0,638.8
29172,19.1003,20.0,638.8
29173,19.1003,20.0,638.8
29174,19.1003,20.0,638.8
29175,19.1003,20.0,638.9
29176,19.1003,20.0,638.9
29177,19.1003,20.0,638.9
29178,19.1003,20.0,638.9
29179,19.1003,20.0,638.9
29180,19.1003,20.0,639.0
29181,19.1198,20.0,639.0
29182,19.1198,20.0,639.0
29183,19.1198,20.0,639.0
29184,19.1198,20.0,639.0
29185,19.1198,20.0,639.4
29186,19.1198,20.0,639.4
29187,19.1198,20.0,639.4
29188,19.1198,20.0,639.4
29189,19.1198,20.0,639.5
29190,19.1198,20.0,639.5
29191,19.1198,20.0,639.5
29192,19.1198,20.0,639.5
29193,19.1198,20.0,639.5
29194,19.1198,20.0,639.6
29195,19.1198,20.0,639.6
29196,19.1198,20.0,639.6
29197,19.1198,20.0,639.6
29198,19.1198,20.0,639.7
29199,19.1198,20.0,639.7
29200,19.1198,20.0,639.7
29201,19.1199,20.0,639.7
29202,19.1199,20.0,639.7
29203,19.1199,20.0,639.8
29204,19.1199,20.0,639.8
29205,19.1199,20.0,639.8
29206,19.1199,20.0,639.8
29207,19.1199,20.0,639.8
29208,19.1199,20.0,639.9
29209,19.1199,20.0,639.9
29210,19.1199,20.0,639.9
29211,19.1199,20.0,639.9
29212,19.1199,20.0,639.9
29213,19.1199,20.0,640.0
29214,19.1199,20.0,640.0
29215,19.1199,20.0,640.0
29216,19.1199,20.0,640.0
29217,19.1199,20.0,640.0
29218,19.1199,20.0,640.1
29219,19.1199,20.0,640.1
29220,19.1199,20.0,640.1
29221,19.1200,20.0,640.1
29222,19.1200,20.0,640.1
29223,19.1200,20.0,640.2
29224,19.1200,20.0,640.2
29225,19.1200,20.0,640.2
29226,19.1200,20.0,640.2
29227,19.1200,20.0,640.3
29228,19.1200,20.0,640.3
29229,19.1200,20.0,640.3
29230,19.1200,20.0,640.3
29231,19.1200,20.0,640.3
29232,19.1200,20.0,640.4
29233,19.1200,20.0,640.4
29234,19.1200,20.0,640.4
29235,19.1200,20.0,640.4
29236,19.1200,20.0,640.4
29237,19.1200,20.0,640.5
29238,19.1200,20.0,640.5
29239,19.1200,20.0,640.5
29240,19.1200,20.0,640.5
29241,19.1201,20.0,640.5
29242,19.1201,20.0,640.6
29243,19.1201,20.0,640.6
29244,19.1201,20.0,640.6
29245,19.1201,20.0,640.6
29246,19.1201,20.0,640.6
29247,19.1201,20.0,640.7
29248,19.1201,20.0,640.7
29249,19.1201,20.0,640.7
29250,19.1201,20.0,640.7
29251,19.1201,20.0,640.7
29252,19.1201,20.0,640.8
29253,19.1201,20.0,640.8
29254,19.1201,20.0,640.8
29255,19.1201,20.0,640.8
29256,19.1201,20.0,640.8
29257,19.1201,20.0,640.9
29258,19.1201,20.0,640.9
29259,19.1201,20.0,640.9
29260,19.1201,20.0,640.9
29261,19.1202,20.0,640.9
29262,19.1202,20.0,641.0
29263,19.1202,20.0,641.0
29264,19.1202,20.0,641.0
29265,19.1202,20.0,641.0
29266,19.1202,20.0,641.1
29267,19.1202,20.0,641.1
29268,19.1202,20.0,641.1
29269,19.1202,20.0,641.1
29270,19.1202,20.0,641.1
29271,19.1202,20.0,641.2
29272,19.1202,20.0,641.2
29273,19.1202,20.0,641.2
29274,19.1202,20.0,641.2
29275,19.1202,20.0,641.2
29276,19.1202,20.0,641.2
29277,19.1202,20.0,641.3
29278,19.1202,20.0,641.3
29279,19.1202,20.0,641.3
29280,19.1202,20.0,641.3
29281,19.1203,20.0,641.4
29282,19.1203,20.0,641.4
29283,19.1203,20.0,641.4
29284,19.1203,20.0,641.4
29285,19.1203,20.0,641.5
29286,19.1203,20.0,641.5
29287,19.1203,20.0,641.5
29288,19.1203,20.0,641.5
29289,19.1203,20.0,641.5
29290,19.1203,20.0,641.6
29291,19.1203,20.0,641.6
29292,19.1203,20.0,641.6
29293,19.1203,20.0,641.6
29294,19.1203,20.0,641.6
29295,19.1203,20.0,641.7
29296,19.1203,20.0,641.7
29297,19.1203,20.0,641.7
29298,19.1203,20.0,641.7
29299,19.1203,20.0,641.7
29300,19.1203,20.0,641.8
29301,19.1204,20.0,641.8
29302,19.1204,20.0,641.8
29303,19.1204,20.0,641.8
29304,19.1204,20.0,641.8
29305,19.1204,20.0,641.9
29306,19.1204,20.0,641.9
29307,19.1204,20.0,641.9
29308,19.1204,20.0,641.9
29309,19.1204,20.0,641.9
29310,19.1204,20.0,642.0
29311,19.1204,20.0,642.0
29312,19.1204,20.0,642.0
29313,19.1204,20.0,642.0
29314,19.1204,20.0,642.0
29315,19.1204,20.0,642.1
29316,19.1204,20.0,642.1
29317,19.1204,20.0,642.1
29318,19.1204,20.0,642.1
29319,19.1204,20.0,642.1
29320,19.1204,20.0,642.1
29321,19.1205,20.0,642.2
29322,19.1205,20.0,642.2
29323,19.1205,20.0,642.2
29324,19.1205,20.0,642.2
29325,19.1205,20.0,642.2
29326,19.1205,20.0,642.2
29327,19.1205,20.0,642.3
29328,19.1205,20.0,642.3
29329,19.1205,20.0,642.3
29330,19.1205,20.0,642.3
29331,19.1205,20.0,642.3
29332,19.1205,20.0,642.4
29333,19.1205,20.0,642.4
29334,19.1205,20.0,642.4
29335,19.1205,20.0,642.4
29336,19.1205,20.0,642.5
29337,19.1205,20.0,642.5
29338,19.1205,20.0,642.5
29339,19.1205,20.0,642.5
29340,19.1205,20.0,642.5
29341,19.1206,20.0,642.6
29342,19.1206,20.0,642.6
29343,19.1206,20.0,642.6
29344,19.1206,20.0,642.6
29345,19.1206,20.0,642.6
29346,19.1206,20.0,642.7
29347,19.1206,20.0,642.7
29348,19.1206,20.0,642.7
29349,19.1206,20.0,642.7
29350,19.1206,20.0,642.7
29351,19.1206,20.0,642.8
29352,19.1206,20.0,642.8
29353,19.1206,20.0,642.8
29354,19.1206,20.0,642.8
29355,19.1206,20.0,642.9
29356,19.1206,20.0,642.9
29357,19.1206,20.0,642.9
29358,19.1206,20.0,642.9
29359,19.1206,20.0,642.9
29360,19.1206,20.0,642.9
29361,19.1207,20.0,643.0
29362,19.1207,20.0,643.0
29363,19.1207,20.0,643.0
29364,19.1207,20.0,643.0
29365,19.1207,20.0,643.1
29366,19.1207,20.0,643.1
29367,19.1207,20.0,643.1
29368,19.1207,20.0,643.1
29369,19.1207,20.0,643.1
29370,19.1207,20.0,643.2
29371,19.1207,20.0,643.2
29372,19.1207,20.0,643.2
29373,19.1207,20.0,643.2
29374,19.1207,20.0,643.2
29375,19.1207,20.0,643.2
29376,19.1207,20.0,643.3
29377,19.1207,20.0,643.3
29378,19.1207,20.0,643.3
29379,19.1207,20.0,643.3
29380,19.1207,20.0,643.3
29381,19.1208,20.0,643.4
29382,19.1208,20.0,643.4
29383,19.1208,20.0,643.4
29384,19.1208,20.0,643.4
29385,19.1208,20.0,643.5
29386,19.1208,20.0,643.5
29387,19.1208,20.0,643.5
29388,19.1208,20.0,643.5
29389,19.1208,20.0,643.5
29390,19.1208,20.0,643.6
29391,19.1208,20.0,643.6
29392,19.1208,20.0,643.6
29393,19.1208,20.0,643.6
29394,19.1208,20.0,643.6
29395,19.1208,20.0,643.7
29396,19.1208,20.0,643.7
29397,19.1208,20.0,643.7
29398,19.1208,20.0,643.7
29399,19.1208,20.0,643.7
29400,19.1208,20.0,643.8
29401,19.1209,20.0,643.8
29402,19.1209,20.0,643.8
29403,19.1209,20.0,643.8
29404,19.1209,20.0,643.8
29405,19.1209,20.0,643.9
29406,19.1209,20.0,643.9
29407,19.1209,20.0,643.9
29408,19.1209,20.0,643.9
29409,19.1209,20.0,643.9
29410,19.1209,20.0,643.9
29411,19.1209,20.0,644.0
29412,19.1209,20.0,644.0
29413,19.1209,20.0,644.0
29414,19.1209,20.0,644.0
29415,19.1209,20.0,644.0
29416,19.1209,20.0,644.1
29417,19.1209,20.0,644.1
29418,19.1209,20.0,644.1
29419,19.1209,20.0,644.1
29420,19.1209,20.0,644.1
29421,19.1210,20.0,644.2
29422,19.1210,20.0,644.2
29423,19.1210,20.0,644.2
29424,19.1210,20.0,644.2
29425,19.1210,20.0,644.2
29426,19.1210,20.0,644.2
29427,19.1210,20.0,644.3
29428,19.1210,20.0,644.3
29429,19.1210,20.0,644.3
29430,19.1210,20.0,644.3
29431,19.1210,20.0,644.4
29432,19.1210,20.0,644.4
29433,19.1210,20.0,644.4
29434,19.1210,20.0,644.4
29435,19.1210,20.0,644.4
29436,19.1210,20.0,644.5
29437,19.1210,20.0,644.5
29438,19.1210,20.0,644.5
29439,19.1210,20.0,644.5
29440,19.1210,20.0,644.6
29441,19.1211,20.0,644.6
29442,19.1211,20.0,644.6
29443,19.1211,20.0,644.6
29444,19.1211,20.0,644.6
29445,19.1211,20.0,644.7
29446,19.1211,20.0,644.7
29447,19.1211,20.0,644.7
29448,19.1211,20.0,644.7
29449,19.1211,20.0,644.8
29450,19.1211,20.0,644.8
29451,19.1211,20.0,644.8
29452,19.1211,20.0,644.8
29453,19.1211,20.0,644.8
29454,19.1211,20.0,644.8
29455,19.1211,20.0,644.9
29456,19.1211,20.0,644.9
29457,19.1211,20.0,644.9
29458,19.1211,20.0,644.9
29459,19.1211,20.0,644.9
29460,19.1211,20.0,645.0
29461,19.1212,20.0,645.0
29462,19.1212,20.0,645.0
29463,19.1212,20.0,645.0
29464,19.1212,20.0,645.0
29465,19.1212,20.0,645.1
29466,19.1212,20.0,645.1
29467,19.1212,20.0,645.1
29468,19.1212,20.0,645.1
29469,19.1212,20.0,645.1
29470,19.1212,20.0,645.2
29471,19.1212,20.0,645.2
29472,19.1212,20.0,645.2
29473,19.1212,20.0,645.2
29474,19.1212,20.0,645.2
29475,19.1212,20.0,645.3
29476,19.1212,20.0,645.3
29477,19.1212,20.0,645.3
29478,19.1212,20.0,645.3
29479,19.1212,20.0,645.3
29480,19.1212,20.0,645.4
29481,19.1213,20.0,645.4
29482,19.1213,20.0,645.4
29483,19.1213,20.0,645.4
29484,19.1213,20.0,645.4
29485,19.1213,20.0,645.5
29486,19.1213,20.0,645.5
29487,19.1213,20.0,645.5
29488,19.1213,20.0,645.5
29489,19.1213,20.0,645.5
29490,19.1213,20.0,645.6
29491,19.1213,20.0,645.6
29492,19.1213,20.0,645.6
29493,19.1213,20.0,645.6
29494,19.1213,20.0,645.6
29495,19.1213,20.0,645.7
29496,19.1213,20.0,645.7
29497,19.1213,20.0,645.7
29498,19.1213,20.0,645.7
29499,19.1213,20.0,645.8
29500,19.1213,20.0,645.8
29501,19.1214,20.0,645.8
29502,19.1214,20.0,645.8
29503,19.1214,20.0,645.8
29504,19.1214,20.0,645.9
29505,19.1214,20.0,645.9
29506,19.1214,20.0,645.9
29507,19.1214,20.0,645.9
29508,19.1214,20.0,645.9
29509,19.1214,20.0,646.0
29510,19.1214,20.0,646.0
29511,19.1214,20.0,646.0
29512,19.1214,20.0,646.0
29513,19.1214,20.0,646.0
29514,19.1214,20.0,646.1
29515,19.1214,20.0,646.1
29516,19.1214,20.0,646.1
29517,19.1214,20.0,646.1
29518,19.1214,20.0,646.1
29519,19.1214,20.0,646.1
29520,19.1214,20.0,646.2
29521,19.1215,20.0,646.2
29522,19.1215,20.0,646.2
29523,19.1215,20.0,646.2
29524,19.1215,20.0,646.2
29525,19.1215,20.0,646.3
29526,19.1215,20.0,646.3
29527,19.1215,20.0,646.3
29528,19.1215,20.0,646.3
29529,19.1215,20.0,646.3
29530,19.1215,20.0,646.4
29531,19.1215,20.0,646.4
29532,19.1215,20.0,646.4
29533,19.1215,20.0,646.4
29534,19.1215,20.0,646.4
29535,19.1215,20.0,646.5
29536,19.1215,20.0,646.5
29537,19.1215,20.0,646.5
29538,19.1215,20.0,646.5
29539,19.1215,20.0,646.5
29540,19.1215,20.0,646.6
29541,19.1216,20.0,646.6
29542,19.1216,20.0,646.6
29543,19.1216,20.0,646.6
29544,19.1216,20.0,646.7
29545,19.1216,20.0,646.7
29546,19.1216,20.0,646.7
29547,19.1216,20.0,646.7
29548,19.1216,20.0,646.7
29549,19.1216,20.0,646.8
29550,19.1216,20.0,646.8
29551,19.1216,20.0,646.8
29552,19.1216,20.0,646.8
29553,19.1216,20.0,646.8
29554,19.1216,20.0,646.9
29555,19.1216,20.0,646.9
29556,19.1216,20.0,646.9
29557,19.1216,20.0,646.9
29558,19.1216,20.0,647.0
29559,19.1216,20.0,647.0
29560,19.1216,20.0,647.0
29561,19.1218,20.0,647.0
29562,19.1218,20.0,647.0
29563,19.1218,20.0,647.1
29564,19.1218,20.0,647.1
29565,19.1218,20.0,647.1
29566,19.1218,20.0,647.1
29567,19.1218,20.0,647.2
29568,19.1218,20.0,647.2
29569,19.1218,20.0,647.2
29570,19.1218,20.0,647.2
29571,19.1218,20.0,647.2
29572,19.1218,20.0,647.2
29573,19.1218,20.0,647.3
29574,19.1218,20.0,647.3
29575,19.1218,20.0,647.3
29576,19.1218,20.0,647.3
29577,19.1218,20.0,647.3
29578,19.1218,20.0,647.4
29579,19.1218,20.0,647.4
29580,19.1218,20.0,647.4
29581,19.1219,20.0,647.4
29582,19.1219,20.0,647.4
29583,19.1219,20.0,647.5
29584,19.1219,20.0,647.5
29585,19.1219,20.0,647.5
29586,19.1219,20.0,647.5
29587,19.1219,20.0,647.5
29588,19.1219,20.0,647.6
29589,19.1219,20.0,647.6
29590,19.1219,20.0,647.6
29591,19.1219,20.0,647.6
29592,19.1219,20.0,647.6
29593,19.1219,20.0,647.7
29594,19.1219,20.0,647.7
29595,19.1219,20.0,647.7
29596,19.1219,20.0,647.7
29597,19.1219,20.0,647.7
29598,19.1219,20.0,647.8
29599,19.1219,20.0,647.8
29600,19.1219,20.0,647.8
29601,19.1220,20.0,647.8
29602,19.1220,20.0,647.8
29603,19.1220,20.0,647.9
29604,19.1220,20.0,647.9
29605,19.1220,20.0,647.9
29606,19.1220,20.0,647.9
29607,19.1220,20.0,647.9
29608,19.1220,20.0,648.0
29609,19.1220,20.0,648.0
29610,19.1220,20.0,648.0
29611,19.1220,20.0,648.0
29612,19.1220,20.0,648.1
29613,19.1220,20.0,648.1
29614,19.1220,20.0,648.1
29615,19.1220,20.0,648.1
29616,19.1220,20.0,648.1
29617,19.1220,20.0,648.1
29618,19.1220,20.0,648.2
29619,19.1220,20.0,648.2
29620,19.1220,20.0,648.2
29621,19.1221,20.0,648.2
29622,19.1221,20.0,648.2
29623,19.1221,20.0,648.3
29624,19.1221,20.0,648.3
29625,19.1221,20.0,648.3
29626,19.1221,20.0,648.3
29627,19.1221,20.0,648.4
29628,19.1221,20.0,648.4
29629,19.1221,20.0,648.4
29630,19.1221,20.0,648.4
29631,19.1221,20.0,648.4
29632,19.1221,20.0,648.5
29633,19.1221,20.0,648.5
29634,19.1221,20.0,648.5
29635,19.1221,20.0,648.5
29636,19.1221,20.0,648.6
29637,19.1221,20.0,648.6
29638,19.1221,20.0,648.6
29639,19.1221,20.0,648.6
29640,19.1221,20.0,648.6
29641,19.1222,20.0,648.7
29642,19.1222,20.0,648.7
29643,19.1222,20.0,648.7
29644,19.1222,20.0,648.7
29645,19.1222,20.0,648.7
29646,19.1222,20.0,648.8
29647,19.1222,20.0,648.8
29648,19.1222,20.0,648.8
29649,19.1222,20.0,648.8
29650,19.1222,20.0,648.8
29651,19.1222,20.0,648.9
29652,19.1222,20.0,648.9
29653,19.1222,20.0,648.9
29654,19.1222,20.0,648.9
29655,19.1222,20.0,648.9
29656,19.1222,20.0,649.0
29657,19.1222,20.0,649.0
29658,19.1222,20.0,649.0
29659,19.1222,20.0,649.0
29660,19.1222,20.0,649.0
29661,19.1223,20.0,649.1
29662,19.1223,20.0,649.1
29663,19.1223,20.0,649.1
29664,19.1223,20.0,649.1
29665,19.1223,20.0,649.1
29666,19.1223,20.0,649.2
29667,19.1223,20.0,649.2
29668,19.1223,20.0,649.2
29669,19.1223,20.0,649.2
29670,19.1223,20.0,649.2
29671,19.1223,20.0,649.3
29672,19.1223,20.0,649.3
29673,19.1223,20.0,649.3
29674,19.1223,20.0,649.3
29675,19.1223,20.0,649.3
29676,19.1223,20.0,649.4
29677,19.1223,20.0,649.4
29678,19.1223,20.0,649.4
29679,19.1223,20.0,649.4
29680,19.1223,20.0,649.5
29681,19.1227,20.0,649.5
29682,19.1227,20.0,649.5
29683,19.1227,20.0,649.5
29684,19.1227,20.0,649.5
29685,19.1227,20.0,649.6
29686,19.1227,20.0,649.6
29687,19.1227,20.0,649.6
29688,19.1227,20.0,649.6
29689,19.1227,20.0,649.7
29690,19.1227,20.0,649.7
29691,19.1227,20.0,649.7
29692,19.1227,20.0,649.8
29693,19.1227,20.0,649.8
29694,19.1227,20.0,649.8
29695,19.1227,20.0,649.9
29696,19.1227,20.0,649.9
29697,19.1227,20.0,650.3
29698,19.1227,20.0,650.3
29699,19.1227,20.0,650.3
29700,19.1227,20.0,650.3
29701,19.1231,20.0,650.3
29702,19.1231,20.0,650.4
29703,19.1231,20.0,650.4
29704,19.1231,20.0,650.4
29705,19.1231,20.0,650.4
29706,19.1231,20.0,650.5
29707,19.1231,20.0,650.5
29708,19.1231,20.0,650.5
29709,19.1231,20.0,650.5
29710,19.1231,20.0,650.5
29711,19.1231,20.0,650.6
29712,19.1231,20.0,650.6
29713,19.1231,20.0,650.6
29714,19.1231,20.0,650.6
29715,19.1231,20.0,650.6
29716,19.1231,20.0,650.7
29717,19.1231,20.0,650.7
29718,19.1231,20.0,650.7
29719,19.1231,20.0,650.7
29720,19.1231,20.0,650.7
29721,19.1432,20.0,650.8
29722,19.1432,20.0,650.8
29723,19.1432,20.0,650.8
29724,19.1432,20.0,650.8
29725,19.1432,20.0,650.8
29726,19.1432,20.0,650.9
29727,19.1432,20.0,650.9
29728,19.1432,20.0,650.9
29729,19.1432,20.0,650.9
29730,19.1432,20.0,650.9
29731,19.1432,20.0,651.0
29732,19.1432,20.0,651.0
29733,19.1432,20.0,651.0
29734,19.1432,20.0,651.0
29735,19.1432,20.0,651.0
29736,19.1432,20.0,651.1
29737,19.1432,20.0,651.1
29738,19.1432,20.0,651.1
29739,19.1432,20.0,651.1
29740,19.1432,20.0,651.1
29741,19.1633,20.0,651.2
29742,19.1633,20.0,651.2
29743,19.1633,20.0,651.2
29744,19.1633,20.0,651.2
29745,19.1633,20.0,651.3
29746,19.1633,20.0,651.3
29747,19.1633,20.0,651.3
29748,19.1633,20.0,651.3
29749,19.1633,20.0,651.3
29750,19.1633,20.0,651.4
29751,19.1633,20.0,651.4
29752,19.1633,20.0,651.4
29753,19.1633,20.0,651.4
29754,19.1633,20.0,651.4
29755,19.1633,20.0,651.5
29756,19.1633,20.0,651.5
29757,19.1633,20.0,651.5
29758,19.1633,20.0,651.5
29759,19.1633,20.0,651.5
29760,19.1633,20.0,651.6
29761,19.1834,20.0,651.6
29762,19.1834,20.0,651.6
29763,19.1834,20.0,651.6
29764,19.1834,20.0,651.6
29765,19.1834,20.0,651.7
29766,19.1834,20.0,651.7
29767,19.1834,20.0,651.7
29768,19.1834,20.0,651.7
29769,19.1834,20.0,651.7
29770,19.1834,20.0,651.7
29771,19.1834,20.0,651.8
29772,19.1834,20.0,651.8
29773,19.1834,20.0,651.8
29774,19.1834,20.0,651.8
29775,19.1834,20.0,651.8
29776,19.1834,20.0,651.9
29777,19.1834,20.0,651.9
29778,19.1834,20.0,651.9
29779,19.1834,20.0,651.9
29780,19.1834,20.0,651.9
29781,19.2036,20.0,652.0
29782,19.2036,20.0,652.0
29783,19.2036,20.0,652.0
29784,19.2036,20.0,652.0
29785,19.2036,20.0,652.0
29786,19.2036,20.0,652.1
29787,19.2036,20.0,652.1
29788,19.2036,20.0,652.1
29789,19.2036,20.0,652.1
29790,19.2036,20.0,652.1
29791,19.2036,20.0,652.2
29792,19.2036,20.0,652.2
29793,19.2036,20.0,652.2
29794,19.2036,20.0,652.2
29795,19.2036,20.0,652.2
29796,19.2036,20.0,652.2
29797,19.2036,20.0,652.3
29798,19.2036,20.0,652.3
29799,19.2036,20.0,652.3
29800,19.2036,20.0,652.3
29801,19.2237,20.0,652.4
29802,19.2237,20.0,652.4
29803,19.2237,20.0,652.4
29804,19.2237,20.0,652.4
29805,19.2237,20.0,652.4
29806,19.2237,20.0,652.5
29807,19.2237,20.0,652.5
29808,19.2237,20.0,652.5
29809,19.2237,20.0,652.5
29810,19.2237,20.0,652.5
29811,19.2237,20.0,652.5
29812,19.2237,20.0,652.6
29813,19.2237,20.0,652.6
29814,19.2237,20.0,652.6
29815,19.2237,20.0,652.6
29816,19.2237,20.0,652.7
29817,19.2237,20.0,652.7
29818,19.2237,20.0,652.7
29819,19.2237,20.0,652.7
29820,19.2237,20.0,652.7
29821,19.2438,20.0,652.8
29822,19.2438,20.0,652.8
29823,19.2438,20.0,652.8
29824,19.2438,20.0,652.8
29825,19.2438,20.0,652.8
29826,19.2438,20.0,652.9
29827,19.2438,20.0,652.9
29828,19.2438,20.0,652.9
29829,19.2438,20.0,652.9
29830,19.2438,20.0,652.9
29831,19.2438,20.0,652.9
29832,19.2438,20.0,653.0
29833,19.2438,20.0,653.0
29834,19.2438,20.0,653.0
29835,19.2438,20.0,653.0
29836,19.2438,20.0,653.0
29837,19.2438,20.0,653.1
29838,19.2438,20.0,653.1
29839,19.2438,20.0,653.1
29840,19.2438,20.0,653.1
29841,19.2639,20.0,653.2
29842,19.2639,20.0,653.2
29843,19.2639,20.0,653.2
29844,19.2639,20.0,653.2
29845,19.2639,20.0,653.2
29846,19.2639,20.0,653.2
29847,19.2639,20.0,653.3
29848,19.2639,20.0,653.3
29849,19.2639,20.0,653.3
29850,19.2639,20.0,653.3
29851,19.2639,20.0,653.4
29852,19.2639,20.0,653.4
29853,19.2639,20.0,653.4
29854,19.2639,20.0,653.4
29855,19.2639,20.0,653.4
29856,19.2639,20.0,653.5
29857,19.2639,20.0,653.5
29858,19.2639,20.0,653.5
29859,19.2639,20.0,653.5
29860,19.2639,20.0,653.5
29861,19.2841,20.0,653.6
29862,19.2841,20.0,653.6
29863,19.2841,20.0,653.6
29864,19.2841,20.0,653.6
29865,19.2841,20.0,653.6
29866,19.2841,20.0,653.7
29867,19.2841,20.0,653.7
29868,19.2841,20.0,653.7
29869,19.2841,20.0,653.7
29870,19.2841,20.0,653.7
29871,19.2841,20.0,653.8
29872,19.2841,20.0,653.8
29873,19.2841,20.0,653.8
29874,19.2841,20.0,653.8
29875,19.2841,20.0,653.8
29876,19.2841,20.0,653.9
29877,19.2841,20.0,653.9
29878,19.2841,20.0,653.9
29879,19.2841,20.0,653.9
29880,19.2841,20.0,653.9
29881,19.3042,20.0,654.0
29882,19.3042,20.0,654.0
29883,19.3042,20.0,654.0
29884,19.3042,20.0,654.0
29885,19.3042,20.0,654.0
29886,19.3042,20.0,654.1
29887,19.3042,20.0,654.1
29888,19.3042,20.0,654.1
29889,19.3042,20.0,654.1
29890,19.3042,20.0,654.1
29891,19.3042,20.0,654.1
29892,19.3042,20.0,654.2
29893,19.3042,20.0,654.2
29894,19.3042,20.0,654.2
29895,19.3042,20.0,654.2
29896,19.3042,20.0,654.3
29897,19.3042,20.0,654.3
29898,19.3042,20.0,654.3
29899,19.3042,20.0,654.3
29900,19.3042,20.0,654.3
29901,19.3243,20.0,654.4
29902,19.3243,20.0,654.4
29903,19.3243,20.0,654.4
29904,19.3243,20.0,654.4
29905,19.3243,20.0,654.5
29906,19.3243,20.0,654.5
29907,19.3243,20.0,654.5
29908,19.3243,20.0,654.5
29909,19.3243,20.0,654.6
29910,19.3243,20.0,654.6
29911,19.3243,20.0,654.6
29912,19.3243,20.0,654.6
29913,19.3243,20.0,654.6
29914,19.3243,20.0,654.7
29915,19.3243,20.0,654.7
29916,19.3243,20.0,654.7
29917,19.3243,20.0,654.7
29918,19.3243,20.0,654.7
29919,19.3243,20.0,654.8
29920,19.3243,20.0,654.8
29921,19.3444,20.0,654.8
29922,19.3444,20.0,654.8
29923,19.3444,20.0,654.8
29924,19.3444,20.0,654.9
29925,19.3444,20.0,654.9
29926,19.3444,20.0,654.9
29927,19.3444,20.0,654.9
29928,19.3444,20.0,654.9
29929,19.3444,20.0,654.9
29930,19.3444,20.0,655.0
29931,19.3444,20.0,655.0
29932,19.3444,20.0,655.0
29933,19.3444,20.0,655.0
29934,19.3444,20.0,655.0
29935,19.3444,20.0,655.1
29936,19.3444,20.0,655.1
29937,19.3444,20.0,655.1
29938,19.3444,20.0,655.1
29939,19.3444,20.0,655.2
29940,19.3444,20.0,655.2
29941,19.3645,20.0,655.2
29942,19.3645,20.0,655.2
29943,19.3645,20.0,655.2
29944,19.3645,20.0,655.3
29945,19.3645,20.0,655.3
29946,19.3645,20.0,655.3
29947,19.3645,20.0,655.3
29948,19.3645,20.0,655.3
29949,19.3645,20.0,655.3
29950,19.3645,20.0,655.4
29951,19.3645,20.0,655.4
29952,19.3645,20.0,655.4
29953,19.3645,20.0,655.4
29954,19.3645,20.0,655.4
29955,19.3645,20.0,655.5
29956,19.3645,20.0,655.5
29957,19.3645,20.0,655.5
29958,19.3645,20.0,655.5
29959,19.3645,20.0,655.5
29960,19.3645,20.0,655.6
29961,19.3847,20.0,655.6
29962,19.3847,20.0,655.6
29963,19.3847,20.0,655.6
29964,19.3847,20.0,655.6
29965,19.3847,20.0,655.6
29966,19.3847,20.0,655.7
29967,19.3847,20.0,655.7
29968,19.3847,20.0,655.7
29969,19.3847,20.0,655.7
29970,19.3847,20.0,655.8
29971,19.3847,20.0,655.8
29972,19.3847,20.0,655.8
29973,19.3847,20.0,655.8
29974,19.3847,20.0,655.8
29975,19.3847,20.0,655.8
29976,19.3847,20.0,655.9
29977,19.3847,20.0,655.9
29978,19.3847,20.0,655.9
29979,19.3847,20.0,655.9
29980,19.3847,20.0,655.9
29981,19.4048,20.0,656.0
29982,19.4048,20.0,656.0
29983,19.4048,20.0,656.0
29984,19.4048,20.0,656.0
29985,19.4048,20.0,656.0
29986,19.4048,20.0,656.1
29987,19.4048,20.0,656.1
29988,19.4048,20.0,656.1
29989,19.4048,20.0,656.1
29990,19.4048,20.0,656.1
29991,19.4048,20.0,656.2
29992,19.4048,20.0,656.2
29993,19.4048,20.0,656.2
29994,19.4048,20.0,656.2
29995,19.4048,20.0,656.2
29996,19.4048,20.0,656.3
29997,19.4048,20.0,656.3
29998,19.4048,20.0,656.3
29999,19.4048,20.0,656.3
30000,19.4048,20.0,656.3
30001,19.4249,20.0,656.4
30002,19.4249,20.0,656.4
30003,19.4249,20.0,656.4
30004,19.4249,20.0,656.4
30005,19.4249,20.0,656.4
30006,19.4249,20.0,656.5
30007,19.4249,20.0,656.5
30008,19.4249,20.0,656.5
30009,19.4249,20.0,656.5
30010,19.4249,20.0,656.5
30011,19.4249,20.0,656.6
30012,19.4249,20.0,656.6
30013,19.4249,20.0,656.6
30014,19.4249,20.0,656.6
30015,19.4249,20.0,656.6
30016,19.4249,20.0,656.6
30017,19.4249,20.0,656.7
30018,19.4249,20.0,656.7
30019,19.4249,20.0,656.7
30020,19.4249,20.0,656.7
30021,19.4450,20.0,656.8
30022,19.4450,20.0,656.8
30023,19.4450,20.0,656.8
30024,19.4450,20.0,656.8
30025,19.4450,20.0,656.8
30026,19.4450,20.0,656.9
30027,19.4450,20.0,656.9
30028,19.4450,20.0,656.9
30029,19.4450,20.0,656.9
30030,19.4450,20.0,656.9
30031,19.4450,20.0,657.0
30032,19.4450,20.0,657.0
30033,19.4450,20.0,657.0
30034,19.4450,20.0,657.0
30035,19.4450,20.0,657.0
30036,19.4450,20.0,657.1
30037,19.4450,20.0,657.1
30038,19.4450,20.0,657.1
30039,19.4450,20.0,657.1
30040,19.4450,20.0,657.1
30041,19.4651,20.0,657.2
30042,19.4651,20.0,657.2
30043,19.4651,20.0,657.2
30044,19.4651,20.0,657.2
30045,19.4651,20.0,657.2
30046,19.4651,20.0,657.3
30047,19.4651,20.0,657.3
30048,19.4651,20.0,657.3
30049,19.4651,20.0,657.3
30050,19.4651,20.0,657.3
30051,19.4651,20.0,657.4
30052,19.4651,20.0,657.4
30053,19.4651,20.0,657.4
30054,19.4651,20.0,657.4
30055,19.4651,20.0,657.4
30056,19.4651,20.0,657.5
30057,19.4651,20.0,657.5
30058,19.4651,20.0,657.5
30059,19.4651,20.0,657.5
30060,19.4651,20.0,657.5
30061,19.4853,20.0,657.5
30062,19.4853,20.0,657.6
30063,19.4853,20.0,657.6
30064,19.4853,20.0,657.6
30065,19.4853,20.0,657.6
30066,19.4853,20.0,657.7
30067,19.4853,20.0,657.7
30068,19.4853,20.0,657.7
30069,19.4853,20.0,657.7
30070,19.4853,20.0,657.7
30071,19.4853,20.0,657.8
30072,19.4853,20.0,657.8
30073,19.4853,20.0,657.8
30074,19.4853,20.0,657.8
30075,19.4853,20.0,657.8
30076,19.4853,20.0,657.8
30077,19.4853,20.0,657.9
30078,19.4853,20.0,657.9
30079,19.4853,20.0,657.9
30080,19.4853,20.0,657.9
30081,19.5054,20.0,657.9
30082,19.5054,20.0,658.0
30083,19.5054,20.0,658.0
30084,19.5054,20.0,658.0
30085,19.5054,20.0,658.0
30086,19.5054,20.0,658.1
30087,19.5054,20.0,658.1
30088,19.5054,20.0,658.1
30089,19.5054,20.0,658.1
30090,19.5054,20.0,658.1
30091,19.5054,20.0,658.1
30092,19.5054,20.0,658.2
30093,19.5054,20.0,658.2
30094,19.5054,20.0,658.2
30095,19.5054,20.0,658.2
30096,19.5054,20.0,658.2
30097,19.5054,20.0,658.3
30098,19.5054,20.0,658.3
30099,19.5054,20.0,658.3
30100,19.5054,20.0,658.3
30101,19.5255,20.0,658.4
30102,19.5255,20.0,658.4
30103,19.5255,20.0,658.4
30104,19.5255,20.0,658.4
30105,19.5255,20.0,658.4
30106,19.5255,20.0,658.5
30107,19.5255,20.0,658.5
30108,19.5255,20.0,658.5
30109,19.5255,20.0,658.5
30110,19.5255,20.0,658.5
30111,19.5255,20.0,658.6
30112,19.5255,20.0,658.6
30113,19.5255,20.0,658.6
30114,19.5255,20.0,658.6
30115,19.5255,20.0,658.7
30116,19.5255,20.0,658.7
30117,19.5255,20.0,658.7
30118,19.5255,20.0,658.7
30119,19.5255,20.0,658.7
30120,19.5255,20.0,658.8
30121,19.5456,20.0,658.8
30122,19.5456,20.0,658.8
30123,19.5456,20.0,658.8
30124,19.5456,20.0,658.8
30125,19.5456,20.0,658.8
30126,19.5456,20.0,658.9
30127,19.5456,20.0,658.9
30128,19.5456,20.0,658.9
30129,19.5456,20.0,658.9
30130,19.5456,20.0,659.0
30131,19.5456,20.0,659.0
30132,19.5456,20.0,659.0
30133,19.5456,20.0,659.0
30134,19.5456,20.0,659.0
30135,19.5456,20.0,659.1
30136,19.5456,20.0,659.1
30137,19.5456,20.0,659.1
30138,19.5456,20.0,659.1
30139,19.5456,20.0,659.1
30140,19.5456,20.0,659.2
30141,19.5658,20.0,659.2
30142,19.5658,20.0,659.2
30143,19.5658,20.0,659.2
30144,19.5658,20.0,659.2
30145,19.5658,20.0,659.3
30146,19.5658,20.0,659.3
30147,19.5658,20.0,659.3
30148,19.5658,20.0,659.3
30149,19.5658,20.0,659.3
30150,19.5658,20.0,659.4
30151,19.5658,20.0,659.4
30152,19.5658,20.0,659.4
30153,19.5658,20.0,659.4
30154,19.5658,20.0,659.4
30155,19.5658,20.0,659.5
30156,19.5658,20.0,659.5
30157,19.5658,20.0,659.5
30158,19.5658,20.0,659.5
30159,19.5658,20.0,659.5
30160,19.5658,20.0,659.6
30161,19.5859,20.0,659.6
30162,19.5859,20.0,659.6
30163,19.5859,20.0,659.6
30164,19.5859,20.0,659.6
30165,19.5859,20.0,659.7
30166,19.5859,20.0,659.7
30167,19.5859,20.0,659.7
30168,19.5859,20.0,659.7
30169,19.5859,20.0,659.7
30170,19.5859,20.0,659.8
30171,19.5859,20.0,659.8
30172,19.5859,20.0,659.8
30173,19.5859,20.0,659.8
30174,19.5859,20.0,659.8
30175,19.5859,20.0,659.9
30176,19.5859,20.0,659.9
30177,19.5859,20.0,659.9
30178,19.5859,20.0,659.9
30179,19.5859,20.0,659.9
30180,19.5859,20.0,660.0
30181,19.5860,20.0,660.0
30182,19.5860,20.0,660.0
30183,19.5860,20.0,660.0
30184,19.5860,20.0,660.0
30185,19.5860,20.0,660.1
30186,19.5860,20.0,660.1
30187,19.5860,20.0,660.1
30188,19.5860,20.0,660.1
30189,19.5860,20.0,660.1
30190,19.5860,20.0,660.2
30191,19.5860,20.0,660.2
30192,19.5860,20.0,660.2
30193,19.5860,20.0,660.2
30194,19.5860,20.0,660.2
30195,19.5860,20.0,660.3
30196,19.5860,20.0,660.3
30197,19.5860,20.0,660.3
30198,19.5860,20.0,660.3
30199,19.5860,20.0,660.3
30200,19.5860,20.0,660.4
30201,19.5862,20.0,660.4
30202,19.5862,20.0,660.4
30203,19.5862,20.0,660.4
30204,19.5862,20.0,660.4
30205,19.5862,20.0,660.5
30206,19.5862,20.0,660.5
30207,19.5862,20.0,660.5
30208,19.5862,20.0,660.5
30209,19.5862,20.0,660.8
30210,19.5862,20.0,660.8
30211,19.5862,20.0,660.8
30212,19.5862,20.0,660.9
30213,19.5862,20.0,660.9
30214,19.5862,20.0,660.9
30215,19.5862,20.0,660.9
30216,19.5862,20.0,660.9
30217,19.5862,20.0,660.9
30218,19.5862,20.0,661.0
30219,19.5862,20.0,661.0
30220,19.5862,20.0,661.0
30221,19.5865,20.0,661.0
30222,19.5865,20.0,661.0
30223,19.5865,20.0,661.1
30224,19.5865,20.0,661.1
30225,19.5865,20.0,661.1
30226,19.5865,20.0,661.1
30227,19.5865,20.0,661.2
30228,19.5865,20.0,661.2
30229,19.5865,20.0,661.2
30230,19.5865,20.0,661.2
30231,19.5865,20.0,661.2
30232,19.5865,20.0,661.3
30233,19.5865,20.0,661.3
30234,19.5865,20.0,661.3
30235,19.5865,20.0,661.3
30236,19.5865,20.0,661.3
30237,19.5865,20.0,661.4
30238,19.5865,20.0,661.4
30239,19.5865,20.0,661.4
30240,19.5865,20.0,661.4
30241,19.5868,20.0,661.4
30242,19.5868,20.0,661.5
30243,19.5868,20.0,661.5
30244,19.5868,20.0,661.5
30245,19.5868,20.0,661.5
30246,19.5868,20.0,661.5
30247,19.5868,20.0,661.6
30248,19.5868,20.0,661.6
30249,19.5868,20.0,661.6
30250,19.5868,20.0,661.6
30251,19.5868,20.0,661.6
30252,19.5868,20.0,661.7
30253,19.5868,20.0,661.7
30254,19.5868,20.0,661.7
30255,19.5868,20.0,661.7
30256,19.5868,20.0,661.8
30257,19.5868,20.0,661.8
30258,19.5868,20.0,661.8
30259,19.5868,20.0,661.8
30260,19.5868,20.0,661.8
30261,19.5870,20.0,661.9
30262,19.5870,20.0,661.9
30263,19.5870,20.0,661.9
30264,19.5870,20.0,661.9
30265,19.5870,20.0,661.9
30266,19.5870,20.0,662.0
30267,19.5870,20.0,662.0
30268,19.5870,20.0,662.0
30269,19.5870,20.0,662.0
30270,19.5870,20.0,662.0
30271,19.5870,20.0,662.1
30272,19.5870,20.0,662.1
30273,19.5870,20.0,662.1
30274,19.5870,20.0,662.1
30275,19.5870,20.0,662.1
30276,19.5870,20.0,662.1
30277,19.5870,20.0,662.2
30278,19.5870,20.0,662.2
30279,19.5870,20.0,662.2
30280,19.5870,20.0,662.2
30281,19.5873,20.0,662.3
30282,19.5873,20.0,662.3
30283,19.5873,20.0,662.3
30284,19.5873,20.0,662.3
30285,19.5873,20.0,662.3
30286,19.5873,20.0,662.3
30287,19.5873,20.0,662.4
30288,19.5873,20.0,662.4
30289,19.5873,20.0,662.4
30290,19.5873,20.0,662.4
30291,19.5873,20.0,662.5
30292,19.5873,20.0,662.5
30293,19.5873,20.0,662.5
30294,19.5873,20.0,662.5
30295,19.5873,20.0,662.5
30296,19.5873,20.0,662.6
30297,19.5873,20.0,662.6
30298,19.5873,20.0,662.6
30299,19.5873,20.0,662.6
30300,19.5873,20.0,662.6
30301,19.5876,20.0,662.7
30302,19.5876,20.0,662.7
30303,19.5876,20.0,662.7
30304,19.5876,20.0,662.7
30305,19.5876,20.0,662.7
30306,19.5876,20.0,662.8
30307,19.5876,20.0,662.8
30308,19.5876,20.0,662.8
30309,19.5876,20.0,662.8
30310,19.5876,20.0,662.8
30311,19.5876,20.0,662.9
30312,19.5876,20.0,662.9
30313,19.5876,20.0,662.9
30314,19.5876,20.0,662.9
30315,19.5876,20.0,663.0
30316,19.5876,20.0,663.0
30317,19.5876,20.0,663.0
30318,19.5876,20.0,663.0
30319,19.5876,20.0,663.0
30320,19.5876,20.0,663.0
30321,19.5879,20.0,663.1
30322,19.5879,20.0,663.1
30323,19.5879,20.0,663.1
30324,19.5879,20.0,663.1
30325,19.5879,20.0,663.1
30326,19.5879,20.0,663.2
30327,19.5879,20.0,663.2
30328,19.5879,20.0,663.2
30329,19.5879,20.0,663.2
30330,19.5879,20.0,663.2
30331,19.5879,20.0,663.2
30332,19.5879,20.0,663.3
30333,19.5879,20.0,663.3
30334,19.5879,20.0,663.3
30335,19.5879,20.0,663.3
30336,19.5879,20.0,663.3
30337,19.5879,20.0,663.4
30338,19.5879,20.0,663.4
30339,19.5879,20.0,663.4
30340,19.5879,20.0,663.4
30341,19.5882,20.0,663.5
30342,19.5882,20.0,663.5
30343,19.5882,20.0,663.5
30344,19.5882,20.0,663.5
30345,19.5882,20.0,663.5
30346,19.5882,20.0,663.6
30347,19.5882,20.0,663.6
30348,19.5882,20.0,663.6
30349,19.5882,20.0,663.6
30350,19.5882,20.0,663.6
30351,19.5882,20.0,663.7
30352,19.5882,20.0,663.7
30353,19.5882,20.0,663.7
30354,19.5882,20.0,663.7
30355,19.5882,20.0,663.7
30356,19.5882,20.0,663.7
30357,19.5882,20.0,663.8
30358,19.5882,20.0,663.8
30359,19.5882,20.0,663.8
30360,19.5882,20.0,663.8
30361,19.5885,20.0,663.9
30362,19.5885,20.0,663.9
30363,19.5885,20.0,663.9
30364,19.5885,20.0,663.9
30365,19.5885,20.0,663.9
30366,19.5885,20.0,664.0
30367,19.5885,20.0,664.0
30368,19.5885,20.0,664.0
30369,19.5885,20.0,664.0
30370,19.5885,20.0,664.1
30371,19.5885,20.0,664.1
30372,19.5885,20.0,664.1
30373,19.5885,20.0,664.1
30374,19.5885,20.0,664.1
30375,19.5885,20.0,664.2
30376,19.5885,20.0,664.2
30377,19.5885,20.0,664.2
30378,19.5885,20.0,664.2
30379,19.5885,20.0,664.3
30380,19.5885,20.0,664.3
30381,19.5888,20.0,664.3
30382,19.5888,20.0,664.3
30383,19.5888,20.0,664.3
30384,19.5888,20.0,664.4
30385,19.5888,20.0,664.4
30386,19.5888,20.0,664.4
30387,19.5888,20.0,664.4
30388,19.5888,20.0,664.4
30389,19.5888,20.0,664.5
30390,19.5888,20.0,664.5
30391,19.5888,20.0,664.5
30392,19.5888,20.0,664.5
30393,19.5888,20.0,664.5
30394,19.5888,20.0,664.6
30395,19.5888,20.0,664.6
30396,19.5888,20.0,664.6
30397,19.5888,20.0,664.6
30398,19.5888,20.0,664.6
30399,19.5888,20.0,664.7
30400,19.5888,20.0,664.7
30401,19.5891,20.0,664.7
30402,19.5891,20.0,664.7
30403,19.5891,20.0,664.7
30404,19.5891,20.0,664.8
30405,19.5891,20.0,664.8
30406,19.5891,20.0,664.8
30407,19.5891,20.0,664.8
30408,19.5891,20.0,664.8
30409,19.5891,20.0,664.9
30410,19.5891,20.0,664.9
30411,19.5891,20.0,664.9
30412,19.5891,20.0,664.9
30413,19.5891,20.0,664.9
30414,19.5891,20.0,665.0
30415,19.5891,20.0,665.0
30416,19.5891,20.0,665.0
30417,19.5891,20.0,665.0
30418,19.5891,20.0,665.0
30419,19.5891,20.0,665.1
30420,19.5891,20.0,665.1
30421,19.5894,20.0,665.1
30422,19.5894,20.0,665.1
30423,19.5894,20.0,665.2
30424,19.5894,20.0,665.2
30425,19.5894,20.0,665.2
30426,19.5894,20.0,665.2
30427,19.5894,20.0,665.2
30428,19.5894,20.0,665.3
30429,19.5894,20.0,665.3
30430,19.5894,20.0,665.3
30431,19.5894,20.0,665.3
30432,19.5894,20.0,665.3
30433,19.5894,20.0,665.4
30434,19.5894,20.0,665.4
30435,19.5894,20.0,665.4
30436,19.5894,20.0,665.4
30437,19.5894,20.0,665.4
30438,19.5894,20.0,665.5
30439,19.5894,20.0,665.5
30440,19.5894,20.0,665.5
30441,19.5897,20.0,665.5
30442,19.5897,20.0,665.5
30443,19.5897,20.0,665.5
30444,19.5897,20.0,665.6
30445,19.5897,20.0,665.6
30446,19.5897,20.0,665.6
30447,19.5897,20.0,665.6
30448,19.5897,20.0,665.7
30449,19.5897,20.0,665.7
30450,19.5897,20.0,665.7
30451,19.5897,20.0,665.7
30452,19.5897,20.0,665.7
30453,19.5897,20.0,665.8
30454,19.5897,20.0,665.8
30455,19.5897,20.0,665.8
30456,19.5897,20.0,665.8
30457,19.5897,20.0,665.8
30458,19.5897,20.0,665.9
30459,19.5897,20.0,665.9
30460,19.5897,20.0,665.9
30461,19.5900,20.0,665.9
30462,19.5900,20.0,665.9
30463,19.5900,20.0,666.0
30464,19.5900,20.0,666.0
30465,19.5900,20.0,666.0
30466,19.5900,20.0,666.0
30467,19.5900,20.0,666.0
30468,19.5900,20.0,666.1
30469,19.5900,20.0,666.1
30470,19.5900,20.0,666.1
30471,19.5900,20.0,666.1
30472,19.5900,20.0,666.1
30473,19.5900,20.0,666.2
30474,19.5900,20.0,666.2
30475,19.5900,20.0,666.2
30476,19.5900,20.0,666.2
30477,19.5900,20.0,666.2
30478,19.5900,20.0,666.3
30479,19.5900,20.0,666.3
30480,19.5900,20.0,666.3
30481,19.5903,20.0,666.3
30482,19.5903,20.0,666.3
30483,19.5903,20.0,666.4
30484,19.5903,20.0,666.4
30485,19.5903,20.0,666.4
30486,19.5903,20.0,666.4
30487,19.5903,20.0,666.4
30488,19.5903,20.0,666.5
30489,19.5903,20.0,666.5
30490,19.5903,20.0,666.5
30491,19.5903,20.0,666.5
30492,19.5903,20.0,666.5
30493,19.5903,20.0,666.6
30494,19.5903,20.0,666.6
30495,19.5903,20.0,666.6
30496,19.5903,20.0,666.6
30497,19.5903,20.0,666.6
30498,19.5903,20.0,666.7
30499,19.5903,20.0,666.7
30500,19.5903,20.0,666.7
30501,19.5905,20.0,666.7
30502,19.5905,20.0,666.7
30503,19.5905,20.0,666.7
30504,19.5905,20.0,666.8
30505,19.5905,20.0,666.8
30506,19.5905,20.0,666.8
30507,19.5905,20.0,666.8
30508,19.5905,20.0,666.8
30509,19.5905,20.0,666.9
30510,19.5905,20.0,666.9
30511,19.5905,20.0,666.9
30512,19.5905,20.0,666.9
30513,19.5905,20.0,666.9
30514,19.5905,20.0,666.9
30515,19.5905,20.0,667.0
30516,19.5905,20.0,667.0
30517,19.5905,20.0,667.0
30518,19.5905,20.0,667.0
30519,19.5905,20.0,667.1
30520,19.5905,20.0,667.1
30521,19.5908,20.0,667.1
30522,19.5908,20.0,667.1
30523,19.5908,20.0,667.1
30524,19.5908,20.0,667.2
30525,19.5908,20.0,667.2
30526,19.5908,20.0,667.2
30527,19.5908,20.0,667.2
30528,19.5908,20.0,667.2
30529,19.5908,20.0,667.3
30530,19.5908,20.0,667.3
30531,19.5908,20.0,667.3
30532,19.5908,20.0,667.3
30533,19.5908,20.0,667.3
30534,19.5908,20.0,667.4
30535,19.5908,20.0,667.4
30536,19.5908,20.0,667.4
30537,19.5908,20.0,667.4
30538,19.5908,20.0,667.5
30539,19.5908,20.0,667.5
30540,19.5908,20.0,667.5
30541,19.5911,20.0,667.5
30542,19.5911,20.0,667.5
30543,19.5911,20.0,667.6
30544,19.5911,20.0,667.6
30545,19.5911,20.0,667.6
30546,19.5911,20.0,667.6
30547,19.5911,20.0,667.6
30548,19.5911,20.0,667.7
30549,19.5911,20.0,667.7
30550,19.5911,20.0,667.7
30551,19.5911,20.0,667.7
30552,19.5911,20.0,667.7
30553,19.5911,20.0,667.7
30554,19.5911,20.0,667.8
30555,19.5911,20.0,667.8
30556,19.5911,20.0,667.8
30557,19.5911,20.0,667.8
30558,19.5911,20.0,667.9
30559,19.5911,20.0,667.9
30560,19.5911,20.0,667.9
30561,19.5914,20.0,667.9
30562,19.5914,20.0,667.9
30563,19.5914,20.0,668.0
30564,19.5914,20.0,668.0
30565,19.5914,20.0,668.0
30566,19.5914,20.0,668.0
30567,19.5914,20.0,668.0
30568,19.5914,20.0,668.1
30569,19.5914,20.0,668.1
30570,19.5914,20.0,668.1
30571,19.5914,20.0,668.1
30572,19.5914,20.0,668.1
30573,19.5914,20.0,668.1
30574,19.5914,20.0,668.2
30575,19.5914,20.0,668.2
30576,19.5914,20.0,668.2
30577,19.5914,20.0,668.2
30578,19.5914,20.0,668.2
30579,19.5914,20.0,668.3
30580,19.5914,20.0,668.3
30581,19.5917,20.0,668.3
30582,19.5917,20.0,668.3
30583,19.5917,20.0,668.3
30584,19.5917,20.0,668.3
30585,19.5917,20.0,668.4
30586,19.5917,20.0,668.4
30587,19.5917,20.0,668.4
30588,19.5917,20.0,668.4
30589,19.5917,20.0,668.5
30590,19.5917,20.0,668.5
30591,19.5917,20.0,668.5
30592,19.5917,20.0,668.5
30593,19.5917,20.0,668.5
30594,19.5917,20.0,668.6
30595,19.5917,20.0,668.6
30596,19.5917,20.0,668.6
30597,19.5917,20.0,668.6
30598,19.5917,20.0,668.6
30599,19.5917,20.0,668.7
30600,19.5917,20.0,668.7
30601,19.5920,20.0,668.7
30602,19.5920,20.0,668.7
30603,19.5920,20.0,668.7
30604,19.5920,20.0,668.8
30605,19.5920,20.0,668.8
30606,19.5920,20.0,668.8
30607,19.5920,20.0,668.8
30608,19.5920,20.0,668.9
30609,19.5920,20.0,668.9
30610,19.5920,20.0,668.9
30611,19.5920,20.0,668.9
30612,19.5920,20.0,668.9
30613,19.5920,20.0,669.0
30614,19.5920,20.0,669.0
30615,19.5920,20.0,669.0
30616,19.5920,20.0,669.0
30617,19.5920,20.0,669.0
30618,19.5920,20.0,669.1
30619,19.5920,20.0,669.1
30620,19.5920,20.0,669.1
30621,19.5923,20.0,669.1
30622,19.5923,20.0,669.2
30623,19.5923,20.0,669.2
30624,19.5923,20.0,669.2
30625,19.5923,20.0,669.2
30626,19.5923,20.0,669.2
30627,19.5923,20.0,669.3
30628,19.5923,20.0,669.3
30629,19.5923,20.0,669.3
30630,19.5923,20.0,669.3
30631,19.5923,20.0,669.4
30632,19.5923,20.0,669.4
30633,19.5923,20.0,669.4
30634,19.5923,20.0,669.4
30635,19.5923,20.0,669.4
30636,19.5923,20.0,669.5
30637,19.5923,20.0,669.5
30638,19.5923,20.0,669.5
30639,19.5923,20.0,669.5
30640,19.5923,20.0,669.5
30641,19.5926,20.0,669.6
30642,19.5926,20.0,669.6
30643,19.5926,20.0,669.6
30644,19.5926,20.0,669.6
30645,19.5926,20.0,669.6
30646,19.5926,20.0,669.7
30647,19.5926,20.0,669.7
30648,19.5926,20.0,669.7
30649,19.5926,20.0,669.7
30650,19.5926,20.0,669.8
30651,19.5926,20.0,669.8
30652,19.5926,20.0,669.8
30653,19.5926,20.0,669.8
30654,19.5926,20.0,669.8
30655,19.5926,20.0,669.9
30656,19.5926,20.0,669.9
30657,19.5926,20.0,669.9
30658,19.5926,20.0,669.9
30659,19.5926,20.0,669.9
30660,19.5926,20.0,670.0
30661,19.5929,20.0,670.0
30662,19.5929,20.0,670.0
30663,19.5929,20.0,670.0
30664,19.5929,20.0,670.1
30665,19.5929,20.0,670.1
30666,19.5929,20.0,670.1
30667,19.5929,20.0,670.1
30668,19.5929,20.0,670.1
30669,19.5929,20.0,670.2
30670,19.5929,20.0,670.2
30671,19.5929,20.0,670.2
30672,19.5929,20.0,670.2
30673,19.5929,20.0,670.2
30674,19.5929,20.0,670.3
30675,19.5929,20.0,670.3
30676,19.5929,20.0,670.3
30677,19.5929,20.0,670.3
30678,19.5929,20.0,670.4
30679,19.5929,20.0,670.4
30680,19.5929,20.0,670.4
30681,19.5933,20.0,670.4
30682,19.5933,20.0,670.4
30683,19.5933,20.0,670.5
30684,19.5933,20.0,670.5
30685,19.5933,20.0,670.5
30686,19.5933,20.0,670.5
30687,19.5933,20.0,670.5
30688,19.5933,20.0,670.6
30689,19.5933,20.0,670.6
30690,19.5933,20.0,670.6
30691,19.5933,20.0,670.6
30692,19.5933,20.0,670.7
30693,19.5933,20.0,670.7
30694,19.5933,20.0,670.7
30695,19.5933,20.0,670.7
30696,19.5933,20.0,670.7
30697,19.5933,20.0,670.7
30698,19.5933,20.0,670.8
30699,19.5933,20.0,670.8
30700,19.5933,20.0,670.8
30701,19.5938,20.0,670.8
30702,19.5938,20.0,670.8
30703,19.5938,20.0,670.9
30704,19.5938,20.0,670.9
30705,19.5938,20.0,670.9
30706,19.5938,20.0,670.9
30707,19.5938,20.0,671.0
30708,19.5938,20.0,671.0
30709,19.5938,20.0,671.0
30710,19.5938,20.0,671.0
30711,19.5938,20.0,671.1
30712,19.5938,20.0,671.1
30713,19.5938,20.0,671.1
30714,19.5938,20.0,671.1
30715,19.5938,20.0,671.1
30716,19.5938,20.0,671.2
30717,19.5938,20.0,671.2
30718,19.5938,20.0,671.2
30719,19.5938,20.0,671.2
30720,19.5938,20.0,671.3
30721,19.5942,20.0,671.6
30722,19.5942,20.0,671.6
30723,19.5942,20.0,671.6
30724,19.5942,20.0,671.6
30725,19.5942,20.0,671.7
30726,19.5942,20.0,671.7
30727,19.5942,20.0,671.7
30728,19.5942,20.0,671.7
30729,19.5942,20.0,671.7
30730,19.5942,20.0,671.7
30731,19.5942,20.0,671.8
30732,19.5942,20.0,671.8
30733,19.5942,20.0,671.8
30734,19.5942,20.0,671.8
30735,19.5942,20.0,671.8
30736,19.5942,20.0,671.9
30737,19.5942,20.0,671.9
30738,19.5942,20.0,671.9
30739,19.5942,20.0,671.9
30740,19.5942,20.0,671.9
30741,19.5755,20.0,672.0
30742,19.5755,20.0,672.0
30743,19.5755,20.0,672.0
30744,19.5755,20.0,672.0
30745,19.5755,20.0,672.0
30746,19.5755,20.0,672.1
30747,19.5755,20.0,672.1
30748,19.5755,20.0,672.1
30749,19.5755,20.0,672.1
30750,19.5755,20.0,672.1
30751,19.5755,20.0,672.2
30752,19.5755,20.0,672.2
30753,19.5755,20.0,672.2
30754,19.5755,20.0,672.2
30755,19.5755,20.0,672.3
30756,19.5755,20.0,672.3
30757,19.5755,20.0,672.3
30758,19.5755,20.0,672.3
30759,19.5755,20.0,672.3
30760,19.5755,20.0,672.4
30761,19.5567,20.0,672.4
30762,19.5567,20.0,672.4
30763,19.5567,20.0,672.4
30764,19.5567,20.0,672.4
30765,19.5567,20.0,672.5
30766,19.5567,20.0,672.5
30767,19.5567,20.0,672.5
30768,19.5567,20.0,672.5
30769,19.5567,20.0,672.5
30770,19.5567,20.0,672.6
30771,19.5567,20.0,672.6
30772,19.5567,20.0,672.6
30773,19.5567,20.0,672.6
30774,19.5567,20.0,672.7
30775,19.5567,20.0,672.7
30776,19.5567,20.0,672.7
30777,19.5567,20.0,672.7
30778,19.5567,20.0,672.7
30779,19.5567,20.0,672.8
30780,19.5567,20.0,672.8
30781,19.5380,20.0,672.8
30782,19.5380,20.0,672.8
30783,19.5380,20.0,672.8
30784,19.5380,20.0,672.8
30785,19.5380,20.0,672.9
30786,19.5380,20.0,672.9
30787,19.5380,20.0,672.9
30788,19.5380,20.0,672.9
30789,19.5380,20.0,673.0
30790,19.5380,20.0,673.0
30791,19.5380,20.0,673.0
30792,19.5380,20.0,673.0
30793,19.5380,20.0,673.0
30794,19.5380,20.0,673.1
30795,19.5380,20.0,673.1
30796,19.5380,20.0,673.1
30797,19.5380,20.0,673.1
30798,19.5380,20.0,673.1
30799,19.5380,20.0,673.1
30800,19.5380,20.0,673.2
30801,19.5192,20.0,673.2
30802,19.5192,20.0,673.2
30803,19.5192,20.0,673.2
30804,19.5192,20.0,673.3
30805,19.5192,20.0,673.3
30806,19.5192,20.0,673.3
30807,19.5192,20.0,673.3
30808,19.5192,20.0,673.3
30809,19.5192,20.0,673.4
30810,19.5192,20.0,673.4
30811,19.5192,20.0,673.4
30812,19.5192,20.0,673.4
30813,19.5192,20.0,673.4
30814,19.5192,20.0,673.5
30815,19.5192,20.0,673.5
30816,19.5192,20.0,673.5
30817,19.5192,20.0,673.5
30818,19.5192,20.0,673.5
30819,19.5192,20.0,673.6
30820,19.5192,20.0,673.6
30821,19.5005,20.0,673.6
30822,19.5005,20.0,673.6
30823,19.5005,20.0,673.6
30824,19.5005,20.0,673.7
30825,19.5005,20.0,673.7
30826,19.5005,20.0,673.7
30827,19.5005,20.0,673.7
30828,19.5005,20.0,673.8
30829,19.5005,20.0,673.8
30830,19.5005,20.0,673.8
30831,19.5005,20.0,673.8
30832,19.5005,20.0,673.9
30833,19.5005,20.0,673.9
30834,19.5005,20.0,673.9
30835,19.5005,20.0,673.9
30836,19.5005,20.0,673.9
30837,19.5005,20.0,674.0
30838,19.5005,20.0,674.0
30839,19.5005,20.0,674.0
30840,19.5005,20.0,674.0
30841,19.4817,20.0,674.1
30842,19.4817,20.0,674.1
30843,19.4817,20.0,674.1
30844,19.4817,20.0,674.1
30845,19.4817,20.0,674.1
30846,19.4817,20.0,674.2
30847,19.4817,20.0,674.2
30848,19.4817,20.0,674.2
30849,19.4817,20.0,674.2
30850,19.4817,20.0,674.2
30851,19.4817,20.0,674.3
30852,19.4817,20.0,674.3
30853,19.4817,20.0,674.3
30854,19.4817,20.0,674.3
30855,19.4817,20.0,674.3
30856,19.4817,20.0,674.4
30857,19.4817,20.0,674.4
30858,19.4817,20.0,674.4
30859,19.4817,20.0,674.4
30860,19.4817,20.0,674.5
30861,19.4630,20.0,674.5
30862,19.4630,20.0,674.5
30863,19.4630,20.0,674.5
30864,19.4630,20.0,674.6
30865,19.4630,20.0,674.6
30866,19.4630,20.0,674.6
30867,19.4630,20.0,674.6
30868,19.4630,20.0,674.7
30869,19.4630,20.0,674.7
30870,19.4630,20.0,674.7
30871,19.4630,20.0,674.7
30872,19.4630,20.0,674.7
30873,19.4630,20.0,674.8
30874,19.4630,20.0,674.8
30875,19.4630,20.0,674.8
30876,19.4630,20.0,674.8
30877,19.4630,20.0,674.9
30878,19.4630,20.0,674.9
30879,19.4630,20.0,674.9
30880,19.4630,20.0,674.9
30881,19.4442,20.0,674.9
30882,19.4442,20.0,675.0
30883,19.4442,20.0,675.0
30884,19.4442,20.0,675.0
30885,19.4442,20.0,675.0
30886,19.4442,20.0,675.1
30887,19.4442,20.0,675.1
30888,19.4442,20.0,675.1
30889,19.4442,20.0,675.1
30890,19.4442,20.0,675.1
30891,19.4442,20.0,675.2
30892,19.4442,20.0,675.2
30893,19.4442,20.0,675.2
30894,19.4442,20.0,675.2
30895,19.4442,20.0,675.2
30896,19.4442,20.0,675.3
30897,19.4442,20.0,675.3
30898,19.4442,20.0,675.3
30899,19.4442,20.0,675.3
30900,19.4442,20.0,675.3
30901,19.4255,20.0,675.4
30902,19.4255,20.0,675.4
30903,19.4255,20.0,675.4
30904,19.4255,20.0,675.4
30905,19.4255,20.0,675.4
30906,19.4255,20.0,675.5
30907,19.4255,20.0,675.5
30908,19.4255,20.0,675.5
30909,19.4255,20.0,675.5
30910,19.4255,20.0,675.5
30911,19.4255,20.0,675.6
30912,19.4255,20.0,675.6
30913,19.4255,20.0,675.6
30914,19.4255,20.0,675.6
30915,19.4255,20.0,675.6
30916,19.4255,20.0,675.7
30917,19.4255,20.0,675.7
30918,19.4255,20.0,675.7
30919,19.4255,20.0,675.7
30920,19.4255,20.0,675.8
30921,19.4067,20.0,675.8
30922,19.4067,20.0,675.8
30923,19.4067,20.0,675.8
30924,19.4067,20.0,675.8
30925,19.4067,20.0,675.9
30926,19.4067,20.0,675.9
30927,19.4067,20.0,675.9
30928,19.4067,20.0,675.9
30929,19.4067,20.0,676.0
30930,19.4067,20.0,676.0
30931,19.4067,20.0,676.0
30932,19.4067,20.0,676.0
30933,19.4067,20.0,676.0
30934,19.4067,20.0,676.0
30935,19.4067,20.0,676.1
30936,19.4067,20.0,676.1
30937,19.4067,20.0,676.1
30938,19.4067,20.0,676.1
30939,19.4067,20.0,676.1
30940,19.4067,20.0,676.2
30941,19.3880,20.0,676.2
30942,19.3880,20.0,676.2
30943,19.3880,20.0,676.2
30944,19.3880,20.0,676.2
30945,19.3880,20.0,676.2
30946,19.3880,20.0,676.3
30947,19.3880,20.0,676.3
30948,19.3880,20.0,676.3
30949,19.3880,20.0,676.3
30950,19.3880,20.0,676.3
30951,19.3880,20.0,676.3
30952,19.3880,20.0,676.4
30953,19.3880,20.0,676.4
30954,19.3880,20.0,676.4
30955,19.3880,20.0,676.4
30956,19.3880,20.0,676.4
30957,19.3880,20.0,676.5
30958,19.3880,20.0,676.5
30959,19.3880,20.0,676.5
30960,19.3880,20.0,676.5
30961,19.3693,20.0,676.6
30962,19.3693,20.0,676.6
30963,19.3693,20.0,676.6
30964,19.3693,20.0,676.6
30965,19.3693,20.0,676.6
30966,19.3693,20.0,676.7
30967,19.3693,20.0,676.7
30968,19.3693,20.0,676.7
30969,19.3693,20.0,676.7
30970,19.3693,20.0,676.8
30971,19.3693,20.0,676.8
30972,19.3693,20.0,676.8
30973,19.3693,20.0,676.8
30974,19.3693,20.0,676.8
30975,19.3693,20.0,676.8
30976,19.3693,20.0,676.9
30977,19.3693,20.0,676.9
30978,19.3693,20.0,676.9
30979,19.3693,20.0,676.9
30980,19.3693,20.0,677.0
30981,19.3505,20.0,677.0
30982,19.3505,20.0,677.0
30983,19.3505,20.0,677.0
30984,19.3505,20.0,677.0
30985,19.3505,20.0,677.1
30986,19.3505,20.0,677.1
30987,19.3505,20.0,677.1
30988,19.3505,20.0,677.1
30989,19.3505,20.0,677.1
30990,19.3505,20.0,677.2
30991,19.3505,20.0,677.2
30992,19.3505,20.0,677.2
30993,19.3505,20.0,677.2
30994,19.3505,20.0,677.2
30995,19.3505,20.0,677.2
30996,19.3505,20.0,677.3
30997,19.3505,20.0,677.3
30998,19.3505,20.0,677.3
30999,19.3505,20.0,677.3
31000,19.3505,20.0,677.3
31001,19.3318,20.0,677.4
31002,19.3318,20.0,677.4
31003,19.3318,20.0,677.4
31004,19.3318,20.0,677.4
31005,19.3318,20.0,677.5
31006,19.3318,20.0,677.5
31007,19.3318,20.0,677.5
31008,19.3318,20.0,677.5
31009,19.3318,20.0,677.6
31010,19.3318,20.0,677.6
31011,19.3318,20.0,677.6
31012,19.3318,20.0,677.6
31013,19.3318,20.0,677.6
31014,19.3318,20.0,677.6
31015,19.3318,20.0,677.7
31016,19.3318,20.0,677.7
31017,19.3318,20.0,677.7
31018,19.3318,20.0,677.7
31019,19.3318,20.0,677.8
31020,19.3318,20.0,677.8
31021,19.3130,20.0,677.8
31022,19.3130,20.0,677.8
31023,19.3130,20.0,677.8
31024,19.3130,20.0,677.9
31025,19.3130,20.0,677.9
31026,19.3130,20.0,677.9
31027,19.3130,20.0,677.9
31028,19.3130,20.0,677.9
31029,19.3130,20.0,678.0
31030,19.3130,20.0,678.0
31031,19.3130,20.0,678.0
31032,19.3130,20.0,678.0
31033,19.3130,20.0,678.1
31034,19.3130,20.0,678.1
31035,19.3130,20.0,678.1
31036,19.3130,20.0,678.1
31037,19.3130,20.0,678.1
31038,19.3130,20.0,678.2
31039,19.3130,20.0,678.2
31040,19.3130,20.0,678.2
31041,19.2943,20.0,678.2
31042,19.2943,20.0,678.3
31043,19.2943,20.0,678.3
31044,19.2943,20.0,678.3
31045,19.2943,20.0,678.3
31046,19.2943,20.0,678.3
31047,19.2943,20.0,678.4
31048,19.2943,20.0,678.4
31049,19.2943,20.0,678.4
31050,19.2943,20.0,678.4
31051,19.2943,20.0,678.5
31052,19.2943,20.0,678.5
31053,19.2943,20.0,678.5
31054,19.2943,20.0,678.5
31055,19.2943,20.0,678.5
31056,19.2943,20.0,678.6
31057,19.2943,20.0,678.6
31058,19.2943,20.0,678.6
31059,19.2943,20.0,678.6
31060,19.2943,20.0,678.7
31061,19.2755,20.0,678.7
31062,19.2755,20.0,678.7
31063,19.2755,20.0,678.7
31064,19.2755,20.0,678.7
31065,19.2755,20.0,678.8
31066,19.2755,20.0,678.8
31067,19.2755,20.0,678.8
31068,19.2755,20.0,678.8
31069,19.2755,20.0,678.9
31070,19.2755,20.0,678.9
31071,19.2755,20.0,678.9
31072,19.2755,20.0,678.9
31073,19.2755,20.0,679.0
31074,19.2755,20.0,679.0
31075,19.2755,20.0,679.0
31076,19.2755,20.0,679.0
31077,19.2755,20.0,679.0
31078,19.2755,20.0,679.1
31079,19.2755,20.0,679.1
31080,19.2755,20.0,679.1
31081,19.2568,20.0,679.1
31082,19.2568,20.0,679.1
31083,19.2568,20.0,679.2
31084,19.2568,20.0,679.2
31085,19.2568,20.0,679.2
31086,19.2568,20.0,679.2
31087,19.2568,20.0,679.2
31088,19.2568,20.0,679.3
31089,19.2568,20.0,679.3
31090,19.2568,20.0,679.3
31091,19.2568,20.0,679.3
31092,19.2568,20.0,679.4
31093,19.2568,20.0,679.4
31094,19.2568,20.0,679.4
31095,19.2568,20.0,679.4
31096,19.2568,20.0,679.4
31097,19.2568,20.0,679.5
31098,19.2568,20.0,679.5
31099,19.2568,20.0,679.5
31100,19.2568,20.0,679.5
31101,19.2380,20.0,679.5
31102,19.2380,20.0,679.6
31103,19.2380,20.0,679.6
31104,19.2380,20.0,679.6
31105,19.2380,20.0,679.6
31106,19.2380,20.0,679.6
31107,19.2380,20.0,679.7
31108,19.2380,20.0,679.7
31109,19.2380,20.0,679.7
31110,19.2380,20.0,679.7
31111,19.2380,20.0,679.7
31112,19.2380,20.0,679.8
31113,19.2380,20.0,679.8
31114,19.2380,20.0,679.8
31115,19.2380,20.0,679.8
31116,19.2380,20.0,679.8
31117,19.2380,20.0,679.9
31118,19.2380,20.0,679.9
31119,19.2380,20.0,679.9
31120,19.2380,20.0,679.9
31121,19.2193,20.0,679.9
31122,19.2193,20.0,680.0
31123,19.2193,20.0,680.0
31124,19.2193,20.0,680.0
31125,19.2193,20.0,680.0
31126,19.2193,20.0,680.0
31127,19.2193,20.0,680.1
31128,19.2193,20.0,680.1
31129,19.2193,20.0,680.1
31130,19.2193,20.0,680.1
31131,19.2193,20.0,680.2
31132,19.2193,20.0,680.2
31133,19.2193,20.0,680.2
31134,19.2193,20.0,680.2
31135,19.2193,20.0,680.2
31136,19.2193,20.0,680.3
31137,19.2193,20.0,680.3
31138,19.2193,20.0,680.3
31139,19.2193,20.0,680.3
31140,19.2193,20.0,680.3
31141,19.2005,20.0,680.4
31142,19.2005,20.0,680.4
31143,19.2005,20.0,680.4
31144,19.2005,20.0,680.4
31145,19.2005,20.0,680.4
31146,19.2005,20.0,680.4
31147,19.2005,20.0,680.5
31148,19.2005,20.0,680.5
31149,19.2005,20.0,680.5
31150,19.2005,20.0,680.5
31151,19.2005,20.0,680.5
31152,19.2005,20.0,680.6
31153,19.2005,20.0,680.6
31154,19.2005,20.0,680.6
31155,19.2005,20.0,680.6
31156,19.2005,20.0,680.6
31157,19.2005,20.0,680.7
31158,19.2005,20.0,680.7
31159,19.2005,20.0,680.7
31160,19.2005,20.0,680.7
31161,19.1818,20.0,680.8
31162,19.1818,20.0,680.8
31163,19.1818,20.0,680.8
31164,19.1818,20.0,680.8
31165,19.1818,20.0,680.8
31166,19.1818,20.0,680.9
31167,19.1818,20.0,680.9
31168,19.1818,20.0,680.9
31169,19.1818,20.0,680.9
31170,19.1818,20.0,680.9
31171,19.1818,20.0,681.0
31172,19.1818,20.0,681.0
31173,19.1818,20.0,681.0
31174,19.1818,20.0,681.0
31175,19.1818,20.0,681.0
31176,19.1818,20.0,681.1
31177,19.1818,20.0,681.1
31178,19.1818,20.0,681.1
31179,19.1818,20.0,681.1
31180,19.1818,20.0,681.1
31181,19.1630,20.0,681.2
31182,19.1630,20.0,681.2
31183,19.1630,20.0,681.2
31184,19.1630,20.0,681.2
31185,19.1630,20.0,681.2
31186,19.1630,20.0,681.3
31187,19.1630,20.0,681.3
31188,19.1630,20.0,681.3
31189,19.1630,20.0,681.3
31190,19.1630,20.0,681.3
31191,19.1630,20.0,681.4
31192,19.1630,20.0,681.4
31193,19.1630,20.0,681.4
31194,19.1630,20.0,681.4
31195,19.1630,20.0,681.4
31196,19.1630,20.0,681.5
31197,19.1630,20.0,681.5
31198,19.1630,20.0,681.5
31199,19.1630,20.0,681.5
31200,19.1630,20.0,681.5
31201,19.1637,20.0,681.6
31202,19.1637,20.0,681.6
31203,19.1637,20.0,681.6
31204,19.1637,20.0,681.6
31205,19.1637,20.0,681.7
31206,19.1637,20.0,681.7
31207,19.1637,20.0,681.7
31208,19.1637,20.0,681.7
31209,19.1637,20.0,681.7
31210,19.1637,20.0,681.7
31211,19.1637,20.0,681.8
31212,19.1637,20.0,681.8
31213,19.1637,20.0,681.8
31214,19.1637,20.0,681.8
31215,19.1637,20.0,681.8
31216,19.1637,20.0,681.9
31217,19.1637,20.0,681.9
31218,19.1637,20.0,681.9
31219,19.1637,20.0,681.9
31220,19.1637,20.0,681.9
31221,19.1644,20.0,682.0
31222,19.1644,20.0,682.0
31223,19.1644,20.0,682.0
31224,19.1644,20.0,682.0
31225,19.1644,20.0,682.0
31226,19.1644,20.0,682.1
31227,19.1644,20.0,682.1
31228,19.1644,20.0,682.1
31229,19.1644,20.0,682.1
31230,19.1644,20.0,682.1
31231,19.1644,20.0,682.1
31232,19.1644,20.0,682.2
31233,19.1644,20.0,682.4
31234,19.1644,20.0,682.5
31235,19.1644,20.0,682.5
31236,19.1644,20.0,682.5
31237,19.1644,20.0,682.5
31238,19.1644,20.0,682.5
31239,19.1644,20.0,682.6
31240,19.1644,20.0,682.6
31241,19.1844,20.0,682.6
31242,19.1844,20.0,682.6
31243,19.1844,20.0,682.6
31244,19.1844,20.0,682.7
31245,19.1844,20.0,682.7
31246,19.1844,20.0,682.7
31247,19.1844,20.0,682.7
31248,19.1844,20.0,682.7
31249,19.1844,20.0,682.8
31250,19.1844,20.0,682.8
31251,19.1844,20.0,682.8
31252,19.1844,20.0,682.8
31253,19.1844,20.0,682.8
31254,19.1844,20.0,682.9
31255,19.1844,20.0,682.9
31256,19.1844,20.0,682.9
31257,19.1844,20.0,682.9
31258,19.1844,20.0,683.0
31259,19.1844,20.0,683.0
31260,19.1844,20.0,683.0
31261,19.2045,20.0,683.0
31262,19.2045,20.0,683.0
31263,19.2045,20.0,683.0
31264,19.2045,20.0,683.1
31265,19.2045,20.0,683.1
31266,19.2045,20.0,683.1
31267,19.2045,20.0,683.1
31268,19.2045,20.0,683.1
31269,19.2045,20.0,683.2
31270,19.2045,20.0,683.2
31271,19.2045,20.0,683.2
31272,19.2045,20.0,683.2
31273,19.2045,20.0,683.2
31274,19.2045,20.0,683.3
31275,19.2045,20.0,683.3
31276,19.2045,20.0,683.3
31277,19.2045,20.0,683.3
31278,19.2045,20.0,683.4
31279,19.2045,20.0,683.4
31280,19.2045,20.0,683.4
31281,19.2245,20.0,683.4
31282,19.2245,20.0,683.4
31283,19.2245,20.0,683.5
31284,19.2245,20.0,683.5
31285,19.2245,20.0,683.5
31286,19.2245,20.0,683.5
31287,19.2245,20.0,683.6
31288,19.2245,20.0,683.6
31289,19.2245,20.0,683.6
31290,19.2245,20.0,683.6
31291,19.2245,20.0,683.6
31292,19.2245,20.0,683.7
31293,19.2245,20.0,683.7
31294,19.2245,20.0,683.7
31295,19.2245,20.0,683.7
31296,19.2245,20.0,683.8
31297,19.2245,20.0,683.8
31298,19.2245,20.0,683.8
31299,19.2245,20.0,683.8
31300,19.2245,20.0,683.9
31301,19.2445,20.0,683.9
31302,19.2445,20.0,683.9
31303,19.2445,20.0,683.9
31304,19.2445,20.0,683.9
31305,19.2445,20.0,684.0
31306,19.2445,20.0,684.0
31307,19.2445,20.0,684.0
31308,19.2445,20.0,684.0
31309,19.2445,20.0,684.1
31310,19.2445,20.0,684.1
31311,19.2445,20.0,684.1
31312,19.2445,20.0,684.1
31313,19.2445,20.0,684.2
31314,19.2445,20.0,684.2
31315,19.2445,20.0,684.2
31316,19.2445,20.0,684.2
31317,19.2445,20.0,684.2
31318,19.2445,20.0,684.2
31319,19.2445,20.0,684.3
31320,19.2445,20.0,684.3
31321,19.2646,20.0,684.3
31322,19.2646,20.0,684.3
31323,19.2646,20.0,684.4
31324,19.2646,20.0,684.4
31325,19.2646,20.0,684.4
31326,19.2646,20.0,684.4
31327,19.2646,20.0,684.4
31328,19.2646,20.0,684.5
31329,19.2646,20.0,684.5
31330,19.2646,20.0,684.5
31331,19.2646,20.0,684.5
31332,19.2646,20.0,684.5
31333,19.2646,20.0,684.6
31334,19.2646,20.0,684.6
31335,19.2646,20.0,684.6
31336,19.2646,20.0,684.6
31337,19.2646,20.0,684.6
31338,19.2646,20.0,684.7
31339,19.2646,20.0,684.7
31340,19.2646,20.0,684.7
31341,19.2846,20.0,684.7
31342,19.2846,20.0,684.8
31343,19.2846,20.0,684.8
31344,19.2846,20.0,684.8
31345,19.2846,20.0,684.8
31346,19.2846,20.0,684.8
31347,19.2846,20.0,684.9
31348,19.2846,20.0,684.9
31349,19.2846,20.0,684.9
31350,19.2846,20.0,684.9
31351,19.2846,20.0,684.9
31352,19.2846,20.0,685.0
31353,19.2846,20.0,685.0
31354,19.2846,20.0,685.0
31355,19.2846,20.0,685.0
31356,19.2846,20.0,685.0
31357,19.2846,20.0,685.0
31358,19.2846,20.0,685.1
31359,19.2846,20.0,685.1
31360,19.2846,20.0,685.1
31361,19.3047,20.0,685.1
31362,19.3047,20.0,685.1
31363,19.3047,20.0,685.2
31364,19.3047,20.0,685.2
31365,19.3047,20.0,685.2
31366,19.3047,20.0,685.2
31367,19.3047,20.0,685.2
31368,19.3047,20.0,685.3
31369,19.3047,20.0,685.3
31370,19.3047,20.0,685.3
31371,19.3047,20.0,685.3
31372,19.3047,20.0,685.3
31373,19.3047,20.0,685.3
31374,19.3047,20.0,685.4
31375,19.3047,20.0,685.4
31376,19.3047,20.0,685.4
31377,19.3047,20.0,685.4
31378,19.3047,20.0,685.4
31379,19.3047,20.0,685.5
31380,19.3047,20.0,685.5
31381,19.3247,20.0,685.5
31382,19.3247,20.0,685.5
31383,19.3247,20.0,685.6
31384,19.3247,20.0,685.6
31385,19.3247,20.0,685.6
31386,19.3247,20.0,685.6
31387,19.3247,20.0,685.6
31388,19.3247,20.0,685.7
31389,19.3247,20.0,685.7
31390,19.3247,20.0,685.7
31391,19.3247,20.0,685.7
31392,19.3247,20.0,685.8
31393,19.3247,20.0,685.8
31394,19.3247,20.0,685.8
31395,19.3247,20.0,685.8
31396,19.3247,20.0,685.8
31397,19.3247,20.0,685.9
31398,19.3247,20.0,685.9
31399,19.3247,20.0,685.9
31400,19.3247,20.0,685.9
31401,19.3448,20.0,685.9
31402,19.3448,20.0,686.0
31403,19.3448,20.0,686.0
31404,19.3448,20.0,686.0
31405,19.3448,20.0,686.0
31406,19.3448,20.0,686.0
31407,19.3448,20.0,686.1
31408,19.3448,20.0,686.1
31409,19.3448,20.0,686.1
31410,19.3448,20.0,686.1
31411,19.3448,20.0,686.1
31412,19.3448,20.0,686.1
31413,19.3448,20.0,686.2
31414,19.3448,20.0,686.2
31415,19.3448,20.0,686.2
31416,19.3448,20.0,686.2
31417,19.3448,20.0,686.2
31418,19.3448,20.0,686.3
31419,19.3448,20.0,686.3
31420,19.3448,20.0,686.3
31421,19.3648,20.0,686.3
31422,19.3648,20.0,686.3
31423,19.3648,20.0,686.4
31424,19.3648,20.0,686.4
31425,19.3648,20.0,686.4
31426,19.3648,20.0,686.4
31427,19.3648,20.0,686.5
31428,19.3648,20.0,686.5
31429,19.3648,20.0,686.5
31430,19.3648,20.0,686.5
31431,19.3648,20.0,686.5
31432,19.3648,20.0,686.6
31433,19.3648,20.0,686.6
31434,19.3648,20.0,686.6
31435,19.3648,20.0,686.6
31436,19.3648,20.0,686.6
31437,19.3648,20.0,686.7
31438,19.3648,20.0,686.7
31439,19.3648,20.0,686.7
31440,19.3648,20.0,686.7
31441,19.3848,20.0,686.8
31442,19.3848,20.0,686.8
31443,19.3848,20.0,686.8
31444,19.3848,20.0,686.8
31445,19.3848,20.0,686.8
31446,19.3848,20.0,686.8
31447,19.3848,20.0,686.9
31448,19.3848,20.0,686.9
31449,19.3848,20.0,686.9
31450,19.3848,20.0,686.9
31451,19.3848,20.0,686.9
31452,19.3848,20.0,687.0
31453,19.3848,20.0,687.0
31454,19.3848,20.0,687.0
31455,19.3848,20.0,687.0
31456,19.3848,20.0,687.0
31457,19.3848,20.0,687.1
31458,19.3848,20.0,687.1
31459,19.3848,20.0,687.1
31460,19.3848,20.0,687.1
31461,19.4049,20.0,687.1
31462,19.4049,20.0,687.2
31463,19.4049,20.0,687.2
31464,19.4049,20.0,687.2
31465,19.4049,20.0,687.2
31466,19.4049,20.0,687.2
31467,19.4049,20.0,687.3
31468,19.4049,20.0,687.3
31469,19.4049,20.0,687.3
31470,19.4049,20.0,687.3
31471,19.4049,20.0,687.3
31472,19.4049,20.0,687.4
31473,19.4049,20.0,687.4
31474,19.4049,20.0,687.4
31475,19.4049,20.0,687.4
31476,19.4049,20.0,687.4
31477,19.4049,20.0,687.5
31478,19.4049,20.0,687.5
31479,19.4049,20.0,687.5
31480,19.4049,20.0,687.5
31481,19.4249,20.0,687.5
31482,19.4249,20.0,687.6
31483,19.4249,20.0,687.6
31484,19.4249,20.0,687.6
31485,19.4249,20.0,687.6
31486,19.4249,20.0,687.6
31487,19.4249,20.0,687.7
31488,19.4249,20.0,687.7
31489,19.4249,20.0,687.7
31490,19.4249,20.0,687.7
31491,19.4249,20.0,687.8
31492,19.4249,20.0,687.8
31493,19.4249,20.0,687.8
31494,19.4249,20.0,687.8
31495,19.4249,20.0,687.8
31496,19.4249,20.0,687.8
31497,19.4249,20.0,687.9
31498,19.4249,20.0,687.9
31499,19.4249,20.0,687.9
31500,19.4249,20.0,687.9
31501,19.4450,20.0,687.9
31502,19.4450,20.0,688.0
31503,19.4450,20.0,688.0
31504,19.4450,20.0,688.0
31505,19.4450,20.0,688.0
31506,19.4450,20.0,688.0
31507,19.4450,20.0,688.1
31508,19.4450,20.0,688.1
31509,19.4450,20.0,688.1
31510,19.4450,20.0,688.1
31511,19.4450,20.0,688.1
31512,19.4450,20.0,688.1
31513,19.4450,20.0,688.2
31514,19.4450,20.0,688.2
31515,19.4450,20.0,688.2
31516,19.4450,20.0,688.2
31517,19.4450,20.0,688.2
31518,19.4450,20.0,688.3
31519,19.4450,20.0,688.3
31520,19.4450,20.0,688.3
31521,19.4650,20.0,688.3
31522,19.4650,20.0,688.4
31523,19.4650,20.0,688.4
31524,19.4650,20.0,688.4
31525,19.4650,20.0,688.4
31526,19.4650,20.0,688.4
31527,19.4650,20.0,688.4
31528,19.4650,20.0,688.5
31529,19.4650,20.0,688.5
31530,19.4650,20.0,688.5
31531,19.4650,20.0,688.5
31532,19.4650,20.0,688.5
31533,19.4650,20.0,688.6
31534,19.4650,20.0,688.6
31535,19.4650,20.0,688.6
31536,19.4650,20.0,688.6
31537,19.4650,20.0,688.6
31538,19.4650,20.0,688.7
31539,19.4650,20.0,688.7
31540,19.4650,20.0,688.7
31541,19.4850,20.0,688.7
31542,19.4850,20.0,688.8
31543,19.4850,20.0,688.8
31544,19.4850,20.0,688.8
31545,19.4850,20.0,688.8
31546,19.4850,20.0,688.8
31547,19.4850,20.0,688.9
31548,19.4850,20.0,688.9
31549,19.4850,20.0,688.9
31550,19.4850,20.0,688.9
31551,19.4850,20.0,688.9
31552,19.4850,20.0,689.0
31553,19.4850,20.0,689.0
31554,19.4850,20.0,689.0
31555,19.4850,20.0,689.0
31556,19.4850,20.0,689.0
31557,19.4850,20.0,689.1
31558,19.4850,20.0,689.1
31559,19.4850,20.0,689.1
31560,19.4850,20.0,689.1
31561,19.5051,20.0,689.1
31562,19.5051,20.0,689.2
31563,19.5051,20.0,689.2
31564,19.5051,20.0,689.2
31565,19.5051,20.0,689.2
31566,19.5051,20.0,689.2
31567,19.5051,20.0,689.3
31568,19.5051,20.0,689.3
31569,19.5051,20.0,689.3
31570,19.5051,20.0,689.3
31571,19.5051,20.0,689.3
31572,19.5051,20.0,689.4
31573,19.5051,20.0,689.4
31574,19.5051,20.0,689.4
31575,19.5051,20.0,689.4
31576,19.5051,20.0,689.4
31577,19.5051,20.0,689.5
31578,19.5051,20.0,689.5
31579,19.5051,20.0,689.5
31580,19.5051,20.0,689.5
31581,19.5251,20.0,689.6
31582,19.5251,20.0,689.6
31583,19.5251,20.0,689.6
31584,19.5251,20.0,689.6
31585,19.5251,20.0,689.6
31586,19.5251,20.0,689.7
31587,19.5251,20.0,689.7
31588,19.5251,20.0,689.7
31589,19.5251,20.0,689.7
31590,19.5251,20.0,689.7
31591,19.5251,20.0,689.8
31592,19.5251,20.0,689.8
31593,19.5251,20.0,689.8
31594,19.5251,20.0,689.8
31595,19.5251,20.0,689.8
31596,19.5251,20.0,689.8
31597,19.5251,20.0,689.9
31598,19.5251,20.0,689.9
31599,19.5251,20.0,689.9
31600,19.5251,20.0,689.9
31601,19.5452,20.0,690.0
31602,19.5452,20.0,690.0
31603,19.5452,20.0,690.0
31604,19.5452,20.0,690.0
31605,19.5452,20.0,690.0
31606,19.5452,20.0,690.1
31607,19.5452,20.0,690.1
31608,19.5452,20.0,690.1
31609,19.5452,20.0,690.1
31610,19.5452,20.0,690.1
31611,19.5452,20.0,690.1
31612,19.5452,20.0,690.2
31613,19.5452,20.0,690.2
31614,19.5452,20.0,690.2
31615,19.5452,20.0,690.2
31616,19.5452,20.0,690.3
31617,19.5452,20.0,690.3
31618,19.5452,20.0,690.3
31619,19.5452,20.0,690.3
31620,19.5452,20.0,690.3
31621,19.5652,20.0,690.4
31622,19.5652,20.0,690.4
31623,19.5652,20.0,690.4
31624,19.5652,20.0,690.4
31625,19.5652,20.0,690.4
31626,19.5652,20.0,690.5
31627,19.5652,20.0,690.5
31628,19.5652,20.0,690.5
31629,19.5652,20.0,690.5
31630,19.5652,20.0,690.5
31631,19.5652,20.0,690.6
31632,19.5652,20.0,690.6
31633,19.5652,20.0,690.6
31634,19.5652,20.0,690.6
31635,19.5652,20.0,690.6
31636,19.5652,20.0,690.7
31637,19.5652,20.0,690.7
31638,19.5652,20.0,690.7
31639,19.5652,20.0,690.7
31640,19.5652,20.0,690.7
31641,19.5852,20.0,690.7
31642,19.5852,20.0,690.8
31643,19.5852,20.0,690.8
31644,19.5852,20.0,690.8
31645,19.5852,20.0,690.8
31646,19.5852,20.0,690.8
31647,19.5852,20.0,690.9
31648,19.5852,20.0,690.9
31649,19.5852,20.0,690.9
31650,19.5852,20.0,690.9
31651,19.5852,20.0,690.9
31652,19.5852,20.0,691.0
31653,19.5852,20.0,691.0
31654,19.5852,20.0,691.0
31655,19.5852,20.0,691.0
31656,19.5852,20.0,691.0
31657,19.5852,20.0,691.0
31658,19.5852,20.0,691.1
31659,19.5852,20.0,691.1
31660,19.5852,20.0,691.1
31661,19.6053,20.0,691.1
31662,19.6053,20.0,691.1
31663,19.6053,20.0,691.2
31664,19.6053,20.0,691.2
31665,19.6053,20.0,691.2
31666,19.6053,20.0,691.2
31667,19.6053,20.0,691.2
31668,19.6053,20.0,691.3
31669,19.6053,20.0,691.3
31670,19.6053,20.0,691.3
31671,19.6053,20.0,691.3
31672,19.6053,20.0,691.3
31673,19.6053,20.0,691.4
31674,19.6053,20.0,691.4
31675,19.6053,20.0,691.4
31676,19.6053,20.0,691.4
31677,19.6053,20.0,691.4
31678,19.6053,20.0,691.5
31679,19.6053,20.0,691.5
31680,19.6053,20.0,691.5
31681,19.6253,20.0,691.5
31682,19.6253,20.0,691.5
31683,19.6253,20.0,691.5
31684,19.6253,20.0,691.6
31685,19.6253,20.0,691.6
31686,19.6253,20.0,691.6
31687,19.6253,20.0,691.6
31688,19.6253,20.0,691.6
31689,19.6253,20.0,691.7
31690,19.6253,20.0,691.7
31691,19.6253,20.0,691.7
31692,19.6253,20.0,691.7
31693,19.6253,20.0,691.7
31694,19.6253,20.0,691.8
31695,19.6253,20.0,691.8
31696,19.6253,20.0,691.8
31697,19.6253,20.0,691.8
31698,19.6253,20.0,691.8
31699,19.6253,20.0,691.9
31700,19.6253,20.0,691.9
31701,19.6454,20.0,691.9
31702,19.6454,20.0,691.9
31703,19.6454,20.0,691.9
31704,19.6454,20.0,692.0
31705,19.6454,20.0,692.0
31706,19.6454,20.0,692.0
31707,19.6454,20.0,692.0
31708,19.6454,20.0,692.0
31709,19.6454,20.0,692.0
31710,19.6454,20.0,692.1
31711,19.6454,20.0,692.1
31712,19.6454,20.0,692.1
31713,19.6454,20.0,692.1
31714,19.6454,20.0,692.1
31715,19.6454,20.0,692.2
31716,19.6454,20.0,692.2
31717,19.6454,20.0,692.2
31718,19.6454,20.0,692.2
31719,19.6454,20.0,692.2
31720,19.6454,20.0,692.3
31721,19.6457,20.0,692.3
31722,19.6457,20.0,692.3
31723,19.6457,20.0,692.3
31724,19.6457,20.0,692.3
31725,19.6457,20.0,692.4
31726,19.6457,20.0,692.4
31727,19.6457,20.0,692.4
31728,19.6457,20.0,692.4
31729,19.6457,20.0,692.4
31730,19.6457,20.0,692.5
31731,19.6457,20.0,692.5
31732,19.6457,20.0,692.5
31733,19.6457,20.0,692.5
31734,19.6457,20.0,692.6
31735,19.6457,20.0,692.6
31736,19.6457,20.0,692.6
31737,19.6457,20.0,692.6
31738,19.6457,20.0,692.6
31739,19.6457,20.0,692.7
31740,19.6457,20.0,692.7
31741,19.6460,20.0,692.7
31742,19.6460,20.0,692.7
31743,19.6460,20.0,692.8
31744,19.6460,20.0,692.8
31745,19.6460,20.0,693.1
31746,19.6460,20.0,693.2
31747,19.6460,20.0,693.2
31748,19.6460,20.0,693.2
31749,19.6460,20.0,693.2
31750,19.6460,20.0,693.3
31751,19.6460,20.0,693.3
31752,19.6460,20.0,693.3
31753,19.6460,20.0,693.3
31754,19.6460,20.0,693.3
31755,19.6460,20.0,693.4
31756,19.6460,20.0,693.4
31757,19.6460,20.0,693.4
31758,19.6460,20.0,693.4
31759,19.6460,20.0,693.5
31760,19.6460,20.0,693.5
31761,19.6457,20.0,693.5
31762,19.6457,20.0,693.5
31763,19.6457,20.0,693.5
31764,19.6457,20.0,693.6
31765,19.6457,20.0,693.6
31766,19.6457,20.0,693.6
31767,19.6457,20.0,693.6
31768,19.6457,20.0,693.6
31769,19.6457,20.0,693.7
31770,19.6457,20.0,693.7
31771,19.6457,20.0,693.7
31772,19.6457,20.0,693.7
31773,19.6457,20.0,693.8
31774,19.6457,20.0,693.8
31775,19.6457,20.0,693.8
31776,19.6457,20.0,693.8
31777,19.6457,20.0,693.8
31778,19.6457,20.0,693.9
31779,19.6457,20.0,693.9
31780,19.6457,20.0,693.9
31781,19.6454,20.0,693.9
31782,19.6454,20.0,693.9
31783,19.6454,20.0,694.0
31784,19.6454,20.0,694.0
31785,19.6454,20.0,694.0
31786,19.6454,20.0,694.0
31787,19.6454,20.0,694.1
31788,19.6454,20.0,694.1
31789,19.6454,20.0,694.1
31790,19.6454,20.0,694.1
31791,19.6454,20.0,694.1
31792,19.6454,20.0,694.2
31793,19.6454,20.0,694.2
31794,19.6454,20.0,694.2
31795,19.6454,20.0,694.2
31796,19.6454,20.0,694.3
31797,19.6454,20.0,694.3
31798,19.6454,20.0,694.3
31799,19.6454,20.0,694.3
31800,19.6454,20.0,694.3
31801,19.6451,20.0,694.4
31802,19.6451,20.0,694.4
31803,19.6451,20.0,694.4
31804,19.6451,20.0,694.4
31805,19.6451,20.0,694.4
31806,19.6451,20.0,694.5
31807,19.6451,20.0,694.5
31808,19.6451,20.0,694.5
31809,19.6451,20.0,694.5
31810,19.6451,20.0,694.6
31811,19.6451,20.0,694.6
31812,19.6451,20.0,694.6
31813,19.6451,20.0,694.6
31814,19.6451,20.0,694.6
31815,19.6451,20.0,694.6
31816,19.6451,20.0,694.7
31817,19.6451,20.0,694.7
31818,19.6451,20.0,694.7
31819,19.6451,20.0,694.7
31820,19.6451,20.0,694.8
31821,19.6448,20.0,694.8
31822,19.6448,20.0,694.8
31823,19.6448,20.0,694.8
31824,19.6448,20.0,694.8
31825,19.6448,20.0,694.9
31826,19.6448,20.0,694.9
31827,19.6448,20.0,694.9
31828,19.6448,20.0,694.9
31829,19.6448,20.0,694.9
31830,19.6448,20.0,695.0
31831,19.6448,20.0,695.0
31832,19.6448,20.0,695.0
31833,19.6448,20.0,695.0
31834,19.6448,20.0,695.0
31835,19.6448,20.0,695.1
31836,19.6448,20.0,695.1
31837,19.6448,20.0,695.1
31838,19.6448,20.0,695.1
31839,19.6448,20.0,695.1
31840,19.6448,20.0,695.2
31841,19.6446,20.0,695.2
31842,19.6446,20.0,695.2
31843,19.6446,20.0,695.2
31844,19.6446,20.0,695.2
31845,19.6446,20.0,695.2
31846,19.6446,20.0,695.3
31847,19.6446,20.0,695.3
31848,19.6446,20.0,695.3
31849,19.6446,20.0,695.3
31850,19.6446,20.0,695.3
31851,19.6446,20.0,695.4
31852,19.6446,20.0,695.4
31853,19.6446,20.0,695.4
31854,19.6446,20.0,695.4
31855,19.6446,20.0,695.4
31856,19.6446,20.0,695.5
31857,19.6446,20.0,695.5
31858,19.6446,20.0,695.5
31859,19.6446,20.0,695.5
31860,19.6446,20.0,695.5
31861,19.6443,20.0,695.6
31862,19.6443,20.0,695.6
31863,19.6443,20.0,695.6
31864,19.6443,20.0,695.6
31865,19.6443,20.0,695.6
31866,19.6443,20.0,695.7
31867,19.6443,20.0,695.7
31868,19.6443,20.0,695.7
31869,19.6443,20.0,695.7
31870,19.6443,20.0,695.7
31871,19.6443,20.0,695.8
31872,19.6443,20.0,695.8
31873,19.6443,20.0,695.8
31874,19.6443,20.0,695.8
31875,19.6443,20.0,695.8
31876,19.6443,20.0,695.9
31877,19.6443,20.0,695.9
31878,19.6443,20.0,695.9
31879,19.6443,20.0,695.9
31880,19.6443,20.0,695.9
31881,19.6440,20.0,696.0
31882,19.6440,20.0,696.0
31883,19.6440,20.0,696.0
31884,19.6440,20.0,696.0
31885,19.6440,20.0,696.0
31886,19.6440,20.0,696.1
31887,19.6440,20.0,696.1
31888,19.6440,20.0,696.1
31889,19.6440,20.0,696.1
31890,19.6440,20.0,696.2
31891,19.6440,20.0,696.2
31892,19.6440,20.0,696.2
31893,19.6440,20.0,696.2
31894,19.6440,20.0,696.2
31895,19.6440,20.0,696.3
31896,19.6440,20.0,696.3
31897,19.6440,20.0,696.3
31898,19.6440,20.0,696.3
31899,19.6440,20.0,696.4
31900,19.6440,20.0,696.4
31901,19.6437,20.0,696.4
31902,19.6437,20.0,696.4
31903,19.6437,20.0,696.4
31904,19.6437,20.0,696.5
31905,19.6437,20.0,696.5
31906,19.6437,20.0,696.5
31907,19.6437,20.0,696.5
31908,19.6437,20.0,696.6
31909,19.6437,20.0,696.6
31910,19.6437,20.0,696.6
31911,19.6437,20.0,696.6
31912,19.6437,20.0,696.6
31913,19.6437,20.0,696.7
31914,19.6437,20.0,696.7
31915,19.6437,20.0,696.7
31916,19.6437,20.0,696.7
31917,19.6437,20.0,696.7
31918,19.6437,20.0,696.8
31919,19.6437,20.0,696.8
31920,19.6437,20.0,696.8
31921,19.6434,20.0,696.8
31922,19.6434,20.0,696.8
31923,19.6434,20.0,696.9
31924,19.6434,20.0,696.9
31925,19.6434,20.0,696.9
31926,19.6434,20.0,696.9
31927,19.6434,20.0,696.9
31928,19.6434,20.0,697.0
31929,19.6434,20.0,697.0
31930,19.6434,20.0,697.0
31931,19.6434,20.0,697.0
31932,19.6434,20.0,697.1
31933,19.6434,20.0,697.1
31934,19.6434,20.0,697.1
31935,19.6434,20.0,697.2
31936,19.6434,20.0,697.2
31937,19.6434,20.0,697.2
31938,19.6434,20.0,697.2
31939,19.6434,20.0,697.2
31940,19.6434,20.0,697.3
31941,19.6431,20.0,697.3
31942,19.6431,20.0,697.3
31943,19.6431,20.0,697.3
31944,19.6431,20.0,697.4
31945,19.6431,20.0,697.4
31946,19.6431,20.0,697.4
31947,19.6431,20.0,697.4
31948,19.6431,20.0,697.5
31949,19.6431,20.0,697.5
31950,19.6431,20.0,697.5
31951,19.6431,20.0,697.5
31952,19.6431,20.0,697.6
31953,19.6431,20.0,697.6
31954,19.6431,20.0,697.6
31955,19.6431,20.0,697.6
31956,19.6431,20.0,697.6
31957,19.6431,20.0,697.7
31958,19.6431,20.0,697.7
31959,19.6431,20.0,697.7
31960,19.6431,20.0,697.7
31961,19.6428,20.0,697.7
31962,19.6428,20.0,697.8
31963,19.6428,20.0,697.8
31964,19.6428,20.0,697.8
31965,19.6428,20.0,697.8
31966,19.6428,20.0,697.8
31967,19.6428,20.0,697.9
31968,19.6428,20.0,697.9
31969,19.6428,20.0,697.9
31970,19.6428,20.0,697.9
31971,19.6428,20.0,698.0
31972,19.6428,20.0,698.0
31973,19.6428,20.0,698.0
31974,19.6428,20.0,698.0
31975,19.6428,20.0,698.0
31976,19.6428,20.0,698.1
31977,19.6428,20.0,698.1
31978,19.6428,20.0,698.1
31979,19.6428,20.0,698.1
31980,19.6428,20.0,698.2
31981,19.6425,20.0,698.2
31982,19.6425,20.0,698.2
31983,19.6425,20.0,698.2
31984,19.6425,20.0,698.2
31985,19.6425,20.0,698.2
31986,19.6425,20.0,698.3
31987,19.6425,20.0,698.3
31988,19.6425,20.0,698.3
31989,19.6425,20.0,698.3
31990,19.6425,20.0,698.3
31991,19.6425,20.0,698.4
31992,19.6425,20.0,698.4
31993,19.6425,20.0,698.4
31994,19.6425,20.0,698.4
31995,19.6425,20.0,698.5
31996,19.6425,20.0,698.5
31997,19.6425,20.0,698.5
31998,19.6425,20.0,698.5
31999,19.6425,20.0,698.5
32000,19.6425,20.0,698.6
32001,19.6422,20.0,698.6
32002,19.6422,20.0,698.6
32003,19.6422,20.0,698.6
32004,19.6422,20.0,698.7
32005,19.6422,20.0,698.7
32006,19.6422,20.0,698.7
32007,19.6422,20.0,698.7
32008,19.6422,20.0,698.7
32009,19.6422,20.0,698.8
32010,19.6422,20.0,698.8
32011,19.6422,20.0,698.8
32012,19.6422,20.0,698.8
32013,19.6422,20.0,698.9
32014,19.6422,20.0,698.9
32015,19.6422,20.0,698.9
32016,19.6422,20.0,698.9
32017,19.6422,20.0,698.9
32018,19.6422,20.0,699.0
32019,19.6422,20.0,699.0
32020,19.6422,20.0,699.0
32021,19.6419,20.0,699.0
32022,19.6419,20.0,699.1
32023,19.6419,20.0,699.1
32024,19.6419,20.0,699.1
32025,19.6419,20.0,699.1
32026,19.6419,20.0,699.1
32027,19.6419,20.0,699.2
32028,19.6419,20.0,699.2
32029,19.6419,20.0,699.2
32030,19.6419,20.0,699.2
32031,19.6419,20.0,699.2
32032,19.6419,20.0,699.3
32033,19.6419,20.0,699.3
32034,19.6419,20.0,699.3
32035,19.6419,20.0,699.3
32036,19.6419,20.0,699.4
32037,19.6419,20.0,699.4
32038,19.6419,20.0,699.4
32039,19.6419,20.0,699.4
32040,19.6419,20.0,699.5
32041,19.6416,20.0,699.5
32042,19.6416,20.0,699.5
32043,19.6416,20.0,699.5
32044,19.6416,20.0,699.5
32045,19.6416,20.0,699.6
32046,19.6416,20.0,699.6
32047,19.6416,20.0,699.6
32048,19.6416,20.0,699.6
32049,19.6416,20.0,699.7
32050,19.6416,20.0,699.7
32051,19.6416,20.0,699.7
32052,19.6416,20.0,699.7
32053,19.6416,20.0,699.7
32054,19.6416,20.0,699.8
32055,19.6416,20.0,699.8
32056,19.6416,20.0,699.8
32057,19.6416,20.0,699.8
32058,19.6416,20.0,699.8
32059,19.6416,20.0,699.9
32060,19.6416,20.0,699.9
32061,19.6414,20.0,699.9
32062,19.6414,20.0,700.0
32063,19.6414,20.0,700.0
32064,19.6414,20.0,700.0
32065,19.6414,20.0,700.0
32066,19.6414,20.0,700.1
32067,19.6414,20.0,700.1
32068,19.6414,20.0,700.1
32069,19.6414,20.0,700.2
32070,19.6414,20.0,700.2
32071,19.6414,20.0,700.2
32072,19.6414,20.0,700.2
32073,19.6414,20.0,700.2
32074,19.6414,20.0,700.3
32075,19.6414,20.0,700.3
32076,19.6414,20.0,700.3
32077,19.6414,20.0,700.3
32078,19.6414,20.0,700.4
32079,19.6414,20.0,700.4
32080,19.6414,20.0,700.4
32081,19.6411,20.0,700.4
32082,19.6411,20.0,700.5
32083,19.6411,20.0,700.5
32084,19.6411,20.0,700.5
32085,19.6411,20.0,700.5
32086,19.6411,20.0,700.6
32087,19.6411,20.0,700.6
32088,19.6411,20.0,700.6
32089,19.6411,20.0,700.6
32090,19.6411,20.0,700.7
32091,19.6411,20.0,700.7
32092,19.6411,20.0,700.7
32093,19.6411,20.0,700.7
32094,19.6411,20.0,700.8
32095,19.6411,20.0,700.8
32096,19.6411,20.0,700.8
32097,19.6411,20.0,700.8
32098,19.6411,20.0,700.8
32099,19.6411,20.0,700.9
32100,19.6411,20.0,700.9
32101,19.6408,20.0,700.9
32102,19.6408,20.0,700.9
32103,19.6408,20.0,700.9
32104,19.6408,20.0,701.0
32105,19.6408,20.0,701.0
32106,19.6408,20.0,701.0
32107,19.6408,20.0,701.0
32108,19.6408,20.0,701.0
32109,19.6408,20.0,701.1
32110,19.6408,20.0,701.1
32111,19.6408,20.0,701.1
32112,19.6408,20.0,701.1
32113,19.6408,20.0,701.1
32114,19.6408,20.0,701.2
32115,19.6408,20.0,701.2
32116,19.6408,20.0,701.2
32117,19.6408,20.0,701.2
32118,19.6408,20.0,701.2
32119,19.6408,20.0,701.3
32120,19.6408,20.0,701.3
32121,19.6405,20.0,701.3
32122,19.6405,20.0,701.3
32123,19.6405,20.0,701.4
32124,19.6405,20.0,701.4
32125,19.6405,20.0,701.4
32126,19.6405,20.0,701.4
32127,19.6405,20.0,701.4
32128,19.6405,20.0,701.5
32129,19.6405,20.0,701.5
32130,19.6405,20.0,701.5
32131,19.6405,20.0,701.5
32132,19.6405,20.0,701.5
32133,19.6405,20.0,701.6
32134,19.6405,20.0,701.6
32135,19.6405,20.0,701.6
32136,19.6405,20.0,701.6
32137,19.6405,20.0,701.7
32138,19.6405,20.0,701.7
32139,19.6405,20.0,701.7
32140,19.6405,20.0,701.7
32141,19.6402,20.0,701.8
32142,19.6402,20.0,701.8
32143,19.6402,20.0,701.8
32144,19.6402,20.0,701.8
32145,19.6402,20.0,701.9
32146,19.6402,20.0,701.9
32147,19.6402,20.0,701.9
32148,19.6402,20.0,701.9
32149,19.6402,20.0,701.9
32150,19.6402,20.0,702.0
32151,19.6402,20.0,702.0
32152,19.6402,20.0,702.0
32153,19.6402,20.0,702.0
32154,19.6402,20.0,702.1
32155,19.6402,20.0,702.1
32156,19.6402,20.0,702.1
32157,19.6402,20.0,702.1
32158,19.6402,20.0,702.2
32159,19.6402,20.0,702.2
32160,19.6402,20.0,702.2
32161,19.6399,20.0,702.3
32162,19.6399,20.0,702.3
32163,19.6399,20.0,702.3
32164,19.6399,20.0,702.3
32165,19.6399,20.0,702.4
32166,19.6399,20.0,702.4
32167,19.6399,20.0,702.4
32168,19.6399,20.0,702.4
32169,19.6399,20.0,702.5
32170,19.6399,20.0,702.5
32171,19.6399,20.0,702.5
32172,19.6399,20.0,702.5
32173,19.6399,20.0,702.5
32174,19.6399,20.0,702.6
32175,19.6399,20.0,702.6
32176,19.6399,20.0,702.6
32177,19.6399,20.0,702.6
32178,19.6399,20.0,702.6
32179,19.6399,20.0,702.7
32180,19.6399,20.0,702.7
32181,19.6396,20.0,702.7
32182,19.6396,20.0,702.7
32183,19.6396,20.0,702.8
32184,19.6396,20.0,702.8
32185,19.6396,20.0,702.8
32186,19.6396,20.0,702.9
32187,19.6396,20.0,702.9
32188,19.6396,20.0,702.9
32189,19.6396,20.0,702.9
32190,19.6396,20.0,703.0
32191,19.6396,20.0,703.0
32192,19.6396,20.0,703.0
32193,19.6396,20.0,703.0
32194,19.6396,20.0,703.0
32195,19.6396,20.0,703.1
32196,19.6396,20.0,703.1
32197,19.6396,20.0,703.1
32198,19.6396,20.0,703.1
32199,19.6396,20.0,703.2
32200,19.6396,20.0,703.2
32201,19.6393,20.0,703.2
32202,19.6393,20.0,703.2
32203,19.6393,20.0,703.3
32204,19.6393,20.0,703.3
32205,19.6393,20.0,703.3
32206,19.6393,20.0,703.3
32207,19.6393,20.0,703.3
32208,19.6393,20.0,703.4
32209,19.6393,20.0,703.4
32210,19.6393,20.0,703.4
32211,19.6393,20.0,703.4
32212,19.6393,20.0,703.4
32213,19.6393,20.0,703.5
32214,19.6393,20.0,703.5
32215,19.6393,20.0,703.5
32216,19.6393,20.0,703.5
32217,19.6393,20.0,703.6
32218,19.6393,20.0,703.6
32219,19.6393,20.0,703.6
32220,19.6393,20.0,703.6
32221,19.6389,20.0,703.7
32222,19.6389,20.0,703.7
32223,19.6389,20.0,703.7
32224,19.6389,20.0,703.7
32225,19.6389,20.0,703.7
32226,19.6389,20.0,703.8
32227,19.6389,20.0,703.8
32228,19.6389,20.0,703.8
32229,19.6389,20.0,703.8
32230,19.6389,20.0,703.9
32231,19.6389,20.0,703.9
32232,19.6389,20.0,703.9
32233,19.6389,20.0,703.9
32234,19.6389,20.0,703.9
32235,19.6389,20.0,704.0
32236,19.6389,20.0,704.0
32237,19.6389,20.0,704.0
32238,19.6389,20.0,704.0
32239,19.6389,20.0,704.0
32240,19.6389,20.0,704.1
32241,19.6384,20.0,704.1
32242,19.6384,20.0,704.1
32243,19.6384,20.0,704.1
32244,19.6384,20.0,704.2
32245,19.6384,20.0,704.2
32246,19.6384,20.0,704.2
32247,19.6384,20.0,704.2
32248,19.6384,20.0,704.2
32249,19.6384,20.0,704.3
32250,19.6384,20.0,704.3
32251,19.6384,20.0,704.3
32252,19.6384,20.0,704.3
32253,19.6384,20.0,704.4
32254,19.6384,20.0,704.4
32255,19.6384,20.0,704.4
32256,19.6384,20.0,704.4
32257,19.6384,20.0,704.8
32258,19.6384,20.0,704.8
32259,19.6384,20.0,704.8
32260,19.6384,20.0,704.8
32261,19.6182,20.0,704.8
32262,19.6182,20.0,704.9
32263,19.6182,20.0,704.9
32264,19.6182,20.0,704.9
32265,19.6182,20.0,704.9
32266,19.6182,20.0,705.0
32267,19.6182,20.0,705.0
32268,19.6182,20.0,705.0
32269,19.6182,20.0,705.0
32270,19.6182,20.0,705.0
32271,19.6182,20.0,705.1
32272,19.6182,20.0,705.1
32273,19.6182,20.0,705.1
32274,19.6182,20.0,705.1
32275,19.6182,20.0,705.1
32276,19.6182,20.0,705.2
32277,19.6182,20.0,705.2
32278,19.6182,20.0,705.2
32279,19.6182,20.0,705.2
32280,19.6182,20.0,705.2
32281,19.5981,20.0,705.3
32282,19.5981,20.0,705.3
32283,19.5981,20.0,705.3
32284,19.5981,20.0,705.3
32285,19.5981,20.0,705.4
32286,19.5981,20.0,705.4
32287,19.5981,20.0,705.4
32288,19.5981,20.0,705.4
32289,19.5981,20.0,705.4
32290,19.5981,20.0,705.5
32291,19.5981,20.0,705.5
32292,19.5981,20.0,705.5
32293,19.5981,20.0,705.5
32294,19.5981,20.0,705.6
32295,19.5981,20.0,705.6
32296,19.5981,20.0,705.6
32297,19.5981,20.0,705.6
32298,19.5981,20.0,705.7
32299,19.5981,20.0,705.7
32300,19.5981,20.0,705.7
32301,19.5779,20.0,705.7
32302,19.5779,20.0,705.7
32303,19.5779,20.0,705.8
32304,19.5779,20.0,705.8
32305,19.5779,20.0,705.8
32306,19.5779,20.0,705.8
32307,19.5779,20.0,705.8
32308,19.5779,20.0,705.9
32309,19.5779,20.0,705.9
32310,19.5779,20.0,705.9
32311,19.5779,20.0,705.9
32312,19.5779,20.0,705.9
32313,19.5779,20.0,706.0
32314,19.5779,20.0,706.0
32315,19.5779,20.0,706.0
32316,19.5779,20.0,706.0
32317,19.5779,20.0,706.1
32318,19.5779,20.0,706.1
32319,19.5779,20.0,706.1
32320,19.5779,20.0,706.1
32321,19.5578,20.0,706.2
32322,19.5578,20.0,706.2
32323,19.5578,20.0,706.2
32324,19.5578,20.0,706.3
32325,19.5578,20.0,706.3
32326,19.5578,20.0,706.4
32327,19.5578,20.0,706.4
32328,19.5578,20.0,706.4
32329,19.5578,20.0,706.5
32330,19.5578,20.0,706.5
32331,19.5578,20.0,706.5
32332,19.5578,20.0,706.6
32333,19.5578,20.0,706.6
32334,19.5578,20.0,706.6
32335,19.5578,20.0,706.7
32336,19.5578,20.0,706.7
32337,19.5578,20.0,706.7
32338,19.5578,20.0,706.8
32339,19.5578,20.0,706.8
32340,19.5578,20.0,706.8
32341,19.5377,20.0,706.8
32342,19.5377,20.0,706.9
32343,19.5377,20.0,706.9
32344,19.5377,20.0,706.9
32345,19.5377,20.0,707.0
32346,19.5377,20.0,707.0
32347,19.5377,20.0,707.0
32348,19.5377,20.0,707.1
32349,19.5377,20.0,707.1
32350,19.5377,20.0,707.1
32351,19.5377,20.0,707.1
32352,19.5377,20.0,707.2
32353,19.5377,20.0,707.2
32354,19.5377,20.0,707.2
32355,19.5377,20.0,707.3
32356,19.5377,20.0,707.3
32357,19.5377,20.0,707.3
32358,19.5377,20.0,707.3
32359,19.5377,20.0,707.4
32360,19.5377,20.0,707.4
32361,19.5176,20.0,707.4
32362,19.5176,20.0,707.4
32363,19.5176,20.0,707.5
32364,19.5176,20.0,707.5
32365,19.5176,20.0,707.5
32366,19.5176,20.0,707.6
32367,19.5176,20.0,707.6
32368,19.5176,20.0,707.6
32369,19.5176,20.0,707.7
32370,19.5176,20.0,707.7
32371,19.5176,20.0,707.7
32372,19.5176,20.0,707.8
32373,19.5176,20.0,707.8
32374,19.5176,20.0,707.8
32375,19.5176,20.0,707.8
32376,19.5176,20.0,707.9
32377,19.5176,20.0,707.9
32378,19.5176,20.0,707.9
32379,19.5176,20.0,707.9
32380,19.5176,20.0,708.0
32381,19.4975,20.0,708.0
32382,19.4975,20.0,708.0
32383,19.4975,20.0,708.0
32384,19.4975,20.0,708.1
32385,19.4975,20.0,708.1
32386,19.4975,20.0,708.1
32387,19.4975,20.0,708.1
32388,19.4975,20.0,708.1
32389,19.4975,20.0,708.2
32390,19.4975,20.0,708.2
32391,19.4975,20.0,708.2
32392,19.4975,20.0,708.3
32393,19.4975,20.0,708.3
32394,19.4975,20.0,708.3
32395,19.4975,20.0,708.3
32396,19.4975,20.0,708.3
32397,19.4975,20.0,708.4
32398,19.4975,20.0,708.4
32399,19.4975,20.0,708.4
32400,19.4975,20.0,708.4
32401,19.4774,20.0,708.5
32402,19.4774,20.0,708.5
32403,19.4774,20.0,708.5
32404,19.4774,20.0,708.5
32405,19.4774,20.0,708.6
32406,19.4774,20.0,708.6
32407,19.4774,20.0,708.6
32408,19.4774,20.0,708.7
32409,19.4774,20.0,708.7
32410,19.4774,20.0,708.7
32411,19.4774,20.0,708.7
32412,19.4774,20.0,708.7
32413,19.4774,20.0,708.8
32414,19.4774,20.0,708.8
32415,19.4774,20.0,708.8
32416,19.4774,20.0,708.8
32417,19.4774,20.0,708.9
32418,19.4774,20.0,708.9
32419,19.4774,20.0,708.9
32420,19.4774,20.0,708.9
32421,19.4573,20.0,708.9
32422,19.4573,20.0,709.0
32423,19.4573,20.0,709.0
32424,19.4573,20.0,709.0
32425,19.4573,20.0,709.0
32426,19.4573,20.0,709.0
32427,19.4573,20.0,709.1
32428,19.4573,20.0,709.1
32429,19.4573,20.0,709.1
32430,19.4573,20.0,709.1
32431,19.4573,20.0,709.2
32432,19.4573,20.0,709.2
32433,19.4573,20.0,709.2
32434,19.4573,20.0,709.2
32435,19.4573,20.0,709.2
32436,19.4573,20.0,709.3
32437,19.4573,20.0,709.3
32438,19.4573,20.0,709.3
32439,19.4573,20.0,709.3
32440,19.4573,20.0,709.3
32441,19.4372,20.0,709.4
32442,19.4372,20.0,709.4
32443,19.4372,20.0,709.4
32444,19.4372,20.0,709.4
32445,19.4372,20.0,709.4
32446,19.4372,20.0,709.5
32447,19.4372,20.0,709.5
32448,19.4372,20.0,709.5
32449,19.4372,20.0,709.5
32450,19.4372,20.0,709.6
32451,19.4372,20.0,709.6
32452,19.4372,20.0,709.6
32453,19.4372,20.0,709.6
32454,19.4372,20.0,709.7
32455,19.4372,20.0,709.7
32456,19.4372,20.0,709.7
32457,19.4372,20.0,709.7
32458,19.4372,20.0,709.7
32459,19.4372,20.0,709.8
32460,19.4372,20.0,709.8
32461,19.4170,20.0,709.8
32462,19.4170,20.0,709.8
32463,19.4170,20.0,709.8
32464,19.4170,20.0,709.9
32465,19.4170,20.0,709.9
32466,19.4170,20.0,709.9
32467,19.4170,20.0,709.9
32468,19.4170,20.0,710.0
32469,19.4170,20.0,710.0
32470,19.4170,20.0,710.0
32471,19.4170,20.0,710.0
32472,19.4170,20.0,710.0
32473,19.4170,20.0,710.1
32474,19.4170,20.0,710.1
32475,19.4170,20.0,710.1
32476,19.4170,20.0,710.1
32477,19.4170,20.0,710.1
32478,19.4170,20.0,710.2
32479,19.4170,20.0,710.2
32480,19.4170,20.0,710.2
32481,19.3969,20.0,710.3
32482,19.3969,20.0,710.3
32483,19.3969,20.0,710.3
32484,19.3969,20.0,710.4
32485,19.3969,20.0,710.4
32486,19.3969,20.0,710.4
32487,19.3969,20.0,710.5
32488,19.3969,20.0,710.5
32489,19.3969,20.0,710.5
32490,19.3969,20.0,710.5
32491,19.3969,20.0,710.6
32492,19.3969,20.0,710.6
32493,19.3969,20.0,710.6
32494,19.3969,20.0,710.6
32495,19.3969,20.0,710.7
32496,19.3969,20.0,710.7
32497,19.3969,20.0,710.7
32498,19.3969,20.0,710.7
32499,19.3969,20.0,710.8
32500,19.3969,20.0,710.8
32501,19.3768,20.0,710.8
32502,19.3768,20.0,710.8
32503,19.3768,20.0,710.8
32504,19.3768,20.0,710.9
32505,19.3768,20.0,710.9
32506,19.3768,20.0,710.9
32507,19.3768,20.0,710.9
32508,19.3768,20.0,711.0
32509,19.3768,20.0,711.0
32510,19.3768,20.0,711.0
32511,19.3768,20.0,711.0
32512,19.3768,20.0,711.1
32513,19.3768,20.0,711.1
32514,19.3768,20.0,711.1
32515,19.3768,20.0,711.1
32516,19.3768,20.0,711.1
32517,19.3768,20.0,711.2
32518,19.3768,20.0,711.2
32519,19.3768,20.0,711.2
32520,19.3768,20.0,711.2
32521,19.3567,20.0,711.3
32522,19.3567,20.0,711.3
32523,19.3567,20.0,711.3
32524,19.3567,20.0,711.3
32525,19.3567,20.0,711.3
32526,19.3567,20.0,711.4
32527,19.3567,20.0,711.4
32528,19.3567,20.0,711.4
32529,19.3567,20.0,711.4
32530,19.3567,20.0,711.4
32531,19.3567,20.0,711.5
32532,19.3567,20.0,711.5
32533,19.3567,20.0,711.5
32534,19.3567,20.0,711.5
32535,19.3567,20.0,711.6
32536,19.3567,20.0,711.6
32537,19.3567,20.0,711.6
32538,19.3567,20.0,711.6
32539,19.3567,20.0,711.6
32540,19.3567,20.0,711.7
32541,19.3366,20.0,711.7
32542,19.3366,20.0,711.7
32543,19.3366,20.0,711.7
32544,19.3366,20.0,711.7
32545,19.3366,20.0,711.8
32546,19.3366,20.0,711.8
32547,19.3366,20.0,711.8
32548,19.3366,20.0,711.8
32549,19.3366,20.0,711.8
32550,19.3366,20.0,711.9
32551,19.3366,20.0,711.9
32552,19.3366,20.0,711.9
32553,19.3366,20.0,711.9
32554,19.3366,20.0,711.9
32555,19.3366,20.0,711.9
32556,19.3366,20.0,712.0
32557,19.3366,20.0,712.0
32558,19.3366,20.0,712.0
32559,19.3366,20.0,712.0
32560,19.3366,20.0,712.1
32561,19.3165,20.0,712.1
32562,19.3165,20.0,712.1
32563,19.3165,20.0,712.1
32564,19.3165,20.0,712.1
32565,19.3165,20.0,712.2
32566,19.3165,20.0,712.2
32567,19.3165,20.0,712.2
32568,19.3165,20.0,712.2
32569,19.3165,20.0,712.3
32570,19.3165,20.0,712.3
32571,19.3165,20.0,712.3
32572,19.3165,20.0,712.3
32573,19.3165,20.0,712.4
32574,19.3165,20.0,712.4
32575,19.3165,20.0,712.4
32576,19.3165,20.0,712.4
32577,19.3165,20.0,712.4
32578,19.3165,20.0,712.5
32579,19.3165,20.0,712.5
32580,19.3165,20.0,712.5
32581,19.2964,20.0,712.5
32582,19.2964,20.0,712.6
32583,19.2964,20.0,712.6
32584,19.2964,20.0,712.6
32585,19.2964,20.0,712.6
32586,19.2964,20.0,712.7
32587,19.2964,20.0,712.7
32588,19.2964,20.0,712.7
32589,19.2964,20.0,712.7
32590,19.2964,20.0,712.7
32591,19.2964,20.0,712.8
32592,19.2964,20.0,712.8
32593,19.2964,20.0,712.8
32594,19.2964,20.0,712.8
32595,19.2964,20.0,712.8
32596,19.2964,20.0,712.9
32597,19.2964,20.0,712.9
32598,19.2964,20.0,712.9
32599,19.2964,20.0,712.9
32600,19.2964,20.0,712.9
32601,19.2762,20.0,713.0
32602,19.2762,20.0,713.0
32603,19.2762,20.0,713.0
32604,19.2762,20.0,713.0
32605,19.2762,20.0,713.1
32606,19.2762,20.0,713.1
32607,19.2762,20.0,713.1
32608,19.2762,20.0,713.1
32609,19.2762,20.0,713.1
32610,19.2762,20.0,713.2
32611,19.2762,20.0,713.2
32612,19.2762,20.0,713.2
32613,19.2762,20.0,713.2
32614,19.2762,20.0,713.3
32615,19.2762,20.0,713.3
32616,19.2762,20.0,713.3
32617,19.2762,20.0,713.3
32618,19.2762,20.0,713.3
32619,19.2762,20.0,713.4
32620,19.2762,20.0,713.4
32621,19.2561,20.0,713.4
32622,19.2561,20.0,713.4
32623,19.2561,20.0,713.4
32624,19.2561,20.0,713.5
32625,19.2561,20.0,713.5
32626,19.2561,20.0,713.5
32627,19.2561,20.0,713.5
32628,19.2561,20.0,713.6
32629,19.2561,20.0,713.6
32630,19.2561,20.0,713.6
32631,19.2561,20.0,713.6
32632,19.2561,20.0,713.6
32633,19.2561,20.0,713.7
32634,19.2561,20.0,713.7
32635,19.2561,20.0,713.7
32636,19.2561,20.0,713.7
32637,19.2561,20.0,713.7
32638,19.2561,20.0,713.8
32639,19.2561,20.0,713.8
32640,19.2561,20.0,713.8
32641,19.2360,20.0,713.8
32642,19.2360,20.0,713.8
32643,19.2360,20.0,713.9
32644,19.2360,20.0,713.9
32645,19.2360,20.0,713.9
32646,19.2360,20.0,713.9
32647,19.2360,20.0,714.0
32648,19.2360,20.0,714.0
32649,19.2360,20.0,714.0
32650,19.2360,20.0,714.0
32651,19.2360,20.0,714.0
32652,19.2360,20.0,714.1
32653,19.2360,20.0,714.1
32654,19.2360,20.0,714.1
32655,19.2360,20.0,714.1
32656,19.2360,20.0,714.2
32657,19.2360,20.0,714.2
32658,19.2360,20.0,714.2
32659,19.2360,20.0,714.2
32660,19.2360,20.0,714.2
32661,19.2159,20.0,714.3
32662,19.2159,20.0,714.3
32663,19.2159,20.0,714.3
32664,19.2159,20.0,714.3
32665,19.2159,20.0,714.4
32666,19.2159,20.0,714.4
32667,19.2159,20.0,714.4
32668,19.2159,20.0,714.4
32669,19.2159,20.0,714.4
32670,19.2159,20.0,714.5
32671,19.2159,20.0,714.5
32672,19.2159,20.0,714.5
32673,19.2159,20.0,714.5
32674,19.2159,20.0,714.5
32675,19.2159,20.0,714.6
32676,19.2159,20.0,714.6
32677,19.2159,20.0,714.6
32678,19.2159,20.0,714.6
32679,19.2159,20.0,714.6
32680,19.2159,20.0,714.7
32681,19.1958,20.0,714.7
32682,19.1958,20.0,714.7
32683,19.1958,20.0,714.7
32684,19.1958,20.0,714.8
32685,19.1958,20.0,714.8
32686,19.1958,20.0,714.8
32687,19.1958,20.0,714.8
32688,19.1958,20.0,714.8
32689,19.1958,20.0,714.9
32690,19.1958,20.0,714.9
32691,19.1958,20.0,714.9
32692,19.1958,20.0,714.9
32693,19.1958,20.0,714.9
32694,19.1958,20.0,715.0
32695,19.1958,20.0,715.0
32696,19.1958,20.0,715.0
32697,19.1958,20.0,715.0
32698,19.1958,20.0,715.0
32699,19.1958,20.0,715.1
32700,19.1958,20.0,715.1
32701,19.1757,20.0,715.1
32702,19.1757,20.0,715.1
32703,19.1757,20.0,715.2
32704,19.1757,20.0,715.2
32705,19.1757,20.0,715.2
32706,19.1757,20.0,715.2
32707,19.1757,20.0,715.2
32708,19.1757,20.0,715.3
32709,19.1757,20.0,715.3
32710,19.1757,20.0,715.3
32711,19.1757,20.0,715.3
32712,19.1757,20.0,715.3
32713,19.1757,20.0,715.4
32714,19.1757,20.0,715.4
32715,19.1757,20.0,715.4
32716,19.1757,20.0,715.4
32717,19.1757,20.0,715.4
32718,19.1757,20.0,715.5
32719,19.1757,20.0,715.5
32720,19.1757,20.0,715.5
32721,19.1556,20.0,715.5
32722,19.1556,20.0,715.5
32723,19.1556,20.0,715.6
32724,19.1556,20.0,715.6
32725,19.1556,20.0,715.6
32726,19.1556,20.0,715.6
32727,19.1556,20.0,715.6
32728,19.1556,20.0,715.7
32729,19.1556,20.0,715.7
32730,19.1556,20.0,715.7
32731,19.1556,20.0,715.7
32732,19.1556,20.0,715.7
32733,19.1556,20.0,715.8
32734,19.1556,20.0,715.8
32735,19.1556,20.0,715.8
32736,19.1556,20.0,715.8
32737,19.1556,20.0,715.8
32738,19.1556,20.0,715.9
32739,19.1556,20.0,715.9
32740,19.1556,20.0,715.9
32741,19.1546,20.0,715.9
32742,19.1546,20.0,715.9
32743,19.1546,20.0,715.9
32744,19.1546,20.0,716.0
32745,19.1546,20.0,716.0
32746,19.1546,20.0,716.0
32747,19.1546,20.0,716.0
32748,19.1546,20.0,716.1
32749,19.1546,20.0,716.1
32750,19.1546,20.0,716.1
32751,19.1546,20.0,716.1
32752,19.1546,20.0,716.1
32753,19.1546,20.0,716.2
32754,19.1546,20.0,716.2
32755,19.1546,20.0,716.2
32756,19.1546,20.0,716.2
32757,19.1546,20.0,716.2
32758,19.1546,20.0,716.3
32759,19.1546,20.0,716.3
32760,19.1546,20.0,716.3
32761,19.1537,20.0,716.3
32762,19.1537,20.0,716.3
32763,19.1537,20.0,716.4
32764,19.1537,20.0,716.4
32765,19.1537,20.0,716.4
32766,19.1537,20.0,716.4
32767,19.1537,20.0,716.5
32768,19.1537,20.0,716.5
32769,19.1537,20.0,716.8
32770,19.1537,20.0,716.8
32771,19.1537,20.0,716.8
32772,19.1537,20.0,716.8
32773,19.1537,20.0,716.8
32774,19.1537,20.0,716.9
32775,19.1537,20.0,716.9
32776,19.1537,20.0,716.9
32777,19.1537,20.0,716.9
32778,19.1537,20.0,716.9
32779,19.1537,20.0,717.0
32780,19.1537,20.0,717.0
32781,19.1528,20.0,717.0
32782,19.1528,20.0,717.0
32783,19.1528,20.0,717.0
32784,19.1528,20.0,717.1
32785,19.1528,20.0,717.1
32786,19.1528,20.0,717.1
32787,19.1528,20.0,717.1
32788,19.1528,20.0,717.2
32789,19.1528,20.0,717.2
32790,19.1528,20.0,717.2
32791,19.1528,20.0,717.2
32792,19.1528,20.0,717.2
32793,19.1528,20.0,717.3
32794,19.1528,20.0,717.3
32795,19.1528,20.0,717.3
32796,19.1528,20.0,717.3
32797,19.1528,20.0,717.3
32798,19.1528,20.0,717.4
32799,19.1528,20.0,717.4
32800,19.1528,20.0,717.4
32801,19.1518,20.0,717.4
32802,19.1518,20.0,717.4
32803,19.1518,20.0,717.5
32804,19.1518,20.0,717.5
32805,19.1518,20.0,717.5
32806,19.1518,20.0,717.5
32807,19.1518,20.0,717.5
32808,19.1518,20.0,717.6
32809,19.1518,20.0,717.6
32810,19.1518,20.0,717.6
32811,19.1518,20.0,717.6
32812,19.1518,20.0,717.6
32813,19.1518,20.0,717.7
32814,19.1518,20.0,717.7
32815,19.1518,20.0,717.7
32816,19.1518,20.0,717.7
32817,19.1518,20.0,717.8
32818,19.1518,20.0,717.8
32819,19.1518,20.0,717.8
32820,19.1518,20.0,717.8
32821,19.1508,20.0,717.8
32822,19.1508,20.0,717.9
32823,19.1508,20.0,717.9
32824,19.1508,20.0,717.9
32825,19.1508,20.0,717.9
32826,19.1508,20.0,717.9
32827,19.1508,20.0,718.0
32828,19.1508,20.0,718.0
32829,19.1508,20.0,718.0
32830,19.1508,20.0,718.0
32831,19.1508,20.0,718.1
32832,19.1508,20.0,718.1
32833,19.1508,20.0,718.1
32834,19.1508,20.0,718.1
32835,19.1508,20.0,718.2
32836,19.1508,20.0,718.2
32837,19.1508,20.0,718.2
32838,19.1508,20.0,718.2
32839,19.1508,20.0,718.2
32840,19.1508,20.0,718.3
32841,19.1499,20.0,718.3
32842,19.1499,20.0,718.3
32843,19.1499,20.0,718.3
32844,19.1499,20.0,718.3
32845,19.1499,20.0,718.4
32846,19.1499,20.0,718.4
32847,19.1499,20.0,718.4
32848,19.1499,20.0,718.4
32849,19.1499,20.0,718.4
32850,19.1499,20.0,718.5
32851,19.1499,20.0,718.5
32852,19.1499,20.0,718.5
32853,19.1499,20.0,718.5
32854,19.1499,20.0,718.5
32855,19.1499,20.0,718.5
32856,19.1499,20.0,718.6
32857,19.1499,20.0,718.6
32858,19.1499,20.0,718.6
32859,19.1499,20.0,718.6
32860,19.1499,20.0,718.7
32861,19.1489,20.0,718.7
32862,19.1489,20.0,718.7
32863,19.1489,20.0,718.7
32864,19.1489,20.0,718.8
32865,19.1489,20.0,718.8
32866,19.1489,20.0,718.8
32867,19.1489,20.0,718.8
32868,19.1489,20.0,718.9
32869,19.1489,20.0,718.9
32870,19.1489,20.0,718.9
32871,19.1489,20.0,718.9
32872,19.1489,20.0,718.9
32873,19.1489,20.0,719.0
32874,19.1489,20.0,719.0
32875,19.1489,20.0,719.0
32876,19.1489,20.0,719.0
32877,19.1489,20.0,719.0
32878,19.1489,20.0,719.1
32879,19.1489,20.0,719.1
32880,19.1489,20.0,719.1
32881,19.1479,20.0,719.1
32882,19.1479,20.0,719.2
32883,19.1479,20.0,719.2
32884,19.1479,20.0,719.2
32885,19.1479,20.0,719.2
32886,19.1479,20.0,719.2
32887,19.1479,20.0,719.2
32888,19.1479,20.0,719.3
32889,19.1479,20.0,719.3
32890,19.1479,20.0,719.3
32891,19.1479,20.0,719.3
32892,19.1479,20.0,719.3
32893,19.1479,20.0,719.4
32894,19.1479,20.0,719.4
32895,19.1479,20.0,719.4
32896,19.1479,20.0,719.4
32897,19.1479,20.0,719.5
32898,19.1479,20.0,719.5
32899,19.1479,20.0,719.5
32900,19.1479,20.0,719.5
32901,19.1469,20.0,719.5
32902,19.1469,20.0,719.6
32903,19.1469,20.0,719.6
32904,19.1469,20.0,719.6
32905,19.1469,20.0,719.6
32906,19.1469,20.0,719.6
32907,19.1469,20.0,719.6
32908,19.1469,20.0,719.7
32909,19.1469,20.0,719.7
32910,19.1469,20.0,719.7
32911,19.1469,20.0,719.7
32912,19.1469,20.0,719.7
32913,19.1469,20.0,719.8
32914,19.1469,20.0,719.8
32915,19.1469,20.0,719.8
32916,19.1469,20.0,719.8
32917,19.1469,20.0,719.8
32918,19.1469,20.0,719.9
32919,19.1469,20.0,719.9
32920,19.1469,20.0,719.9
32921,19.1460,20.0,719.9
32922,19.1460,20.0,719.9
32923,19.1460,20.0,719.9
32924,19.1460,20.0,720.0
32925,19.1460,20.0,720.0
32926,19.1460,20.0,720.0
32927,19.1460,20.0,720.0
32928,19.1460,20.0,720.1
32929,19.1460,20.0,720.1
32930,19.1460,20.0,720.1
32931,19.1460,20.0,720.1
32932,19.1460,20.0,720.1
32933,19.1460,20.0,720.2
32934,19.1460,20.0,720.2
32935,19.1460,20.0,720.2
32936,19.1460,20.0,720.2
32937,19.1460,20.0,720.3
32938,19.1460,20.0,720.3
32939,19.1460,20.0,720.3
32940,19.1460,20.0,720.3
32941,19.1450,20.0,720.4
32942,19.1450,20.0,720.4
32943,19.1450,20.0,720.4
32944,19.1450,20.0,720.4
32945,19.1450,20.0,720.4
32946,19.1450,20.0,720.5
32947,19.1450,20.0,720.5
32948,19.1450,20.0,720.5
32949,19.1450,20.0,720.5
32950,19.1450,20.0,720.5
32951,19.1450,20.0,720.6
32952,19.1450,20.0,720.6
32953,19.1450,20.0,720.6
32954,19.1450,20.0,720.6
32955,19.1450,20.0,720.6
32956,19.1450,20.0,720.7
32957,19.1450,20.0,720.7
32958,19.1450,20.0,720.7
32959,19.1450,20.0,720.7
32960,19.1450,20.0,720.7
32961,19.1440,20.0,720.8
32962,19.1440,20.0,720.8
32963,19.1440,20.0,720.8
32964,19.1440,20.0,720.8
32965,19.1440,20.0,720.9
32966,19.1440,20.0,720.9
32967,19.1440,20.0,720.9
32968,19.1440,20.0,720.9
32969,19.1440,20.0,720.9
32970,19.1440,20.0,721.0
32971,19.1440,20.0,721.0
32972,19.1440,20.0,721.0
32973,19.1440,20.0,721.0
32974,19.1440,20.0,721.0
32975,19.1440,20.0,721.1
32976,19.1440,20.0,721.1
32977,19.1440,20.0,721.1
32978,19.1440,20.0,721.1
32979,19.1440,20.0,721.1
32980,19.1440,20.0,721.2
32981,19.1431,20.0,721.2
32982,19.1431,20.0,721.2
32983,19.1431,20.0,721.2
32984,19.1431,20.0,721.3
32985,19.1431,20.0,721.3
32986,19.1431,20.0,721.3
32987,19.1431,20.0,721.3
32988,19.1431,20.0,721.3
32989,19.1431,20.0,721.3
32990,19.1431,20.0,721.4
32991,19.1431,20.0,721.4
32992,19.1431,20.0,721.4
32993,19.1431,20.0,721.4
32994,19.1431,20.0,721.4
32995,19.1431,20.0,721.5
32996,19.1431,20.0,721.5
32997,19.1431,20.0,721.5
32998,19.1431,20.0,721.5
32999,19.1431,20.0,721.6
33000,19.1431,20.0,721.6
33001,19.1421,20.0,721.6
33002,19.1421,20.0,721.6
33003,19.1421,20.0,721.6
33004,19.1421,20.0,721.7
33005,19.1421,20.0,721.7
33006,19.1421,20.0,721.7
33007,19.1421,20.0,721.7
33008,19.1421,20.0,721.7
33009,19.1421,20.0,721.8
33010,19.1421,20.0,721.8
33011,19.1421,20.0,721.8
33012,19.1421,20.0,721.8
33013,19.1421,20.0,721.8
33014,19.1421,20.0,721.9
33015,19.1421,20.0,721.9
33016,19.1421,20.0,721.9
33017,19.1421,20.0,721.9
33018,19.1421,20.0,721.9
33019,19.1421,20.0,722.0
33020,19.1421,20.0,722.0
33021,19.1411,20.0,722.0
33022,19.1411,20.0,722.0
33023,19.1411,20.0,722.0
33024,19.1411,20.0,722.1
33025,19.1411,20.0,722.1
33026,19.1411,20.0,722.1
33027,19.1411,20.0,722.1
33028,19.1411,20.0,722.2
33029,19.1411,20.0,722.2
33030,19.1411,20.0,722.2
33031,19.1411,20.0,722.2
33032,19.1411,20.0,722.2
33033,19.1411,20.0,722.3
33034,19.1411,20.0,722.3
33035,19.1411,20.0,722.3
33036,19.1411,20.0,722.3
33037,19.1411,20.0,722.4
33038,19.1411,20.0,722.4
33039,19.1411,20.0,722.4
33040,19.1411,20.0,722.4
33041,19.1402,20.0,722.4
33042,19.1402,20.0,722.5
33043,19.1402,20.0,722.5
33044,19.1402,20.0,722.5
33045,19.1402,20.0,722.5
33046,19.1402,20.0,722.5
33047,19.1402,20.0,722.6
33048,19.1402,20.0,722.6
33049,19.1402,20.0,722.6
33050,19.1402,20.0,722.6
33051,19.1402,20.0,722.6
33052,19.1402,20.0,722.7
33053,19.1402,20.0,722.7
33054,19.1402,20.0,722.7
33055,19.1402,20.0,722.7
33056,19.1402,20.0,722.8
33057,19.1402,20.0,722.8
33058,19.1402,20.0,722.8
33059,19.1402,20.0,722.8
33060,19.1402,20.0,722.8
33061,19.1392,20.0,722.9
33062,19.1392,20.0,722.9
33063,19.1392,20.0,722.9
33064,19.1392,20.0,722.9
33065,19.1392,20.0,722.9
33066,19.1392,20.0,723.0
33067,19.1392,20.0,723.0
33068,19.1392,20.0,723.0
33069,19.1392,20.0,723.0
33070,19.1392,20.0,723.1
33071,19.1392,20.0,723.1
33072,19.1392,20.0,723.1
33073,19.1392,20.0,723.1
33074,19.1392,20.0,723.1
33075,19.1392,20.0,723.2
33076,19.1392,20.0,723.2
33077,19.1392,20.0,723.2
33078,19.1392,20.0,723.2
33079,19.1392,20.0,723.3
33080,19.1392,20.0,723.3
33081,19.1382,20.0,723.3
33082,19.1382,20.0,723.3
33083,19.1382,20.0,723.3
33084,19.1382,20.0,723.4
33085,19.1382,20.0,723.4
33086,19.1382,20.0,723.4
33087,19.1382,20.0,723.4
33088,19.1382,20.0,723.4
33089,19.1382,20.0,723.5
33090,19.1382,20.0,723.5
33091,19.1382,20.0,723.5
33092,19.1382,20.0,723.5
33093,19.1382,20.0,723.6
33094,19.1382,20.0,723.6
33095,19.1382,20.0,723.6
33096,19.1382,20.0,723.6
33097,19.1382,20.0,723.6
33098,19.1382,20.0,723.7
33099,19.1382,20.0,723.7
33100,19.1382,20.0,723.7
33101,19.1372,20.0,723.7
33102,19.1372,20.0,723.8
33103,19.1372,20.0,723.8
33104,19.1372,20.0,723.8
33105,19.1372,20.0,723.8
33106,19.1372,20.0,723.8
33107,19.1372,20.0,723.9
33108,19.1372,20.0,723.9
33109,19.1372,20.0,723.9
33110,19.1372,20.0,723.9
33111,19.1372,20.0,723.9
33112,19.1372,20.0,724.0
33113,19.1372,20.0,724.0
33114,19.1372,20.0,724.0
33115,19.1372,20.0,724.0
33116,19.1372,20.0,724.1
33117,19.1372,20.0,724.1
33118,19.1372,20.0,724.1
33119,19.1372,20.0,724.1
33120,19.1372,20.0,724.1
33121,19.1363,20.0,724.2
33122,19.1363,20.0,724.2
33123,19.1363,20.0,724.2
33124,19.1363,20.0,724.2
33125,19.1363,20.0,724.3
33126,19.1363,20.0,724.3
33127,19.1363,20.0,724.3
33128,19.1363,20.0,724.3
33129,19.1363,20.0,724.3
33130,19.1363,20.0,724.3
33131,19.1363,20.0,724.4
33132,19.1363,20.0,724.4
33133,19.1363,20.0,724.4
33134,19.1363,20.0,724.4
33135,19.1363,20.0,724.5
33136,19.1363,20.0,724.5
33137,19.1363,20.0,724.5
33138,19.1363,20.0,724.5
33139,19.1363,20.0,724.5
33140,19.1363,20.0,724.6
33141,19.1353,20.0,724.6
33142,19.1353,20.0,724.6
33143,19.1353,20.0,724.6
33144,19.1353,20.0,724.7
33145,19.1353,20.0,724.7
33146,19.1353,20.0,724.7
33147,19.1353,20.0,724.7
33148,19.1353,20.0,724.7
33149,19.1353,20.0,724.8
33150,19.1353,20.0,724.8
33151,19.1353,20.0,724.8
33152,19.1353,20.0,724.8
33153,19.1353,20.0,724.8
33154,19.1353,20.0,724.8
33155,19.1353,20.0,724.9
33156,19.1353,20.0,724.9
33157,19.1353,20.0,724.9
33158,19.1353,20.0,724.9
33159,19.1353,20.0,724.9
33160,19.1353,20.0,725.0
33161,19.1343,20.0,725.0
33162,19.1343,20.0,725.0
33163,19.1343,20.0,725.0
33164,19.1343,20.0,725.0
33165,19.1343,20.0,725.0
33166,19.1343,20.0,725.1
33167,19.1343,20.0,725.1
33168,19.1343,20.0,725.1
33169,19.1343,20.0,725.1
33170,19.1343,20.0,725.2
33171,19.1343,20.0,725.2
33172,19.1343,20.0,725.2
33173,19.1343,20.0,725.2
33174,19.1343,20.0,725.2
33175,19.1343,20.0,725.3
33176,19.1343,20.0,725.3
33177,19.1343,20.0,725.3
33178,19.1343,20.0,725.3
33179,19.1343,20.0,725.4
33180,19.1343,20.0,725.4
33181,19.1334,20.0,725.4
33182,19.1334,20.0,725.4
33183,19.1334,20.0,725.4
33184,19.1334,20.0,725.5
33185,19.1334,20.0,725.5
33186,19.1334,20.0,725.5
33187,19.1334,20.0,725.5
33188,19.1334,20.0,725.6
33189,19.1334,20.0,725.6
33190,19.1334,20.0,725.6
33191,19.1334,20.0,725.6
33192,19.1334,20.0,725.6
33193,19.1334,20.0,725.7
33194,19.1334,20.0,725.7
33195,19.1334,20.0,725.7
33196,19.1334,20.0,725.7
33197,19.1334,20.0,725.7
33198,19.1334,20.0,725.8
33199,19.1334,20.0,725.8
33200,19.1334,20.0,725.8
33201,19.1324,20.0,725.8
33202,19.1324,20.0,725.8
33203,19.1324,20.0,725.9
33204,19.1324,20.0,725.9
33205,19.1324,20.0,725.9
33206,19.1324,20.0,725.9
33207,19.1324,20.0,725.9
33208,19.1324,20.0,726.0
33209,19.1324,20.0,726.0
33210,19.1324,20.0,726.0
33211,19.1324,20.0,726.0
33212,19.1324,20.0,726.0
33213,19.1324,20.0,726.1
33214,19.1324,20.0,726.1
33215,19.1324,20.0,726.1
33216,19.1324,20.0,726.1
33217,19.1324,20.0,726.1
33218,19.1324,20.0,726.2
33219,19.1324,20.0,726.2
33220,19.1324,20.0,726.2
33221,19.1314,20.0,726.2
33222,19.1314,20.0,726.2
33223,19.1314,20.0,726.2
33224,19.1314,20.0,726.3
33225,19.1314,20.0,726.3
33226,19.1314,20.0,726.3
33227,19.1314,20.0,726.3
33228,19.1314,20.0,726.3
33229,19.1314,20.0,726.4
33230,19.1314,20.0,726.4
33231,19.1314,20.0,726.4
33232,19.1314,20.0,726.4
33233,19.1314,20.0,726.4
33234,19.1314,20.0,726.5
33235,19.1314,20.0,726.5
33236,19.1314,20.0,726.5
33237,19.1314,20.0,726.5
33238,19.1314,20.0,726.5
33239,19.1314,20.0,726.6
33240,19.1314,20.0,726.6
33241,19.1111,20.0,726.6
33242,19.1111,20.0,726.6
33243,19.1111,20.0,726.6
33244,19.1111,20.0,726.7
33245,19.1111,20.0,726.7
33246,19.1111,20.0,726.7
33247,19.1111,20.0,726.7
33248,19.1111,20.0,726.7
33249,19.1111,20.0,726.7
33250,19.1111,20.0,726.8
33251,19.1111,20.0,726.8
33252,19.1111,20.0,726.8
33253,19.1111,20.0,726.8
33254,19.1111,20.0,726.8
33255,19.1111,20.0,726.9
33256,19.1111,20.0,726.9
33257,19.1111,20.0,726.9
33258,19.1111,20.0,726.9
33259,19.1111,20.0,726.9
33260,19.1111,20.0,727.0
33261,19.0907,20.0,727.0
33262,19.0907,20.0,727.0
33263,19.0907,20.0,727.0
33264,19.0907,20.0,727.0
33265,19.0907,20.0,727.1
33266,19.0907,20.0,727.1
33267,19.0907,20.0,727.1
33268,19.0907,20.0,727.1
33269,19.0907,20.0,727.1
33270,19.0907,20.0,727.2
33271,19.0907,20.0,727.2
33272,19.0907,20.0,727.2
33273,19.0907,20.0,727.2
33274,19.0907,20.0,727.2
33275,19.0907,20.0,727.3
33276,19.0907,20.0,727.3
33277,19.0907,20.0,727.3
33278,19.0907,20.0,727.3
33279,19.0907,20.0,727.3
33280,19.0907,20.0,727.4
33281,19.0704,20.0,727.7
33282,19.0704,20.0,727.7
33283,19.0704,20.0,727.7
33284,19.0704,20.0,727.7
33285,19.0704,20.0,727.8
33286,19.0704,20.0,727.8
33287,19.0704,20.0,727.8
33288,19.0704,20.0,727.8
33289,19.0704,20.0,727.8
33290,19.0704,20.0,727.9
33291,19.0704,20.0,727.9
33292,19.0704,20.0,727.9
33293,19.0704,20.0,727.9
33294,19.0704,20.0,727.9
33295,19.0704,20.0,728.0
33296,19.0704,20.0,728.0
33297,19.0704,20.0,728.0
33298,19.0704,20.0,728.0
33299,19.0704,20.0,728.0
33300,19.0704,20.0,728.0
33301,19.0696,20.0,728.1
33302,19.0696,20.0,728.1
33303,19.0696,20.0,728.1
33304,19.0696,20.0,728.1
33305,19.0696,20.0,728.2
33306,19.0696,20.0,728.2
33307,19.0696,20.0,728.2
33308,19.0696,20.0,728.2
33309,19.0696,20.0,728.2
33310,19.0696,20.0,728.3
33311,19.0696,20.0,728.3
33312,19.0696,20.0,728.3
33313,19.0696,20.0,728.3
33314,19.0696,20.0,728.3
33315,19.0696,20.0,728.4
33316,19.0696,20.0,728.4
33317,19.0696,20.0,728.4
33318,19.0696,20.0,728.4
33319,19.0696,20.0,728.5
33320,19.0696,20.0,728.5
33321,19.0689,20.0,728.5
33322,19.0689,20.0,728.5
33323,19.0689,20.0,728.5
33324,19.0689,20.0,728.6
33325,19.0689,20.0,728.6
33326,19.0689,20.0,728.6
33327,19.0689,20.0,728.6
33328,19.0689,20.0,728.6
33329,19.0689,20.0,728.7
33330,19.0689,20.0,728.7
33331,19.0689,20.0,728.7
33332,19.0689,20.0,728.7
33333,19.0689,20.0,728.7
33334,19.0689,20.0,728.7
33335,19.0689,20.0,728.8
33336,19.0689,20.0,728.8
33337,19.0689,20.0,728.8
33338,19.0689,20.0,728.8
33339,19.0689,20.0,728.8
33340,19.0689,20.0,728.9
33341,19.0681,20.0,728.9
33342,19.0681,20.0,728.9
33343,19.0681,20.0,728.9
33344,19.0681,20.0,728.9
33345,19.0681,20.0,729.0
33346,19.0681,20.0,729.0
33347,19.0681,20.0,729.0
33348,19.0681,20.0,729.0
33349,19.0681,20.0,729.0
33350,19.0681,20.0,729.1
33351,19.0681,20.0,729.1
33352,19.0681,20.0,729.1
33353,19.0681,20.0,729.1
33354,19.0681,20.0,729.1
33355,19.0681,20.0,729.2
33356,19.0681,20.0,729.2
33357,19.0681,20.0,729.2
33358,19.0681,20.0,729.2
33359,19.0681,20.0,729.2
33360,19.0681,20.0,729.3
33361,19.0673,20.0,729.3
33362,19.0673,20.0,729.3
33363,19.0673,20.0,729.3
33364,19.0673,20.0,729.3
33365,19.0673,20.0,729.4
33366,19.0673,20.0,729.4
33367,19.0673,20.0,729.4
33368,19.0673,20.0,729.4
33369,19.0673,20.0,729.4
33370,19.0673,20.0,729.5
33371,19.0673,20.0,729.5
33372,19.0673,20.0,729.5
33373,19.0673,20.0,729.5
33374,19.0673,20.0,729.6
33375,19.0673,20.0,729.6
33376,19.0673,20.0,729.6
33377,19.0673,20.0,729.6
33378,19.0673,20.0,729.6
33379,19.0673,20.0,729.7
33380,19.0673,20.0,729.7
33381,19.0666,20.0,729.7
33382,19.0666,20.0,729.7
33383,19.0666,20.0,729.8
33384,19.0666,20.0,729.8
33385,19.0666,20.0,729.8
33386,19.0666,20.0,729.8
33387,19.0666,20.0,729.8
33388,19.0666,20.0,729.9
33389,19.0666,20.0,729.9
33390,19.0666,20.0,729.9
33391,19.0666,20.0,729.9
33392,19.0666,20.0,729.9
33393,19.0666,20.0,730.0
33394,19.0666,20.0,730.0
33395,19.0666,20.0,730.0
33396,19.0666,20.0,730.0
33397,19.0666,20.0,730.0
33398,19.0666,20.0,730.1
33399,19.0666,20.0,730.1
33400,19.0666,20.0,730.1
33401,19.0658,20.0,730.1
33402,19.0658,20.0,730.1
33403,19.0658,20.0,730.2
33404,19.0658,20.0,730.2
33405,19.0658,20.0,730.2
33406,19.0658,20.0,730.2
33407,19.0658,20.0,730.3
33408,19.0658,20.0,730.3
33409,19.0658,20.0,730.3
33410,19.0658,20.0,730.3
33411,19.0658,20.0,730.3
33412,19.0658,20.0,730.4
33413,19.0658,20.0,730.4
33414,19.0658,20.0,730.4
33415,19.0658,20.0,730.4
33416,19.0658,20.0,730.5
33417,19.0658,20.0,730.5
33418,19.0658,20.0,730.5
33419,19.0658,20.0,730.5
33420,19.0658,20.0,730.5
33421,19.0650,20.0,730.6
33422,19.0650,20.0,730.6
33423,19.0650,20.0,730.6
33424,19.0650,20.0,730.6
33425,19.0650,20.0,730.6
33426,19.0650,20.0,730.7
33427,19.0650,20.0,730.7
33428,19.0650,20.0,730.7
33429,19.0650,20.0,730.7
33430,19.0650,20.0,730.7
33431,19.0650,20.0,730.8
33432,19.0650,20.0,730.8
33433,19.0650,20.0,730.8
33434,19.0650,20.0,730.8
33435,19.0650,20.0,730.8
33436,19.0650,20.0,730.9
33437,19.0650,20.0,730.9
33438,19.0650,20.0,730.9
33439,19.0650,20.0,730.9
33440,19.0650,20.0,730.9
33441,19.0642,20.0,731.0
33442,19.0642,20.0,731.0
33443,19.0642,20.0,731.0
33444,19.0642,20.0,731.0
33445,19.0642,20.0,731.0
33446,19.0642,20.0,731.1
33447,19.0642,20.0,731.1
33448,19.0642,20.0,731.1
33449,19.0642,20.0,731.1
33450,19.0642,20.0,731.1
33451,19.0642,20.0,731.1
33452,19.0642,20.0,731.2
33453,19.0642,20.0,731.2
33454,19.0642,20.0,731.2
33455,19.0642,20.0,731.2
33456,19.0642,20.0,731.3
33457,19.0642,20.0,731.3
33458,19.0642,20.0,731.3
33459,19.0642,20.0,731.3
33460,19.0642,20.0,731.3
33461,19.0635,20.0,731.3
33462,19.0635,20.0,731.4
33463,19.0635,20.0,731.4
33464,19.0635,20.0,731.4
33465,19.0635,20.0,731.4
33466,19.0635,20.0,731.4
33467,19.0635,20.0,731.5
33468,19.0635,20.0,731.5
33469,19.0635,20.0,731.5
33470,19.0635,20.0,731.5
33471,19.0635,20.0,731.5
33472,19.0635,20.0,731.6
33473,19.0635,20.0,731.6
33474,19.0635,20.0,731.6
33475,19.0635,20.0,731.6
33476,19.0635,20.0,731.6
33477,19.0635,20.0,731.7
33478,19.0635,20.0,731.7
33479,19.0635,20.0,731.7
33480,19.0635,20.0,731.7
33481,19.0627,20.0,731.7
33482,19.0627,20.0,731.8
33483,19.0627,20.0,731.8
33484,19.0627,20.0,731.8
33485,19.0627,20.0,731.8
33486,19.0627,20.0,731.9
33487,19.0627,20.0,731.9
33488,19.0627,20.0,731.9
33489,19.0627,20.0,731.9
33490,19.0627,20.0,732.0
33491,19.0627,20.0,732.0
33492,19.0627,20.0,732.0
33493,19.0627,20.0,732.0
33494,19.0627,20.0,732.0
33495,19.0627,20.0,732.1
33496,19.0627,20.0,732.1
33497,19.0627,20.0,732.1
33498,19.0627,20.0,732.1
33499,19.0627,20.0,732.2
33500,19.0627,20.0,732.2
33501,19.0619,20.0,732.2
33502,19.0619,20.0,732.2
33503,19.0619,20.0,732.2
33504,19.0619,20.0,732.2
33505,19.0619,20.0,732.3
33506,19.0619,20.0,732.3
33507,19.0619,20.0,732.3
33508,19.0619,20.0,732.3
33509,19.0619,20.0,732.4
33510,19.0619,20.0,732.4
33511,19.0619,20.0,732.4
33512,19.0619,20.0,732.4
33513,19.0619,20.0,732.4
33514,19.0619,20.0,732.4
33515,19.0619,20.0,732.5
33516,19.0619,20.0,732.5
33517,19.0619,20.0,732.5
33518,19.0619,20.0,732.5
33519,19.0619,20.0,732.5
33520,19.0619,20.0,732.6
33521,19.0612,20.0,732.6
33522,19.0612,20.0,732.6
33523,19.0612,20.0,732.6
33524,19.0612,20.0,732.6
33525,19.0612,20.0,732.7
33526,19.0612,20.0,732.7
33527,19.0612,20.0,732.7
33528,19.0612,20.0,732.7
33529,19.0612,20.0,732.7
33530,19.0612,20.0,732.8
33531,19.0612,20.0,732.8
33532,19.0612,20.0,732.8
33533,19.0612,20.0,732.8
33534,19.0612,20.0,732.9
33535,19.0612,20.0,732.9
33536,19.0612,20.0,732.9
33537,19.0612,20.0,732.9
33538,19.0612,20.0,732.9
33539,19.0612,20.0,733.0
33540,19.0612,20.0,733.0
33541,19.0604,20.0,733.0
33542,19.0604,20.0,733.0
33543,19.0604,20.0,733.0
33544,19.0604,20.0,733.0
33545,19.0604,20.0,733.1
33546,19.0604,20.0,733.1
33547,19.0604,20.0,733.1
33548,19.0604,20.0,733.1
33549,19.0604,20.0,733.1
33550,19.0604,20.0,733.2
33551,19.0604,20.0,733.2
33552,19.0604,20.0,733.2
33553,19.0604,20.0,733.2
33554,19.0604,20.0,733.2
33555,19.0604,20.0,733.3
33556,19.0604,20.0,733.3
33557,19.0604,20.0,733.3
33558,19.0604,20.0,733.3
33559,19.0604,20.0,733.3
33560,19.0604,20.0,733.4
33561,19.0596,20.0,733.4
33562,19.0596,20.0,733.4
33563,19.0596,20.0,733.4
33564,19.0596,20.0,733.5
33565,19.0596,20.0,733.5
33566,19.0596,20.0,733.5
33567,19.0596,20.0,733.5
33568,19.0596,20.0,733.5
33569,19.0596,20.0,733.6
33570,19.0596,20.0,733.6
33571,19.0596,20.0,733.6
33572,19.0596,20.0,733.6
33573,19.0596,20.0,733.6
33574,19.0596,20.0,733.7
33575,19.0596,20.0,733.7
33576,19.0596,20.0,733.7
33577,19.0596,20.0,733.7
33578,19.0596,20.0,733.7
33579,19.0596,20.0,733.8
33580,19.0596,20.0,733.8
33581,19.0589,20.0,733.8
33582,19.0589,20.0,733.8
33583,19.0589,20.0,733.8
33584,19.0589,20.0,733.9
33585,19.0589,20.0,733.9
33586,19.0589,20.0,733.9
33587,19.0589,20.0,733.9
33588,19.0589,20.0,734.0
33589,19.0589,20.0,734.0
33590,19.0589,20.0,734.0
33591,19.0589,20.0,734.0
33592,19.0589,20.0,734.0
33593,19.0589,20.0,734.0
33594,19.0589,20.0,734.1
33595,19.0589,20.0,734.1
33596,19.0589,20.0,734.1
33597,19.0589,20.0,734.1
33598,19.0589,20.0,734.2
33599,19.0589,20.0,734.2
33600,19.0589,20.0,734.2
33601,19.0581,20.0,734.2
33602,19.0581,20.0,734.2
33603,19.0581,20.0,734.3
33604,19.0581,20.0,734.3
33605,19.0581,20.0,734.3
33606,19.0581,20.0,734.3
33607,19.0581,20.0,734.4
33608,19.0581,20.0,734.4
33609,19.0581,20.0,734.4
33610,19.0581,20.0,734.4
33611,19.0581,20.0,734.4
33612,19.0581,20.0,734.5
33613,19.0581,20.0,734.5
33614,19.0581,20.0,734.5
33615,19.0581,20.0,734.5
33616,19.0581,20.0,734.5
33617,19.0581,20.0,734.6
33618,19.0581,20.0,734.6
33619,19.0581,20.0,734.6
33620,19.0581,20.0,734.6
33621,19.0573,20.0,734.6
33622,19.0573,20.0,734.7
33623,19.0573,20.0,734.7
33624,19.0573,20.0,734.7
33625,19.0573,20.0,734.7
33626,19.0573,20.0,734.8
33627,19.0573,20.0,734.8
33628,19.0573,20.0,734.8
33629,19.0573,20.0,734.8
33630,19.0573,20.0,734.9
33631,19.0573,20.0,734.9
33632,19.0573,20.0,734.9
33633,19.0573,20.0,734.9
33634,19.0573,20.0,734.9
33635,19.0573,20.0,735.0
33636,19.0573,20.0,735.0
33637,19.0573,20.0,735.0
33638,19.0573,20.0,735.0
33639,19.0573,20.0,735.1
33640,19.0573,20.0,735.1
33641,19.0566,20.0,735.1
33642,19.0566,20.0,735.1
33643,19.0566,20.0,735.2
33644,19.0566,20.0,735.2
33645,19.0566,20.0,735.2
33646,19.0566,20.0,735.2
33647,19.0566,20.0,735.3
33648,19.0566,20.0,735.3
33649,19.0566,20.0,735.3
33650,19.0566,20.0,735.3
33651,19.0566,20.0,735.3
33652,19.0566,20.0,735.3
33653,19.0566,20.0,735.4
33654,19.0566,20.0,735.4
33655,19.0566,20.0,735.4
33656,19.0566,20.0,735.4
33657,19.0566,20.0,735.5
33658,19.0566,20.0,735.5
33659,19.0566,20.0,735.5
33660,19.0566,20.0,735.5
33661,19.0558,20.0,735.5
33662,19.0558,20.0,735.6
33663,19.0558,20.0,735.6
33664,19.0558,20.0,735.6
33665,19.0558,20.0,735.6
33666,19.0558,20.0,735.6
33667,19.0558,20.0,735.7
33668,19.0558,20.0,735.7
33669,19.0558,20.0,735.7
33670,19.0558,20.0,735.7
33671,19.0558,20.0,735.7
33672,19.0558,20.0,735.8
33673,19.0558,20.0,735.8
33674,19.0558,20.0,735.8
33675,19.0558,20.0,735.8
33676,19.0558,20.0,735.8
33677,19.0558,20.0,735.8
33678,19.0558,20.0,735.9
33679,19.0558,20.0,735.9
33680,19.0558,20.0,735.9
33681,19.0550,20.0,735.9
33682,19.0550,20.0,735.9
33683,19.0550,20.0,736.0
33684,19.0550,20.0,736.0
33685,19.0550,20.0,736.0
33686,19.0550,20.0,736.0
33687,19.0550,20.0,736.0
33688,19.0550,20.0,736.1
33689,19.0550,20.0,736.1
33690,19.0550,20.0,736.1
33691,19.0550,20.0,736.1
33692,19.0550,20.0,736.1
33693,19.0550,20.0,736.2
33694,19.0550,20.0,736.2
33695,19.0550,20.0,736.2
33696,19.0550,20.0,736.2
33697,19.0550,20.0,736.2
33698,19.0550,20.0,736.3
33699,19.0550,20.0,736.3
33700,19.0550,20.0,736.3
33701,19.0542,20.0,736.3
33702,19.0542,20.0,736.4
33703,19.0542,20.0,736.4
33704,19.0542,20.0,736.4
33705,19.0542,20.0,736.4
33706,19.0542,20.0,736.4
33707,19.0542,20.0,736.5
33708,19.0542,20.0,736.5
33709,19.0542,20.0,736.5
33710,19.0542,20.0,736.5
33711,19.0542,20.0,736.5
33712,19.0542,20.0,736.6
33713,19.0542,20.0,736.6
33714,19.0542,20.0,736.6
33715,19.0542,20.0,736.6
33716,19.0542,20.0,736.7
33717,19.0542,20.0,736.7
33718,19.0542,20.0,736.7
33719,19.0542,20.0,736.7
33720,19.0542,20.0,736.8
33721,19.0535,20.0,736.8
33722,19.0535,20.0,736.8
33723,19.0535,20.0,736.8
33724,19.0535,20.0,736.8
33725,19.0535,20.0,736.9
33726,19.0535,20.0,736.9
33727,19.0535,20.0,736.9
33728,19.0535,20.0,736.9
33729,19.0535,20.0,737.0
33730,19.0535,20.0,737.0
33731,19.0535,20.0,737.0
33732,19.0535,20.0,737.0
33733,19.0535,20.0,737.1
33734,19.0535,20.0,737.1
33735,19.0535,20.0,737.1
33736,19.0535,20.0,737.1
33737,19.0535,20.0,737.1
33738,19.0535,20.0,737.2
33739,19.0535,20.0,737.2
33740,19.0535,20.0,737.2
33741,19.0527,20.0,737.2
33742,19.0527,20.0,737.3
33743,19.0527,20.0,737.3
33744,19.0527,20.0,737.3
33745,19.0527,20.0,737.3
33746,19.0527,20.0,737.4
33747,19.0527,20.0,737.4
33748,19.0527,20.0,737.4
33749,19.0527,20.0,737.4
33750,19.0527,20.0,737.5
33751,19.0527,20.0,737.5
33752,19.0527,20.0,737.5
33753,19.0527,20.0,737.5
33754,19.0527,20.0,737.5
33755,19.0527,20.0,737.6
33756,19.0527,20.0,737.6
33757,19.0527,20.0,737.6
33758,19.0527,20.0,737.6
33759,19.0527,20.0,737.7
33760,19.0527,20.0,737.7
33761,19.0525,20.0,737.7
33762,19.0525,20.0,737.7
33763,19.0525,20.0,737.8
33764,19.0525,20.0,737.8
33765,19.0525,20.0,737.8
33766,19.0525,20.0,737.8
33767,19.0525,20.0,737.9
33768,19.0525,20.0,737.9
33769,19.0525,20.0,737.9
33770,19.0525,20.0,737.9
33771,19.0525,20.0,738.0
33772,19.0525,20.0,738.0
33773,19.0525,20.0,738.0
33774,19.0525,20.0,738.0
33775,19.0525,20.0,738.0
33776,19.0525,20.0,738.1
33777,19.0525,20.0,738.1
33778,19.0525,20.0,738.1
33779,19.0525,20.0,738.1
33780,19.0525,20.0,738.1
33781,19.0524,20.0,738.2
33782,19.0524,20.0,738.2
33783,19.0524,20.0,738.2
33784,19.0524,20.0,738.2
33785,19.0524,20.0,738.2
33786,19.0524,20.0,738.3
33787,19.0524,20.0,738.3
33788,19.0524,20.0,738.3
33789,19.0524,20.0,738.3
33790,19.0524,20.0,738.3
33791,19.0524,20.0,738.4
33792,19.0524,20.0,738.4
33793,19.0524,20.0,738.7
33794,19.0524,20.0,738.7
33795,19.0524,20.0,738.7
33796,19.0524,20.0,738.8
33797,19.0524,20.0,738.8
33798,19.0524,20.0,738.8
33799,19.0524,20.0,738.8
33800,19.0524,20.0,738.8
33801,19.0529,20.0,738.9
33802,19.0529,20.0,738.9
33803,19.0529,20.0,738.9
33804,19.0529,20.0,738.9
33805,19.0529,20.0,738.9
33806,19.0529,20.0,738.9
33807,19.0529,20.0,739.0
33808,19.0529,20.0,739.0
33809,19.0529,20.0,739.0
33810,19.0529,20.0,739.0
33811,19.0529,20.0,739.1
33812,19.0529,20.0,739.1
33813,19.0529,20.0,739.1
33814,19.0529,20.0,739.1
33815,19.0529,20.0,739.1
33816,19.0529,20.0,739.2
33817,19.0529,20.0,739.2
33818,19.0529,20.0,739.2
33819,19.0529,20.0,739.2
33820,19.0529,20.0,739.2
33821,19.0532,20.0,739.3
33822,19.0532,20.0,739.3
33823,19.0532,20.0,739.3
33824,19.0532,20.0,739.3
33825,19.0532,20.0,739.3
33826,19.0532,20.0,739.3
33827,19.0532,20.0,739.4
33828,19.0532,20.0,739.4
33829,19.0532,20.0,739.4
33830,19.0532,20.0,739.4
33831,19.0532,20.0,739.4
33832,19.0532,20.0,739.5
33833,19.0532,20.0,739.5
33834,19.0532,20.0,739.5
33835,19.0532,20.0,739.5
33836,19.0532,20.0,739.5
33837,19.0532,20.0,739.6
33838,19.0532,20.0,739.6
33839,19.0532,20.0,739.6
33840,19.0532,20.0,739.6
33841,19.0535,20.0,739.6
33842,19.0535,20.0,739.7
33843,19.0535,20.0,739.7
33844,19.0535,20.0,739.7
33845,19.0535,20.0,739.7
33846,19.0535,20.0,739.8
33847,19.0535,20.0,739.8
33848,19.0535,20.0,739.8
33849,19.0535,20.0,739.8
33850,19.0535,20.0,739.8
33851,19.0535,20.0,739.9
33852,19.0535,20.0,739.9
33853,19.0535,20.0,739.9
33854,19.0535,20.0,739.9
33855,19.0535,20.0,739.9
33856,19.0535,20.0,740.0
33857,19.0535,20.0,740.0
33858,19.0535,20.0,740.0
33859,19.0535,20.0,740.0
33860,19.0535,20.0,740.0
33861,19.0538,20.0,740.1
33862,19.0538,20.0,740.1
33863,19.0538,20.0,740.1
33864,19.0538,20.0,740.1
33865,19.0538,20.0,740.2
33866,19.0538,20.0,740.2
33867,19.0538,20.0,740.2
33868,19.0538,20.0,740.2
33869,19.0538,20.0,740.2
33870,19.0538,20.0,740.3
33871,19.0538,20.0,740.3
33872,19.0538,20.0,740.3
33873,19.0538,20.0,740.3
33874,19.0538,20.0,740.3
33875,19.0538,20.0,740.4
33876,19.0538,20.0,740.4
33877,19.0538,20.0,740.4
33878,19.0538,20.0,740.4
33879,19.0538,20.0,740.4
33880,19.0538,20.0,740.5
33881,19.0541,20.0,740.5
33882,19.0541,20.0,740.5
33883,19.0541,20.0,740.5
33884,19.0541,20.0,740.6
33885,19.0541,20.0,740.6
33886,19.0541,20.0,740.6
33887,19.0541,20.0,740.6
33888,19.0541,20.0,740.6
33889,19.0541,20.0,740.7
33890,19.0541,20.0,740.7
33891,19.0541,20.0,740.7
33892,19.0541,20.0,740.7
33893,19.0541,20.0,740.8
33894,19.0541,20.0,740.8
33895,19.0541,20.0,740.8
33896,19.0541,20.0,740.8
33897,19.0541,20.0,740.8
33898,19.0541,20.0,740.9
33899,19.0541,20.0,740.9
33900,19.0541,20.0,740.9
33901,19.0544,20.0,740.9
33902,19.0544,20.0,741.0
33903,19.0544,20.0,741.0
33904,19.0544,20.0,741.0
33905,19.0544,20.0,741.0
33906,19.0544,20.0,741.0
33907,19.0544,20.0,741.0
33908,19.0544,20.0,741.1
33909,19.0544,20.0,741.1
33910,19.0544,20.0,741.1
33911,19.0544,20.0,741.1
33912,19.0544,20.0,741.1
33913,19.0544,20.0,741.2
33914,19.0544,20.0,741.2
33915,19.0544,20.0,741.2
33916,19.0544,20.0,741.2
33917,19.0544,20.0,741.2
33918,19.0544,20.0,741.2
33919,19.0544,20.0,741.3
33920,19.0544,20.0,741.3
33921,19.0547,20.0,741.3
33922,19.0547,20.0,741.3
33923,19.0547,20.0,741.4
33924,19.0547,20.0,741.4
33925,19.0547,20.0,741.4
33926,19.0547,20.0,741.4
33927,19.0547,20.0,741.4
33928,19.0547,20.0,741.5
33929,19.0547,20.0,741.5
33930,19.0547,20.0,741.5
33931,19.0547,20.0,741.5
33932,19.0547,20.0,741.5
33933,19.0547,20.0,741.5
33934,19.0547,20.0,741.6
33935,19.0547,20.0,741.6
33936,19.0547,20.0,741.6
33937,19.0547,20.0,741.6
33938,19.0547,20.0,741.7
33939,19.0547,20.0,741.7
33940,19.0547,20.0,741.7
33941,19.0551,20.0,741.7
33942,19.0551,20.0,741.7
33943,19.0551,20.0,741.8
33944,19.0551,20.0,741.8
33945,19.0551,20.0,741.8
33946,19.0551,20.0,741.8
33947,19.0551,20.0,741.8
33948,19.0551,20.0,741.9
33949,19.0551,20.0,741.9
33950,19.0551,20.0,741.9
33951,19.0551,20.0,741.9
33952,19.0551,20.0,742.0
33953,19.0551,20.0,742.0
33954,19.0551,20.0,742.0
33955,19.0551,20.0,742.0
33956,19.0551,20.0,742.1
33957,19.0551,20.0,742.1
33958,19.0551,20.0,742.1
33959,19.0551,20.0,742.1
33960,19.0551,20.0,742.1
33961,19.0554,20.0,742.2
33962,19.0554,20.0,742.2
33963,19.0554,20.0,742.2
33964,19.0554,20.0,742.2
33965,19.0554,20.0,742.2
33966,19.0554,20.0,742.3
33967,19.0554,20.0,742.3
33968,19.0554,20.0,742.3
33969,19.0554,20.0,742.3
33970,19.0554,20.0,742.3
33971,19.0554,20.0,742.4
33972,19.0554,20.0,742.4
33973,19.0554,20.0,742.4
33974,19.0554,20.0,742.4
33975,19.0554,20.0,742.4
33976,19.0554,20.0,742.5
33977,19.0554,20.0,742.5
33978,19.0554,20.0,742.5
33979,19.0554,20.0,742.5
33980,19.0554,20.0,742.6
33981,19.0557,20.0,742.6
33982,19.0557,20.0,742.6
33983,19.0557,20.0,742.6
33984,19.0557,20.0,742.6
33985,19.0557,20.0,742.7
33986,19.0557,20.0,742.7
33987,19.0557,20.0,742.7
33988,19.0557,20.0,742.7
33989,19.0557,20.0,742.7
33990,19.0557,20.0,742.8
33991,19.0557,20.0,742.8
33992,19.0557,20.0,742.8
33993,19.0557,20.0,742.8
33994,19.0557,20.0,742.8
33995,19.0557,20.0,742.9
33996,19.0557,20.0,742.9
33997,19.0557,20.0,742.9
33998,19.0557,20.0,742.9
33999,19.0557,20.0,743.0
34000,19.0557,20.0,743.0
34001,19.0560,20.0,743.0
34002,19.0560,20.0,743.0
34003,19.0560,20.0,743.0
34004,19.0560,20.0,743.1
34005,19.0560,20.0,743.1
34006,19.0560,20.0,743.1
34007,19.0560,20.0,743.1
34008,19.0560,20.0,743.1
34009,19.0560,20.0,743.2
34010,19.0560,20.0,743.2
34011,19.0560,20.0,743.2
34012,19.0560,20.0,743.2
34013,19.0560,20.0,743.2
34014,19.0560,20.0,743.3
34015,19.0560,20.0,743.3
34016,19.0560,20.0,743.3
34017,19.0560,20.0,743.3
34018,19.0560,20.0,743.4
34019,19.0560,20.0,743.4
34020,19.0560,20.0,743.4
34021,19.0563,20.0,743.4
34022,19.0563,20.0,743.5
34023,19.0563,20.0,743.5
34024,19.0563,20.0,743.5
34025,19.0563,20.0,743.5
34026,19.0563,20.0,743.6
34027,19.0563,20.0,743.6
34028,19.0563,20.0,743.6
34029,19.0563,20.0,743.6
34030,19.0563,20.0,743.6
34031,19.0563,20.0,743.7
34032,19.0563,20.0,743.7
34033,19.0563,20.0,743.7
34034,19.0563,20.0,743.7
34035,19.0563,20.0,743.7
34036,19.0563,20.0,743.8
34037,19.0563,20.0,743.8
34038,19.0563,20.0,743.8
34039,19.0563,20.0,743.8
34040,19.0563,20.0,743.8
34041,19.0566,20.0,743.8
34042,19.0566,20.0,743.9
34043,19.0566,20.0,743.9
34044,19.0566,20.0,743.9
34045,19.0566,20.0,743.9
34046,19.0566,20.0,744.0
34047,19.0566,20.0,744.0
34048,19.0566,20.0,744.0
34049,19.0566,20.0,744.0
34050,19.0566,20.0,744.0
34051,19.0566,20.0,744.1
34052,19.0566,20.0,744.1
34053,19.0566,20.0,744.1
34054,19.0566,20.0,744.1
34055,19.0566,20.0,744.1
34056,19.0566,20.0,744.2
34057,19.0566,20.0,744.2
34058,19.0566,20.0,744.2
34059,19.0566,20.0,744.2
34060,19.0566,20.0,744.2
34061,19.0570,20.0,744.3
34062,19.0570,20.0,744.3
34063,19.0570,20.0,744.3
34064,19.0570,20.0,744.3
34065,19.0570,20.0,744.3
34066,19.0570,20.0,744.4
34067,19.0570,20.0,744.4
34068,19.0570,20.0,744.4
34069,19.0570,20.0,744.4
34070,19.0570,20.0,744.5
34071,19.0570,20.0,744.5
34072,19.0570,20.0,744.5
34073,19.0570,20.0,744.5
34074,19.0570,20.0,744.5
34075,19.0570,20.0,744.6
34076,19.0570,20.0,744.6
34077,19.0570,20.0,744.6
34078,19.0570,20.0,744.6
34079,19.0570,20.0,744.7
34080,19.0570,20.0,744.7
34081,19.0573,20.0,744.7
34082,19.0573,20.0,744.7
34083,19.0573,20.0,744.7
34084,19.0573,20.0,744.8
34085,19.0573,20.0,744.8
34086,19.0573,20.0,744.8
34087,19.0573,20.0,744.8
34088,19.0573,20.0,744.9
34089,19.0573,20.0,744.9
34090,19.0573,20.0,744.9
34091,19.0573,20.0,744.9
34092,19.0573,20.0,744.9
34093,19.0573,20.0,744.9
34094,19.0573,20.0,745.0
34095,19.0573,20.0,745.0
34096,19.0573,20.0,745.0
34097,19.0573,20.0,745.0
34098,19.0573,20.0,745.0
34099,19.0573,20.0,745.1
34100,19.0573,20.0,745.1
34101,19.0576,20.0,745.1
34102,19.0576,20.0,745.1
34103,19.0576,20.0,745.2
34104,19.0576,20.0,745.2
34105,19.0576,20.0,745.2
34106,19.0576,20.0,745.2
34107,19.0576,20.0,745.2
34108,19.0576,20.0,745.3
34109,19.0576,20.0,745.3
34110,19.0576,20.0,745.3
34111,19.0576,20.0,745.3
34112,19.0576,20.0,745.3
34113,19.0576,20.0,745.4
34114,19.0576,20.0,745.4
34115,19.0576,20.0,745.4
34116,19.0576,20.0,745.4
34117,19.0576,20.0,745.4
34118,19.0576,20.0,745.5
34119,19.0576,20.0,745.5
34120,19.0576,20.0,745.5
34121,19.0579,20.0,745.5
34122,19.0579,20.0,745.5
34123,19.0579,20.0,745.6
34124,19.0579,20.0,745.6
34125,19.0579,20.0,745.6
34126,19.0579,20.0,745.6
34127,19.0579,20.0,745.6
34128,19.0579,20.0,745.7
34129,19.0579,20.0,745.7
34130,19.0579,20.0,745.7
34131,19.0579,20.0,745.7
34132,19.0579,20.0,745.7
34133,19.0579,20.0,745.8
34134,19.0579,20.0,745.8
34135,19.0579,20.0,745.8
34136,19.0579,20.0,745.8
34137,19.0579,20.0,745.8
34138,19.0579,20.0,745.9
34139,19.0579,20.0,745.9
34140,19.0579,20.0,745.9
34141,19.0582,20.0,745.9
34142,19.0582,20.0,745.9
34143,19.0582,20.0,746.0
34144,19.0582,20.0,746.0
34145,19.0582,20.0,746.0
34146,19.0582,20.0,746.0
34147,19.0582,20.0,746.0
34148,19.0582,20.0,746.1
34149,19.0582,20.0,746.1
34150,19.0582,20.0,746.1
34151,19.0582,20.0,746.1
34152,19.0582,20.0,746.1
34153,19.0582,20.0,746.2
34154,19.0582,20.0,746.2
34155,19.0582,20.0,746.2
34156,19.0582,20.0,746.2
34157,19.0582,20.0,746.2
34158,19.0582,20.0,746.3
34159,19.0582,20.0,746.3
34160,19.0582,20.0,746.3
34161,19.0585,20.0,746.3
34162,19.0585,20.0,746.3
34163,19.0585,20.0,746.3
34164,19.0585,20.0,746.4
34165,19.0585,20.0,746.4
34166,19.0585,20.0,746.4
34167,19.0585,20.0,746.4
34168,19.0585,20.0,746.4
34169,19.0585,20.0,746.5
34170,19.0585,20.0,746.5
34171,19.0585,20.0,746.5
34172,19.0585,20.0,746.5
34173,19.0585,20.0,746.5
34174,19.0585,20.0,746.5
34175,19.0585,20.0,746.6
34176,19.0585,20.0,746.6
34177,19.0585,20.0,746.6
34178,19.0585,20.0,746.6
34179,19.0585,20.0,746.7
34180,19.0585,20.0,746.7
34181,19.0588,20.0,746.7
34182,19.0588,20.0,746.7
34183,19.0588,20.0,746.7
34184,19.0588,20.0,746.8
34185,19.0588,20.0,746.8
34186,19.0588,20.0,746.8
34187,19.0588,20.0,746.8
34188,19.0588,20.0,746.8
34189,19.0588,20.0,746.9
34190,19.0588,20.0,746.9
34191,19.0588,20.0,746.9
34192,19.0588,20.0,746.9
34193,19.0588,20.0,746.9
34194,19.0588,20.0,747.0
34195,19.0588,20.0,747.0
34196,19.0588,20.0,747.0
34197,19.0588,20.0,747.0
34198,19.0588,20.0,747.0
34199,19.0588,20.0,747.1
34200,19.0588,20.0,747.1
34201,19.0592,20.0,747.1
34202,19.0592,20.0,747.1
34203,19.0592,20.0,747.2
34204,19.0592,20.0,747.2
34205,19.0592,20.0,747.2
34206,19.0592,20.0,747.2
34207,19.0592,20.0,747.2
34208,19.0592,20.0,747.3
34209,19.0592,20.0,747.3
34210,19.0592,20.0,747.3
34211,19.0592,20.0,747.3
34212,19.0592,20.0,747.4
34213,19.0592,20.0,747.4
34214,19.0592,20.0,747.4
34215,19.0592,20.0,747.4
34216,19.0592,20.0,747.4
34217,19.0592,20.0,747.5
34218,19.0592,20.0,747.5
34219,19.0592,20.0,747.5
34220,19.0592,20.0,747.5
34221,19.0595,20.0,747.6
34222,19.0595,20.0,747.6
34223,19.0595,20.0,747.6
34224,19.0595,20.0,747.6
34225,19.0595,20.0,747.6
34226,19.0595,20.0,747.7
34227,19.0595,20.0,747.7
34228,19.0595,20.0,747.7
34229,19.0595,20.0,747.7
34230,19.0595,20.0,747.7
34231,19.0595,20.0,747.8
34232,19.0595,20.0,747.8
34233,19.0595,20.0,747.8
34234,19.0595,20.0,747.8
34235,19.0595,20.0,747.8
34236,19.0595,20.0,747.9
34237,19.0595,20.0,747.9
34238,19.0595,20.0,747.9
34239,19.0595,20.0,747.9
34240,19.0595,20.0,748.0
34241,19.0598,20.0,748.0
34242,19.0598,20.0,748.0
34243,19.0598,20.0,748.0
34244,19.0598,20.0,748.0
34245,19.0598,20.0,748.0
34246,19.0598,20.0,748.1
34247,19.0598,20.0,748.1
34248,19.0598,20.0,748.1
34249,19.0598,20.0,748.1
34250,19.0598,20.0,748.1
34251,19.0598,20.0,748.2
34252,19.0598,20.0,748.2
34253,19.0598,20.0,748.2
34254,19.0598,20.0,748.2
34255,19.0598,20.0,748.2
34256,19.0598,20.0,748.3
34257,19.0598,20.0,748.3
34258,19.0598,20.0,748.3
34259,19.0598,20.0,748.3
34260,19.0598,20.0,748.3
34261,19.0799,20.0,748.4
34262,19.0799,20.0,748.4
34263,19.0799,20.0,748.4
34264,19.0799,20.0,748.4
34265,19.0799,20.0,748.4
34266,19.0799,20.0,748.5
34267,19.0799,20.0,748.5
34268,19.0799,20.0,748.5
34269,19.0799,20.0,748.5
34270,19.0799,20.0,748.5
34271,19.0799,20.0,748.6
34272,19.0799,20.0,748.6
34273,19.0799,20.0,748.6
34274,19.0799,20.0,748.6
34275,19.0799,20.0,748.6
34276,19.0799,20.0,748.7
34277,19.0799,20.0,748.7
34278,19.0799,20.0,748.7
34279,19.0799,20.0,748.7
34280,19.0799,20.0,748.7
34281,19.0999,20.0,748.8
34282,19.0999,20.0,748.8
34283,19.0999,20.0,748.8
34284,19.0999,20.0,748.8
34285,19.0999,20.0,748.8
34286,19.0999,20.0,748.9
34287,19.0999,20.0,748.9
34288,19.0999,20.0,748.9
34289,19.0999,20.0,748.9
34290,19.0999,20.0,748.9
34291,19.0999,20.0,749.0
34292,19.0999,20.0,749.0
34293,19.0999,20.0,749.0
34294,19.0999,20.0,749.0
34295,19.0999,20.0,749.0
34296,19.0999,20.0,749.1
34297,19.0999,20.0,749.1
34298,19.0999,20.0,749.1
34299,19.0999,20.0,749.1
34300,19.0999,20.0,749.2
34301,19.1199,20.0,749.2
34302,19.1199,20.0,749.2
34303,19.1199,20.0,749.2
34304,19.1199,20.0,749.2
34305,19.1199,20.0,749.5
34306,19.1199,20.0,749.5
34307,19.1199,20.0,749.6
34308,19.1199,20.0,749.6
34309,19.1199,20.0,749.6
34310,19.1199,20.0,749.6
34311,19.1199,20.0,749.6
34312,19.1199,20.0,749.6
34313,19.1199,20.0,749.7
34314,19.1199,20.0,749.7
34315,19.1199,20.0,749.7
34316,19.1199,20.0,749.7
34317,19.1199,20.0,749.8
34318,19.1199,20.0,749.8
34319,19.1199,20.0,749.8
34320,19.1199,20.0,749.8
34321,19.0995,20.0,749.8
34322,19.0995,20.0,749.9
34323,19.0995,20.0,749.9
34324,19.0995,20.0,749.9
34325,19.0995,20.0,749.9
34326,19.0995,20.0,749.9
34327,19.0995,20.0,750.0
34328,19.0995,20.0,750.0
34329,19.0995,20.0,750.0
34330,19.0995,20.0,750.0
34331,19.0995,20.0,750.0
34332,19.0995,20.0,750.0
34333,19.0995,20.0,750.1
34334,19.0995,20.0,750.1
34335,19.0995,20.0,750.1
34336,19.0995,20.0,750.1
34337,19.0995,20.0,750.1
34338,19.0995,20.0,750.2
34339,19.0995,20.0,750.2
34340,19.0995,20.0,750.2
34341,19.0791,20.0,750.2
34342,19.0791,20.0,750.3
34343,19.0791,20.0,750.3
34344,19.0791,20.0,750.3
34345,19.0791,20.0,750.3
34346,19.0791,20.0,750.3
34347,19.0791,20.0,750.3
34348,19.0791,20.0,750.4
34349,19.0791,20.0,750.4
34350,19.0791,20.0,750.4
34351,19.0791,20.0,750.4
34352,19.0791,20.0,750.5
34353,19.0791,20.0,750.5
34354,19.0791,20.0,750.5
34355,19.0791,20.0,750.5
34356,19.0791,20.0,750.5
34357,19.0791,20.0,750.6
34358,19.0791,20.0,750.6
34359,19.0791,20.0,750.6
34360,19.0791,20.0,750.6
34361,19.0587,20.0,750.6
34362,19.0587,20.0,750.7
34363,19.0587,20.0,750.7
34364,19.0587,20.0,750.7
34365,19.0587,20.0,750.7
34366,19.0587,20.0,750.7
34367,19.0587,20.0,750.8
34368,19.0587,20.0,750.8
34369,19.0587,20.0,750.8
34370,19.0587,20.0,750.8
34371,19.0587,20.0,750.8
34372,19.0587,20.0,750.9
34373,19.0587,20.0,750.9
34374,19.0587,20.0,750.9
34375,19.0587,20.0,750.9
34376,19.0587,20.0,750.9
34377,19.0587,20.0,751.0
34378,19.0587,20.0,751.0
34379,19.0587,20.0,751.0
34380,19.0587,20.0,751.0
34381,19.0383,20.0,751.0
34382,19.0383,20.0,751.0
34383,19.0383,20.0,751.1
34384,19.0383,20.0,751.1
34385,19.0383,20.0,751.1
34386,19.0383,20.0,751.1
34387,19.0383,20.0,751.1
34388,19.0383,20.0,751.2
34389,19.0383,20.0,751.2
34390,19.0383,20.0,751.2
34391,19.0383,20.0,751.2
34392,19.0383,20.0,751.2
34393,19.0383,20.0,751.3
34394,19.0383,20.0,751.3
34395,19.0383,20.0,751.3
34396,19.0383,20.0,751.3
34397,19.0383,20.0,751.3
34398,19.0383,20.0,751.4
34399,19.0383,20.0,751.4
34400,19.0383,20.0,751.4
34401,19.0179,20.0,751.4
34402,19.0179,20.0,751.4
34403,19.0179,20.0,751.5
34404,19.0179,20.0,751.5
34405,19.0179,20.0,751.5
34406,19.0179,20.0,751.5
34407,19.0179,20.0,751.5
34408,19.0179,20.0,751.6
34409,19.0179,20.0,751.6
34410,19.0179,20.0,751.6
34411,19.0179,20.0,751.6
34412,19.0179,20.0,751.6
34413,19.0179,20.0,751.7
34414,19.0179,20.0,751.7
34415,19.0179,20.0,751.7
34416,19.0179,20.0,751.7
34417,19.0179,20.0,751.8
34418,19.0179,20.0,751.8
34419,19.0179,20.0,751.8
34420,19.0179,20.0,751.8
34421,18.9975,20.0,751.8
34422,18.9975,20.0,751.9
34423,18.9975,20.0,751.9
34424,18.9975,20.0,751.9
34425,18.9975,20.0,751.9
34426,18.9975,20.0,751.9
34427,18.9975,20.0,752.0
34428,18.9975,20.0,752.0
34429,18.9975,20.0,752.0
34430,18.9975,20.0,752.0
34431,18.9975,20.0,752.0
34432,18.9975,20.0,752.1
34433,18.9975,20.0,752.1
34434,18.9975,20.0,752.1
34435,18.9975,20.0,752.1
34436,18.9975,20.0,752.1
34437,18.9975,20.0,752.2
34438,18.9975,20.0,752.2
34439,18.9975,20.0,752.2
34440,18.9975,20.0,752.2
34441,18.9771,20.0,752.2
34442,18.9771,20.0,752.3
34443,18.9771,20.0,752.3
34444,18.9771,20.0,752.3
34445,18.9771,20.0,752.3
34446,18.9771,20.0,752.3
34447,18.9771,20.0,752.4
34448,18.9771,20.0,752.4
34449,18.9771,20.0,752.4
34450,18.9771,20.0,752.4
34451,18.9771,20.0,752.4
34452,18.9771,20.0,752.5
34453,18.9771,20.0,752.5
34454,18.9771,20.0,752.5
34455,18.9771,20.0,752.5
34456,18.9771,20.0,752.5
34457,18.9771,20.0,752.6
34458,18.9771,20.0,752.6
34459,18.9771,20.0,752.6
34460,18.9771,20.0,752.6
34461,18.9567,20.0,752.6
34462,18.9567,20.0,752.7
34463,18.9567,20.0,752.7
34464,18.9567,20.0,752.7
34465,18.9567,20.0,752.7
34466,18.9567,20.0,752.8
34467,18.9567,20.0,752.8
34468,18.9567,20.0,752.8
34469,18.9567,20.0,752.8
34470,18.9567,20.0,752.8
34471,18.9567,20.0,752.9
34472,18.9567,20.0,752.9
34473,18.9567,20.0,752.9
34474,18.9567,20.0,752.9
34475,18.9567,20.0,752.9
34476,18.9567,20.0,753.0
34477,18.9567,20.0,753.0
34478,18.9567,20.0,753.0
34479,18.9567,20.0,753.0
34480,18.9567,20.0,753.0
34481,18.9363,20.0,753.1
34482,18.9363,20.0,753.1
34483,18.9363,20.0,753.1
34484,18.9363,20.0,753.1
34485,18.9363,20.0,753.1
34486,18.9363,20.0,753.2
34487,18.9363,20.0,753.2
34488,18.9363,20.0,753.2
34489,18.9363,20.0,753.2
34490,18.9363,20.0,753.2
34491,18.9363,20.0,753.3
34492,18.9363,20.0,753.3
34493,18.9363,20.0,753.3
34494,18.9363,20.0,753.3
34495,18.9363,20.0,753.4
34496,18.9363,20.0,753.4
34497,18.9363,20.0,753.4
34498,18.9363,20.0,753.4
34499,18.9363,20.0,753.4
34500,18.9363,20.0,753.5
34501,18.9159,20.0,753.5
34502,18.9159,20.0,753.5
34503,18.9159,20.0,753.5
34504,18.9159,20.0,753.5
34505,18.9159,20.0,753.6
34506,18.9159,20.0,753.6
34507,18.9159,20.0,753.6
34508,18.9159,20.0,753.6
34509,18.9159,20.0,753.6
34510,18.9159,20.0,753.7
34511,18.9159,20.0,753.7
34512,18.9159,20.0,753.7
34513,18.9159,20.0,753.7
34514,18.9159,20.0,753.8
34515,18.9159,20.0,753.8
34516,18.9159,20.0,753.8
34517,18.9159,20.0,753.8
34518,18.9159,20.0,753.8
34519,18.9159,20.0,753.9
34520,18.9159,20.0,753.9
34521,18.8956,20.0,753.9
34522,18.8956,20.0,753.9
34523,18.8956,20.0,754.0
34524,18.8956,20.0,754.0
34525,18.8956,20.0,754.0
34526,18.8956,20.0,754.0
34527,18.8956,20.0,754.0
34528,18.8956,20.0,754.1
34529,18.8956,20.0,754.1
34530,18.8956,20.0,754.1
34531,18.8956,20.0,754.1
34532,18.8956,20.0,754.1
34533,18.8956,20.0,754.2
34534,18.8956,20.0,754.2
34535,18.8956,20.0,754.2
34536,18.8956,20.0,754.2
34537,18.8956,20.0,754.2
34538,18.8956,20.0,754.3
34539,18.8956,20.0,754.3
34540,18.8956,20.0,754.3
34541,18.8752,20.0,754.3
34542,18.8752,20.0,754.4
34543,18.8752,20.0,754.4
34544,18.8752,20.0,754.4
34545,18.8752,20.0,754.4
34546,18.8752,20.0,754.4
34547,18.8752,20.0,754.5
34548,18.8752,20.0,754.5
34549,18.8752,20.0,754.5
34550,18.8752,20.0,754.5
34551,18.8752,20.0,754.6
34552,18.8752,20.0,754.6
34553,18.8752,20.0,754.6
34554,18.8752,20.0,754.6
34555,18.8752,20.0,754.6
34556,18.8752,20.0,754.7
34557,18.8752,20.0,754.7
34558,18.8752,20.0,754.7
34559,18.8752,20.0,754.7
34560,18.8752,20.0,754.7
34561,18.8548,20.0,754.8
34562,18.8548,20.0,754.8
34563,18.8548,20.0,754.8
34564,18.8548,20.0,754.8
34565,18.8548,20.0,754.8
34566,18.8548,20.0,754.9
34567,18.8548,20.0,754.9
34568,18.8548,20.0,754.9
34569,18.8548,20.0,754.9
34570,18.8548,20.0,754.9
34571,18.8548,20.0,755.0
34572,18.8548,20.0,755.0
34573,18.8548,20.0,755.0
34574,18.8548,20.0,755.0
34575,18.8548,20.0,755.0
34576,18.8548,20.0,755.0
34577,18.8548,20.0,755.1
34578,18.8548,20.0,755.1
34579,18.8548,20.0,755.1
34580,18.8548,20.0,755.1
34581,18.8344,20.0,755.1
34582,18.8344,20.0,755.2
34583,18.8344,20.0,755.2
34584,18.8344,20.0,755.2
34585,18.8344,20.0,755.2
34586,18.8344,20.0,755.2
34587,18.8344,20.0,755.3
34588,18.8344,20.0,755.3
34589,18.8344,20.0,755.3
34590,18.8344,20.0,755.3
34591,18.8344,20.0,755.3
34592,18.8344,20.0,755.4
34593,18.8344,20.0,755.4
34594,18.8344,20.0,755.4
34595,18.8344,20.0,755.4
34596,18.8344,20.0,755.4
34597,18.8344,20.0,755.5
34598,18.8344,20.0,755.5
34599,18.8344,20.0,755.5
34600,18.8344,20.0,755.5
34601,18.8140,20.0,755.5
34602,18.8140,20.0,755.6
34603,18.8140,20.0,755.6
34604,18.8140,20.0,755.6
34605,18.8140,20.0,755.6
34606,18.8140,20.0,755.6
34607,18.8140,20.0,755.7
34608,18.8140,20.0,755.7
34609,18.8140,20.0,755.7
34610,18.8140,20.0,755.7
34611,18.8140,20.0,755.7
34612,18.8140,20.0,755.8
34613,18.8140,20.0,755.8
34614,18.8140,20.0,755.8
34615,18.8140,20.0,755.8
34616,18.8140,20.0,755.8
34617,18.8140,20.0,755.9
34618,18.8140,20.0,755.9
34619,18.8140,20.0,755.9
34620,18.8140,20.0,755.9
34621,18.7936,20.0,755.9
34622,18.7936,20.0,756.0
34623,18.7936,20.0,756.0
34624,18.7936,20.0,756.0
34625,18.7936,20.0,756.0
34626,18.7936,20.0,756.0
34627,18.7936,20.0,756.1
34628,18.7936,20.0,756.1
34629,18.7936,20.0,756.1
34630,18.7936,20.0,756.1
34631,18.7936,20.0,756.1
34632,18.7936,20.0,756.2
34633,18.7936,20.0,756.2
34634,18.7936,20.0,756.2
34635,18.7936,20.0,756.2
34636,18.7936,20.0,756.2
34637,18.7936,20.0,756.3
34638,18.7936,20.0,756.3
34639,18.7936,20.0,756.3
34640,18.7936,20.0,756.3
34641,18.7732,20.0,756.4
34642,18.7732,20.0,756.4
34643,18.7732,20.0,756.4
34644,18.7732,20.0,756.4
34645,18.7732,20.0,756.4
34646,18.7732,20.0,756.5
34647,18.7732,20.0,756.5
34648,18.7732,20.0,756.5
34649,18.7732,20.0,756.5
34650,18.7732,20.0,756.5
34651,18.7732,20.0,756.6
34652,18.7732,20.0,756.6
34653,18.7732,20.0,756.6
34654,18.7732,20.0,756.6
34655,18.7732,20.0,756.6
34656,18.7732,20.0,756.7
34657,18.7732,20.0,756.7
34658,18.7732,20.0,756.7
34659,18.7732,20.0,756.7
34660,18.7732,20.0,756.8
34661,18.7528,20.0,756.8
34662,18.7528,20.0,756.8
34663,18.7528,20.0,756.8
34664,18.7528,20.0,756.9
34665,18.7528,20.0,756.9
34666,18.7528,20.0,756.9
34667,18.7528,20.0,756.9
34668,18.7528,20.0,756.9
34669,18.7528,20.0,757.0
34670,18.7528,20.0,757.0
34671,18.7528,20.0,757.0
34672,18.7528,20.0,757.0
34673,18.7528,20.0,757.0
34674,18.7528,20.0,757.1
34675,18.7528,20.0,757.1
34676,18.7528,20.0,757.1
34677,18.7528,20.0,757.1
34678,18.7528,20.0,757.1
34679,18.7528,20.0,757.2
34680,18.7528,20.0,757.2
34681,18.7324,20.0,757.2
34682,18.7324,20.0,757.2
34683,18.7324,20.0,757.2
34684,18.7324,20.0,757.3
34685,18.7324,20.0,757.3
34686,18.7324,20.0,757.3
34687,18.7324,20.0,757.3
34688,18.7324,20.0,757.3
34689,18.7324,20.0,757.4
34690,18.7324,20.0,757.4
34691,18.7324,20.0,757.4
34692,18.7324,20.0,757.4
34693,18.7324,20.0,757.4
34694,18.7324,20.0,757.5
34695,18.7324,20.0,757.5
34696,18.7324,20.0,757.5
34697,18.7324,20.0,757.5
34698,18.7324,20.0,757.6
34699,18.7324,20.0,757.6
34700,18.7324,20.0,757.6
34701,18.7120,20.0,757.6
34702,18.7120,20.0,757.6
34703,18.7120,20.0,757.7
34704,18.7120,20.0,757.7
34705,18.7120,20.0,757.7
34706,18.7120,20.0,757.7
34707,18.7120,20.0,757.8
34708,18.7120,20.0,757.8
34709,18.7120,20.0,757.8
34710,18.7120,20.0,757.8
34711,18.7120,20.0,757.9
34712,18.7120,20.0,757.9
34713,18.7120,20.0,757.9
34714,18.7120,20.0,757.9
34715,18.7120,20.0,757.9
34716,18.7120,20.0,758.0
34717,18.7120,20.0,758.0
34718,18.7120,20.0,758.0
34719,18.7120,20.0,758.0
34720,18.7120,20.0,758.0
34721,18.6916,20.0,758.0
34722,18.6916,20.0,758.1
34723,18.6916,20.0,758.1
34724,18.6916,20.0,758.1
34725,18.6916,20.0,758.1
34726,18.6916,20.0,758.2
34727,18.6916,20.0,758.2
34728,18.6916,20.0,758.2
34729,18.6916,20.0,758.2
34730,18.6916,20.0,758.2
34731,18.6916,20.0,758.3
34732,18.6916,20.0,758.3
34733,18.6916,20.0,758.3
34734,18.6916,20.0,758.3
34735,18.6916,20.0,758.4
34736,18.6916,20.0,758.4
34737,18.6916,20.0,758.4
34738,18.6916,20.0,758.4
34739,18.6916,20.0,758.4
34740,18.6916,20.0,758.5
34741,18.6712,20.0,758.5
34742,18.6712,20.0,758.5
34743,18.6712,20.0,758.5
34744,18.6712,20.0,758.6
34745,18.6712,20.0,758.6
34746,18.6712,20.0,758.6
34747,18.6712,20.0,758.6
34748,18.6712,20.0,758.6
34749,18.6712,20.0,758.7
34750,18.6712,20.0,758.7
34751,18.6712,20.0,758.7
34752,18.6712,20.0,758.7
34753,18.6712,20.0,758.7
34754,18.6712,20.0,758.8
34755,18.6712,20.0,758.8
34756,18.6712,20.0,758.8
34757,18.6712,20.0,758.8
34758,18.6712,20.0,758.8
34759,18.6712,20.0,758.9
34760,18.6712,20.0,758.9
34761,18.6508,20.0,758.9
34762,18.6508,20.0,758.9
34763,18.6508,20.0,759.0
34764,18.6508,20.0,759.0
34765,18.6508,20.0,759.0
34766,18.6508,20.0,759.0
34767,18.6508,20.0,759.0
34768,18.6508,20.0,759.1
34769,18.6508,20.0,759.1
34770,18.6508,20.0,759.1
34771,18.6508,20.0,759.1
34772,18.6508,20.0,759.2
34773,18.6508,20.0,759.2
34774,18.6508,20.0,759.2
34775,18.6508,20.0,759.2
34776,18.6508,20.0,759.2
34777,18.6508,20.0,759.3
34778,18.6508,20.0,759.3
34779,18.6508,20.0,759.3
34780,18.6508,20.0,759.3
34781,18.6305,20.0,759.3
34782,18.6305,20.0,759.4
34783,18.6305,20.0,759.4
34784,18.6305,20.0,759.4
34785,18.6305,20.0,759.4
34786,18.6305,20.0,759.4
34787,18.6305,20.0,759.5
34788,18.6305,20.0,759.5
34789,18.6305,20.0,759.5
34790,18.6305,20.0,759.5
34791,18.6305,20.0,759.5
34792,18.6305,20.0,759.5
34793,18.6305,20.0,759.6
34794,18.6305,20.0,759.6
34795,18.6305,20.0,759.6
34796,18.6305,20.0,759.6
34797,18.6305,20.0,759.6
34798,18.6305,20.0,759.7
34799,18.6305,20.0,759.7
34800,18.6305,20.0,759.7
34801,18.6101,20.0,759.7
34802,18.6101,20.0,759.7
34803,18.6101,20.0,759.8
34804,18.6101,20.0,759.8
34805,18.6101,20.0,759.8
34806,18.6101,20.0,759.8
34807,18.6101,20.0,759.9
34808,18.6101,20.0,759.9
34809,18.6101,20.0,759.9
34810,18.6101,20.0,759.9
34811,18.6101,20.0,759.9
34812,18.6101,20.0,760.0
34813,18.6101,20.0,760.0
34814,18.6101,20.0,760.0
34815,18.6101,20.0,760.0
34816,18.6101,20.0,760.1
34817,18.6101,20.0,760.4
34818,18.6101,20.0,760.4
34819,18.6101,20.0,760.4
34820,18.6101,20.0,760.4
34821,18.5898,20.0,760.4
34822,18.5898,20.0,760.5
34823,18.5898,20.0,760.5
34824,18.5898,20.0,760.5
34825,18.5898,20.0,760.5
34826,18.5898,20.0,760.6
34827,18.5898,20.0,760.6
34828,18.5898,20.0,760.6
34829,18.5898,20.0,760.6
34830,18.5898,20.0,760.6
34831,18.5898,20.0,760.7
34832,18.5898,20.0,760.7
34833,18.5898,20.0,760.7
34834,18.5898,20.0,760.7
34835,18.5898,20.0,760.8
34836,18.5898,20.0,760.8
34837,18.5898,20.0,760.8
34838,18.5898,20.0,760.8
34839,18.5898,20.0,760.8
34840,18.5898,20.0,760.9
34841,18.5692,20.0,760.9
34842,18.5692,20.0,760.9
34843,18.5692,20.0,760.9
34844,18.5692,20.0,761.0
34845,18.5692,20.0,761.0
34846,18.5692,20.0,761.0
34847,18.5692,20.0,761.0
34848,18.5692,20.0,761.0
34849,18.5692,20.0,761.1
34850,18.5692,20.0,761.1
34851,18.5692,20.0,761.1
34852,18.5692,20.0,761.1
34853,18.5692,20.0,761.1
34854,18.5692,20.0,761.2
34855,18.5692,20.0,761.2
34856,18.5692,20.0,761.2
34857,18.5692,20.0,761.2
34858,18.5692,20.0,761.3
34859,18.5692,20.0,761.3
34860,18.5692,20.0,761.3
34861,18.5485,20.0,761.3
34862,18.5485,20.0,761.3
34863,18.5485,20.0,761.4
34864,18.5485,20.0,761.4
34865,18.5485,20.0,761.4
34866,18.5485,20.0,761.4
34867,18.5485,20.0,761.5
34868,18.5485,20.0,761.5
34869,18.5485,20.0,761.5
34870,18.5485,20.0,761.5
34871,18.5485,20.0,761.5
34872,18.5485,20.0,761.6
34873,18.5485,20.0,761.6
34874,18.5485,20.0,761.6
34875,18.5485,20.0,761.6
34876,18.5485,20.0,761.7
34877,18.5485,20.0,761.7
34878,18.5485,20.0,761.7
34879,18.5485,20.0,761.7
34880,18.5485,20.0,761.7
34881,18.5279,20.0,761.7
34882,18.5279,20.0,761.8
34883,18.5279,20.0,761.8
34884,18.5279,20.0,761.8
34885,18.5279,20.0,761.8
34886,18.5279,20.0,761.9
34887,18.5279,20.0,761.9
34888,18.5279,20.0,761.9
34889,18.5279,20.0,761.9
34890,18.5279,20.0,761.9
34891,18.5279,20.0,762.0
34892,18.5279,20.0,762.0
34893,18.5279,20.0,762.0
34894,18.5279,20.0,762.0
34895,18.5279,20.0,762.0
34896,18.5279,20.0,762.1
34897,18.5279,20.0,762.1
34898,18.5279,20.0,762.1
34899,18.5279,20.0,762.1
34900,18.5279,20.0,762.1
34901,18.5073,20.0,762.2
34902,18.5073,20.0,762.2
34903,18.5073,20.0,762.2
34904,18.5073,20.0,762.2
34905,18.5073,20.0,762.3
34906,18.5073,20.0,762.3
34907,18.5073,20.0,762.3
34908,18.5073,20.0,762.3
34909,18.5073,20.0,762.3
34910,18.5073,20.0,762.4
34911,18.5073,20.0,762.4
34912,18.5073,20.0,762.4
34913,18.5073,20.0,762.4
34914,18.5073,20.0,762.4
34915,18.5073,20.0,762.4
34916,18.5073,20.0,762.5
34917,18.5073,20.0,762.5
34918,18.5073,20.0,762.5
34919,18.5073,20.0,762.5
34920,18.5073,20.0,762.5
34921,18.4867,20.0,762.6
34922,18.4867,20.0,762.6
34923,18.4867,20.0,762.6
34924,18.4867,20.0,762.6
34925,18.4867,20.0,762.6
34926,18.4867,20.0,762.7
34927,18.4867,20.0,762.7
34928,18.4867,20.0,762.7
34929,18.4867,20.0,762.7
34930,18.4867,20.0,762.8
34931,18.4867,20.0,762.8
34932,18.4867,20.0,762.8
34933,18.4867,20.0,762.8
34934,18.4867,20.0,762.9
34935,18.4867,20.0,762.9
34936,18.4867,20.0,762.9
34937,18.4867,20.0,762.9
34938,18.4867,20.0,762.9
34939,18.4867,20.0,763.0
34940,18.4867,20.0,763.0
34941,18.4661,20.0,763.0
34942,18.4661,20.0,763.0
34943,18.4661,20.0,763.0
34944,18.4661,20.0,763.1
34945,18.4661,20.0,763.1
34946,18.4661,20.0,763.1
34947,18.4661,20.0,763.1
34948,18.4661,20.0,763.2
34949,18.4661,20.0,763.2
34950,18.4661,20.0,763.2
34951,18.4661,20.0,763.2
34952,18.4661,20.0,763.2
34953,18.4661,20.0,763.3
34954,18.4661,20.0,763.3
34955,18.4661,20.0,763.3
34956,18.4661,20.0,763.3
34957,18.4661,20.0,763.3
34958,18.4661,20.0,763.4
34959,18.4661,20.0,763.4
34960,18.4661,20.0,763.4
34961,18.4455,20.0,763.4
34962,18.4455,20.0,763.4
34963,18.4455,20.0,763.4
34964,18.4455,20.0,763.5
34965,18.4455,20.0,763.5
34966,18.4455,20.0,763.5
34967,18.4455,20.0,763.5
34968,18.4455,20.0,763.5
34969,18.4455,20.0,763.6
34970,18.4455,20.0,763.6
34971,18.4455,20.0,763.6
34972,18.4455,20.0,763.6
34973,18.4455,20.0,763.6
34974,18.4455,20.0,763.7
34975,18.4455,20.0,763.7
34976,18.4455,20.0,763.7
34977,18.4455,20.0,763.7
34978,18.4455,20.0,763.7
34979,18.4455,20.0,763.8
34980,18.4455,20.0,763.8
34981,18.4248,20.0,763.8
34982,18.4248,20.0,763.8
34983,18.4248,20.0,763.9
34984,18.4248,20.0,763.9
34985,18.4248,20.0,763.9
34986,18.4248,20.0,763.9
34987,18.4248,20.0,763.9
34988,18.4248,20.0,763.9
34989,18.4248,20.0,764.0
34990,18.4248,20.0,764.0
34991,18.4248,20.0,764.0
34992,18.4248,20.0,764.0
34993,18.4248,20.0,764.0
34994,18.4248,20.0,764.1
34995,18.4248,20.0,764.1
34996,18.4248,20.0,764.1
34997,18.4248,20.0,764.1
34998,18.4248,20.0,764.2
34999,18.4248,20.0,764.2
35000,18.4248,20.0,764.2
35001,18.4042,20.0,764.2
35002,18.4042,20.0,764.2
35003,18.4042,20.0,764.3
35004,18.4042,20.0,764.3
35005,18.4042,20.0,764.3
35006,18.4042,20.0,764.3
35007,18.4042,20.0,764.3
35008,18.4042,20.0,764.4
35009,18.4042,20.0,764.4
35010,18.4042,20.0,764.4
35011,18.4042,20.0,764.4
35012,18.4042,20.0,764.4
35013,18.4042,20.0,764.5
35014,18.4042,20.0,764.5
35015,18.4042,20.0,764.5
35016,18.4042,20.0,764.5
35017,18.4042,20.0,764.5
35018,18.4042,20.0,764.5
35019,18.4042,20.0,764.6
35020,18.4042,20.0,764.6
35021,18.3836,20.0,764.6
35022,18.3836,20.0,764.6
35023,18.3836,20.0,764.6
35024,18.3836,20.0,764.7
35025,18.3836,20.0,764.7
35026,18.3836,20.0,764.7
35027,18.3836,20.0,764.7
35028,18.3836,20.0,764.8
35029,18.3836,20.0,764.8
35030,18.3836,20.0,764.8
35031,18.3836,20.0,764.8
35032,18.3836,20.0,764.8
35033,18.3836,20.0,764.9
35034,18.3836,20.0,764.9
35035,18.3836,20.0,764.9
35036,18.3836,20.0,764.9
35037,18.3836,20.0,765.0
35038,18.3836,20.0,765.0
35039,18.3836,20.0,765.0
35040,18.3836,20.0,765.0
35041,18.3630,20.0,765.1
35042,18.3630,20.0,765.1
35043,18.3630,20.0,765.1
35044,18.3630,20.0,765.1
35045,18.3630,20.0,765.1
35046,18.3630,20.0,765.2
35047,18.3630,20.0,765.2
35048,18.3630,20.0,765.2
35049,18.3630,20.0,765.2
35050,18.3630,20.0,765.2
35051,18.3630,20.0,765.2
35052,18.3630,20.0,765.3
35053,18.3630,20.0,765.3
35054,18.3630,20.0,765.3
35055,18.3630,20.0,765.3
35056,18.3630,20.0,765.4
35057,18.3630,20.0,765.4
35058,18.3630,20.0,765.4
35059,18.3630,20.0,765.4
35060,18.3630,20.0,765.4
35061,18.3424,20.0,765.5
35062,18.3424,20.0,765.5
35063,18.3424,20.0,765.5
35064,18.3424,20.0,765.5
35065,18.3424,20.0,765.5
35066,18.3424,20.0,765.6
35067,18.3424,20.0,765.6
35068,18.3424,20.0,765.6
35069,18.3424,20.0,765.6
35070,18.3424,20.0,765.6
35071,18.3424,20.0,765.7
35072,18.3424,20.0,765.7
35073,18.3424,20.0,765.7
35074,18.3424,20.0,765.7
35075,18.3424,20.0,765.7
35076,18.3424,20.0,765.8
35077,18.3424,20.0,765.8
35078,18.3424,20.0,765.8
35079,18.3424,20.0,765.8
35080,18.3424,20.0,765.8
35081,18.3218,20.0,765.9
35082,18.3218,20.0,765.9
35083,18.3218,20.0,765.9
35084,18.3218,20.0,765.9
35085,18.3218,20.0,765.9
35086,18.3218,20.0,766.0
35087,18.3218,20.0,766.0
35088,18.3218,20.0,766.0
35089,18.3218,20.0,766.0
35090,18.3218,20.0,766.1
35091,18.3218,20.0,766.1
35092,18.3218,20.0,766.1
35093,18.3218,20.0,766.1
35094,18.3218,20.0,766.1
35095,18.3218,20.0,766.2
35096,18.3218,20.0,766.2
35097,18.3218,20.0,766.2
35098,18.3218,20.0,766.2
35099,18.3218,20.0,766.2
35100,18.3218,20.0,766.3
35101,18.3011,20.0,766.3
35102,18.3011,20.0,766.3
35103,18.3011,20.0,766.3
35104,18.3011,20.0,766.4
35105,18.3011,20.0,766.4
35106,18.3011,20.0,766.4
35107,18.3011,20.0,766.4
35108,18.3011,20.0,766.4
35109,18.3011,20.0,766.5
35110,18.3011,20.0,766.5
35111,18.3011,20.0,766.5
35112,18.3011,20.0,766.5
35113,18.3011,20.0,766.6
35114,18.3011,20.0,766.6
35115,18.3011,20.0,766.6
35116,18.3011,20.0,766.6
35117,18.3011,20.0,766.6
35118,18.3011,20.0,766.7
35119,18.3011,20.0,766.7
35120,18.3011,20.0,766.7
35121,18.2805,20.0,766.7
35122,18.2805,20.0,766.7
35123,18.2805,20.0,766.8
35124,18.2805,20.0,766.8
35125,18.2805,20.0,766.8
35126,18.2805,20.0,766.8
35127,18.2805,20.0,766.9
35128,18.2805,20.0,766.9
35129,18.2805,20.0,766.9
35130,18.2805,20.0,766.9
35131,18.2805,20.0,767.0
35132,18.2805,20.0,767.0
35133,18.2805,20.0,767.0
35134,18.2805,20.0,767.0
35135,18.2805,20.0,767.0
35136,18.2805,20.0,767.1
35137,18.2805,20.0,767.1
35138,18.2805,20.0,767.1
35139,18.2805,20.0,767.1
35140,18.2805,20.0,767.1
35141,18.2599,20.0,767.2
35142,18.2599,20.0,767.2
35143,18.2599,20.0,767.2
35144,18.2599,20.0,767.2
35145,18.2599,20.0,767.3
35146,18.2599,20.0,767.3
35147,18.2599,20.0,767.3
35148,18.2599,20.0,767.3
35149,18.2599,20.0,767.3
35150,18.2599,20.0,767.3
35151,18.2599,20.0,767.4
35152,18.2599,20.0,767.4
35153,18.2599,20.0,767.4
35154,18.2599,20.0,767.4
35155,18.2599,20.0,767.4
35156,18.2599,20.0,767.5
35157,18.2599,20.0,767.5
35158,18.2599,20.0,767.5
35159,18.2599,20.0,767.5
35160,18.2599,20.0,767.5
35161,18.2393,20.0,767.6
35162,18.2393,20.0,767.6
35163,18.2393,20.0,767.6
35164,18.2393,20.0,767.6
35165,18.2393,20.0,767.6
35166,18.2393,20.0,767.7
35167,18.2393,20.0,767.7
35168,18.2393,20.0,767.7
35169,18.2393,20.0,767.7
35170,18.2393,20.0,767.7
35171,18.2393,20.0,767.8
35172,18.2393,20.0,767.8
35173,18.2393,20.0,767.8
35174,18.2393,20.0,767.8
35175,18.2393,20.0,767.9
35176,18.2393,20.0,767.9
35177,18.2393,20.0,767.9
35178,18.2393,20.0,767.9
35179,18.2393,20.0,767.9
35180,18.2393,20.0,768.0
35181,18.2187,20.0,768.0
35182,18.2187,20.0,768.0
35183,18.2187,20.0,768.0
35184,18.2187,20.0,768.0
35185,18.2187,20.0,768.1
35186,18.2187,20.0,768.1
35187,18.2187,20.0,768.1
35188,18.2187,20.0,768.1
35189,18.2187,20.0,768.1
35190,18.2187,20.0,768.2
35191,18.2187,20.0,768.2
35192,18.2187,20.0,768.2
35193,18.2187,20.0,768.2
35194,18.2187,20.0,768.2
35195,18.2187,20.0,768.3
35196,18.2187,20.0,768.3
35197,18.2187,20.0,768.3
35198,18.2187,20.0,768.3
35199,18.2187,20.0,768.3
35200,18.2187,20.0,768.4
35201,18.1981,20.0,768.4
35202,18.1981,20.0,768.4
35203,18.1981,20.0,768.4
35204,18.1981,20.0,768.4
35205,18.1981,20.0,768.4
35206,18.1981,20.0,768.5
35207,18.1981,20.0,768.5
35208,18.1981,20.0,768.5
35209,18.1981,20.0,768.5
35210,18.1981,20.0,768.5
35211,18.1981,20.0,768.6
35212,18.1981,20.0,768.6
35213,18.1981,20.0,768.6
35214,18.1981,20.0,768.6
35215,18.1981,20.0,768.6
35216,18.1981,20.0,768.7
35217,18.1981,20.0,768.7
35218,18.1981,20.0,768.7
35219,18.1981,20.0,768.7
35220,18.1981,20.0,768.7
35221,18.1775,20.0,768.8
35222,18.1775,20.0,768.8
35223,18.1775,20.0,768.8
35224,18.1775,20.0,768.8
35225,18.1775,20.0,768.8
35226,18.1775,20.0,768.9
35227,18.1775,20.0,768.9
35228,18.1775,20.0,768.9
35229,18.1775,20.0,768.9
35230,18.1775,20.0,768.9
35231,18.1775,20.0,769.0
35232,18.1775,20.0,769.0
35233,18.1775,20.0,769.0
35234,18.1775,20.0,769.0
35235,18.1775,20.0,769.0
35236,18.1775,20.0,769.1
35237,18.1775,20.0,769.1
35238,18.1775,20.0,769.1
35239,18.1775,20.0,769.1
35240,18.1775,20.0,769.1
35241,18.1568,20.0,769.2
35242,18.1568,20.0,769.2
35243,18.1568,20.0,769.2
35244,18.1568,20.0,769.2
35245,18.1568,20.0,769.2
35246,18.1568,20.0,769.2
35247,18.1568,20.0,769.3
35248,18.1568,20.0,769.3
35249,18.1568,20.0,769.3
35250,18.1568,20.0,769.3
35251,18.1568,20.0,769.3
35252,18.1568,20.0,769.4
35253,18.1568,20.0,769.4
35254,18.1568,20.0,769.4
35255,18.1568,20.0,769.4
35256,18.1568,20.0,769.5
35257,18.1568,20.0,769.5
35258,18.1568,20.0,769.5
35259,18.1568,20.0,769.5
35260,18.1568,20.0,769.6
35261,18.1362,20.0,769.6
35262,18.1362,20.0,769.6
35263,18.1362,20.0,769.6
35264,18.1362,20.0,769.6
35265,18.1362,20.0,769.7
35266,18.1362,20.0,769.7
35267,18.1362,20.0,769.7
35268,18.1362,20.0,769.7
35269,18.1362,20.0,769.7
35270,18.1362,20.0,769.8
35271,18.1362,20.0,769.8
35272,18.1362,20.0,769.8
35273,18.1362,20.0,769.8
35274,18.1362,20.0,769.8
35275,18.1362,20.0,769.9
35276,18.1362,20.0,769.9
35277,18.1362,20.0,769.9
35278,18.1362,20.0,769.9
35279,18.1362,20.0,770.0
35280,18.1362,20.0,770.0
35281,18.1156,20.0,770.0
35282,18.1156,20.0,770.0
35283,18.1156,20.0,770.0
35284,18.1156,20.0,770.1
35285,18.1156,20.0,770.1
35286,18.1156,20.0,770.1
35287,18.1156,20.0,770.1
35288,18.1156,20.0,770.1
35289,18.1156,20.0,770.2
35290,18.1156,20.0,770.2
35291,18.1156,20.0,770.2
35292,18.1156,20.0,770.2
35293,18.1156,20.0,770.2
35294,18.1156,20.0,770.3
35295,18.1156,20.0,770.3
35296,18.1156,20.0,770.3
35297,18.1156,20.0,770.3
35298,18.1156,20.0,770.3
35299,18.1156,20.0,770.3
35300,18.1156,20.0,770.4
35301,18.0754,20.0,770.4
35302,18.0754,20.0,770.4
35303,18.0754,20.0,770.4
35304,18.0754,20.0,770.4
35305,18.0754,20.0,770.5
35306,18.0754,20.0,770.5
35307,18.0754,20.0,770.5
35308,18.0754,20.0,770.5
35309,18.0754,20.0,770.5
35310,18.0754,20.0,770.6
35311,18.0754,20.0,770.6
35312,18.0754,20.0,770.6
35313,18.0754,20.0,770.6
35314,18.0754,20.0,770.6
35315,18.0754,20.0,770.7
35316,18.0754,20.0,770.7
35317,18.0754,20.0,770.7
35318,18.0754,20.0,770.7
35319,18.0754,20.0,770.7
35320,18.0754,20.0,770.8
35321,18.0352,20.0,770.8
35322,18.0352,20.0,770.8
35323,18.0352,20.0,770.8
35324,18.0352,20.0,770.8
35325,18.0352,20.0,770.9
35326,18.0352,20.0,770.9
35327,18.0352,20.0,770.9
35328,18.0352,20.0,770.9
35329,18.0352,20.0,771.2
35330,18.0352,20.0,771.2
35331,18.0352,20.0,771.2
35332,18.0352,20.0,771.3
35333,18.0352,20.0,771.3
35334,18.0352,20.0,771.3
35335,18.0352,20.0,771.3
35336,18.0352,20.0,771.3
35337,18.0352,20.0,771.3
35338,18.0352,20.0,771.4
35339,18.0352,20.0,771.4
35340,18.0352,20.0,771.4
35341,17.9751,20.0,771.4
35342,17.9751,20.0,771.4
35343,17.9751,20.0,771.5
35344,17.9751,20.0,771.5
35345,17.9751,20.0,771.5
35346,17.9751,20.0,771.5
35347,17.9751,20.0,771.5
35348,17.9751,20.0,771.6
35349,17.9751,20.0,771.6
35350,17.9751,20.0,771.6
35351,17.9751,20.0,771.6
35352,17.9751,20.0,771.7
35353,17.9751,20.0,771.7
35354,17.9751,20.0,771.7
35355,17.9751,20.0,771.7
35356,17.9751,20.0,771.7
35357,17.9751,20.0,771.8
35358,17.9751,20.0,771.8
35359,17.9751,20.0,771.8
35360,17.9751,20.0,771.8
35361,17.9149,20.0,771.8
35362,17.9149,20.0,771.9
35363,17.9149,20.0,771.9
35364,17.9149,20.0,771.9
35365,17.9149,20.0,771.9
35366,17.9149,20.0,771.9
35367,17.9149,20.0,772.0
35368,17.9149,20.0,772.0
35369,17.9149,20.0,772.0
35370,17.9149,20.0,772.0
35371,17.9149,20.0,772.0
35372,17.9149,20.0,772.1
35373,17.9149,20.0,772.1
35374,17.9149,20.0,772.1
35375,17.9149,20.0,772.1
35376,17.9149,20.0,772.2
35377,17.9149,20.0,772.2
35378,17.9149,20.0,772.2
35379,17.9149,20.0,772.2
35380,17.9149,20.0,772.2
35381,17.8547,20.0,772.3
35382,17.8547,20.0,772.3
35383,17.8547,20.0,772.3
35384,17.8547,20.0,772.3
35385,17.8547,20.0,772.3
35386,17.8547,20.0,772.4
35387,17.8547,20.0,772.4
35388,17.8547,20.0,772.4
35389,17.8547,20.0,772.4
35390,17.8547,20.0,772.5
35391,17.8547,20.0,772.5
35392,17.8547,20.0,772.5
35393,17.8547,20.0,772.5
35394,17.8547,20.0,772.5
35395,17.8547,20.0,772.6
35396,17.8547,20.0,772.6
35397,17.8547,20.0,772.6
35398,17.8547,20.0,772.6
35399,17.8547,20.0,772.6
35400,17.8547,20.0,772.7
35401,17.7946,20.0,772.7
35402,17.7946,20.0,772.7
35403,17.7946,20.0,772.7
35404,17.7946,20.0,772.7
35405,17.7946,20.0,772.8
35406,17.7946,20.0,772.8
35407,17.7946,20.0,772.8
35408,17.7946,20.0,772.8
35409,17.7946,20.0,772.8
35410,17.7946,20.0,772.9
35411,17.7946,20.0,772.9
35412,17.7946,20.0,772.9
35413,17.7946,20.0,772.9
35414,17.7946,20.0,773.0
35415,17.7946,20.0,773.0
35416,17.7946,20.0,773.0
35417,17.7946,20.0,773.0
35418,17.7946,20.0,773.0
35419,17.7946,20.0,773.0
35420,17.7946,20.0,773.1
35421,17.7344,20.0,773.1
35422,17.7344,20.0,773.1
35423,17.7344,20.0,773.1
35424,17.7344,20.0,773.2
35425,17.7344,20.0,773.2
35426,17.7344,20.0,773.2
35427,17.7344,20.0,773.2
35428,17.7344,20.0,773.2
35429,17.7344,20.0,773.2
35430,17.7344,20.0,773.3
35431,17.7344,20.0,773.3
35432,17.7344,20.0,773.3
35433,17.7344,20.0,773.3
35434,17.7344,20.0,773.4
35435,17.7344,20.0,773.4
35436,17.7344,20.0,773.4
35437,17.7344,20.0,773.4
35438,17.7344,20.0,773.4
35439,17.7344,20.0,773.4
35440,17.7344,20.0,773.5
35441,17.6742,20.0,773.5
35442,17.6742,20.0,773.5
35443,17.6742,20.0,773.5
35444,17.6742,20.0,773.6
35445,17.6742,20.0,773.6
35446,17.6742,20.0,773.6
35447,17.6742,20.0,773.6
35448,17.6742,20.0,773.6
35449,17.6742,20.0,773.7
35450,17.6742,20.0,773.7
35451,17.6742,20.0,773.7
35452,17.6742,20.0,773.7
35453,17.6742,20.0,773.7
35454,17.6742,20.0,773.8
35455,17.6742,20.0,773.8
35456,17.6742,20.0,773.8
35457,17.6742,20.0,773.8
35458,17.6742,20.0,773.9
35459,17.6742,20.0,773.9
35460,17.6742,20.0,773.9
35461,17.6141,20.0,773.9
35462,17.6141,20.0,774.0
35463,17.6141,20.0,774.0
35464,17.6141,20.0,774.0
35465,17.6141,20.0,774.0
35466,17.6141,20.0,774.0
35467,17.6141,20.0,774.1
35468,17.6141,20.0,774.1
35469,17.6141,20.0,774.1
35470,17.6141,20.0,774.1
35471,17.6141,20.0,774.1
35472,17.6141,20.0,774.2
35473,17.6141,20.0,774.2
35474,17.6141,20.0,774.2
35475,17.6141,20.0,774.2
35476,17.6141,20.0,774.2
35477,17.6141,20.0,774.3
35478,17.6141,20.0,774.3
35479,17.6141,20.0,774.3
35480,17.6141,20.0,774.3
35481,17.5539,20.0,774.3
35482,17.5539,20.0,774.4
35483,17.5539,20.0,774.4
35484,17.5539,20.0,774.4
35485,17.5539,20.0,774.4
35486,17.5539,20.0,774.4
35487,17.5539,20.0,774.5
35488,17.5539,20.0,774.5
35489,17.5539,20.0,774.5
35490,17.5539,20.0,774.5
35491,17.5539,20.0,774.5
35492,17.5539,20.0,774.6
35493,17.5539,20.0,774.6
35494,17.5539,20.0,774.6
35495,17.5539,20.0,774.6
35496,17.5539,20.0,774.6
35497,17.5539,20.0,774.7
35498,17.5539,20.0,774.7
35499,17.5539,20.0,774.7
35500,17.5539,20.0,774.7
35501,17.4937,20.0,774.7
35502,17.4937,20.0,774.8
35503,17.4937,20.0,774.8
35504,17.4937,20.0,774.8
35505,17.4937,20.0,774.8
35506,17.4937,20.0,774.8
35507,17.4937,20.0,774.9
35508,17.4937,20.0,774.9
35509,17.4937,20.0,774.9
35510,17.4937,20.0,774.9
35511,17.4937,20.0,775.0
35512,17.4937,20.0,775.0
35513,17.4937,20.0,775.0
35514,17.4937,20.0,775.0
35515,17.4937,20.0,775.0
35516,17.4937,20.0,775.1
35517,17.4937,20.0,775.1
35518,17.4937,20.0,775.1
35519,17.4937,20.0,775.1
35520,17.4937,20.0,775.1
35521,17.4336,20.0,775.1
35522,17.4336,20.0,775.2
35523,17.4336,20.0,775.2
35524,17.4336,20.0,775.2
35525,17.4336,20.0,775.2
35526,17.4336,20.0,775.3
35527,17.4336,20.0,775.3
35528,17.4336,20.0,775.3
35529,17.4336,20.0,775.3
35530,17.4336,20.0,775.3
35531,17.4336,20.0,775.3
35532,17.4336,20.0,775.4
35533,17.4336,20.0,775.4
35534,17.4336,20.0,775.4
35535,17.4336,20.0,775.4
35536,17.4336,20.0,775.4
35537,17.4336,20.0,775.5
35538,17.4336,20.0,775.5
35539,17.4336,20.0,775.5
35540,17.4336,20.0,775.5
35541,17.3734,20.0,775.5
35542,17.3734,20.0,775.6
35543,17.3734,20.0,775.6
35544,17.3734,20.0,775.6
35545,17.3734,20.0,775.6
35546,17.3734,20.0,775.6
35547,17.3734,20.0,775.7
35548,17.3734,20.0,775.7
35549,17.3734,20.0,775.7
35550,17.3734,20.0,775.7
35551,17.3734,20.0,775.7
35552,17.3734,20.0,775.8
35553,17.3734,20.0,775.8
35554,17.3734,20.0,775.8
35555,17.3734,20.0,775.8
35556,17.3734,20.0,775.8
35557,17.3734,20.0,775.9
35558,17.3734,20.0,775.9
35559,17.3734,20.0,775.9
35560,17.3734,20.0,775.9
35561,17.3132,20.0,776.0
35562,17.3132,20.0,776.0
35563,17.3132,20.0,776.0
35564,17.3132,20.0,776.0
35565,17.3132,20.0,776.0
35566,17.3132,20.0,776.1
35567,17.3132,20.0,776.1
35568,17.3132,20.0,776.1
35569,17.3132,20.0,776.1
35570,17.3132,20.0,776.1
35571,17.3132,20.0,776.2
35572,17.3132,20.0,776.2
35573,17.3132,20.0,776.2
35574,17.3132,20.0,776.2
35575,17.3132,20.0,776.2
35576,17.3132,20.0,776.3
35577,17.3132,20.0,776.3
35578,17.3132,20.0,776.3
35579,17.3132,20.0,776.3
35580,17.3132,20.0,776.3
35581,17.2531,20.0,776.4
35582,17.2531,20.0,776.4
35583,17.2531,20.0,776.4
35584,17.2531,20.0,776.4
35585,17.2531,20.0,776.5
35586,17.2531,20.0,776.5
35587,17.2531,20.0,776.5
35588,17.2531,20.0,776.5
35589,17.2531,20.0,776.5
35590,17.2531,20.0,776.5
35591,17.2531,20.0,776.6
35592,17.2531,20.0,776.6
35593,17.2531,20.0,776.6
35594,17.2531,20.0,776.6
35595,17.2531,20.0,776.6
35596,17.2531,20.0,776.7
35597,17.2531,20.0,776.7
35598,17.2531,20.0,776.7
35599,17.2531,20.0,776.7
35600,17.2531,20.0,776.7
35601,17.1929,20.0,776.8
35602,17.1929,20.0,776.8
35603,17.1929,20.0,776.8
35604,17.1929,20.0,776.8
35605,17.1929,20.0,776.8
35606,17.1929,20.0,776.8
35607,17.1929,20.0,776.9
35608,17.1929,20.0,776.9
35609,17.1929,20.0,776.9
35610,17.1929,20.0,776.9
35611,17.1929,20.0,777.0
35612,17.1929,20.0,777.0
35613,17.1929,20.0,777.0
35614,17.1929,20.0,777.0
35615,17.1929,20.0,777.1
35616,17.1929,20.0,777.1
35617,17.1929,20.0,777.1
35618,17.1929,20.0,777.1
35619,17.1929,20.0,777.1
35620,17.1929,20.0,777.2
35621,17.1327,20.0,777.2
35622,17.1327,20.0,777.2
35623,17.1327,20.0,777.2
35624,17.1327,20.0,777.2
35625,17.1327,20.0,777.2
35626,17.1327,20.0,777.3
35627,17.1327,20.0,777.3
35628,17.1327,20.0,777.3
35629,17.1327,20.0,777.3
35630,17.1327,20.0,777.3
35631,17.1327,20.0,777.4
35632,17.1327,20.0,777.4
35633,17.1327,20.0,777.4
35634,17.1327,20.0,777.4
35635,17.1327,20.0,777.4
35636,17.1327,20.0,777.5
35637,17.1327,20.0,777.5
35638,17.1327,20.0,777.5
35639,17.1327,20.0,777.5
35640,17.1327,20.0,777.5
35641,17.0726,20.0,777.5
35642,17.0726,20.0,777.6
35643,17.0726,20.0,777.6
35644,17.0726,20.0,777.6
35645,17.0726,20.0,777.6
35646,17.0726,20.0,777.6
35647,17.0726,20.0,777.7
35648,17.0726,20.0,777.7
35649,17.0726,20.0,777.7
35650,17.0726,20.0,777.7
35651,17.0726,20.0,777.7
35652,17.0726,20.0,777.8
35653,17.0726,20.0,777.8
35654,17.0726,20.0,777.8
35655,17.0726,20.0,777.8
35656,17.0726,20.0,777.8
35657,17.0726,20.0,777.9
35658,17.0726,20.0,777.9
35659,17.0726,20.0,777.9
35660,17.0726,20.0,777.9
35661,17.0124,20.0,777.9
35662,17.0124,20.0,778.0
35663,17.0124,20.0,778.0
35664,17.0124,20.0,778.0
35665,17.0124,20.0,778.0
35666,17.0124,20.0,778.0
35667,17.0124,20.0,778.1
35668,17.0124,20.0,778.1
35669,17.0124,20.0,778.1
35670,17.0124,20.0,778.1
35671,17.0124,20.0,778.1
35672,17.0124,20.0,778.2
35673,17.0124,20.0,778.2
35674,17.0124,20.0,778.2
35675,17.0124,20.0,778.2
35676,17.0124,20.0,778.3
35677,17.0124,20.0,778.3
35678,17.0124,20.0,778.3
35679,17.0124,20.0,778.3
35680,17.0124,20.0,778.4
35681,16.9522,20.0,778.4
35682,16.9522,20.0,778.4
35683,16.9522,20.0,778.4
35684,16.9522,20.0,778.4
35685,16.9522,20.0,778.5
35686,16.9522,20.0,778.5
35687,16.9522,20.0,778.5
35688,16.9522,20.0,778.5
35689,16.9522,20.0,778.5
35690,16.9522,20.0,778.5
35691,16.9522,20.0,778.6
35692,16.9522,20.0,778.6
35693,16.9522,20.0,778.6
35694,16.9522,20.0,778.6
35695,16.9522,20.0,778.7
35696,16.9522,20.0,778.7
35697,16.9522,20.0,778.7
35698,16.9522,20.0,778.7
35699,16.9522,20.0,778.7
35700,16.9522,20.0,778.8
35701,16.8921,20.0,778.8
35702,16.8921,20.0,778.8
35703,16.8921,20.0,778.8
35704,16.8921,20.0,778.9
35705,16.8921,20.0,778.9
35706,16.8921,20.0,778.9
35707,16.8921,20.0,778.9
35708,16.8921,20.0,778.9
35709,16.8921,20.0,779.0
35710,16.8921,20.0,779.0
35711,16.8921,20.0,779.0
35712,16.8921,20.0,779.0
35713,16.8921,20.0,779.0
35714,16.8921,20.0,779.1
35715,16.8921,20.0,779.1
35716,16.8921,20.0,779.1
35717,16.8921,20.0,779.1
35718,16.8921,20.0,779.2
35719,16.8921,20.0,779.2
35720,16.8921,20.0,779.2
35721,16.8319,20.0,779.2
35722,16.8319,20.0,779.3
35723,16.8319,20.0,779.3
35724,16.8319,20.0,779.3
35725,16.8319,20.0,779.3
35726,16.8319,20.0,779.3
35727,16.8319,20.0,779.4
35728,16.8319,20.0,779.4
35729,16.8319,20.0,779.4
35730,16.8319,20.0,779.4
35731,16.8319,20.0,779.5
35732,16.8319,20.0,779.5
35733,16.8319,20.0,779.5
35734,16.8319,20.0,779.5
35735,16.8319,20.0,779.5
35736,16.8319,20.0,779.6
35737,16.8319,20.0,779.6
35738,16.8319,20.0,779.6
35739,16.8319,20.0,779.6
35740,16.8319,20.0,779.6
35741,16.7717,20.0,779.6
35742,16.7717,20.0,779.7
35743,16.7717,20.0,779.7
35744,16.7717,20.0,779.7
35745,16.7717,20.0,779.7
35746,16.7717,20.0,779.7
35747,16.7717,20.0,779.8
35748,16.7717,20.0,779.8
35749,16.7717,20.0,779.8
35750,16.7717,20.0,779.8
35751,16.7717,20.0,779.9
35752,16.7717,20.0,779.9
35753,16.7717,20.0,779.9
35754,16.7717,20.0,779.9
35755,16.7717,20.0,779.9
35756,16.7717,20.0,780.0
35757,16.7717,20.0,780.0
35758,16.7717,20.0,780.0
35759,16.7717,20.0,780.0
35760,16.7717,20.0,780.0
35761,16.7116,20.0,780.1
35762,16.7116,20.0,780.1
35763,16.7116,20.0,780.1
35764,16.7116,20.0,780.1
35765,16.7116,20.0,780.1
35766,16.7116,20.0,780.2
35767,16.7116,20.0,780.2
35768,16.7116,20.0,780.2
35769,16.7116,20.0,780.2
35770,16.7116,20.0,780.3
35771,16.7116,20.0,780.3
35772,16.7116,20.0,780.3
35773,16.7116,20.0,780.3
35774,16.7116,20.0,780.3
35775,16.7116,20.0,780.4
35776,16.7116,20.0,780.4
35777,16.7116,20.0,780.4
35778,16.7116,20.0,780.4
35779,16.7116,20.0,780.5
35780,16.7116,20.0,780.5
35781,16.6514,20.0,780.5
35782,16.6514,20.0,780.5
35783,16.6514,20.0,780.5
35784,16.6514,20.0,780.6
35785,16.6514,20.0,780.6
35786,16.6514,20.0,780.6
35787,16.6514,20.0,780.6
35788,16.6514,20.0,780.6
35789,16.6514,20.0,780.7
35790,16.6514,20.0,780.7
35791,16.6514,20.0,780.7
35792,16.6514,20.0,780.7
35793,16.6514,20.0,780.7
35794,16.6514,20.0,780.7
35795,16.6514,20.0,780.8
35796,16.6514,20.0,780.8
35797,16.6514,20.0,780.8
35798,16.6514,20.0,780.8
35799,16.6514,20.0,780.9
35800,16.6514,20.0,780.9
35801,16.5906,20.0,780.9
35802,16.5906,20.0,780.9
35803,16.5906,20.0,781.0
35804,16.5906,20.0,781.0
35805,16.5906,20.0,781.0
35806,16.5906,20.0,781.0
35807,16.5906,20.0,781.0
35808,16.5906,20.0,781.1
35809,16.5906,20.0,781.1
35810,16.5906,20.0,781.1
35811,16.5906,20.0,781.1
35812,16.5906,20.0,781.1
35813,16.5906,20.0,781.2
35814,16.5906,20.0,781.2
35815,16.5906,20.0,781.2
35816,16.5906,20.0,781.2
35817,16.5906,20.0,781.2
35818,16.5906,20.0,781.3
35819,16.5906,20.0,781.3
35820,16.5906,20.0,781.3
35821,16.5300,20.0,781.3
35822,16.5300,20.0,781.4
35823,16.5300,20.0,781.4
35824,16.5300,20.0,781.4
35825,16.5300,20.0,781.4
35826,16.5300,20.0,781.4
35827,16.5300,20.0,781.4
35828,16.5300,20.0,781.5
35829,16.5300,20.0,781.5
35830,16.5300,20.0,781.5
35831,16.5300,20.0,781.5
35832,16.5300,20.0,781.5
35833,16.5300,20.0,781.6
35834,16.5300,20.0,781.6
35835,16.5300,20.0,781.6
35836,16.5300,20.0,781.6
35837,16.5300,20.0,781.6
35838,16.5300,20.0,781.7
35839,16.5300,20.0,781.7
35840,16.5300,20.0,781.7
35841,16.4693,20.0,782.0
35842,16.4693,20.0,782.0
35843,16.4693,20.0,782.0
35844,16.4693,20.0,782.0
35845,16.4693,20.0,782.0
35846,16.4693,20.0,782.0
35847,16.4693,20.0,782.1
35848,16.4693,20.0,782.1
35849,16.4693,20.0,782.1
35850,16.4693,20.0,782.1
35851,16.4693,20.0,782.1
35852,16.4693,20.0,782.2
35853,16.4693,20.0,782.2
35854,16.4693,20.0,782.2
35855,16.4693,20.0,782.2
35856,16.4693,20.0,782.2
35857,16.4693,20.0,782.3
35858,16.4693,20.0,782.3
35859,16.4693,20.0,782.3
35860,16.4693,20.0,782.3
35861,16.4290,20.0,782.3
35862,16.4290,20.0,782.3
35863,16.4290,20.0,782.4
35864,16.4290,20.0,782.4
35865,16.4290,20.0,782.4
35866,16.4290,20.0,782.4
35867,16.4290,20.0,782.4
35868,16.4290,20.0,782.5
35869,16.4290,20.0,782.5
35870,16.4290,20.0,782.5
35871,16.4290,20.0,782.5
35872,16.4290,20.0,782.5
35873,16.4290,20.0,782.6
35874,16.4290,20.0,782.6
35875,16.4290,20.0,782.6
35876,16.4290,20.0,782.6
35877,16.4290,20.0,782.7
35878,16.4290,20.0,782.7
35879,16.4290,20.0,782.7
35880,16.4290,20.0,782.7
35881,16.3886,20.0,782.7
35882,16.3886,20.0,782.8
35883,16.3886,20.0,782.8
35884,16.3886,20.0,782.8
35885,16.3886,20.0,782.8
35886,16.3886,20.0,782.8
35887,16.3886,20.0,782.9
35888,16.3886,20.0,782.9
35889,16.3886,20.0,782.9
35890,16.3886,20.0,782.9
35891,16.3886,20.0,782.9
35892,16.3886,20.0,783.0
35893,16.3886,20.0,783.0
35894,16.3886,20.0,783.0
35895,16.3886,20.0,783.0
35896,16.3886,20.0,783.0
35897,16.3886,20.0,783.0
35898,16.3886,20.0,783.1
35899,16.3886,20.0,783.1
35900,16.3886,20.0,783.1
35901,16.3483,20.0,783.1
35902,16.3483,20.0,783.1
35903,16.3483,20.0,783.2
35904,16.3483,20.0,783.2
35905,16.3483,20.0,783.2
35906,16.3483,20.0,783.2
35907,16.3483,20.0,783.2
35908,16.3483,20.0,783.3
35909,16.3483,20.0,783.3
35910,16.3483,20.0,783.3
35911,16.3483,20.0,783.3
35912,16.3483,20.0,783.3
35913,16.3483,20.0,783.4
35914,16.3483,20.0,783.4
35915,16.3483,20.0,783.4
35916,16.3483,20.0,783.4
35917,16.3483,20.0,783.4
35918,16.3483,20.0,783.5
35919,16.3483,20.0,783.5
35920,16.3483,20.0,783.5
35921,16.3079,20.0,783.5
35922,16.3079,20.0,783.5
35923,16.3079,20.0,783.6
35924,16.3079,20.0,783.6
35925,16.3079,20.0,783.6
35926,16.3079,20.0,783.6
35927,16.3079,20.0,783.6
35928,16.3079,20.0,783.7
35929,16.3079,20.0,783.7
35930,16.3079,20.0,783.7
35931,16.3079,20.0,783.7
35932,16.3079,20.0,783.8
35933,16.3079,20.0,783.8
35934,16.3079,20.0,783.8
35935,16.3079,20.0,783.8
35936,16.3079,20.0,783.8
35937,16.3079,20.0,783.9
35938,16.3079,20.0,783.9
35939,16.3079,20.0,783.9
35940,16.3079,20.0,783.9
35941,16.2676,20.0,783.9
35942,16.2676,20.0,784.0
35943,16.2676,20.0,784.0
35944,16.2676,20.0,784.0
35945,16.2676,20.0,784.0
35946,16.2676,20.0,784.0
35947,16.2676,20.0,784.1
35948,16.2676,20.0,784.1
35949,16.2676,20.0,784.1
35950,16.2676,20.0,784.1
35951,16.2676,20.0,784.1
35952,16.2676,20.0,784.2
35953,16.2676,20.0,784.2
35954,16.2676,20.0,784.2
35955,16.2676,20.0,784.2
35956,16.2676,20.0,784.2
35957,16.2676,20.0,784.3
35958,16.2676,20.0,784.3
35959,16.2676,20.0,784.3
35960,16.2676,20.0,784.3
35961,16.2273,20.0,784.3
35962,16.2273,20.0,784.4
35963,16.2273,20.0,784.4
35964,16.2273,20.0,784.4
35965,16.2273,20.0,784.4
35966,16.2273,20.0,784.4
35967,16.2273,20.0,784.5
35968,16.2273,20.0,784.5
35969,16.2273,20.0,784.5
35970,16.2273,20.0,784.5
35971,16.2273,20.0,784.5
35972,16.2273,20.0,784.6
35973,16.2273,20.0,784.6
35974,16.2273,20.0,784.6
35975,16.2273,20.0,784.6
35976,16.2273,20.0,784.6
35977,16.2273,20.0,784.6
35978,16.2273,20.0,784.7
35979,16.2273,20.0,784.7
35980,16.2273,20.0,784.7
35981,16.1869,20.0,784.7
35982,16.1869,20.0,784.7
35983,16.1869,20.0,784.8
35984,16.1869,20.0,784.8
35985,16.1869,20.0,784.8
35986,16.1869,20.0,784.8
35987,16.1869,20.0,784.9
35988,16.1869,20.0,784.9
35989,16.1869,20.0,784.9
35990,16.1869,20.0,784.9
35991,16.1869,20.0,784.9
35992,16.1869,20.0,785.0
35993,16.1869,20.0,785.0
35994,16.1869,20.0,785.0
35995,16.1869,20.0,785.0
35996,16.1869,20.0,785.0
35997,16.1869,20.0,785.1
35998,16.1869,20.0,785.1
35999,16.1869,20.0,785.1
36000,16.1869,20.0,785.1
36001,16.1466,20.0,785.2
36002,16.1466,20.0,785.2
36003,16.1466,20.0,785.2
36004,16.1466,20.0,785.2
36005,16.1466,20.0,785.2
36006,16.1466,20.0,785.3
36007,16.1466,20.0,785.3
36008,16.1466,20.0,785.3
36009,16.1466,20.0,785.3
36010,16.1466,20.0,785.3
36011,16.1466,20.0,785.4
36012,16.1466,20.0,785.4
36013,16.1466,20.0,785.4
36014,16.1466,20.0,785.4
36015,16.1466,20.0,785.5
36016,16.1466,20.0,785.5
36017,16.1466,20.0,785.5
36018,16.1466,20.0,785.5
36019,16.1466,20.0,785.5
36020,16.1466,20.0,785.6
36021,16.1062,20.0,785.6
36022,16.1062,20.0,785.6
36023,16.1062,20.0,785.6
36024,16.1062,20.0,785.7
36025,16.1062,20.0,785.7
36026,16.1062,20.0,785.7
36027,16.1062,20.0,785.7
36028,16.1062,20.0,785.7
36029,16.1062,20.0,785.8
36030,16.1062,20.0,785.8
36031,16.1062,20.0,785.8
36032,16.1062,20.0,785.8
36033,16.1062,20.0,785.8
36034,16.1062,20.0,785.9
36035,16.1062,20.0,785.9
36036,16.1062,20.0,785.9
36037,16.1062,20.0,785.9
36038,16.1062,20.0,785.9
36039,16.1062,20.0,786.0
36040,16.1062,20.0,786.0
36041,16.0659,20.0,786.0
36042,16.0659,20.0,786.0
36043,16.0659,20.0,786.0
36044,16.0659,20.0,786.1
36045,16.0659,20.0,786.1
36046,16.0659,20.0,786.1
36047,16.0659,20.0,786.1
36048,16.0659,20.0,786.1
36049,16.0659,20.0,786.2
36050,16.0659,20.0,786.2
36051,16.0659,20.0,786.2
36052,16.0659,20.0,786.2
36053,16.0659,20.0,786.2
36054,16.0659,20.0,786.3
36055,16.0659,20.0,786.3
36056,16.0659,20.0,786.3
36057,16.0659,20.0,786.3
36058,16.0659,20.0,786.3
36059,16.0659,20.0,786.4
36060,16.0659,20.0,786.4
36061,16.0255,20.0,786.4
36062,16.0255,20.0,786.4
36063,16.0255,20.0,786.4
36064,16.0255,20.0,786.5
36065,16.0255,20.0,786.5
36066,16.0255,20.0,786.5
36067,16.0255,20.0,786.5
36068,16.0255,20.0,786.5
36069,16.0255,20.0,786.6
36070,16.0255,20.0,786.6
36071,16.0255,20.0,786.6
36072,16.0255,20.0,786.6
36073,16.0255,20.0,786.6
36074,16.0255,20.0,786.7
36075,16.0255,20.0,786.7
36076,16.0255,20.0,786.7
36077,16.0255,20.0,786.7
36078,16.0255,20.0,786.7
36079,16.0255,20.0,786.8
36080,16.0255,20.0,786.8
36081,15.9852,20.0,786.8
36082,15.9852,20.0,786.8
36083,15.9852,20.0,786.8
36084,15.9852,20.0,786.9
36085,15.9852,20.0,786.9
36086,15.9852,20.0,786.9
36087,15.9852,20.0,786.9
36088,15.9852,20.0,786.9
36089,15.9852,20.0,787.0
36090,15.9852,20.0,787.0
36091,15.9852,20.0,787.0
36092,15.9852,20.0,787.0
36093,15.9852,20.0,787.1
36094,15.9852,20.0,787.1
36095,15.9852,20.0,787.1
36096,15.9852,20.0,787.1
36097,15.9852,20.0,787.2
36098,15.9852,20.0,787.2
36099,15.9852,20.0,787.2
36100,15.9852,20.0,787.2
36101,15.9448,20.0,787.2
36102,15.9448,20.0,787.3
36103,15.9448,20.0,787.3
36104,15.9448,20.0,787.3
36105,15.9448,20.0,787.3
36106,15.9448,20.0,787.3
36107,15.9448,20.0,787.4
36108,15.9448,20.0,787.4
36109,15.9448,20.0,787.4
36110,15.9448,20.0,787.4
36111,15.9448,20.0,787.5
36112,15.9448,20.0,787.5
36113,15.9448,20.0,787.5
36114,15.9448,20.0,787.5
36115,15.9448,20.0,787.5
36116,15.9448,20.0,787.5
36117,15.9448,20.0,787.6
36118,15.9448,20.0,787.6
36119,15.9448,20.0,787.6
36120,15.9448,20.0,787.6
36121,15.9045,20.0,787.7
36122,15.9045,20.0,787.7
36123,15.9045,20.0,787.7
36124,15.9045,20.0,787.7
36125,15.9045,20.0,787.7
36126,15.9045,20.0,787.8
36127,15.9045,20.0,787.8
36128,15.9045,20.0,787.8
36129,15.9045,20.0,787.8
36130,15.9045,20.0,787.8
36131,15.9045,20.0,787.9
36132,15.9045,20.0,787.9
36133,15.9045,20.0,787.9
36134,15.9045,20.0,787.9
36135,15.9045,20.0,788.0
36136,15.9045,20.0,788.0
36137,15.9045,20.0,788.0
36138,15.9045,20.0,788.0
36139,15.9045,20.0,788.0
36140,15.9045,20.0,788.1
36141,15.8641,20.0,788.1
36142,15.8641,20.0,788.1
36143,15.8641,20.0,788.1
36144,15.8641,20.0,788.1
36145,15.8641,20.0,788.2
36146,15.8641,20.0,788.2
36147,15.8641,20.0,788.2
36148,15.8641,20.0,788.2
36149,15.8641,20.0,788.2
36150,15.8641,20.0,788.3
36151,15.8641,20.0,788.3
36152,15.8641,20.0,788.3
36153,15.8641,20.0,788.3
36154,15.8641,20.0,788.3
36155,15.8641,20.0,788.4
36156,15.8641,20.0,788.4
36157,15.8641,20.0,788.4
36158,15.8641,20.0,788.4
36159,15.8641,20.0,788.4
36160,15.8641,20.0,788.5
36161,15.8238,20.0,788.5
36162,15.8238,20.0,788.5
36163,15.8238,20.0,788.5
36164,15.8238,20.0,788.5
36165,15.8238,20.0,788.5
36166,15.8238,20.0,788.6
36167,15.8238,20.0,788.6
36168,15.8238,20.0,788.6
36169,15.8238,20.0,788.6
36170,15.8238,20.0,788.7
36171,15.8238,20.0,788.7
36172,15.8238,20.0,788.7
36173,15.8238,20.0,788.7
36174,15.8238,20.0,788.7
36175,15.8238,20.0,788.8
36176,15.8238,20.0,788.8
36177,15.8238,20.0,788.8
36178,15.8238,20.0,788.8
36179,15.8238,20.0,788.9
36180,15.8238,20.0,788.9
36181,15.7834,20.0,788.9
36182,15.7834,20.0,788.9
36183,15.7834,20.0,788.9
36184,15.7834,20.0,789.0
36185,15.7834,20.0,789.0
36186,15.7834,20.0,789.0
36187,15.7834,20.0,789.0
36188,15.7834,20.0,789.0
36189,15.7834,20.0,789.1
36190,15.7834,20.0,789.1
36191,15.7834,20.0,789.1
36192,15.7834,20.0,789.1
36193,15.7834,20.0,789.2
36194,15.7834,20.0,789.2
36195,15.7834,20.0,789.2
36196,15.7834,20.0,789.2
36197,15.7834,20.0,789.3
36198,15.7834,20.0,789.3
36199,15.7834,20.0,789.3
36200,15.7834,20.0,789.3
36201,15.7431,20.0,789.4
36202,15.7431,20.0,789.4
36203,15.7431,20.0,789.4
36204,15.7431,20.0,789.4
36205,15.7431,20.0,789.4
36206,15.7431,20.0,789.5
36207,15.7431,20.0,789.5
36208,15.7431,20.0,789.5
36209,15.7431,20.0,789.5
36210,15.7431,20.0,789.5
36211,15.7431,20.0,789.6
36212,15.7431,20.0,789.6
36213,15.7431,20.0,789.6
36214,15.7431,20.0,789.6
36215,15.7431,20.0,789.7
36216,15.7431,20.0,789.7
36217,15.7431,20.0,789.7
36218,15.7431,20.0,789.7
36219,15.7431,20.0,789.7
36220,15.7431,20.0,789.7
36221,15.7027,20.0,789.8
36222,15.7027,20.0,789.8
36223,15.7027,20.0,789.8
36224,15.7027,20.0,789.8
36225,15.7027,20.0,789.8
36226,15.7027,20.0,789.9
36227,15.7027,20.0,789.9
36228,15.7027,20.0,789.9
36229,15.7027,20.0,789.9
36230,15.7027,20.0,789.9
36231,15.7027,20.0,790.0
36232,15.7027,20.0,790.0
36233,15.7027,20.0,790.0
36234,15.7027,20.0,790.0
36235,15.7027,20.0,790.0
36236,15.7027,20.0,790.1
36237,15.7027,20.0,790.1
36238,15.7027,20.0,790.1
36239,15.7027,20.0,790.1
36240,15.7027,20.0,790.2
36241,15.6624,20.0,790.2
36242,15.6624,20.0,790.2
36243,15.6624,20.0,790.2
36244,15.6624,20.0,790.3
36245,15.6624,20.0,790.3
36246,15.6624,20.0,790.3
36247,15.6624,20.0,790.3
36248,15.6624,20.0,790.3
36249,15.6624,20.0,790.4
36250,15.6624,20.0,790.4
36251,15.6624,20.0,790.4
36252,15.6624,20.0,790.4
36253,15.6624,20.0,790.5
36254,15.6624,20.0,790.5
36255,15.6624,20.0,790.5
36256,15.6624,20.0,790.5
36257,15.6624,20.0,790.5
36258,15.6624,20.0,790.6
36259,15.6624,20.0,790.6
36260,15.6624,20.0,790.6
36261,15.6220,20.0,790.6
36262,15.6220,20.0,790.7
36263,15.6220,20.0,790.7
36264,15.6220,20.0,790.7
36265,15.6220,20.0,790.7
36266,15.6220,20.0,790.7
36267,15.6220,20.0,790.7
36268,15.6220,20.0,790.8
36269,15.6220,20.0,790.8
36270,15.6220,20.0,790.8
36271,15.6220,20.0,790.8
36272,15.6220,20.0,790.8
36273,15.6220,20.0,790.9
36274,15.6220,20.0,790.9
36275,15.6220,20.0,790.9
36276,15.6220,20.0,790.9
36277,15.6220,20.0,791.0
36278,15.6220,20.0,791.0
36279,15.6220,20.0,791.0
36280,15.6220,20.0,791.0
36281,15.5817,20.0,791.0
36282,15.5817,20.0,791.0
36283,15.5817,20.0,791.1
36284,15.5817,20.0,791.1
36285,15.5817,20.0,791.1
36286,15.5817,20.0,791.1
36287,15.5817,20.0,791.1
36288,15.5817,20.0,791.2
36289,15.5817,20.0,791.2
36290,15.5817,20.0,791.2
36291,15.5817,20.0,791.2
36292,15.5817,20.0,791.2
36293,15.5817,20.0,791.3
36294,15.5817,20.0,791.3
36295,15.5817,20.0,791.3
36296,15.5817,20.0,791.3
36297,15.5817,20.0,791.3
36298,15.5817,20.0,791.4
36299,15.5817,20.0,791.4
36300,15.5817,20.0,791.4
36301,15.5413,20.0,791.4
36302,15.5413,20.0,791.4
36303,15.5413,20.0,791.5
36304,15.5413,20.0,791.5
36305,15.5413,20.0,791.5
36306,15.5413,20.0,791.5
36307,15.5413,20.0,791.5
36308,15.5413,20.0,791.6
36309,15.5413,20.0,791.6
36310,15.5413,20.0,791.6
36311,15.5413,20.0,791.6
36312,15.5413,20.0,791.6
36313,15.5413,20.0,791.7
36314,15.5413,20.0,791.7
36315,15.5413,20.0,791.7
36316,15.5413,20.0,791.7
36317,15.5413,20.0,791.7
36318,15.5413,20.0,791.8
36319,15.5413,20.0,791.8
36320,15.5413,20.0,791.8
36321,15.5414,20.0,791.8
36322,15.5414,20.0,791.9
36323,15.5414,20.0,791.9
36324,15.5414,20.0,791.9
36325,15.5414,20.0,791.9
36326,15.5414,20.0,791.9
36327,15.5414,20.0,792.0
36328,15.5414,20.0,792.0
36329,15.5414,20.0,792.0
36330,15.5414,20.0,792.0
36331,15.5414,20.0,792.1
36332,15.5414,20.0,792.1
36333,15.5414,20.0,792.1
36334,15.5414,20.0,792.1
36335,15.5414,20.0,792.1
36336,15.5414,20.0,792.2
36337,15.5414,20.0,792.2
36338,15.5414,20.0,792.2
36339,15.5414,20.0,792.2
36340,15.5414,20.0,792.2
36341,15.5414,20.0,792.3
36342,15.5414,20.0,792.3
36343,15.5414,20.0,792.3
36344,15.5414,20.0,792.3
36345,15.5414,20.0,792.3
36346,15.5414,20.0,792.4
36347,15.5414,20.0,792.4
36348,15.5414,20.0,792.4
36349,15.5414,20.0,792.4
36350,15.5414,20.0,792.5
36351,15.5414,20.0,792.5
36352,15.5414,20.0,792.5
36353,15.5414,20.0,792.8
36354,15.5414,20.0,792.8
36355,15.5414,20.0,792.8
36356,15.5414,20.0,792.8
36357,15.5414,20.0,792.8
36358,15.5414,20.0,792.9
36359,15.5414,20.0,792.9
36360,15.5414,20.0,792.9
36361,15.5416,20.0,792.9
36362,15.5416,20.0,792.9
36363,15.5416,20.0,793.0
36364,15.5416,20.0,793.0
36365,15.5416,20.0,793.0
36366,15.5416,20.0,793.0
36367,15.5416,20.0,793.0
36368,15.5416,20.0,793.1
36369,15.5416,20.0,793.1
36370,15.5416,20.0,793.1
36371,15.5416,20.0,793.1
36372,15.5416,20.0,793.1
36373,15.5416,20.0,793.2
36374,15.5416,20.0,793.2
36375,15.5416,20.0,793.2
36376,15.5416,20.0,793.2
36377,15.5416,20.0,793.2
36378,15.5416,20.0,793.3
36379,15.5416,20.0,793.3
36380,15.5416,20.0,793.3
36381,15.5416,20.0,793.3
36382,15.5416,20.0,793.4
36383,15.5416,20.0,793.4
36384,15.5416,20.0,793.4
36385,15.5416,20.0,793.4
36386,15.5416,20.0,793.4
36387,15.5416,20.0,793.4
36388,15.5416,20.0,793.5
36389,15.5416,20.0,793.5
36390,15.5416,20.0,793.5
36391,15.5416,20.0,793.5
36392,15.5416,20.0,793.5
36393,15.5416,20.0,793.6
36394,15.5416,20.0,793.6
36395,15.5416,20.0,793.6
36396,15.5416,20.0,793.6
36397,15.5416,20.0,793.6
36398,15.5416,20.0,793.7
36399,15.5416,20.0,793.7
36400,15.5416,20.0,793.7
36401,15.5416,20.0,793.7
36402,15.5416,20.0,793.7
36403,15.5416,20.0,793.8
36404,15.5416,20.0,793.8
36405,15.5416,20.0,793.8
36406,15.5416,20.0,793.8
36407,15.5416,20.0,793.9
36408,15.5416,20.0,793.9
36409,15.5416,20.0,793.9
36410,15.5416,20.0,793.9
36411,15.5416,20.0,793.9
36412,15.5416,20.0,793.9
36413,15.5416,20.0,794.0
36414,15.5416,20.0,794.0
36415,15.5416,20.0,794.0
36416,15.5416,20.0,794.0
36417,15.5416,20.0,794.0
36418,15.5416,20.0,794.1
36419,15.5416,20.0,794.1
36420,15.5416,20.0,794.1
36421,15.5417,20.0,794.1
36422,15.5417,20.0,794.2
36423,15.5417,20.0,794.2
36424,15.5417,20.0,794.2
36425,15.5417,20.0,794.2
36426,15.5417,20.0,794.2
36427,15.5417,20.0,794.3
36428,15.5417,20.0,794.3
36429,15.5417,20.0,794.3
36430,15.5417,20.0,794.3
36431,15.5417,20.0,794.4
36432,15.5417,20.0,794.4
36433,15.5417,20.0,794.4
36434,15.5417,20.0,794.4
36435,15.5417,20.0,794.4
36436,15.5417,20.0,794.5
36437,15.5417,20.0,794.5
36438,15.5417,20.0,794.5
36439,15.5417,20.0,794.5
36440,15.5417,20.0,794.6
36441,15.5417,20.0,794.6
36442,15.5417,20.0,794.6
36443,15.5417,20.0,794.6
36444,15.5417,20.0,794.6
36445,15.5417,20.0,794.7
36446,15.5417,20.0,794.7
36447,15.5417,20.0,794.7
36448,15.5417,20.0,794.7
36449,15.5417,20.0,794.7
36450,15.5417,20.0,794.8
36451,15.5417,20.0,794.8
36452,15.5417,20.0,794.8
36453,15.5417,20.0,794.8
36454,15.5417,20.0,794.8
36455,15.5417,20.0,794.9
36456,15.5417,20.0,794.9
36457,15.5417,20.0,794.9
36458,15.5417,20.0,794.9
36459,15.5417,20.0,795.0
36460,15.5417,20.0,795.0
36461,15.5417,20.0,795.0
36462,15.5417,20.0,795.0
36463,15.5417,20.0,795.1
36464,15.5417,20.0,795.1
36465,15.5417,20.0,795.1
36466,15.5417,20.0,795.1
36467,15.5417,20.0,795.1
36468,15.5417,20.0,795.2
36469,15.5417,20.0,795.2
36470,15.5417,20.0,795.2
36471,15.5417,20.0,795.2
36472,15.5417,20.0,795.3
36473,15.5417,20.0,795.3
36474,15.5417,20.0,795.3
36475,15.5417,20.0,795.3
36476,15.5417,20.0,795.3
36477,15.5417,20.0,795.4
36478,15.5417,20.0,795.4
36479,15.5417,20.0,795.4
36480,15.5417,20.0,795.4
36481,15.5418,20.0,795.4
36482,15.5418,20.0,795.5
36483,15.5418,20.0,795.5
36484,15.5418,20.0,795.5
36485,15.5418,20.0,795.5
36486,15.5418,20.0,795.5
36487,15.5418,20.0,795.6
36488,15.5418,20.0,795.6
36489,15.5418,20.0,795.6
36490,15.5418,20.0,795.6
36491,15.5418,20.0,795.7
36492,15.5418,20.0,795.7
36493,15.5418,20.0,795.7
36494,15.5418,20.0,795.7
36495,15.5418,20.0,795.7
36496,15.5418,20.0,795.8
36497,15.5418,20.0,795.8
36498,15.5418,20.0,795.8
36499,15.5418,20.0,795.8
36500,15.5418,20.0,795.8
36501,15.5418,20.0,795.9
36502,15.5418,20.0,795.9
36503,15.5418,20.0,795.9
36504,15.5418,20.0,795.9
36505,15.5418,20.0,796.0
36506,15.5418,20.0,796.0
36507,15.5418,20.0,796.0
36508,15.5418,20.0,796.0
36509,15.5418,20.0,796.0
36510,15.5418,20.0,796.1
36511,15.5418,20.0,796.1
36512,15.5418,20.0,796.1
36513,15.5418,20.0,796.1
36514,15.5418,20.0,796.2
36515,15.5418,20.0,796.2
36516,15.5418,20.0,796.2
36517,15.5418,20.0,796.2
36518,15.5418,20.0,796.2
36519,15.5418,20.0,796.3
36520,15.5418,20.0,796.3
36521,15.5418,20.0,796.3
36522,15.5418,20.0,796.3
36523,15.5418,20.0,796.3
36524,15.5418,20.0,796.4
36525,15.5418,20.0,796.4
36526,15.5418,20.0,796.4
36527,15.5418,20.0,796.4
36528,15.5418,20.0,796.5
36529,15.5418,20.0,796.5
36530,15.5418,20.0,796.5
36531,15.5418,20.0,796.5
36532,15.5418,20.0,796.5
36533,15.5418,20.0,796.6
36534,15.5418,20.0,796.6
36535,15.5418,20.0,796.6
36536,15.5418,20.0,796.6
36537,15.5418,20.0,796.6
36538,15.5418,20.0,796.7
36539,15.5418,20.0,796.7
36540,15.5418,20.0,796.7
36541,15.5419,20.0,796.7
36542,15.5419,20.0,796.7
36543,15.5419,20.0,796.7
36544,15.5419,20.0,796.8
36545,15.5419,20.0,796.8
36546,15.5419,20.0,796.8
36547,15.5419,20.0,796.8
36548,15.5419,20.0,796.8
36549,15.5419,20.0,796.9
36550,15.5419,20.0,796.9
36551,15.5419,20.0,796.9
36552,15.5419,20.0,796.9
36553,15.5419,20.0,796.9
36554,15.5419,20.0,797.0
36555,15.5419,20.0,797.0
36556,15.5419,20.0,797.0
36557,15.5419,20.0,797.0
36558,15.5419,20.0,797.0
36559,15.5419,20.0,797.1
36560,15.5419,20.0,797.1
36561,15.5419,20.0,797.1
36562,15.5419,20.0,797.1
36563,15.5419,20.0,797.1
36564,15.5419,20.0,797.2
36565,15.5419,20.0,797.2
36566,15.5419,20.0,797.2
36567,15.5419,20.0,797.2
36568,15.5419,20.0,797.2
36569,15.5419,20.0,797.3
36570,15.5419,20.0,797.3
36571,15.5419,20.0,797.3
36572,15.5419,20.0,797.3
36573,15.5419,20.0,797.3
36574,15.5419,20.0,797.4
36575,15.5419,20.0,797.4
36576,15.5419,20.0,797.4
36577,15.5419,20.0,797.4
36578,15.5419,20.0,797.4
36579,15.5419,20.0,797.5
36580,15.5419,20.0,797.5
36581,15.5419,20.0,797.5
36582,15.5419,20.0,797.5
36583,15.5419,20.0,797.5
36584,15.5419,20.0,797.5
36585,15.5419,20.0,797.6
36586,15.5419,20.0,797.6
36587,15.5419,20.0,797.6
36588,15.5419,20.0,797.6
36589,15.5419,20.0,797.6
36590,15.5419,20.0,797.7
36591,15.5419,20.0,797.7
36592,15.5419,20.0,797.7
36593,15.5419,20.0,797.7
36594,15.5419,20.0,797.7
36595,15.5419,20.0,797.7
36596,15.5419,20.0,797.8
36597,15.5419,20.0,797.8
36598,15.5419,20.0,797.8
36599,15.5419,20.0,797.8
36600,15.5419,20.0,797.9
36601,15.5420,20.0,797.9
36602,15.5420,20.0,797.9
36603,15.5420,20.0,797.9
36604,15.5420,20.0,797.9
36605,15.5420,20.0,798.0
36606,15.5420,20.0,798.0
36607,15.5420,20.0,798.0
36608,15.5420,20.0,798.0
36609,15.5420,20.0,798.1
36610,15.5420,20.0,798.1
36611,15.5420,20.0,798.1
36612,15.5420,20.0,798.1
36613,15.5420,20.0,798.1
36614,15.5420,20.0,798.2
36615,15.5420,20.0,798.2
36616,15.5420,20.0,798.2
36617,15.5420,20.0,798.2
36618,15.5420,20.0,798.2
36619,15.5420,20.0,798.3
36620,15.5420,20.0,798.3
36621,15.5420,20.0,798.3
36622,15.5420,20.0,798.3
36623,15.5420,20.0,798.3
36624,15.5420,20.0,798.4
36625,15.5420,20.0,798.4
36626,15.5420,20.0,798.4
36627,15.5420,20.0,798.4
36628,15.5420,20.0,798.4
36629,15.5420,20.0,798.5
36630,15.5420,20.0,798.5
36631,15.5420,20.0,798.5
36632,15.5420,20.0,798.5
36633,15.5420,20.0,798.6
36634,15.5420,20.0,798.6
36635,15.5420,20.0,798.6
36636,15.5420,20.0,798.6
36637,15.5420,20.0,798.6
36638,15.5420,20.0,798.7
36639,15.5420,20.0,798.7
36640,15.5420,20.0,798.7
36641,15.5420,20.0,798.7
36642,15.5420,20.0,798.7
36643,15.5420,20.0,798.8
36644,15.5420,20.0,798.8
36645,15.5420,20.0,798.8
36646,15.5420,20.0,798.8
36647,15.5420,20.0,798.8
36648,15.5420,20.0,798.9
36649,15.5420,20.0,798.9
36650,15.5420,20.0,798.9
36651,15.5420,20.0,798.9
36652,15.5420,20.0,798.9
36653,15.5420,20.0,798.9
36654,15.5420,20.0,799.0
36655,15.5420,20.0,799.0
36656,15.5420,20.0,799.0
36657,15.5420,20.0,799.0
36658,15.5420,20.0,799.1
36659,15.5420,20.0,799.1
36660,15.5420,20.0,799.1
36661,15.5421,20.0,799.1
36662,15.5421,20.0,799.1
36663,15.5421,20.0,799.2
36664,15.5421,20.0,799.2
36665,15.5421,20.0,799.2
36666,15.5421,20.0,799.2
36667,15.5421,20.0,799.2
36668,15.5421,20.0,799.2
36669,15.5421,20.0,799.3
36670,15.5421,20.0,799.3
36671,15.5421,20.0,799.3
36672,15.5421,20.0,799.3
36673,15.5421,20.0,799.3
36674,15.5421,20.0,799.4
36675,15.5421,20.0,799.4
36676,15.5421,20.0,799.4
36677,15.5421,20.0,799.4
36678,15.5421,20.0,799.5
36679,15.5421,20.0,799.5
36680,15.5421,20.0,799.5
36681,15.5421,20.0,799.5
36682,15.5421,20.0,799.5
36683,15.5421,20.0,799.6
36684,15.5421,20.0,799.6
36685,15.5421,20.0,799.6
36686,15.5421,20.0,799.6
36687,15.5421,20.0,799.7
36688,15.5421,20.0,799.7
36689,15.5421,20.0,799.7
36690,15.5421,20.0,799.7
36691,15.5421,20.0,799.7
36692,15.5421,20.0,799.8
36693,15.5421,20.0,799.8
36694,15.5421,20.0,799.8
36695,15.5421,20.0,799.8
36696,15.5421,20.0,799.8
36697,15.5421,20.0,799.9
36698,15.5421,20.0,799.9
36699,15.5421,20.0,799.9
36700,15.5421,20.0,799.9
36701,15.5421,20.0,799.9
36702,15.5421,20.0,800.0
36703,15.5421,20.0,800.0
36704,15.5421,20.0,800.0
36705,15.5421,20.0,800.0
36706,15.5421,20.0,800.0
36707,15.5421,20.0,800.1
36708,15.5421,20.0,800.1
36709,15.5421,20.0,800.1
36710,15.5421,20.0,800.1
36711,15.5421,20.0,800.1
36712,15.5421,20.0,800.2
36713,15.5421,20.0,800.2
36714,15.5421,20.0,800.2
36715,15.5421,20.0,800.2
36716,15.5421,20.0,800.2
36717,15.5421,20.0,800.2
36718,15.5421,20.0,800.3
36719,15.5421,20.0,800.3
36720,15.5421,20.0,800.3
36721,15.5422,20.0,800.3
36722,15.5422,20.0,800.4
36723,15.5422,20.0,800.4
36724,15.5422,20.0,800.4
36725,15.5422,20.0,800.4
36726,15.5422,20.0,800.4
36727,15.5422,20.0,800.5
36728,15.5422,20.0,800.5
36729,15.5422,20.0,800.5
36730,15.5422,20.0,800.5
36731,15.5422,20.0,800.5
36732,15.5422,20.0,800.6
36733,15.5422,20.0,800.6
36734,15.5422,20.0,800.6
36735,15.5422,20.0,800.6
36736,15.5422,20.0,800.7
36737,15.5422,20.0,800.7
36738,15.5422,20.0,800.7
36739,15.5422,20.0,800.7
36740,15.5422,20.0,800.8
36741,15.5422,20.0,800.8
36742,15.5422,20.0,800.8
36743,15.5422,20.0,800.8
36744,15.5422,20.0,800.8
36745,15.5422,20.0,800.9
36746,15.5422,20.0,800.9
36747,15.5422,20.0,800.9
36748,15.5422,20.0,800.9
36749,15.5422,20.0,800.9
36750,15.5422,20.0,801.0
36751,15.5422,20.0,801.0
36752,15.5422,20.0,801.0
36753,15.5422,20.0,801.0
36754,15.5422,20.0,801.0
36755,15.5422,20.0,801.1
36756,15.5422,20.0,801.1
36757,15.5422,20.0,801.1
36758,15.5422,20.0,801.1
36759,15.5422,20.0,801.1
36760,15.5422,20.0,801.2
36761,15.5422,20.0,801.2
36762,15.5422,20.0,801.2
36763,15.5422,20.0,801.2
36764,15.5422,20.0,801.2
36765,15.5422,20.0,801.3
36766,15.5422,20.0,801.3
36767,15.5422,20.0,801.3
36768,15.5422,20.0,801.3
36769,15.5422,20.0,801.3
36770,15.5422,20.0,801.4
36771,15.5422,20.0,801.4
36772,15.5422,20.0,801.4
36773,15.5422,20.0,801.4
36774,15.5422,20.0,801.4
36775,15.5422,20.0,801.4
36776,15.5422,20.0,801.5
36777,15.5422,20.0,801.5
36778,15.5422,20.0,801.5
36779,15.5422,20.0,801.5
36780,15.5422,20.0,801.5
36781,15.5423,20.0,801.6
36782,15.5423,20.0,801.6
36783,15.5423,20.0,801.6
36784,15.5423,20.0,801.6
36785,15.5423,20.0,801.6
36786,15.5423,20.0,801.7
36787,15.5423,20.0,801.7
36788,15.5423,20.0,801.7
36789,15.5423,20.0,801.7
36790,15.5423,20.0,801.7
36791,15.5423,20.0,801.8
36792,15.5423,20.0,801.8
36793,15.5423,20.0,801.8
36794,15.5423,20.0,801.8
36795,15.5423,20.0,801.8
36796,15.5423,20.0,801.8
36797,15.5423,20.0,801.9
36798,15.5423,20.0,801.9
36799,15.5423,20.0,801.9
36800,15.5423,20.0,801.9
36801,15.5423,20.0,802.0
36802,15.5423,20.0,802.0
36803,15.5423,20.0,802.0
36804,15.5423,20.0,802.0
36805,15.5423,20.0,802.0
36806,15.5423,20.0,802.1
36807,15.5423,20.0,802.1
36808,15.5423,20.0,802.1
36809,15.5423,20.0,802.1
36810,15.5423,20.0,802.1
36811,15.5423,20.0,802.2
36812,15.5423,20.0,802.2
36813,15.5423,20.0,802.2
36814,15.5423,20.0,802.2
36815,15.5423,20.0,802.3
36816,15.5423,20.0,802.3
36817,15.5423,20.0,802.3
36818,15.5423,20.0,802.3
36819,15.5423,20.0,802.3
36820,15.5423,20.0,802.4
36821,15.5423,20.0,802.4
36822,15.5423,20.0,802.4
36823,15.5423,20.0,802.4
36824,15.5423,20.0,802.5
36825,15.5423,20.0,802.5
36826,15.5423,20.0,802.5
36827,15.5423,20.0,802.5
36828,15.5423,20.0,802.6
36829,15.5423,20.0,802.6
36830,15.5423,20.0,802.6
36831,15.5423,20.0,802.6
36832,15.5423,20.0,802.6
36833,15.5423,20.0,802.7
36834,15.5423,20.0,802.7
36835,15.5423,20.0,802.7
36836,15.5423,20.0,802.7
36837,15.5423,20.0,802.7
36838,15.5423,20.0,802.8
36839,15.5423,20.0,802.8
36840,15.5423,20.0,802.8
36841,15.5426,20.0,802.8
36842,15.5426,20.0,802.8
36843,15.5426,20.0,802.9
36844,15.5426,20.0,802.9
36845,15.5426,20.0,802.9
36846,15.5426,20.0,802.9
36847,15.5426,20.0,802.9
36848,15.5426,20.0,803.0
36849,15.5426,20.0,803.0
36850,15.5426,20.0,803.0
36851,15.5426,20.0,803.0
36852,15.5426,20.0,803.0
36853,15.5426,20.0,803.1
36854,15.5426,20.0,803.1
36855,15.5426,20.0,803.1
36856,15.5426,20.0,803.1
36857,15.5426,20.0,803.1
36858,15.5426,20.0,803.2
36859,15.5426,20.0,803.2
36860,15.5426,20.0,803.2
36861,15.5430,20.0,803.2
36862,15.5430,20.0,803.2
36863,15.5430,20.0,803.3
36864,15.5430,20.0,803.3
36865,15.5430,20.0,803.6
36866,15.5430,20.0,803.6
36867,15.5430,20.0,803.6
36868,15.5430,20.0,803.6
36869,15.5430,20.0,803.6
36870,15.5430,20.0,803.7
36871,15.5430,20.0,803.7
36872,15.5430,20.0,803.7
36873,15.5430,20.0,803.7
36874,15.5430,20.0,803.7
36875,15.5430,20.0,803.8
36876,15.5430,20.0,803.8
36877,15.5430,20.0,803.8
36878,15.5430,20.0,803.8
36879,15.5430,20.0,803.8
36880,15.5430,20.0,803.8
36881,15.5830,20.0,803.9
36882,15.5830,20.0,803.9
36883,15.5830,20.0,803.9
36884,15.5830,20.0,803.9
36885,15.5830,20.0,803.9
36886,15.5830,20.0,804.0
36887,15.5830,20.0,804.0
36888,15.5830,20.0,804.0
36889,15.5830,20.0,804.0
36890,15.5830,20.0,804.0
36891,15.5830,20.0,804.1
36892,15.5830,20.0,804.1
36893,15.5830,20.0,804.1
36894,15.5830,20.0,804.1
36895,15.5830,20.0,804.1
36896,15.5830,20.0,804.1
36897,15.5830,20.0,804.2
36898,15.5830,20.0,804.2
36899,15.5830,20.0,804.2
36900,15.5830,20.0,804.2
36901,15.6230,20.0,804.2
36902,15.6230,20.0,804.3
36903,15.6230,20.0,804.3
36904,15.6230,20.0,804.3
36905,15.6230,20.0,804.3
36906,15.6230,20.0,804.3
36907,15.6230,20.0,804.4
36908,15.6230,20.0,804.4
36909,15.6230,20.0,804.4
36910,15.6230,20.0,804.4
36911,15.6230,20.0,804.5
36912,15.6230,20.0,804.5
36913,15.6230,20.0,804.5
36914,15.6230,20.0,804.5
36915,15.6230,20.0,804.5
36916,15.6230,20.0,804.6
36917,15.6230,20.0,804.6
36918,15.6230,20.0,804.6
36919,15.6230,20.0,804.6
36920,15.6230,20.0,804.6
36921,15.6631,20.0,804.7
36922,15.6631,20.0,804.7
36923,15.6631,20.0,804.7
36924,15.6631,20.0,804.7
36925,15.6631,20.0,804.8
36926,15.6631,20.0,804.8
36927,15.6631,20.0,804.8
36928,15.6631,20.0,804.8
36929,15.6631,20.0,804.8
36930,15.6631,20.0,804.9
36931,15.6631,20.0,804.9
36932,15.6631,20.0,804.9
36933,15.6631,20.0,804.9
36934,15.6631,20.0,804.9
36935,15.6631,20.0,805.0
36936,15.6631,20.0,805.0
36937,15.6631,20.0,805.0
36938,15.6631,20.0,805.0
36939,15.6631,20.0,805.1
36940,15.6631,20.0,805.1
36941,15.7031,20.0,805.1
36942,15.7031,20.0,805.1
36943,15.7031,20.0,805.1
36944,15.7031,20.0,805.2
36945,15.7031,20.0,805.2
36946,15.7031,20.0,805.2
36947,15.7031,20.0,805.2
36948,15.7031,20.0,805.2
36949,15.7031,20.0,805.3
36950,15.7031,20.0,805.3
36951,15.7031,20.0,805.3
36952,15.7031,20.0,805.3
36953,15.7031,20.0,805.4
36954,15.7031,20.0,805.4
36955,15.7031,20.0,805.4
36956,15.7031,20.0,805.4
36957,15.7031,20.0,805.4
36958,15.7031,20.0,805.5
36959,15.7031,20.0,805.5
36960,15.7031,20.0,805.5
36961,15.7431,20.0,805.5
36962,15.7431,20.0,805.5
36963,15.7431,20.0,805.6
36964,15.7431,20.0,805.6
36965,15.7431,20.0,805.6
36966,15.7431,20.0,805.6
36967,15.7431,20.0,805.6
36968,15.7431,20.0,805.7
36969,15.7431,20.0,805.7
36970,15.7431,20.0,805.7
36971,15.7431,20.0,805.7
36972,15.7431,20.0,805.8
36973,15.7431,20.0,805.8
36974,15.7431,20.0,805.8
36975,15.7431,20.0,805.8
36976,15.7431,20.0,805.8
36977,15.7431,20.0,805.8
36978,15.7431,20.0,805.9
36979,15.7431,20.0,805.9
36980,15.7431,20.0,805.9
36981,15.7832,20.0,805.9
36982,15.7832,20.0,805.9
36983,15.7832,20.0,806.0
36984,15.7832,20.0,806.0
36985,15.7832,20.0,806.0
36986,15.7832,20.0,806.0
36987,15.7832,20.0,806.0
36988,15.7832,20.0,806.1
36989,15.7832,20.0,806.1
36990,15.7832,20.0,806.1
36991,15.7832,20.0,806.1
36992,15.7832,20.0,806.1
36993,15.7832,20.0,806.2
36994,15.7832,20.0,806.2
36995,15.7832,20.0,806.2
36996,15.7832,20.0,806.2
36997,15.7832,20.0,806.2
36998,15.7832,20.0,806.3
36999,15.7832,20.0,806.3
37000,15.7832,20.0,806.3
37001,15.8232,20.0,806.3
37002,15.8232,20.0,806.3
37003,15.8232,20.0,806.4
37004,15.8232,20.0,806.4
37005,15.8232,20.0,806.4
37006,15.8232,20.0,806.4
37007,15.8232,20.0,806.4
37008,15.8232,20.0,806.5
37009,15.8232,20.0,806.5
37010,15.8232,20.0,806.5
37011,15.8232,20.0,806.5
37012,15.8232,20.0,806.5
37013,15.8232,20.0,806.6
37014,15.8232,20.0,806.6
37015,15.8232,20.0,806.6
37016,15.8232,20.0,806.6
37017,15.8232,20.0,806.6
37018,15.8232,20.0,806.7
37019,15.8232,20.0,806.7
37020,15.8232,20.0,806.7
37021,15.8633,20.0,806.7
37022,15.8633,20.0,806.7
37023,15.8633,20.0,806.8
37024,15.8633,20.0,806.8
37025,15.8633,20.0,806.8
37026,15.8633,20.0,806.8
37027,15.8633,20.0,806.8
37028,15.8633,20.0,806.9
37029,15.8633,20.0,806.9
37030,15.8633,20.0,806.9
37031,15.8633,20.0,806.9
37032,15.8633,20.0,806.9
37033,15.8633,20.0,807.0
37034,15.8633,20.0,807.0
37035,15.8633,20.0,807.0
37036,15.8633,20.0,807.0
37037,15.8633,20.0,807.0
37038,15.8633,20.0,807.1
37039,15.8633,20.0,807.1
37040,15.8633,20.0,807.1
37041,15.9033,20.0,807.1
37042,15.9033,20.0,807.2
37043,15.9033,20.0,807.2
37044,15.9033,20.0,807.2
37045,15.9033,20.0,807.2
37046,15.9033,20.0,807.3
37047,15.9033,20.0,807.3
37048,15.9033,20.0,807.3
37049,15.9033,20.0,807.3
37050,15.9033,20.0,807.3
37051,15.9033,20.0,807.4
37052,15.9033,20.0,807.4
37053,15.9033,20.0,807.4
37054,15.9033,20.0,807.4
37055,15.9033,20.0,807.5
37056,15.9033,20.0,807.5
37057,15.9033,20.0,807.5
37058,15.9033,20.0,807.5
37059,15.9033,20.0,807.5
37060,15.9033,20.0,807.6
37061,15.9433,20.0,807.6
37062,15.9433,20.0,807.6
37063,15.9433,20.0,807.6
37064,15.9433,20.0,807.6
37065,15.9433,20.0,807.6
37066,15.9433,20.0,807.7
37067,15.9433,20.0,807.7
37068,15.9433,20.0,807.7
37069,15.9433,20.0,807.7
37070,15.9433,20.0,807.7
37071,15.9433,20.0,807.8
37072,15.9433,20.0,807.8
37073,15.9433,20.0,807.8
37074,15.9433,20.0,807.8
37075,15.9433,20.0,807.8
37076,15.9433,20.0,807.9
37077,15.9433,20.0,807.9
37078,15.9433,20.0,807.9
37079,15.9433,20.0,807.9
37080,15.9433,20.0,807.9
37081,15.9834,20.0,808.0
37082,15.9834,20.0,808.0
37083,15.9834,20.0,808.0
37084,15.9834,20.0,808.0
37085,15.9834,20.0,808.0
37086,15.9834,20.0,808.1
37087,15.9834,20.0,808.1
37088,15.9834,20.0,808.1
37089,15.9834,20.0,808.1
37090,15.9834,20.0,808.1
37091,15.9834,20.0,808.2
37092,15.9834,20.0,808.2
37093,15.9834,20.0,808.2
37094,15.9834,20.0,808.2
37095,15.9834,20.0,808.2
37096,15.9834,20.0,808.3
37097,15.9834,20.0,808.3
37098,15.9834,20.0,808.3
37099,15.9834,20.0,808.3
37100,15.9834,20.0,808.3
37101,16.0234,20.0,808.4
37102,16.0234,20.0,808.4
37103,16.0234,20.0,808.4
37104,16.0234,20.0,808.4
37105,16.0234,20.0,808.4
37106,16.0234,20.0,808.5
37107,16.0234,20.0,808.5
37108,16.0234,20.0,808.5
37109,16.0234,20.0,808.5
37110,16.0234,20.0,808.5
37111,16.0234,20.0,808.5
37112,16.0234,20.0,808.6
37113,16.0234,20.0,808.6
37114,16.0234,20.0,808.6
37115,16.0234,20.0,808.6
37116,16.0234,20.0,808.7
37117,16.0234,20.0,808.7
37118,16.0234,20.0,808.7
37119,16.0234,20.0,808.7
37120,16.0234,20.0,808.7
37121,16.0635,20.0,808.8
37122,16.0635,20.0,808.8
37123,16.0635,20.0,808.8
37124,16.0635,20.0,808.8
37125,16.0635,20.0,808.8
37126,16.0635,20.0,808.8
37127,16.0635,20.0,808.9
37128,16.0635,20.0,808.9
37129,16.0635,20.0,808.9
37130,16.0635,20.0,808.9
37131,16.0635,20.0,808.9
37132,16.0635,20.0,809.0
37133,16.0635,20.0,809.0
37134,16.0635,20.0,809.0
37135,16.0635,20.0,809.0
37136,16.0635,20.0,809.1
37137,16.0635,20.0,809.1
37138,16.0635,20.0,809.1
37139,16.0635,20.0,809.1
37140,16.0635,20.0,809.1
37141,16.1035,20.0,809.2
37142,16.1035,20.0,809.2
37143,16.1035,20.0,809.2
37144,16.1035,20.0,809.2
37145,16.1035,20.0,809.3
37146,16.1035,20.0,809.3
37147,16.1035,20.0,809.3
37148,16.1035,20.0,809.3
37149,16.1035,20.0,809.3
37150,16.1035,20.0,809.4
37151,16.1035,20.0,809.4
37152,16.1035,20.0,809.4
37153,16.1035,20.0,809.4
37154,16.1035,20.0,809.4
37155,16.1035,20.0,809.5
37156,16.1035,20.0,809.5
37157,16.1035,20.0,809.5
37158,16.1035,20.0,809.5
37159,16.1035,20.0,809.5
37160,16.1035,20.0,809.6
37161,16.1435,20.0,809.6
37162,16.1435,20.0,809.6
37163,16.1435,20.0,809.6
37164,16.1435,20.0,809.6
37165,16.1435,20.0,809.7
37166,16.1435,20.0,809.7
37167,16.1435,20.0,809.7
37168,16.1435,20.0,809.7
37169,16.1435,20.0,809.7
37170,16.1435,20.0,809.8
37171,16.1435,20.0,809.8
37172,16.1435,20.0,809.8
37173,16.1435,20.0,809.8
37174,16.1435,20.0,809.8
37175,16.1435,20.0,809.8
37176,16.1435,20.0,809.9
37177,16.1435,20.0,809.9
37178,16.1435,20.0,809.9
37179,16.1435,20.0,809.9
37180,16.1435,20.0,809.9
37181,16.1836,20.0,810.0
37182,16.1836,20.0,810.0
37183,16.1836,20.0,810.0
37184,16.1836,20.0,810.0
37185,16.1836,20.0,810.0
37186,16.1836,20.0,810.1
37187,16.1836,20.0,810.1
37188,16.1836,20.0,810.1
37189,16.1836,20.0,810.1
37190,16.1836,20.0,810.1
37191,16.1836,20.0,810.1
37192,16.1836,20.0,810.2
37193,16.1836,20.0,810.2
37194,16.1836,20.0,810.2
37195,16.1836,20.0,810.2
37196,16.1836,20.0,810.2
37197,16.1836,20.0,810.3
37198,16.1836,20.0,810.3
37199,16.1836,20.0,810.3
37200,16.1836,20.0,810.3
37201,16.2236,20.0,810.4
37202,16.2236,20.0,810.4
37203,16.2236,20.0,810.4
37204,16.2236,20.0,810.4
37205,16.2236,20.0,810.4
37206,16.2236,20.0,810.5
37207,16.2236,20.0,810.5
37208,16.2236,20.0,810.5
37209,16.2236,20.0,810.5
37210,16.2236,20.0,810.5
37211,16.2236,20.0,810.6
37212,16.2236,20.0,810.6
37213,16.2236,20.0,810.6
37214,16.2236,20.0,810.6
37215,16.2236,20.0,810.7
37216,16.2236,20.0,810.7
37217,16.2236,20.0,810.7
37218,16.2236,20.0,810.7
37219,16.2236,20.0,810.7
37220,16.2236,20.0,810.8
37221,16.2637,20.0,810.8
37222,16.2637,20.0,810.8
37223,16.2637,20.0,810.8
37224,16.2637,20.0,810.8
37225,16.2637,20.0,810.9
37226,16.2637,20.0,810.9
37227,16.2637,20.0,810.9
37228,16.2637,20.0,810.9
37229,16.2637,20.0,810.9
37230,16.2637,20.0,810.9
37231,16.2637,20.0,811.0
37232,16.2637,20.0,811.0
37233,16.2637,20.0,811.0
37234,16.2637,20.0,811.0
37235,16.2637,20.0,811.0
37236,16.2637,20.0,811.1
37237,16.2637,20.0,811.1
37238,16.2637,20.0,811.1
37239,16.2637,20.0,811.1
37240,16.2637,20.0,811.1
37241,16.3037,20.0,811.2
37242,16.3037,20.0,811.2
37243,16.3037,20.0,811.2
37244,16.3037,20.0,811.2
37245,16.3037,20.0,811.2
37246,16.3037,20.0,811.3
37247,16.3037,20.0,811.3
37248,16.3037,20.0,811.3
37249,16.3037,20.0,811.3
37250,16.3037,20.0,811.4
37251,16.3037,20.0,811.4
37252,16.3037,20.0,811.4
37253,16.3037,20.0,811.4
37254,16.3037,20.0,811.4
37255,16.3037,20.0,811.5
37256,16.3037,20.0,811.5
37257,16.3037,20.0,811.5
37258,16.3037,20.0,811.5
37259,16.3037,20.0,811.5
37260,16.3037,20.0,811.6
37261,16.3437,20.0,811.6
37262,16.3437,20.0,811.6
37263,16.3437,20.0,811.6
37264,16.3437,20.0,811.6
37265,16.3437,20.0,811.7
37266,16.3437,20.0,811.7
37267,16.3437,20.0,811.7
37268,16.3437,20.0,811.7
37269,16.3437,20.0,811.7
37270,16.3437,20.0,811.7
37271,16.3437,20.0,811.8
37272,16.3437,20.0,811.8
37273,16.3437,20.0,811.8
37274,16.3437,20.0,811.8
37275,16.3437,20.0,811.8
37276,16.3437,20.0,811.9
37277,16.3437,20.0,811.9
37278,16.3437,20.0,811.9
37279,16.3437,20.0,811.9
37280,16.3437,20.0,812.0
37281,16.3838,20.0,812.0
37282,16.3838,20.0,812.0
37283,16.3838,20.0,812.0
37284,16.3838,20.0,812.0
37285,16.3838,20.0,812.0
37286,16.3838,20.0,812.1
37287,16.3838,20.0,812.1
37288,16.3838,20.0,812.1
37289,16.3838,20.0,812.1
37290,16.3838,20.0,812.1
37291,16.3838,20.0,812.2
37292,16.3838,20.0,812.2
37293,16.3838,20.0,812.2
37294,16.3838,20.0,812.2
37295,16.3838,20.0,812.3
37296,16.3838,20.0,812.3
37297,16.3838,20.0,812.3
37298,16.3838,20.0,812.3
37299,16.3838,20.0,812.3
37300,16.3838,20.0,812.3
37301,16.4238,20.0,812.4
37302,16.4238,20.0,812.4
37303,16.4238,20.0,812.4
37304,16.4238,20.0,812.4
37305,16.4238,20.0,812.4
37306,16.4238,20.0,812.5
37307,16.4238,20.0,812.5
37308,16.4238,20.0,812.5
37309,16.4238,20.0,812.5
37310,16.4238,20.0,812.5
37311,16.4238,20.0,812.6
37312,16.4238,20.0,812.6
37313,16.4238,20.0,812.6
37314,16.4238,20.0,812.6
37315,16.4238,20.0,812.6
37316,16.4238,20.0,812.7
37317,16.4238,20.0,812.7
37318,16.4238,20.0,812.7
37319,16.4238,20.0,812.7
37320,16.4238,20.0,812.8
37321,16.4639,20.0,812.8
37322,16.4639,20.0,812.8
37323,16.4639,20.0,812.8
37324,16.4639,20.0,812.8
37325,16.4639,20.0,812.9
37326,16.4639,20.0,812.9
37327,16.4639,20.0,812.9
37328,16.4639,20.0,812.9
37329,16.4639,20.0,812.9
37330,16.4639,20.0,813.0
37331,16.4639,20.0,813.0
37332,16.4639,20.0,813.0
37333,16.4639,20.0,813.0
37334,16.4639,20.0,813.0
37335,16.4639,20.0,813.1
37336,16.4639,20.0,813.1
37337,16.4639,20.0,813.1
37338,16.4639,20.0,813.1
37339,16.4639,20.0,813.2
37340,16.4639,20.0,813.2
37341,16.5239,20.0,813.2
37342,16.5239,20.0,813.2
37343,16.5239,20.0,813.2
37344,16.5239,20.0,813.2
37345,16.5239,20.0,813.3
37346,16.5239,20.0,813.3
37347,16.5239,20.0,813.3
37348,16.5239,20.0,813.3
37349,16.5239,20.0,813.3
37350,16.5239,20.0,813.4
37351,16.5239,20.0,813.4
37352,16.5239,20.0,813.4
37353,16.5239,20.0,813.4
37354,16.5239,20.0,813.4
37355,16.5239,20.0,813.5
37356,16.5239,20.0,813.5
37357,16.5239,20.0,813.5
37358,16.5239,20.0,813.5
37359,16.5239,20.0,813.6
37360,16.5239,20.0,813.6
37361,16.5839,20.0,813.6
37362,16.5839,20.0,813.6
37363,16.5839,20.0,813.6
37364,16.5839,20.0,813.7
37365,16.5839,20.0,813.7
37366,16.5839,20.0,813.7
37367,16.5839,20.0,813.7
37368,16.5839,20.0,813.7
37369,16.5839,20.0,813.8
37370,16.5839,20.0,813.8
37371,16.5839,20.0,813.8
37372,16.5839,20.0,813.8
37373,16.5839,20.0,813.8
37374,16.5839,20.0,813.9
37375,16.5839,20.0,813.9
37376,16.5839,20.0,813.9
37377,16.5839,20.0,814.2
37378,16.5839,20.0,814.2
37379,16.5839,20.0,814.2
37380,16.5839,20.0,814.2
37381,16.6439,20.0,814.3
37382,16.6439,20.0,814.3
37383,16.6439,20.0,814.3
37384,16.6439,20.0,814.3
37385,16.6439,20.0,814.3
37386,16.6439,20.0,814.4
37387,16.6439,20.0,814.4
37388,16.6439,20.0,814.4
37389,16.6439,20.0,814.4
37390,16.6439,20.0,814.4
37391,16.6439,20.0,814.5
37392,16.6439,20.0,814.5
37393,16.6439,20.0,814.5
37394,16.6439,20.0,814.5
37395,16.6439,20.0,814.5
37396,16.6439,20.0,814.6
37397,16.6439,20.0,814.6
37398,16.6439,20.0,814.6
37399,16.6439,20.0,814.6
37400,16.6439,20.0,814.7
37401,16.7042,20.0,814.7
37402,16.7042,20.0,814.7
37403,16.7042,20.0,814.7
37404,16.7042,20.0,814.7
37405,16.7042,20.0,814.7
37406,16.7042,20.0,814.8
37407,16.7042,20.0,814.8
37408,16.7042,20.0,814.8
37409,16.7042,20.0,814.8
37410,16.7042,20.0,814.8
37411,16.7042,20.0,814.9
37412,16.7042,20.0,814.9
37413,16.7042,20.0,814.9
37414,16.7042,20.0,814.9
37415,16.7042,20.0,814.9
37416,16.7042,20.0,815.0
37417,16.7042,20.0,815.0
37418,16.7042,20.0,815.0
37419,16.7042,20.0,815.0
37420,16.7042,20.0,815.0
37421,16.7646,20.0,815.1
37422,16.7646,20.0,815.1
37423,16.7646,20.0,815.1
37424,16.7646,20.0,815.1
37425,16.7646,20.0,815.1
37426,16.7646,20.0,815.2
37427,16.7646,20.0,815.2
37428,16.7646,20.0,815.2
37429,16.7646,20.0,815.2
37430,16.7646,20.0,815.2
37431,16.7646,20.0,815.3
37432,16.7646,20.0,815.3
37433,16.7646,20.0,815.3
37434,16.7646,20.0,815.3
37435,16.7646,20.0,815.3
37436,16.7646,20.0,815.3
37437,16.7646,20.0,815.4
37438,16.7646,20.0,815.4
37439,16.7646,20.0,815.4
37440,16.7646,20.0,815.4
37441,16.8249,20.0,815.4
37442,16.8249,20.0,815.5
37443,16.8249,20.0,815.5
37444,16.8249,20.0,815.5
37445,16.8249,20.0,815.5
37446,16.8249,20.0,815.5
37447,16.8249,20.0,815.5
37448,16.8249,20.0,815.6
37449,16.8249,20.0,815.6
37450,16.8249,20.0,815.6
37451,16.8249,20.0,815.6
37452,16.8249,20.0,815.6
37453,16.8249,20.0,815.7
37454,16.8249,20.0,815.7
37455,16.8249,20.0,815.7
37456,16.8249,20.0,815.7
37457,16.8249,20.0,815.8
37458,16.8249,20.0,815.8
37459,16.8249,20.0,815.8
37460,16.8249,20.0,815.8
37461,16.8852,20.0,815.8
37462,16.8852,20.0,815.9
37463,16.8852,20.0,815.9
37464,16.8852,20.0,815.9
37465,16.8852,20.0,815.9
37466,16.8852,20.0,816.0
37467,16.8852,20.0,816.0
37468,16.8852,20.0,816.0
37469,16.8852,20.0,816.0
37470,16.8852,20.0,816.0
37471,16.8852,20.0,816.1
37472,16.8852,20.0,816.1
37473,16.8852,20.0,816.1
37474,16.8852,20.0,816.1
37475,16.8852,20.0,816.1
37476,16.8852,20.0,816.2
37477,16.8852,20.0,816.2
37478,16.8852,20.0,816.2
37479,16.8852,20.0,816.2
37480,16.8852,20.0,816.3
37481,16.9456,20.0,816.3
37482,16.9456,20.0,816.3
37483,16.9456,20.0,816.3
37484,16.9456,20.0,816.4
37485,16.9456,20.0,816.4
37486,16.9456,20.0,816.4
37487,16.9456,20.0,816.4
37488,16.9456,20.0,816.4
37489,16.9456,20.0,816.5
37490,16.9456,20.0,816.5
37491,16.9456,20.0,816.5
37492,16.9456,20.0,816.5
37493,16.9456,20.0,816.5
37494,16.9456,20.0,816.6
37495,16.9456,20.0,816.6
37496,16.9456,20.0,816.6
37497,16.9456,20.0,816.6
37498,16.9456,20.0,816.6
37499,16.9456,20.0,816.7
37500,16.9456,20.0,816.7
37501,17.0059,20.0,816.7
37502,17.0059,20.0,816.7
37503,17.0059,20.0,816.8
37504,17.0059,20.0,816.8
37505,17.0059,20.0,816.8
37506,17.0059,20.0,816.8
37507,17.0059,20.0,816.8
37508,17.0059,20.0,816.9
37509,17.0059,20.0,816.9
37510,17.0059,20.0,816.9
37511,17.0059,20.0,816.9
37512,17.0059,20.0,816.9
37513,17.0059,20.0,817.0
37514,17.0059,20.0,817.0
37515,17.0059,20.0,817.0
37516,17.0059,20.0,817.0
37517,17.0059,20.0,817.0
37518,17.0059,20.0,817.1
37519,17.0059,20.0,817.1
37520,17.0059,20.0,817.1
37521,17.0662,20.0,817.1
37522,17.0662,20.0,817.1
37523,17.0662,20.0,817.1
37524,17.0662,20.0,817.2
37525,17.0662,20.0,817.2
37526,17.0662,20.0,817.2
37527,17.0662,20.0,817.2
37528,17.0662,20.0,817.3
37529,17.0662,20.0,817.3
37530,17.0662,20.0,817.3
37531,17.0662,20.0,817.3
37532,17.0662,20.0,817.3
37533,17.0662,20.0,817.4
37534,17.0662,20.0,817.4
37535,17.0662,20.0,817.4
37536,17.0662,20.0,817.4
37537,17.0662,20.0,817.4
37538,17.0662,20.0,817.5
37539,17.0662,20.0,817.5
37540,17.0662,20.0,817.5
37541,17.1265,20.0,817.5
37542,17.1265,20.0,817.5
37543,17.1265,20.0,817.5
37544,17.1265,20.0,817.6
37545,17.1265,20.0,817.6
37546,17.1265,20.0,817.6
37547,17.1265,20.0,817.6
37548,17.1265,20.0,817.7
37549,17.1265,20.0,817.7
37550,17.1265,20.0,817.7
37551,17.1265,20.0,817.7
37552,17.1265,20.0,817.7
37553,17.1265,20.0,817.7
37554,17.1265,20.0,817.8
37555,17.1265,20.0,817.8
37556,17.1265,20.0,817.8
37557,17.1265,20.0,817.8
37558,17.1265,20.0,817.8
37559,17.1265,20.0,817.9
37560,17.1265,20.0,817.9
37561,17.1869,20.0,817.9
37562,17.1869,20.0,817.9
37563,17.1869,20.0,818.0
37564,17.1869,20.0,818.0
37565,17.1869,20.0,818.0
37566,17.1869,20.0,818.0
37567,17.1869,20.0,818.1
37568,17.1869,20.0,818.1
37569,17.1869,20.0,818.1
37570,17.1869,20.0,818.1
37571,17.1869,20.0,818.1
37572,17.1869,20.0,818.2
37573,17.1869,20.0,818.2
37574,17.1869,20.0,818.2
37575,17.1869,20.0,818.2
37576,17.1869,20.0,818.2
37577,17.1869,20.0,818.3
37578,17.1869,20.0,818.3
37579,17.1869,20.0,818.3
37580,17.1869,20.0,818.3
37581,17.2472,20.0,818.4
37582,17.2472,20.0,818.4
37583,17.2472,20.0,818.4
37584,17.2472,20.0,818.4
37585,17.2472,20.0,818.4
37586,17.2472,20.0,818.5
37587,17.2472,20.0,818.5
37588,17.2472,20.0,818.5
37589,17.2472,20.0,818.5
37590,17.2472,20.0,818.6
37591,17.2472,20.0,818.6
37592,17.2472,20.0,818.6
37593,17.2472,20.0,818.6
37594,17.2472,20.0,818.6
37595,17.2472,20.0,818.7
37596,17.2472,20.0,818.7
37597,17.2472,20.0,818.7
37598,17.2472,20.0,818.7
37599,17.2472,20.0,818.8
37600,17.2472,20.0,818.8
37601,17.3075,20.0,818.8
37602,17.3075,20.0,818.8
37603,17.3075,20.0,818.8
37604,17.3075,20.0,818.9
37605,17.3075,20.0,818.9
37606,17.3075,20.0,818.9
37607,17.3075,20.0,818.9
37608,17.3075,20.0,819.0
37609,17.3075,20.0,819.0
37610,17.3075,20.0,819.0
37611,17.3075,20.0,819.0
37612,17.3075,20.0,819.0
37613,17.3075,20.0,819.0
37614,17.3075,20.0,819.1
37615,17.3075,20.0,819.1
37616,17.3075,20.0,819.1
37617,17.3075,20.0,819.1
37618,17.3075,20.0,819.1
37619,17.3075,20.0,819.2
37620,17.3075,20.0,819.2
37621,17.3679,20.0,819.2
37622,17.3679,20.0,819.2
37623,17.3679,20.0,819.3
37624,17.3679,20.0,819.3
37625,17.3679,20.0,819.3
37626,17.3679,20.0,819.3
37627,17.3679,20.0,819.3
37628,17.3679,20.0,819.3
37629,17.3679,20.0,819.4
37630,17.3679,20.0,819.4
37631,17.3679,20.0,819.4
37632,17.3679,20.0,819.4
37633,17.3679,20.0,819.4
37634,17.3679,20.0,819.5
37635,17.3679,20.0,819.5
37636,17.3679,20.0,819.5
37637,17.3679,20.0,819.5
37638,17.3679,20.0,819.5
37639,17.3679,20.0,819.5
37640,17.3679,20.0,819.6
37641,17.4282,20.0,819.6
37642,17.4282,20.0,819.6
37643,17.4282,20.0,819.6
37644,17.4282,20.0,819.7
37645,17.4282,20.0,819.7
37646,17.4282,20.0,819.7
37647,17.4282,20.0,819.7
37648,17.4282,20.0,819.7
37649,17.4282,20.0,819.8
37650,17.4282,20.0,819.8
37651,17.4282,20.0,819.8
37652,17.4282,20.0,819.8
37653,17.4282,20.0,819.8
37654,17.4282,20.0,819.8
37655,17.4282,20.0,819.9
37656,17.4282,20.0,819.9
37657,17.4282,20.0,819.9
37658,17.4282,20.0,819.9
37659,17.4282,20.0,819.9
37660,17.4282,20.0,820.0
37661,17.4885,20.0,820.0
37662,17.4885,20.0,820.0
37663,17.4885,20.0,820.0
37664,17.4885,20.0,820.0
37665,17.4885,20.0,820.0
37666,17.4885,20.0,820.1
37667,17.4885,20.0,820.1
37668,17.4885,20.0,820.1
37669,17.4885,20.0,820.2
37670,17.4885,20.0,820.2
37671,17.4885,20.0,820.2
37672,17.4885,20.0,820.2
37673,17.4885,20.0,820.2
37674,17.4885,20.0,820.2
37675,17.4885,20.0,820.3
37676,17.4885,20.0,820.3
37677,17.4885,20.0,820.3
37678,17.4885,20.0,820.3
37679,17.4885,20.0,820.3
37680,17.4885,20.0,820.4
37681,17.5489,20.0,820.4
37682,17.5489,20.0,820.4
37683,17.5489,20.0,820.4
37684,17.5489,20.0,820.4
37685,17.5489,20.0,820.5
37686,17.5489,20.0,820.5
37687,17.5489,20.0,820.5
37688,17.5489,20.0,820.5
37689,17.5489,20.0,820.6
37690,17.5489,20.0,820.6
37691,17.5489,20.0,820.6
37692,17.5489,20.0,820.6
37693,17.5489,20.0,820.6
37694,17.5489,20.0,820.7
37695,17.5489,20.0,820.7
37696,17.5489,20.0,820.7
37697,17.5489,20.0,820.7
37698,17.5489,20.0,820.7
37699,17.5489,20.0,820.8
37700,17.5489,20.0,820.8
37701,17.6092,20.0,820.8
37702,17.6092,20.0,820.8
37703,17.6092,20.0,820.8
37704,17.6092,20.0,820.9
37705,17.6092,20.0,820.9
37706,17.6092,20.0,820.9
37707,17.6092,20.0,820.9
37708,17.6092,20.0,820.9
37709,17.6092,20.0,821.0
37710,17.6092,20.0,821.0
37711,17.6092,20.0,821.0
37712,17.6092,20.0,821.0
37713,17.6092,20.0,821.0
37714,17.6092,20.0,821.0
37715,17.6092,20.0,821.1
37716,17.6092,20.0,821.1
37717,17.6092,20.0,821.1
37718,17.6092,20.0,821.1
37719,17.6092,20.0,821.1
37720,17.6092,20.0,821.2
37721,17.6695,20.0,821.2
37722,17.6695,20.0,821.2
37723,17.6695,20.0,821.2
37724,17.6695,20.0,821.3
37725,17.6695,20.0,821.3
37726,17.6695,20.0,821.3
37727,17.6695,20.0,821.3
37728,17.6695,20.0,821.3
37729,17.6695,20.0,821.4
37730,17.6695,20.0,821.4
37731,17.6695,20.0,821.4
37732,17.6695,20.0,821.4
37733,17.6695,20.0,821.4
37734,17.6695,20.0,821.5
37735,17.6695,20.0,821.5
37736,17.6695,20.0,821.5
37737,17.6695,20.0,821.5
37738,17.6695,20.0,821.5
37739,17.6695,20.0,821.6
37740,17.6695,20.0,821.6
37741,17.7298,20.0,821.6
37742,17.7298,20.0,821.6
37743,17.7298,20.0,821.6
37744,17.7298,20.0,821.7
37745,17.7298,20.0,821.7
37746,17.7298,20.0,821.7
37747,17.7298,20.0,821.7
37748,17.7298,20.0,821.7
37749,17.7298,20.0,821.8
37750,17.7298,20.0,821.8
37751,17.7298,20.0,821.8
37752,17.7298,20.0,821.8
37753,17.7298,20.0,821.8
37754,17.7298,20.0,821.8
37755,17.7298,20.0,821.9
37756,17.7298,20.0,821.9
37757,17.7298,20.0,821.9
37758,17.7298,20.0,821.9
37759,17.7298,20.0,822.0
37760,17.7298,20.0,822.0
37761,17.7902,20.0,822.0
37762,17.7902,20.0,822.0
37763,17.7902,20.0,822.0
37764,17.7902,20.0,822.0
37765,17.7902,20.0,822.1
37766,17.7902,20.0,822.1
37767,17.7902,20.0,822.1
37768,17.7902,20.0,822.1
37769,17.7902,20.0,822.2
37770,17.7902,20.0,822.2
37771,17.7902,20.0,822.2
37772,17.7902,20.0,822.2
37773,17.7902,20.0,822.2
37774,17.7902,20.0,822.3
37775,17.7902,20.0,822.3
37776,17.7902,20.0,822.3
37777,17.7902,20.0,822.3
37778,17.7902,20.0,822.3
37779,17.7902,20.0,822.4
37780,17.7902,20.0,822.4
37781,17.8505,20.0,822.4
37782,17.8505,20.0,822.4
37783,17.8505,20.0,822.5
37784,17.8505,20.0,822.5
37785,17.8505,20.0,822.5
37786,17.8505,20.0,822.5
37787,17.8505,20.0,822.5
37788,17.8505,20.0,822.6
37789,17.8505,20.0,822.6
37790,17.8505,20.0,822.6
37791,17.8505,20.0,822.6
37792,17.8505,20.0,822.7
37793,17.8505,20.0,822.7
37794,17.8505,20.0,822.7
37795,17.8505,20.0,822.7
37796,17.8505,20.0,822.7
37797,17.8505,20.0,822.8
37798,17.8505,20.0,822.8
37799,17.8505,20.0,822.8
37800,17.8505,20.0,822.8
37801,17.9108,20.0,822.8
37802,17.9108,20.0,822.9
37803,17.9108,20.0,822.9
37804,17.9108,20.0,822.9
37805,17.9108,20.0,822.9
37806,17.9108,20.0,822.9
37807,17.9108,20.0,823.0
37808,17.9108,20.0,823.0
37809,17.9108,20.0,823.0
37810,17.9108,20.0,823.0
37811,17.9108,20.0,823.0
37812,17.9108,20.0,823.1
37813,17.9108,20.0,823.1
37814,17.9108,20.0,823.1
37815,17.9108,20.0,823.1
37816,17.9108,20.0,823.1
37817,17.9108,20.0,823.2
37818,17.9108,20.0,823.2
37819,17.9108,20.0,823.2
37820,17.9108,20.0,823.2
37821,17.9712,20.0,823.2
37822,17.9712,20.0,823.3
37823,17.9712,20.0,823.3
37824,17.9712,20.0,823.3
37825,17.9712,20.0,823.3
37826,17.9712,20.0,823.3
37827,17.9712,20.0,823.3
37828,17.9712,20.0,823.4
37829,17.9712,20.0,823.4
37830,17.9712,20.0,823.4
37831,17.9712,20.0,823.4
37832,17.9712,20.0,823.5
37833,17.9712,20.0,823.5
37834,17.9712,20.0,823.5
37835,17.9712,20.0,823.5
37836,17.9712,20.0,823.5
37837,17.9712,20.0,823.5
37838,17.9712,20.0,823.6
37839,17.9712,20.0,823.6
37840,17.9712,20.0,823.6
37841,18.0315,20.0,823.6
37842,18.0315,20.0,823.7
37843,18.0315,20.0,823.7
37844,18.0315,20.0,823.7
37845,18.0315,20.0,823.7
37846,18.0315,20.0,823.7
37847,18.0315,20.0,823.8
37848,18.0315,20.0,823.8
37849,18.0315,20.0,823.8
37850,18.0315,20.0,823.8
37851,18.0315,20.0,823.8
37852,18.0315,20.0,823.8
37853,18.0315,20.0,823.9
37854,18.0315,20.0,823.9
37855,18.0315,20.0,823.9
37856,18.0315,20.0,823.9
37857,18.0315,20.0,823.9
37858,18.0315,20.0,824.0
37859,18.0315,20.0,824.0
37860,18.0315,20.0,824.0
37861,18.0715,20.0,824.0
37862,18.0715,20.0,824.0
37863,18.0715,20.0,824.1
37864,18.0715,20.0,824.1
37865,18.0715,20.0,824.1
37866,18.0715,20.0,824.1
37867,18.0715,20.0,824.1
37868,18.0715,20.0,824.2
37869,18.0715,20.0,824.2
37870,18.0715,20.0,824.2
37871,18.0715,20.0,824.2
37872,18.0715,20.0,824.2
37873,18.0715,20.0,824.3
37874,18.0715,20.0,824.3
37875,18.0715,20.0,824.3
37876,18.0715,20.0,824.3
37877,18.0715,20.0,824.4
37878,18.0715,20.0,824.4
37879,18.0715,20.0,824.4
37880,18.0715,20.0,824.4
37881,18.1116,20.0,824.4
37882,18.1116,20.0,824.5
37883,18.1116,20.0,824.5
37884,18.1116,20.0,824.5
37885,18.1116,20.0,824.5
37886,18.1116,20.0,824.5
37887,18.1116,20.0,824.6
37888,18.1116,20.0,824.6
37889,18.1116,20.0,824.8
37890,18.1116,20.0,824.9
37891,18.1116,20.0,824.9
37892,18.1116,20.0,824.9
37893,18.1116,20.0,824.9
37894,18.1116,20.0,825.0
37895,18.1116,20.0,825.0
37896,18.1116,20.0,825.0
37897,18.1116,20.0,825.0
37898,18.1116,20.0,825.0
37899,18.1116,20.0,825.0
37900,18.1116,20.0,825.1
37901,18.1324,20.0,825.1
37902,18.1324,20.0,825.1
37903,18.1324,20.0,825.1
37904,18.1324,20.0,825.2
37905,18.1324,20.0,825.2
37906,18.1324,20.0,825.2
37907,18.1324,20.0,825.2
37908,18.1324,20.0,825.2
37909,18.1324,20.0,825.3
37910,18.1324,20.0,825.3
37911,18.1324,20.0,825.3
37912,18.1324,20.0,825.3
37913,18.1324,20.0,825.3
37914,18.1324,20.0,825.3
37915,18.1324,20.0,825.4
37916,18.1324,20.0,825.4
37917,18.1324,20.0,825.4
37918,18.1324,20.0,825.4
37919,18.1324,20.0,825.4
37920,18.1324,20.0,825.5
37921,18.1533,20.0,825.5
37922,18.1533,20.0,825.5
37923,18.1533,20.0,825.5
37924,18.1533,20.0,825.5
37925,18.1533,20.0,825.6
37926,18.1533,20.0,825.6
37927,18.1533,20.0,825.6
37928,18.1533,20.0,825.6
37929,18.1533,20.0,825.6
37930,18.1533,20.0,825.7
37931,18.1533,20.0,825.7
37932,18.1533,20.0,825.7
37933,18.1533,20.0,825.7
37934,18.1533,20.0,825.7
37935,18.1533,20.0,825.8
37936,18.1533,20.0,825.8
37937,18.1533,20.0,825.8
37938,18.1533,20.0,825.8
37939,18.1533,20.0,825.8
37940,18.1533,20.0,825.9
37941,18.1742,20.0,825.9
37942,18.1742,20.0,825.9
37943,18.1742,20.0,825.9
37944,18.1742,20.0,826.0
37945,18.1742,20.0,826.0
37946,18.1742,20.0,826.0
37947,18.1742,20.0,826.0
37948,18.1742,20.0,826.0
37949,18.1742,20.0,826.1
37950,18.1742,20.0,826.1
37951,18.1742,20.0,826.1
37952,18.1742,20.0,826.1
37953,18.1742,20.0,826.1
37954,18.1742,20.0,826.2
37955,18.1742,20.0,826.2
37956,18.1742,20.0,826.2
37957,18.1742,20.0,826.2
37958,18.1742,20.0,826.2
37959,18.1742,20.0,826.3
37960,18.1742,20.0,826.3
37961,18.1951,20.0,826.3
37962,18.1951,20.0,826.3
37963,18.1951,20.0,826.4
37964,18.1951,20.0,826.4
37965,18.1951,20.0,826.4
37966,18.1951,20.0,826.4
37967,18.1951,20.0,826.5
37968,18.1951,20.0,826.5
37969,18.1951,20.0,826.5
37970,18.1951,20.0,826.5
37971,18.1951,20.0,826.5
37972,18.1951,20.0,826.6
37973,18.1951,20.0,826.6
37974,18.1951,20.0,826.6
37975,18.1951,20.0,826.6
37976,18.1951,20.0,826.6
37977,18.1951,20.0,826.7
37978,18.1951,20.0,826.7
37979,18.1951,20.0,826.7
37980,18.1951,20.0,826.7
37981,18.2160,20.0,826.8
37982,18.2160,20.0,826.8
37983,18.2160,20.0,826.8
37984,18.2160,20.0,826.8
37985,18.2160,20.0,826.9
37986,18.2160,20.0,826.9
37987,18.2160,20.0,826.9
37988,18.2160,20.0,826.9
37989,18.2160,20.0,826.9
37990,18.2160,20.0,827.0
37991,18.2160,20.0,827.0
37992,18.2160,20.0,827.0
37993,18.2160,20.0,827.0
37994,18.2160,20.0,827.0
37995,18.2160,20.0,827.0
37996,18.2160,20.0,827.1
37997,18.2160,20.0,827.1
37998,18.2160,20.0,827.1
37999,18.2160,20.0,827.1
38000,18.2160,20.0,827.2
38001,18.2369,20.0,827.2
38002,18.2369,20.0,827.2
38003,18.2369,20.0,827.2
38004,18.2369,20.0,827.2
38005,18.2369,20.0,827.3
38006,18.2369,20.0,827.3
38007,18.2369,20.0,827.3
38008,18.2369,20.0,827.3
38009,18.2369,20.0,827.3
38010,18.2369,20.0,827.4
38011,18.2369,20.0,827.4
38012,18.2369,20.0,827.4
38013,18.2369,20.0,827.4
38014,18.2369,20.0,827.4
38015,18.2369,20.0,827.5
38016,18.2369,20.0,827.5
38017,18.2369,20.0,827.5
38018,18.2369,20.0,827.5
38019,18.2369,20.0,827.5
38020,18.2369,20.0,827.6
38021,18.2578,20.0,827.6
38022,18.2578,20.0,827.6
38023,18.2578,20.0,827.6
38024,18.2578,20.0,827.7
38025,18.2578,20.0,827.7
38026,18.2578,20.0,827.7
38027,18.2578,20.0,827.7
38028,18.2578,20.0,827.7
38029,18.2578,20.0,827.8
38030,18.2578,20.0,827.8
38031,18.2578,20.0,827.8
38032,18.2578,20.0,827.8
38033,18.2578,20.0,827.9
38034,18.2578,20.0,827.9
38035,18.2578,20.0,827.9
38036,18.2578,20.0,827.9
38037,18.2578,20.0,827.9
38038,18.2578,20.0,828.0
38039,18.2578,20.0,828.0
38040,18.2578,20.0,828.0
38041,18.2786,20.0,828.0
38042,18.2786,20.0,828.1
38043,18.2786,20.0,828.1
38044,18.2786,20.0,828.1
38045,18.2786,20.0,828.1
38046,18.2786,20.0,828.1
38047,18.2786,20.0,828.2
38048,18.2786,20.0,828.2
38049,18.2786,20.0,828.2
38050,18.2786,20.0,828.2
38051,18.2786,20.0,828.3
38052,18.2786,20.0,828.3
38053,18.2786,20.0,828.3
38054,18.2786,20.0,828.3
38055,18.2786,20.0,828.3
38056,18.2786,20.0,828.4
38057,18.2786,20.0,828.4
38058,18.2786,20.0,828.4
38059,18.2786,20.0,828.4
38060,18.2786,20.0,828.5
38061,18.2995,20.0,828.5
38062,18.2995,20.0,828.5
38063,18.2995,20.0,828.5
38064,18.2995,20.0,828.5
38065,18.2995,20.0,828.6
38066,18.2995,20.0,828.6
38067,18.2995,20.0,828.6
38068,18.2995,20.0,828.6
38069,18.2995,20.0,828.6
38070,18.2995,20.0,828.7
38071,18.2995,20.0,828.7
38072,18.2995,20.0,828.7
38073,18.2995,20.0,828.8
38074,18.2995,20.0,828.8
38075,18.2995,20.0,828.9
38076,18.2995,20.0,828.9
38077,18.2995,20.0,828.9
38078,18.2995,20.0,829.0
38079,18.2995,20.0,829.0
38080,18.2995,20.0,829.0
38081,18.3204,20.0,829.1
38082,18.3204,20.0,829.1
38083,18.3204,20.0,829.1
38084,18.3204,20.0,829.1
38085,18.3204,20.0,829.1
38086,18.3204,20.0,829.2
38087,18.3204,20.0,829.3
38088,18.3204,20.0,829.3
38089,18.3204,20.0,829.4
38090,18.3204,20.0,829.4
38091,18.3204,20.0,829.4
38092,18.3204,20.0,829.5
38093,18.3204,20.0,829.5
38094,18.3204,20.0,829.5
38095,18.3204,20.0,829.6
38096,18.3204,20.0,829.6
38097,18.3204,20.0,829.7
38098,18.3204,20.0,829.7
38099,18.3204,20.0,829.7
38100,18.3204,20.0,829.8
38101,18.3413,20.0,829.8
38102,18.3413,20.0,829.8
38103,18.3413,20.0,829.8
38104,18.3413,20.0,829.9
38105,18.3413,20.0,829.9
38106,18.3413,20.0,829.9
38107,18.3413,20.0,829.9
38108,18.3413,20.0,830.0
38109,18.3413,20.0,830.0
38110,18.3413,20.0,830.0
38111,18.3413,20.0,830.0
38112,18.3413,20.0,830.0
38113,18.3413,20.0,830.1
38114,18.3413,20.0,830.1
38115,18.3413,20.0,830.1
38116,18.3413,20.0,830.1
38117,18.3413,20.0,830.2
38118,18.3413,20.0,830.2
38119,18.3413,20.0,830.2
38120,18.3413,20.0,830.2
38121,18.3622,20.0,830.3
38122,18.3622,20.0,830.3
38123,18.3622,20.0,830.4
38124,18.3622,20.0,830.4
38125,18.3622,20.0,830.5
38126,18.3622,20.0,830.5
38127,18.3622,20.0,830.5
38128,18.3622,20.0,830.5
38129,18.3622,20.0,830.6
38130,18.3622,20.0,830.7
38131,18.3622,20.0,830.7
38132,18.3622,20.0,830.7
38133,18.3622,20.0,830.8
38134,18.3622,20.0,830.8
38135,18.3622,20.0,830.8
38136,18.3622,20.0,830.8
38137,18.3622,20.0,830.9
38138,18.3622,20.0,830.9
38139,18.3622,20.0,830.9
38140,18.3622,20.0,831.0
38141,18.3831,20.0,831.0
38142,18.3831,20.0,831.0
38143,18.3831,20.0,831.1
38144,18.3831,20.0,831.1
38145,18.3831,20.0,831.1
38146,18.3831,20.0,831.2
38147,18.3831,20.0,831.2
38148,18.3831,20.0,831.2
38149,18.3831,20.0,831.2
38150,18.3831,20.0,831.3
38151,18.3831,20.0,831.3
38152,18.3831,20.0,831.4
38153,18.3831,20.0,831.4
38154,18.3831,20.0,831.5
38155,18.3831,20.0,831.5
38156,18.3831,20.0,831.6
38157,18.3831,20.0,831.6
38158,18.3831,20.0,831.6
38159,18.3831,20.0,831.7
38160,18.3831,20.0,831.7
38161,18.4040,20.0,831.7
38162,18.4040,20.0,831.8
38163,18.4040,20.0,831.8
38164,18.4040,20.0,831.8
38165,18.4040,20.0,831.8
38166,18.4040,20.0,831.8
38167,18.4040,20.0,831.9
38168,18.4040,20.0,831.9
38169,18.4040,20.0,831.9
38170,18.4040,20.0,831.9
38171,18.4040,20.0,831.9
38172,18.4040,20.0,832.0
38173,18.4040,20.0,832.0
38174,18.4040,20.0,832.0
38175,18.4040,20.0,832.0
38176,18.4040,20.0,832.0
38177,18.4040,20.0,832.1
38178,18.4040,20.0,832.1
38179,18.4040,20.0,832.1
38180,18.4040,20.0,832.1
38181,18.4248,20.0,832.2
38182,18.4248,20.0,832.2
38183,18.4248,20.0,832.2
38184,18.4248,20.0,832.3
38185,18.4248,20.0,832.3
38186,18.4248,20.0,832.3
38187,18.4248,20.0,832.4
38188,18.4248,20.0,832.4
38189,18.4248,20.0,832.4
38190,18.4248,20.0,832.4
38191,18.4248,20.0,832.5
38192,18.4248,20.0,832.5
38193,18.4248,20.0,832.5
38194,18.4248,20.0,832.5
38195,18.4248,20.0,832.5
38196,18.4248,20.0,832.6
38197,18.4248,20.0,832.6
38198,18.4248,20.0,832.6
38199,18.4248,20.0,832.6
38200,18.4248,20.0,832.7
38201,18.4457,20.0,832.7
38202,18.4457,20.0,832.7
38203,18.4457,20.0,832.7
38204,18.4457,20.0,832.7
38205,18.4457,20.0,832.8
38206,18.4457,20.0,832.8
38207,18.4457,20.0,832.8
38208,18.4457,20.0,832.8
38209,18.4457,20.0,832.8
38210,18.4457,20.0,832.9
38211,18.4457,20.0,832.9
38212,18.4457,20.0,832.9
38213,18.4457,20.0,832.9
38214,18.4457,20.0,832.9
38215,18.4457,20.0,833.0
38216,18.4457,20.0,833.0
38217,18.4457,20.0,833.0
38218,18.4457,20.0,833.0
38219,18.4457,20.0,833.1
38220,18.4457,20.0,833.1
38221,18.4666,20.0,833.1
38222,18.4666,20.0,833.1
38223,18.4666,20.0,833.2
38224,18.4666,20.0,833.2
38225,18.4666,20.0,833.2
38226,18.4666,20.0,833.2
38227,18.4666,20.0,833.3
38228,18.4666,20.0,833.3
38229,18.4666,20.0,833.3
38230,18.4666,20.0,833.3
38231,18.4666,20.0,833.4
38232,18.4666,20.0,833.4
38233,18.4666,20.0,833.4
38234,18.4666,20.0,833.4
38235,18.4666,20.0,833.5
38236,18.4666,20.0,833.5
38237,18.4666,20.0,833.5
38238,18.4666,20.0,833.5
38239,18.4666,20.0,833.6
38240,18.4666,20.0,833.6
38241,18.4875,20.0,833.6
38242,18.4875,20.0,833.6
38243,18.4875,20.0,833.6
38244,18.4875,20.0,833.7
38245,18.4875,20.0,833.7
38246,18.4875,20.0,833.7
38247,18.4875,20.0,833.7
38248,18.4875,20.0,833.8
38249,18.4875,20.0,833.8
38250,18.4875,20.0,833.8
38251,18.4875,20.0,833.8
38252,18.4875,20.0,833.8
38253,18.4875,20.0,833.9
38254,18.4875,20.0,833.9
38255,18.4875,20.0,833.9
38256,18.4875,20.0,833.9
38257,18.4875,20.0,833.9
38258,18.4875,20.0,834.0
38259,18.4875,20.0,834.0
38260,18.4875,20.0,834.0
38261,18.5084,20.0,834.0
38262,18.5084,20.0,834.1
38263,18.5084,20.0,834.1
38264,18.5084,20.0,834.1
38265,18.5084,20.0,834.1
38266,18.5084,20.0,834.2
38267,18.5084,20.0,834.2
38268,18.5084,20.0,834.2
38269,18.5084,20.0,834.2
38270,18.5084,20.0,834.3
38271,18.5084,20.0,834.3
38272,18.5084,20.0,834.3
38273,18.5084,20.0,834.3
38274,18.5084,20.0,834.3
38275,18.5084,20.0,834.4
38276,18.5084,20.0,834.4
38277,18.5084,20.0,834.4
38278,18.5084,20.0,834.4
38279,18.5084,20.0,834.5
38280,18.5084,20.0,834.6
38281,18.5293,20.0,834.6
38282,18.5293,20.0,834.7
38283,18.5293,20.0,834.7
38284,18.5293,20.0,834.7
38285,18.5293,20.0,834.8
38286,18.5293,20.0,834.8
38287,18.5293,20.0,834.8
38288,18.5293,20.0,834.9
38289,18.5293,20.0,834.9
38290,18.5293,20.0,834.9
38291,18.5293,20.0,834.9
38292,18.5293,20.0,835.0
38293,18.5293,20.0,835.0
38294,18.5293,20.0,835.0
38295,18.5293,20.0,835.1
38296,18.5293,20.0,835.1
38297,18.5293,20.0,835.2
38298,18.5293,20.0,835.3
38299,18.5293,20.0,835.3
38300,18.5293,20.0,835.3
38301,18.5502,20.0,835.4
38302,18.5502,20.0,835.4
38303,18.5502,20.0,835.4
38304,18.5502,20.0,835.5
38305,18.5502,20.0,835.5
38306,18.5502,20.0,835.5
38307,18.5502,20.0,835.5
38308,18.5502,20.0,835.6
38309,18.5502,20.0,835.6
38310,18.5502,20.0,835.6
38311,18.5502,20.0,835.7
38312,18.5502,20.0,835.7
38313,18.5502,20.0,835.8
38314,18.5502,20.0,835.9
38315,18.5502,20.0,836.1
38316,18.5502,20.0,836.3
38317,18.5502,20.0,836.3
38318,18.5502,20.0,836.3
38319,18.5502,20.0,836.4
38320,18.5502,20.0,836.4
38321,18.5710,20.0,836.4
38322,18.5710,20.0,836.5
38323,18.5710,20.0,836.5
38324,18.5710,20.0,836.5
38325,18.5710,20.0,836.5
38326,18.5710,20.0,836.6
38327,18.5710,20.0,836.6
38328,18.5710,20.0,836.6
38329,18.5710,20.0,836.7
38330,18.5710,20.0,836.7
38331,18.5710,20.0,836.7
38332,18.5710,20.0,836.8
38333,18.5710,20.0,836.8
38334,18.5710,20.0,836.8
38335,18.5710,20.0,836.8
38336,18.5710,20.0,836.9
38337,18.5710,20.0,836.9
38338,18.5710,20.0,836.9
38339,18.5710,20.0,836.9
38340,18.5710,20.0,837.0
38341,18.5919,20.0,837.0
38342,18.5919,20.0,837.0
38343,18.5919,20.0,837.0
38344,18.5919,20.0,837.1
38345,18.5919,20.0,837.1
38346,18.5919,20.0,837.1
38347,18.5919,20.0,837.1
38348,18.5919,20.0,837.2
38349,18.5919,20.0,837.2
38350,18.5919,20.0,837.2
38351,18.5919,20.0,837.2
38352,18.5919,20.0,837.2
38353,18.5919,20.0,837.2
38354,18.5919,20.0,837.3
38355,18.5919,20.0,837.3
38356,18.5919,20.0,837.3
38357,18.5919,20.0,837.3
38358,18.5919,20.0,837.4
38359,18.5919,20.0,837.4
38360,18.5919,20.0,837.4
38361,18.6127,20.0,837.4
38362,18.6127,20.0,837.4
38363,18.6127,20.0,837.5
38364,18.6127,20.0,837.5
38365,18.6127,20.0,837.5
38366,18.6127,20.0,837.5
38367,18.6127,20.0,837.5
38368,18.6127,20.0,837.6
38369,18.6127,20.0,837.6
38370,18.6127,20.0,837.6
38371,18.6127,20.0,837.6
38372,18.6127,20.0,837.7
38373,18.6127,20.0,837.7
38374,18.6127,20.0,837.7
38375,18.6127,20.0,837.7
38376,18.6127,20.0,837.7
38377,18.6127,20.0,837.8
38378,18.6127,20.0,837.8
38379,18.6127,20.0,837.8
38380,18.6127,20.0,837.8
38381,18.6335,20.0,837.9
38382,18.6335,20.0,837.9
38383,18.6335,20.0,837.9
38384,18.6335,20.0,837.9
38385,18.6335,20.0,837.9
38386,18.6335,20.0,838.0
38387,18.6335,20.0,838.0
38388,18.6335,20.0,838.0
38389,18.6335,20.0,838.0
38390,18.6335,20.0,838.0
38391,18.6335,20.0,838.1
38392,18.6335,20.0,838.1
38393,18.6335,20.0,838.1
38394,18.6335,20.0,838.1
38395,18.6335,20.0,838.1
38396,18.6335,20.0,838.2
38397,18.6335,20.0,838.2
38398,18.6335,20.0,838.2
38399,18.6335,20.0,838.2
38400,18.6335,20.0,838.2
38401,18.6544,20.0,838.5
38402,18.6544,20.0,838.6
38403,18.6544,20.0,838.6
38404,18.6544,20.0,838.6
38405,18.6544,20.0,838.6
38406,18.6544,20.0,838.6
38407,18.6544,20.0,838.7
38408,18.6544,20.0,838.7
38409,18.6544,20.0,838.7
38410,18.6544,20.0,838.7
38411,18.6544,20.0,838.8
38412,18.6544,20.0,838.8
38413,18.6544,20.0,838.8
38414,18.6544,20.0,838.8
38415,18.6544,20.0,838.9
38416,18.6544,20.0,838.9
38417,18.6544,20.0,838.9
38418,18.6544,20.0,838.9
38419,18.6544,20.0,839.0
38420,18.6544,20.0,839.0
38421,18.6751,20.0,839.0
38422,18.6751,20.0,839.1
38423,18.6751,20.0,839.1
38424,18.6751,20.0,839.1
38425,18.6751,20.0,839.2
38426,18.6751,20.0,839.2
38427,18.6751,20.0,839.2
38428,18.6751,20.0,839.3
38429,18.6751,20.0,839.3
38430,18.6751,20.0,839.3
38431,18.6751,20.0,839.3
38432,18.6751,20.0,839.4
38433,18.6751,20.0,839.4
38434,18.6751,20.0,839.4
38435,18.6751,20.0,839.4
38436,18.6751,20.0,839.4
38437,18.6751,20.0,839.5
38438,18.6751,20.0,839.5
38439,18.6751,20.0,839.5
38440,18.6751,20.0,839.5
38441,18.6958,20.0,839.6
38442,18.6958,20.0,839.6
38443,18.6958,20.0,839.6
38444,18.6958,20.0,839.6
38445,18.6958,20.0,839.7
38446,18.6958,20.0,839.7
38447,18.6958,20.0,839.7
38448,18.6958,20.0,839.7
38449,18.6958,20.0,839.7
38450,18.6958,20.0,839.8
38451,18.6958,20.0,839.8
38452,18.6958,20.0,839.8
38453,18.6958,20.0,839.8
38454,18.6958,20.0,839.9
38455,18.6958,20.0,839.9
38456,18.6958,20.0,839.9
38457,18.6958,20.0,839.9
38458,18.6958,20.0,839.9
38459,18.6958,20.0,840.0
38460,18.6958,20.0,840.0
38461,18.7165,20.0,840.0
38462,18.7165,20.0,840.0
38463,18.7165,20.0,840.0
38464,18.7165,20.0,840.1
38465,18.7165,20.0,840.1
38466,18.7165,20.0,840.1
38467,18.7165,20.0,840.1
38468,18.7165,20.0,840.1
38469,18.7165,20.0,840.2
38470,18.7165,20.0,840.2
38471,18.7165,20.0,840.2
38472,18.7165,20.0,840.2
38473,18.7165,20.0,840.3
38474,18.7165,20.0,840.3
38475,18.7165,20.0,840.3
38476,18.7165,20.0,840.3
38477,18.7165,20.0,840.4
38478,18.7165,20.0,840.4
38479,18.7165,20.0,840.4
38480,18.7165,20.0,840.4
38481,18.7372,20.0,840.4
38482,18.7372,20.0,840.5
38483,18.7372,20.0,840.5
38484,18.7372,20.0,840.5
38485,18.7372,20.0,840.5
38486,18.7372,20.0,840.5
38487,18.7372,20.0,840.6
38488,18.7372,20.0,840.6
38489,18.7372,20.0,840.6
38490,18.7372,20.0,840.6
38491,18.7372,20.0,840.6
38492,18.7372,20.0,840.7
38493,18.7372,20.0,840.7
38494,18.7372,20.0,840.7
38495,18.7372,20.0,840.7
38496,18.7372,20.0,840.7
38497,18.7372,20.0,840.8
38498,18.7372,20.0,840.8
38499,18.7372,20.0,840.8
38500,18.7372,20.0,840.8
38501,18.7578,20.0,840.9
38502,18.7578,20.0,840.9
38503,18.7578,20.0,840.9
38504,18.7578,20.0,840.9
38505,18.7578,20.0,841.0
38506,18.7578,20.0,841.0
38507,18.7578,20.0,841.0
38508,18.7578,20.0,841.0
38509,18.7578,20.0,841.0
38510,18.7578,20.0,841.1
38511,18.7578,20.0,841.1
38512,18.7578,20.0,841.1
38513,18.7578,20.0,841.1
38514,18.7578,20.0,841.1
38515,18.7578,20.0,841.2
38516,18.7578,20.0,841.2
38517,18.7578,20.0,841.2
38518,18.7578,20.0,841.2
38519,18.7578,20.0,841.2
38520,18.7578,20.0,841.3
38521,18.7785,20.0,841.3
38522,18.7785,20.0,841.3
38523,18.7785,20.0,841.3
38524,18.7785,20.0,841.3
38525,18.7785,20.0,841.4
38526,18.7785,20.0,841.4
38527,18.7785,20.0,841.4
38528,18.7785,20.0,841.4
38529,18.7785,20.0,841.4
38530,18.7785,20.0,841.5
38531,18.7785,20.0,841.5
38532,18.7785,20.0,841.5
38533,18.7785,20.0,841.5
38534,18.7785,20.0,841.5
38535,18.7785,20.0,841.6
38536,18.7785,20.0,841.6
38537,18.7785,20.0,841.6
38538,18.7785,20.0,841.6
38539,18.7785,20.0,841.6
38540,18.7785,20.0,841.7
38541,18.7992,20.0,841.7
38542,18.7992,20.0,841.7
38543,18.7992,20.0,841.7
38544,18.7992,20.0,841.7
38545,18.7992,20.0,841.8
38546,18.7992,20.0,841.8
38547,18.7992,20.0,841.8
38548,18.7992,20.0,841.8
38549,18.7992,20.0,841.8
38550,18.7992,20.0,841.9
38551,18.7992,20.0,841.9
38552,18.7992,20.0,841.9
38553,18.7992,20.0,841.9
38554,18.7992,20.0,841.9
38555,18.7992,20.0,842.0
38556,18.7992,20.0,842.0
38557,18.7992,20.0,842.0
38558,18.7992,20.0,842.0
38559,18.7992,20.0,842.0
38560,18.7992,20.0,842.1
38561,18.8199,20.0,842.1
38562,18.8199,20.0,842.1
38563,18.8199,20.0,842.1
38564,18.8199,20.0,842.2
38565,18.8199,20.0,842.2
38566,18.8199,20.0,842.2
38567,18.8199,20.0,842.2
38568,18.8199,20.0,842.2
38569,18.8199,20.0,842.3
38570,18.8199,20.0,842.3
38571,18.8199,20.0,842.3
38572,18.8199,20.0,842.3
38573,18.8199,20.0,842.3
38574,18.8199,20.0,842.3
38575,18.8199,20.0,842.4
38576,18.8199,20.0,842.4
38577,18.8199,20.0,842.4
38578,18.8199,20.0,842.4
38579,18.8199,20.0,842.5
38580,18.8199,20.0,842.5
38581,18.8406,20.0,842.5
38582,18.8406,20.0,842.5
38583,18.8406,20.0,842.5
38584,18.8406,20.0,842.6
38585,18.8406,20.0,842.6
38586,18.8406,20.0,842.6
38587,18.8406,20.0,842.6
38588,18.8406,20.0,842.6
38589,18.8406,20.0,842.7
38590,18.8406,20.0,842.7
38591,18.8406,20.0,842.7
38592,18.8406,20.0,842.7
38593,18.8406,20.0,842.7
38594,18.8406,20.0,842.8
38595,18.8406,20.0,842.8
38596,18.8406,20.0,842.8
38597,18.8406,20.0,842.8
38598,18.8406,20.0,842.8
38599,18.8406,20.0,842.9
38600,18.8406,20.0,842.9
38601,18.8612,20.0,842.9
38602,18.8612,20.0,842.9
38603,18.8612,20.0,842.9
38604,18.8612,20.0,843.0
38605,18.8612,20.0,843.0
38606,18.8612,20.0,843.0
38607,18.8612,20.0,843.0
38608,18.8612,20.0,843.0
38609,18.8612,20.0,843.1
38610,18.8612,20.0,843.1
38611,18.8612,20.0,843.1
38612,18.8612,20.0,843.1
38613,18.8612,20.0,843.1
38614,18.8612,20.0,843.2
38615,18.8612,20.0,843.2
38616,18.8612,20.0,843.2
38617,18.8612,20.0,843.2
38618,18.8612,20.0,843.2
38619,18.8612,20.0,843.3
38620,18.8612,20.0,843.3
38621,18.8819,20.0,843.3
38622,18.8819,20.0,843.3
38623,18.8819,20.0,843.3
38624,18.8819,20.0,843.4
38625,18.8819,20.0,843.4
38626,18.8819,20.0,843.4
38627,18.8819,20.0,843.4
38628,18.8819,20.0,843.4
38629,18.8819,20.0,843.5
38630,18.8819,20.0,843.5
38631,18.8819,20.0,843.5
38632,18.8819,20.0,843.5
38633,18.8819,20.0,843.6
38634,18.8819,20.0,843.6
38635,18.8819,20.0,843.6
38636,18.8819,20.0,843.6
38637,18.8819,20.0,843.6
38638,18.8819,20.0,843.7
38639,18.8819,20.0,843.7
38640,18.8819,20.0,843.7
38641,18.9026,20.0,843.7
38642,18.9026,20.0,843.8
38643,18.9026,20.0,843.8
38644,18.9026,20.0,843.8
38645,18.9026,20.0,843.8
38646,18.9026,20.0,843.8
38647,18.9026,20.0,843.9
38648,18.9026,20.0,843.9
38649,18.9026,20.0,843.9
38650,18.9026,20.0,843.9
38651,18.9026,20.0,843.9
38652,18.9026,20.0,844.0
38653,18.9026,20.0,844.0
38654,18.9026,20.0,844.0
38655,18.9026,20.0,844.0
38656,18.9026,20.0,844.1
38657,18.9026,20.0,844.1
38658,18.9026,20.0,844.1
38659,18.9026,20.0,844.1
38660,18.9026,20.0,844.1
38661,18.9233,20.0,844.2
38662,18.9233,20.0,844.2
38663,18.9233,20.0,844.2
38664,18.9233,20.0,844.2
38665,18.9233,20.0,844.3
38666,18.9233,20.0,844.3
38667,18.9233,20.0,844.3
38668,18.9233,20.0,844.3
38669,18.9233,20.0,844.3
38670,18.9233,20.0,844.4
38671,18.9233,20.0,844.4
38672,18.9233,20.0,844.4
38673,18.9233,20.0,844.4
38674,18.9233,20.0,844.4
38675,18.9233,20.0,844.5
38676,18.9233,20.0,844.5
38677,18.9233,20.0,844.5
38678,18.9233,20.0,844.5
38679,18.9233,20.0,844.6
38680,18.9233,20.0,844.6
38681,18.9440,20.0,844.6
38682,18.9440,20.0,844.6
38683,18.9440,20.0,844.7
38684,18.9440,20.0,844.7
38685,18.9440,20.0,844.7
38686,18.9440,20.0,844.7
38687,18.9440,20.0,844.7
38688,18.9440,20.0,844.7
38689,18.9440,20.0,844.8
38690,18.9440,20.0,844.8
38691,18.9440,20.0,844.8
38692,18.9440,20.0,844.8
38693,18.9440,20.0,844.9
38694,18.9440,20.0,844.9
38695,18.9440,20.0,844.9
38696,18.9440,20.0,844.9
38697,18.9440,20.0,844.9
38698,18.9440,20.0,845.0
38699,18.9440,20.0,845.0
38700,18.9440,20.0,845.0
38701,18.9646,20.0,845.0
38702,18.9646,20.0,845.0
38703,18.9646,20.0,845.1
38704,18.9646,20.0,845.1
38705,18.9646,20.0,845.1
38706,18.9646,20.0,845.1
38707,18.9646,20.0,845.2
38708,18.9646,20.0,845.2
38709,18.9646,20.0,845.2
38710,18.9646,20.0,845.2
38711,18.9646,20.0,845.2
38712,18.9646,20.0,845.3
38713,18.9646,20.0,845.3
38714,18.9646,20.0,845.3
38715,18.9646,20.0,845.3
38716,18.9646,20.0,845.3
38717,18.9646,20.0,845.3
38718,18.9646,20.0,845.4
38719,18.9646,20.0,845.4
38720,18.9646,20.0,845.4
38721,18.9853,20.0,845.4
38722,18.9853,20.0,845.5
38723,18.9853,20.0,845.5
38724,18.9853,20.0,845.5
38725,18.9853,20.0,845.5
38726,18.9853,20.0,845.5
38727,18.9853,20.0,845.6
38728,18.9853,20.0,845.6
38729,18.9853,20.0,845.6
38730,18.9853,20.0,845.6
38731,18.9853,20.0,845.6
38732,18.9853,20.0,845.6
38733,18.9853,20.0,845.7
38734,18.9853,20.0,845.7
38735,18.9853,20.0,845.7
38736,18.9853,20.0,845.7
38737,18.9853,20.0,845.7
38738,18.9853,20.0,845.8
38739,18.9853,20.0,845.8
38740,18.9853,20.0,845.8
38741,19.0060,20.0,845.8
38742,19.0060,20.0,845.9
38743,19.0060,20.0,845.9
38744,19.0060,20.0,845.9
38745,19.0060,20.0,845.9
38746,19.0060,20.0,845.9
38747,19.0060,20.0,846.0
38748,19.0060,20.0,846.0
38749,19.0060,20.0,846.0
38750,19.0060,20.0,846.0
38751,19.0060,20.0,846.0
38752,19.0060,20.0,846.1
38753,19.0060,20.0,846.1
38754,19.0060,20.0,846.1
38755,19.0060,20.0,846.1
38756,19.0060,20.0,846.1
38757,19.0060,20.0,846.2
38758,19.0060,20.0,846.2
38759,19.0060,20.0,846.2
38760,19.0060,20.0,846.2
38761,19.0267,20.0,846.3
38762,19.0267,20.0,846.3
38763,19.0267,20.0,846.3
38764,19.0267,20.0,846.3
38765,19.0267,20.0,846.3
38766,19.0267,20.0,846.4
38767,19.0267,20.0,846.4
38768,19.0267,20.0,846.4
38769,19.0267,20.0,846.4
38770,19.0267,20.0,846.4
38771,19.0267,20.0,846.5
38772,19.0267,20.0,846.5
38773,19.0267,20.0,846.5
38774,19.0267,20.0,846.5
38775,19.0267,20.0,846.5
38776,19.0267,20.0,846.6
38777,19.0267,20.0,846.6
38778,19.0267,20.0,846.6
38779,19.0267,20.0,846.6
38780,19.0267,20.0,846.7
38781,19.0474,20.0,846.7
38782,19.0474,20.0,846.7
38783,19.0474,20.0,846.7
38784,19.0474,20.0,846.7
38785,19.0474,20.0,846.8
38786,19.0474,20.0,846.8
38787,19.0474,20.0,846.8
38788,19.0474,20.0,846.8
38789,19.0474,20.0,846.8
38790,19.0474,20.0,846.9
38791,19.0474,20.0,846.9
38792,19.0474,20.0,846.9
38793,19.0474,20.0,846.9
38794,19.0474,20.0,847.0
38795,19.0474,20.0,847.0
38796,19.0474,20.0,847.0
38797,19.0474,20.0,847.0
38798,19.0474,20.0,847.0
38799,19.0474,20.0,847.1
38800,19.0474,20.0,847.1
38801,19.0680,20.0,847.1
38802,19.0680,20.0,847.1
38803,19.0680,20.0,847.2
38804,19.0680,20.0,847.2
38805,19.0680,20.0,847.2
38806,19.0680,20.0,847.2
38807,19.0680,20.0,847.3
38808,19.0680,20.0,847.3
38809,19.0680,20.0,847.3
38810,19.0680,20.0,847.3
38811,19.0680,20.0,847.3
38812,19.0680,20.0,847.4
38813,19.0680,20.0,847.4
38814,19.0680,20.0,847.4
38815,19.0680,20.0,847.4
38816,19.0680,20.0,847.5
38817,19.0680,20.0,847.5
38818,19.0680,20.0,847.5
38819,19.0680,20.0,847.5
38820,19.0680,20.0,847.5
38821,19.0887,20.0,847.6
38822,19.0887,20.0,847.6
38823,19.0887,20.0,847.6
38824,19.0887,20.0,847.6
38825,19.0887,20.0,847.6
38826,19.0887,20.0,847.7
38827,19.0887,20.0,847.7
38828,19.0887,20.0,847.7
38829,19.0887,20.0,847.7
38830,19.0887,20.0,847.7
38831,19.0887,20.0,847.8
38832,19.0887,20.0,847.8
38833,19.0887,20.0,847.8
38834,19.0887,20.0,847.8
38835,19.0887,20.0,847.8
38836,19.0887,20.0,847.9
38837,19.0887,20.0,847.9
38838,19.0887,20.0,847.9
38839,19.0887,20.0,847.9
38840,19.0887,20.0,847.9
38841,19.1094,20.0,848.0
38842,19.1094,20.0,848.0
38843,19.1094,20.0,848.0
38844,19.1094,20.0,848.0
38845,19.1094,20.0,848.0
38846,19.1094,20.0,848.1
38847,19.1094,20.0,848.1
38848,19.1094,20.0,848.1
38849,19.1094,20.0,848.1
38850,19.1094,20.0,848.1
38851,19.1094,20.0,848.2
38852,19.1094,20.0,848.2
38853,19.1094,20.0,848.2
38854,19.1094,20.0,848.2
38855,19.1094,20.0,848.3
38856,19.1094,20.0,848.3
38857,19.1094,20.0,848.3
38858,19.1094,20.0,848.3
38859,19.1094,20.0,848.4
38860,19.1094,20.0,848.4
38861,19.1301,20.0,848.4
38862,19.1301,20.0,848.4
38863,19.1301,20.0,848.4
38864,19.1301,20.0,848.5
38865,19.1301,20.0,848.5
38866,19.1301,20.0,848.5
38867,19.1301,20.0,848.5
38868,19.1301,20.0,848.6
38869,19.1301,20.0,848.6
38870,19.1301,20.0,848.6
38871,19.1301,20.0,848.6
38872,19.1301,20.0,848.6
38873,19.1301,20.0,848.7
38874,19.1301,20.0,848.7
38875,19.1301,20.0,848.7
38876,19.1301,20.0,848.7
38877,19.1301,20.0,848.7
38878,19.1301,20.0,848.7
38879,19.1301,20.0,848.8
38880,19.1301,20.0,848.8
38881,19.1110,20.0,848.8
38882,19.1110,20.0,848.8
38883,19.1110,20.0,848.9
38884,19.1110,20.0,848.9
38885,19.1110,20.0,848.9
38886,19.1110,20.0,848.9
38887,19.1110,20.0,848.9
38888,19.1110,20.0,848.9
38889,19.1110,20.0,849.0
38890,19.1110,20.0,849.0
38891,19.1110,20.0,849.0
38892,19.1110,20.0,849.0
38893,19.1110,20.0,849.1
38894,19.1110,20.0,849.1
38895,19.1110,20.0,849.1
38896,19.1110,20.0,849.1
38897,19.1110,20.0,849.1
38898,19.1110,20.0,849.2
38899,19.1110,20.0,849.2
38900,19.1110,20.0,849.2
38901,19.0920,20.0,849.2
38902,19.0920,20.0,849.2
38903,19.0920,20.0,849.3
38904,19.0920,20.0,849.3
38905,19.0920,20.0,849.3
38906,19.0920,20.0,849.3
38907,19.0920,20.0,849.3
38908,19.0920,20.0,849.4
38909,19.0920,20.0,849.4
38910,19.0920,20.0,849.4
38911,19.0920,20.0,849.4
38912,19.0920,20.0,849.5
38913,19.0920,20.0,849.7
38914,19.0920,20.0,849.8
38915,19.0920,20.0,849.8
38916,19.0920,20.0,849.8
38917,19.0920,20.0,849.8
38918,19.0920,20.0,849.8
38919,19.0920,20.0,849.9
38920,19.0920,20.0,849.9
38921,19.0729,20.0,849.9
38922,19.0729,20.0,849.9
38923,19.0729,20.0,850.0
38924,19.0729,20.0,850.0
38925,19.0729,20.0,850.0
38926,19.0729,20.0,850.0
38927,19.0729,20.0,850.0
38928,19.0729,20.0,850.0
38929,19.0729,20.0,850.1
38930,19.0729,20.0,850.1
38931,19.0729,20.0,850.1
38932,19.0729,20.0,850.1
38933,19.0729,20.0,850.2
38934,19.0729,20.0,850.2
38935,19.0729,20.0,850.2
38936,19.0729,20.0,850.2
38937,19.0729,20.0,850.2
38938,19.0729,20.0,850.2
38939,19.0729,20.0,850.3
38940,19.0729,20.0,850.3
38941,19.0537,20.0,850.3
38942,19.0537,20.0,850.3
38943,19.0537,20.0,850.3
38944,19.0537,20.0,850.4
38945,19.0537,20.0,850.4
38946,19.0537,20.0,850.4
38947,19.0537,20.0,850.4
38948,19.0537,20.0,850.4
38949,19.0537,20.0,850.5
38950,19.0537,20.0,850.5
38951,19.0537,20.0,850.5
38952,19.0537,20.0,850.5
38953,19.0537,20.0,850.5
38954,19.0537,20.0,850.6
38955,19.0537,20.0,850.6
38956,19.0537,20.0,850.6
38957,19.0537,20.0,850.6
38958,19.0537,20.0,850.6
38959,19.0537,20.0,850.7
38960,19.0537,20.0,850.7
38961,19.0345,20.0,850.7
38962,19.0345,20.0,850.7
38963,19.0345,20.0,850.7
38964,19.0345,20.0,850.8
38965,19.0345,20.0,850.8
38966,19.0345,20.0,850.8
38967,19.0345,20.0,850.8
38968,19.0345,20.0,850.9
38969,19.0345,20.0,850.9
38970,19.0345,20.0,850.9
38971,19.0345,20.0,850.9
38972,19.0345,20.0,850.9
38973,19.0345,20.0,850.9
38974,19.0345,20.0,851.0
38975,19.0345,20.0,851.0
38976,19.0345,20.0,851.0
38977,19.0345,20.0,851.0
38978,19.0345,20.0,851.1
38979,19.0345,20.0,851.1
38980,19.0345,20.0,851.1
38981,19.0153,20.0,851.1
38982,19.0153,20.0,851.1
38983,19.0153,20.0,851.2
38984,19.0153,20.0,851.2
38985,19.0153,20.0,851.2
38986,19.0153,20.0,851.2
38987,19.0153,20.0,851.2
38988,19.0153,20.0,851.3
38989,19.0153,20.0,851.3
38990,19.0153,20.0,851.3
38991,19.0153,20.0,851.3
38992,19.0153,20.0,851.4
38993,19.0153,20.0,851.4
38994,19.0153,20.0,851.4
38995,19.0153,20.0,851.4
38996,19.0153,20.0,851.4
38997,19.0153,20.0,851.4
38998,19.0153,20.0,851.5
38999,19.0153,20.0,851.5
39000,19.0153,20.0,851.5
39001,18.9961,20.0,851.5
39002,18.9961,20.0,851.5
39003,18.9961,20.0,851.6
39004,18.9961,20.0,851.6
39005,18.9961,20.0,851.6
39006,18.9961,20.0,851.6
39007,18.9961,20.0,851.6
39008,18.9961,20.0,851.7
39009,18.9961,20.0,851.7
39010,18.9961,20.0,851.7
39011,18.9961,20.0,851.7
39012,18.9961,20.0,851.7
39013,18.9961,20.0,851.8
39014,18.9961,20.0,851.8
39015,18.9961,20.0,851.8
39016,18.9961,20.0,851.8
39017,18.9961,20.0,851.8
39018,18.9961,20.0,851.8
39019,18.9961,20.0,851.9
39020,18.9961,20.0,851.9
39021,18.9769,20.0,851.9
39022,18.9769,20.0,851.9
39023,18.9769,20.0,851.9
39024,18.9769,20.0,852.0
39025,18.9769,20.0,852.0
39026,18.9769,20.0,852.0
39027,18.9769,20.0,852.0
39028,18.9769,20.0,852.0
39029,18.9769,20.0,852.1
39030,18.9769,20.0,852.1
39031,18.9769,20.0,852.1
39032,18.9769,20.0,852.1
39033,18.9769,20.0,852.1
39034,18.9769,20.0,852.2
39035,18.9769,20.0,852.2
39036,18.9769,20.0,852.2
39037,18.9769,20.0,852.2
39038,18.9769,20.0,852.2
39039,18.9769,20.0,852.3
39040,18.9769,20.0,852.3
39041,18.9577,20.0,852.3
39042,18.9577,20.0,852.3
39043,18.9577,20.0,852.3
39044,18.9577,20.0,852.4
39045,18.9577,20.0,852.4
39046,18.9577,20.0,852.4
39047,18.9577,20.0,852.4
39048,18.9577,20.0,852.5
39049,18.9577,20.0,852.5
39050,18.9577,20.0,852.5
39051,18.9577,20.0,852.5
39052,18.9577,20.0,852.5
39053,18.9577,20.0,852.6
39054,18.9577,20.0,852.6
39055,18.9577,20.0,852.6
39056,18.9577,20.0,852.6
39057,18.9577,20.0,852.7
39058,18.9577,20.0,852.7
39059,18.9577,20.0,852.7
39060,18.9577,20.0,852.7
39061,18.9384,20.0,852.8
39062,18.9384,20.0,852.8
39063,18.9384,20.0,852.8
39064,18.9384,20.0,852.8
39065,18.9384,20.0,852.9
39066,18.9384,20.0,852.9
39067,18.9384,20.0,852.9
39068,18.9384,20.0,852.9
39069,18.9384,20.0,852.9
39070,18.9384,20.0,853.0
39071,18.9384,20.0,853.0
39072,18.9384,20.0,853.0
39073,18.9384,20.0,853.0
39074,18.9384,20.0,853.1
39075,18.9384,20.0,853.1
39076,18.9384,20.0,853.1
39077,18.9384,20.0,853.1
39078,18.9384,20.0,853.1
39079,18.9384,20.0,853.2
39080,18.9384,20.0,853.2
39081,18.9192,20.0,853.2
39082,18.9192,20.0,853.2
39083,18.9192,20.0,853.3
39084,18.9192,20.0,853.3
39085,18.9192,20.0,853.3
39086,18.9192,20.0,853.3
39087,18.9192,20.0,853.4
39088,18.9192,20.0,853.4
39089,18.9192,20.0,853.4
39090,18.9192,20.0,853.4
39091,18.9192,20.0,853.4
39092,18.9192,20.0,853.5
39093,18.9192,20.0,853.5
39094,18.9192,20.0,853.5
39095,18.9192,20.0,853.5
39096,18.9192,20.0,853.6
39097,18.9192,20.0,853.6
39098,18.9192,20.0,853.6
39099,18.9192,20.0,853.6
39100,18.9192,20.0,853.6
39101,18.9000,20.0,853.7
39102,18.9000,20.0,853.7
39103,18.9000,20.0,853.7
39104,18.9000,20.0,853.7
39105,18.9000,20.0,853.8
39106,18.9000,20.0,853.8
39107,18.9000,20.0,853.8
39108,18.9000,20.0,853.8
39109,18.9000,20.0,853.8
39110,18.9000,20.0,853.8
39111,18.9000,20.0,853.9
39112,18.9000,20.0,853.9
39113,18.9000,20.0,853.9
39114,18.9000,20.0,853.9
39115,18.9000,20.0,854.0
39116,18.9000,20.0,854.0
39117,18.9000,20.0,854.0
39118,18.9000,20.0,854.0
39119,18.9000,20.0,854.0
39120,18.9000,20.0,854.1
39121,18.8808,20.0,854.1
39122,18.8808,20.0,854.1
39123,18.8808,20.0,854.1
39124,18.8808,20.0,854.1
39125,18.8808,20.0,854.2
39126,18.8808,20.0,854.2
39127,18.8808,20.0,854.2
39128,18.8808,20.0,854.2
39129,18.8808,20.0,854.2
39130,18.8808,20.0,854.3
39131,18.8808,20.0,854.3
39132,18.8808,20.0,854.3
39133,18.8808,20.0,854.3
39134,18.8808,20.0,854.3
39135,18.8808,20.0,854.4
39136,18.8808,20.0,854.4
39137,18.8808,20.0,854.4
39138,18.8808,20.0,854.4
39139,18.8808,20.0,854.4
39140,18.8808,20.0,854.5
39141,18.8616,20.0,854.5
39142,18.8616,20.0,854.5
39143,18.8616,20.0,854.5
39144,18.8616,20.0,854.6
39145,18.8616,20.0,854.6
39146,18.8616,20.0,854.6
39147,18.8616,20.0,854.6
39148,18.8616,20.0,854.6
39149,18.8616,20.0,854.7
39150,18.8616,20.0,854.7
39151,18.8616,20.0,854.7
39152,18.8616,20.0,854.7
39153,18.8616,20.0,854.7
39154,18.8616,20.0,854.8
39155,18.8616,20.0,854.8
39156,18.8616,20.0,854.8
39157,18.8616,20.0,854.8
39158,18.8616,20.0,854.8
39159,18.8616,20.0,854.9
39160,18.8616,20.0,854.9
39161,18.8424,20.0,854.9
39162,18.8424,20.0,854.9
39163,18.8424,20.0,855.0
39164,18.8424,20.0,855.0
39165,18.8424,20.0,855.0
39166,18.8424,20.0,855.0
39167,18.8424,20.0,855.1
39168,18.8424,20.0,855.1
39169,18.8424,20.0,855.1
39170,18.8424,20.0,855.1
39171,18.8424,20.0,855.2
39172,18.8424,20.0,855.2
39173,18.8424,20.0,855.2
39174,18.8424,20.0,855.2
39175,18.8424,20.0,855.3
39176,18.8424,20.0,855.3
39177,18.8424,20.0,855.3
39178,18.8424,20.0,855.4
39179,18.8424,20.0,855.4
39180,18.8424,20.0,855.4
39181,18.8232,20.0,855.4
39182,18.8232,20.0,855.4
39183,18.8232,20.0,855.5
39184,18.8232,20.0,855.5
39185,18.8232,20.0,855.5
39186,18.8232,20.0,855.5
39187,18.8232,20.0,855.6
39188,18.8232,20.0,855.6
39189,18.8232,20.0,855.6
39190,18.8232,20.0,855.6
39191,18.8232,20.0,855.6
39192,18.8232,20.0,855.7
39193,18.8232,20.0,855.7
39194,18.8232,20.0,855.7
39195,18.8232,20.0,855.7
39196,18.8232,20.0,855.8
39197,18.8232,20.0,855.8
39198,18.8232,20.0,855.8
39199,18.8232,20.0,855.8
39200,18.8232,20.0,855.8
39201,18.8040,20.0,855.9
39202,18.8040,20.0,855.9
39203,18.8040,20.0,855.9
39204,18.8040,20.0,855.9
39205,18.8040,20.0,856.0
39206,18.8040,20.0,856.0
39207,18.8040,20.0,856.0
39208,18.8040,20.0,856.0
39209,18.8040,20.0,856.0
39210,18.8040,20.0,856.0
39211,18.8040,20.0,856.1
39212,18.8040,20.0,856.1
39213,18.8040,20.0,856.1
39214,18.8040,20.0,856.1
39215,18.8040,20.0,856.1
39216,18.8040,20.0,856.2
39217,18.8040,20.0,856.2
39218,18.8040,20.0,856.2
39219,18.8040,20.0,856.2
39220,18.8040,20.0,856.3
39221,18.7848,20.0,856.3
39222,18.7848,20.0,856.3
39223,18.7848,20.0,856.3
39224,18.7848,20.0,856.3
39225,18.7848,20.0,856.4
39226,18.7848,20.0,856.4
39227,18.7848,20.0,856.4
39228,18.7848,20.0,856.4
39229,18.7848,20.0,856.5
39230,18.7848,20.0,856.5
39231,18.7848,20.0,856.5
39232,18.7848,20.0,856.5
39233,18.7848,20.0,856.5
39234,18.7848,20.0,856.6
39235,18.7848,20.0,856.6
39236,18.7848,20.0,856.6
39237,18.7848,20.0,856.6
39238,18.7848,20.0,856.7
39239,18.7848,20.0,856.7
39240,18.7848,20.0,856.7
39241,18.7656,20.0,856.7
39242,18.7656,20.0,856.7
39243,18.7656,20.0,856.8
39244,18.7656,20.0,856.8
39245,18.7656,20.0,856.8
39246,18.7656,20.0,856.8
39247,18.7656,20.0,856.8
39248,18.7656,20.0,856.9
39249,18.7656,20.0,856.9
39250,18.7656,20.0,856.9
39251,18.7656,20.0,856.9
39252,18.7656,20.0,857.0
39253,18.7656,20.0,857.0
39254,18.7656,20.0,857.0
39255,18.7656,20.0,857.0
39256,18.7656,20.0,857.0
39257,18.7656,20.0,857.0
39258,18.7656,20.0,857.1
39259,18.7656,20.0,857.1
39260,18.7656,20.0,857.1
39261,18.7464,20.0,857.1
39262,18.7464,20.0,857.2
39263,18.7464,20.0,857.2
39264,18.7464,20.0,857.2
39265,18.7464,20.0,857.2
39266,18.7464,20.0,857.3
39267,18.7464,20.0,857.3
39268,18.7464,20.0,857.3
39269,18.7464,20.0,857.3
39270,18.7464,20.0,857.3
39271,18.7464,20.0,857.4
39272,18.7464,20.0,857.4
39273,18.7464,20.0,857.4
39274,18.7464,20.0,857.4
39275,18.7464,20.0,857.5
39276,18.7464,20.0,857.5
39277,18.7464,20.0,857.5
39278,18.7464,20.0,857.5
39279,18.7464,20.0,857.5
39280,18.7464,20.0,857.6
39281,18.7272,20.0,857.6
39282,18.7272,20.0,857.6
39283,18.7272,20.0,857.6
39284,18.7272,20.0,857.7
39285,18.7272,20.0,857.7
39286,18.7272,20.0,857.7
39287,18.7272,20.0,857.7
39288,18.7272,20.0,857.8
39289,18.7272,20.0,857.8
39290,18.7272,20.0,857.8
39291,18.7272,20.0,857.8
39292,18.7272,20.0,857.9
39293,18.7272,20.0,857.9
39294,18.7272,20.0,857.9
39295,18.7272,20.0,857.9
39296,18.7272,20.0,857.9
39297,18.7272,20.0,858.0
39298,18.7272,20.0,858.0
39299,18.7272,20.0,858.0
39300,18.7272,20.0,858.0
39301,18.7080,20.0,858.1
39302,18.7080,20.0,858.1
39303,18.7080,20.0,858.1
39304,18.7080,20.0,858.1
39305,18.7080,20.0,858.1
39306,18.7080,20.0,858.2
39307,18.7080,20.0,858.2
39308,18.7080,20.0,858.2
39309,18.7080,20.0,858.2
39310,18.7080,20.0,858.2
39311,18.7080,20.0,858.3
39312,18.7080,20.0,858.3
39313,18.7080,20.0,858.3
39314,18.7080,20.0,858.3
39315,18.7080,20.0,858.3
39316,18.7080,20.0,858.4
39317,18.7080,20.0,858.4
39318,18.7080,20.0,858.4
39319,18.7080,20.0,858.4
39320,18.7080,20.0,858.5
39321,18.6887,20.0,858.5
39322,18.6887,20.0,858.5
39323,18.6887,20.0,858.5
39324,18.6887,20.0,858.5
39325,18.6887,20.0,858.6
39326,18.6887,20.0,858.6
39327,18.6887,20.0,858.6
39328,18.6887,20.0,858.6
39329,18.6887,20.0,858.6
39330,18.6887,20.0,858.7
39331,18.6887,20.0,858.7
39332,18.6887,20.0,858.7
39333,18.6887,20.0,858.7
39334,18.6887,20.0,858.7
39335,18.6887,20.0,858.8
39336,18.6887,20.0,858.8
39337,18.6887,20.0,858.8
39338,18.6887,20.0,858.8
39339,18.6887,20.0,858.9
39340,18.6887,20.0,858.9
39341,18.6695,20.0,858.9
39342,18.6695,20.0,858.9
39343,18.6695,20.0,858.9
39344,18.6695,20.0,859.0
39345,18.6695,20.0,859.0
39346,18.6695,20.0,859.0
39347,18.6695,20.0,859.0
39348,18.6695,20.0,859.1
39349,18.6695,20.0,859.1
39350,18.6695,20.0,859.1
39351,18.6695,20.0,859.1
39352,18.6695,20.0,859.1
39353,18.6695,20.0,859.2
39354,18.6695,20.0,859.2
39355,18.6695,20.0,859.2
39356,18.6695,20.0,859.2
39357,18.6695,20.0,859.2
39358,18.6695,20.0,859.3
39359,18.6695,20.0,859.3
39360,18.6695,20.0,859.3
39361,18.6503,20.0,859.3
39362,18.6503,20.0,859.4
39363,18.6503,20.0,859.4
39364,18.6503,20.0,859.4
39365,18.6503,20.0,859.4
39366,18.6503,20.0,859.4
39367,18.6503,20.0,859.5
39368,18.6503,20.0,859.5
39369,18.6503,20.0,859.5
39370,18.6503,20.0,859.5
39371,18.6503,20.0,859.5
39372,18.6503,20.0,859.6
39373,18.6503,20.0,859.6
39374,18.6503,20.0,859.6
39375,18.6503,20.0,859.7
39376,18.6503,20.0,859.7
39377,18.6503,20.0,859.7
39378,18.6503,20.0,859.7
39379,18.6503,20.0,859.7
39380,18.6503,20.0,859.7
39381,18.6311,20.0,859.8
39382,18.6311,20.0,859.8
39383,18.6311,20.0,859.8
39384,18.6311,20.0,859.8
39385,18.6311,20.0,859.8
39386,18.6311,20.0,859.9
39387,18.6311,20.0,859.9
39388,18.6311,20.0,859.9
39389,18.6311,20.0,859.9
39390,18.6311,20.0,859.9
39391,18.6311,20.0,860.0
39392,18.6311,20.0,860.0
39393,18.6311,20.0,860.0
39394,18.6311,20.0,860.0
39395,18.6311,20.0,860.0
39396,18.6311,20.0,860.1
39397,18.6311,20.0,860.1
39398,18.6311,20.0,860.1
39399,18.6311,20.0,860.1
39400,18.6311,20.0,860.2
39401,18.6116,20.0,860.2
39402,18.6116,20.0,860.2
39403,18.6116,20.0,860.2
39404,18.6116,20.0,860.2
39405,18.6116,20.0,860.3
39406,18.6116,20.0,860.3
39407,18.6116,20.0,860.3
39408,18.6116,20.0,860.3
39409,18.6116,20.0,860.4
39410,18.6116,20.0,860.4
39411,18.6116,20.0,860.4
39412,18.6116,20.0,860.4
39413,18.6116,20.0,860.4
39414,18.6116,20.0,860.4
39415,18.6116,20.0,860.4
39416,18.6116,20.0,860.5
39417,18.6116,20.0,860.5
39418,18.6116,20.0,860.5
39419,18.6116,20.0,860.5
39420,18.6116,20.0,860.5
39421,18.5921,20.0,860.6
39422,18.5921,20.0,860.6
39423,18.5921,20.0,860.6
39424,18.5921,20.0,860.6
39425,18.5921,20.0,860.9
39426,18.5921,20.0,860.9
39427,18.5921,20.0,860.9
39428,18.5921,20.0,861.0
39429,18.5921,20.0,861.0
39430,18.5921,20.0,861.0
39431,18.5921,20.0,861.0
39432,18.5921,20.0,861.1
39433,18.5921,20.0,861.1
39434,18.5921,20.0,861.1
39435,18.5921,20.0,861.1
39436,18.5921,20.0,861.2
39437,18.5921,20.0,861.2
39438,18.5921,20.0,861.2
39439,18.5921,20.0,861.2
39440,18.5921,20.0,861.2
39441,18.5726,20.0,861.3
39442,18.5726,20.0,861.3
39443,18.5726,20.0,861.3
39444,18.5726,20.0,861.3
39445,18.5726,20.0,861.4
39446,18.5726,20.0,861.4
39447,18.5726,20.0,861.4
39448,18.5726,20.0,861.4
39449,18.5726,20.0,861.4
39450,18.5726,20.0,861.5
39451,18.5726,20.0,861.5
39452,18.5726,20.0,861.5
39453,18.5726,20.0,861.5
39454,18.5726,20.0,861.5
39455,18.5726,20.0,861.6
39456,18.5726,20.0,861.6
39457,18.5726,20.0,861.6
39458,18.5726,20.0,861.6
39459,18.5726,20.0,861.6
39460,18.5726,20.0,861.7
39461,18.5531,20.0,861.7
39462,18.5531,20.0,861.7
39463,18.5531,20.0,861.7
39464,18.5531,20.0,861.7
39465,18.5531,20.0,861.8
39466,18.5531,20.0,861.8
39467,18.5531,20.0,861.8
39468,18.5531,20.0,861.8
39469,18.5531,20.0,861.8
39470,18.5531,20.0,861.8
39471,18.5531,20.0,861.9
39472,18.5531,20.0,861.9
39473,18.5531,20.0,861.9
39474,18.5531,20.0,861.9
39475,18.5531,20.0,861.9
39476,18.5531,20.0,862.0
39477,18.5531,20.0,862.0
39478,18.5531,20.0,862.0
39479,18.5531,20.0,862.0
39480,18.5531,20.0,862.0
39481,18.5335,20.0,862.1
39482,18.5335,20.0,862.1
39483,18.5335,20.0,862.1
39484,18.5335,20.0,862.1
39485,18.5335,20.0,862.1
39486,18.5335,20.0,862.2
39487,18.5335,20.0,862.2
39488,18.5335,20.0,862.2
39489,18.5335,20.0,862.2
39490,18.5335,20.0,862.2
39491,18.5335,20.0,862.3
39492,18.5335,20.0,862.3
39493,18.5335,20.0,862.3
39494,18.5335,20.0,862.3
39495,18.5335,20.0,862.4
39496,18.5335,20.0,862.4
39497,18.5335,20.0,862.4
39498,18.5335,20.0,862.4
39499,18.5335,20.0,862.4
39500,18.5335,20.0,862.5
39501,18.5140,20.0,862.5
39502,18.5140,20.0,862.5
39503,18.5140,20.0,862.5
39504,18.5140,20.0,862.6
39505,18.5140,20.0,862.6
39506,18.5140,20.0,862.6
39507,18.5140,20.0,862.6
39508,18.5140,20.0,862.6
39509,18.5140,20.0,862.7
39510,18.5140,20.0,862.7
39511,18.5140,20.0,862.7
39512,18.5140,20.0,862.7
39513,18.5140,20.0,862.8
39514,18.5140,20.0,862.8
39515,18.5140,20.0,862.8
39516,18.5140,20.0,862.8
39517,18.5140,20.0,862.8
39518,18.5140,20.0,862.9
39519,18.5140,20.0,862.9
39520,18.5140,20.0,862.9
39521,18.4945,20.0,862.9
39522,18.4945,20.0,862.9
39523,18.4945,20.0,863.0
39524,18.4945,20.0,863.0
39525,18.4945,20.0,863.0
39526,18.4945,20.0,863.0
39527,18.4945,20.0,863.0
39528,18.4945,20.0,863.0
39529,18.4945,20.0,863.1
39530,18.4945,20.0,863.1
39531,18.4945,20.0,863.1
39532,18.4945,20.0,863.1
39533,18.4945,20.0,863.1
39534,18.4945,20.0,863.2
39535,18.4945,20.0,863.2
39536,18.4945,20.0,863.2
39537,18.4945,20.0,863.2
39538,18.4945,20.0,863.3
39539,18.4945,20.0,863.3
39540,18.4945,20.0,863.3
39541,18.4750,20.0,863.3
39542,18.4750,20.0,863.3
39543,18.4750,20.0,863.4
39544,18.4750,20.0,863.4
39545,18.4750,20.0,863.4
39546,18.4750,20.0,863.4
39547,18.4750,20.0,863.4
39548,18.4750,20.0,863.5
39549,18.4750,20.0,863.5
39550,18.4750,20.0,863.5
39551,18.4750,20.0,863.5
39552,18.4750,20.0,863.5
39553,18.4750,20.0,863.6
39554,18.4750,20.0,863.6
39555,18.4750,20.0,863.6
39556,18.4750,20.0,863.6
39557,18.4750,20.0,863.7
39558,18.4750,20.0,863.7
39559,18.4750,20.0,863.7
39560,18.4750,20.0,863.7
39561,18.4555,20.0,863.7
39562,18.4555,20.0,863.8
39563,18.4555,20.0,863.8
39564,18.4555,20.0,863.8
39565,18.4555,20.0,863.8
39566,18.4555,20.0,863.8
39567,18.4555,20.0,863.9
39568,18.4555,20.0,863.9
39569,18.4555,20.0,863.9
39570,18.4555,20.0,863.9
39571,18.4555,20.0,863.9
39572,18.4555,20.0,864.0
39573,18.4555,20.0,864.0
39574,18.4555,20.0,864.0
39575,18.4555,20.0,864.0
39576,18.4555,20.0,864.1
39577,18.4555,20.0,864.1
39578,18.4555,20.0,864.1
39579,18.4555,20.0,864.1
39580,18.4555,20.0,864.1
39581,18.4359,20.0,864.2
39582,18.4359,20.0,864.2
39583,18.4359,20.0,864.2
39584,18.4359,20.0,864.2
39585,18.4359,20.0,864.2
39586,18.4359,20.0,864.3
39587,18.4359,20.0,864.3
39588,18.4359,20.0,864.3
39589,18.4359,20.0,864.3
39590,18.4359,20.0,864.4
39591,18.4359,20.0,864.4
39592,18.4359,20.0,864.4
39593,18.4359,20.0,864.4
39594,18.4359,20.0,864.4
39595,18.4359,20.0,864.5
39596,18.4359,20.0,864.5
39597,18.4359,20.0,864.5
39598,18.4359,20.0,864.5
39599,18.4359,20.0,864.5
39600,18.4359,20.0,864.6
39601,18.4164,20.0,864.6
39602,18.4164,20.0,864.6
39603,18.4164,20.0,864.6
39604,18.4164,20.0,864.7
39605,18.4164,20.0,864.7
39606,18.4164,20.0,864.7
39607,18.4164,20.0,864.7
39608,18.4164,20.0,864.7
39609,18.4164,20.0,864.8
39610,18.4164,20.0,864.8
39611,18.4164,20.0,864.8
39612,18.4164,20.0,864.8
39613,18.4164,20.0,864.8
39614,18.4164,20.0,864.8
39615,18.4164,20.0,864.9
39616,18.4164,20.0,864.9
39617,18.4164,20.0,864.9
39618,18.4164,20.0,864.9
39619,18.4164,20.0,864.9
39620,18.4164,20.0,865.0
39621,18.3969,20.0,865.0
39622,18.3969,20.0,865.0
39623,18.3969,20.0,865.0
39624,18.3969,20.0,865.0
39625,18.3969,20.0,865.1
39626,18.3969,20.0,865.1
39627,18.3969,20.0,865.1
39628,18.3969,20.0,865.1
39629,18.3969,20.0,865.1
39630,18.3969,20.0,865.2
39631,18.3969,20.0,865.2
39632,18.3969,20.0,865.2
39633,18.3969,20.0,865.2
39634,18.3969,20.0,865.2
39635,18.3969,20.0,865.3
39636,18.3969,20.0,865.3
39637,18.3969,20.0,865.3
39638,18.3969,20.0,865.3
39639,18.3969,20.0,865.3
39640,18.3969,20.0,865.4
39641,18.3774,20.0,865.4
39642,18.3774,20.0,865.4
39643,18.3774,20.0,865.4
39644,18.3774,20.0,865.4
39645,18.3774,20.0,865.5
39646,18.3774,20.0,865.5
39647,18.3774,20.0,865.5
39648,18.3774,20.0,865.5
39649,18.3774,20.0,865.5
39650,18.3774,20.0,865.6
39651,18.3774,20.0,865.6
39652,18.3774,20.0,865.6
39653,18.3774,20.0,865.6
39654,18.3774,20.0,865.6
39655,18.3774,20.0,865.7
39656,18.3774,20.0,865.7
39657,18.3774,20.0,865.7
39658,18.3774,20.0,865.7
39659,18.3774,20.0,865.7
39660,18.3774,20.0,865.8
39661,18.3579,20.0,865.8
39662,18.3579,20.0,865.8
39663,18.3579,20.0,865.8
39664,18.3579,20.0,865.8
39665,18.3579,20.0,865.8
39666,18.3579,20.0,865.9
39667,18.3579,20.0,865.9
39668,18.3579,20.0,865.9
39669,18.3579,20.0,865.9
39670,18.3579,20.0,866.0
39671,18.3579,20.0,866.0
39672,18.3579,20.0,866.0
39673,18.3579,20.0,866.0
39674,18.3579,20.0,866.0
39675,18.3579,20.0,866.1
39676,18.3579,20.0,866.1
39677,18.3579,20.0,866.1
39678,18.3579,20.0,866.1
39679,18.3579,20.0,866.1
39680,18.3579,20.0,866.2
39681,18.3383,20.0,866.2
39682,18.3383,20.0,866.2
39683,18.3383,20.0,866.2
39684,18.3383,20.0,866.2
39685,18.3383,20.0,866.3
39686,18.3383,20.0,866.3
39687,18.3383,20.0,866.3
39688,18.3383,20.0,866.3
39689,18.3383,20.0,866.3
39690,18.3383,20.0,866.3
39691,18.3383,20.0,866.4
39692,18.3383,20.0,866.4
39693,18.3383,20.0,866.4
39694,18.3383,20.0,866.4
39695,18.3383,20.0,866.5
39696,18.3383,20.0,866.5
39697,18.3383,20.0,866.5
39698,18.3383,20.0,866.5
39699,18.3383,20.0,866.5
39700,18.3383,20.0,866.6
39701,18.3188,20.0,866.6
39702,18.3188,20.0,866.6
39703,18.3188,20.0,866.6
39704,18.3188,20.0,866.6
39705,18.3188,20.0,866.6
39706,18.3188,20.0,866.7
39707,18.3188,20.0,866.7
39708,18.3188,20.0,866.7
39709,18.3188,20.0,866.7
39710,18.3188,20.0,866.8
39711,18.3188,20.0,866.8
39712,18.3188,20.0,866.8
39713,18.3188,20.0,866.8
39714,18.3188,20.0,866.8
39715,18.3188,20.0,866.9
39716,18.3188,20.0,866.9
39717,18.3188,20.0,866.9
39718,18.3188,20.0,866.9
39719,18.3188,20.0,866.9
39720,18.3188,20.0,867.0
39721,18.2993,20.0,867.0
39722,18.2993,20.0,867.0
39723,18.2993,20.0,867.0
39724,18.2993,20.0,867.0
39725,18.2993,20.0,867.0
39726,18.2993,20.0,867.1
39727,18.2993,20.0,867.1
39728,18.2993,20.0,867.1
39729,18.2993,20.0,867.1
39730,18.2993,20.0,867.2
39731,18.2993,20.0,867.2
39732,18.2993,20.0,867.2
39733,18.2993,20.0,867.2
39734,18.2993,20.0,867.2
39735,18.2993,20.0,867.3
39736,18.2993,20.0,867.3
39737,18.2993,20.0,867.3
39738,18.2993,20.0,867.3
39739,18.2993,20.0,867.3
39740,18.2993,20.0,867.3
39741,18.2798,20.0,867.4
39742,18.2798,20.0,867.4
39743,18.2798,20.0,867.4
39744,18.2798,20.0,867.4
39745,18.2798,20.0,867.5
39746,18.2798,20.0,867.5
39747,18.2798,20.0,867.5
39748,18.2798,20.0,867.5
39749,18.2798,20.0,867.5
39750,18.2798,20.0,867.6
39751,18.2798,20.0,867.6
39752,18.2798,20.0,867.6
39753,18.2798,20.0,867.6
39754,18.2798,20.0,867.6
39755,18.2798,20.0,867.7
39756,18.2798,20.0,867.7
39757,18.2798,20.0,867.7
39758,18.2798,20.0,867.7
39759,18.2798,20.0,867.7
39760,18.2798,20.0,867.8
39761,18.2603,20.0,867.8
39762,18.2603,20.0,867.8
39763,18.2603,20.0,867.8
39764,18.2603,20.0,867.8
39765,18.2603,20.0,867.9
39766,18.2603,20.0,867.9
39767,18.2603,20.0,867.9
39768,18.2603,20.0,867.9
39769,18.2603,20.0,867.9
39770,18.2603,20.0,868.0
39771,18.2603,20.0,868.0
39772,18.2603,20.0,868.0
39773,18.2603,20.0,868.0
39774,18.2603,20.0,868.0
39775,18.2603,20.0,868.1
39776,18.2603,20.0,868.1
39777,18.2603,20.0,868.1
39778,18.2603,20.0,868.1
39779,18.2603,20.0,868.1
39780,18.2603,20.0,868.2
39781,18.2407,20.0,868.2
39782,18.2407,20.0,868.2
39783,18.2407,20.0,868.2
39784,18.2407,20.0,868.3
39785,18.2407,20.0,868.3
39786,18.2407,20.0,868.3
39787,18.2407,20.0,868.3
39788,18.2407,20.0,868.3
39789,18.2407,20.0,868.4
39790,18.2407,20.0,868.4
39791,18.2407,20.0,868.4
39792,18.2407,20.0,868.4
39793,18.2407,20.0,868.5
39794,18.2407,20.0,868.5
39795,18.2407,20.0,868.5
39796,18.2407,20.0,868.5
39797,18.2407,20.0,868.5
39798,18.2407,20.0,868.6
39799,18.2407,20.0,868.6
39800,18.2407,20.0,868.6
39801,18.2212,20.0,868.6
39802,18.2212,20.0,868.7
39803,18.2212,20.0,868.7
39804,18.2212,20.0,868.7
39805,18.2212,20.0,868.7
39806,18.2212,20.0,868.7
39807,18.2212,20.0,868.8
39808,18.2212,20.0,868.8
39809,18.2212,20.0,868.8
39810,18.2212,20.0,868.8
39811,18.2212,20.0,868.8
39812,18.2212,20.0,868.9
39813,18.2212,20.0,868.9
39814,18.2212,20.0,868.9
39815,18.2212,20.0,868.9
39816,18.2212,20.0,868.9
39817,18.2212,20.0,869.0
39818,18.2212,20.0,869.0
39819,18.2212,20.0,869.0
39820,18.2212,20.0,869.0
39821,18.2017,20.0,869.0
39822,18.2017,20.0,869.1
39823,18.2017,20.0,869.1
39824,18.2017,20.0,869.1
39825,18.2017,20.0,869.1
39826,18.2017,20.0,869.1
39827,18.2017,20.0,869.2
39828,18.2017,20.0,869.2
39829,18.2017,20.0,869.2
39830,18.2017,20.0,869.2
39831,18.2017,20.0,869.2
39832,18.2017,20.0,869.3
39833,18.2017,20.0,869.3
39834,18.2017,20.0,869.3
39835,18.2017,20.0,869.3
39836,18.2017,20.0,869.3
39837,18.2017,20.0,869.4
39838,18.2017,20.0,869.4
39839,18.2017,20.0,869.4
39840,18.2017,20.0,869.4
39841,18.1822,20.0,869.5
39842,18.1822,20.0,869.5
39843,18.1822,20.0,869.5
39844,18.1822,20.0,869.5
39845,18.1822,20.0,869.5
39846,18.1822,20.0,869.5
39847,18.1822,20.0,869.6
39848,18.1822,20.0,869.6
39849,18.1822,20.0,869.6
39850,18.1822,20.0,869.6
39851,18.1822,20.0,869.7
39852,18.1822,20.0,869.7
39853,18.1822,20.0,869.7
39854,18.1822,20.0,869.7
39855,18.1822,20.0,869.7
39856,18.1822,20.0,869.8
39857,18.1822,20.0,869.8
39858,18.1822,20.0,869.8
39859,18.1822,20.0,869.8
39860,18.1822,20.0,869.8
39861,18.1627,20.0,869.9
39862,18.1627,20.0,869.9
39863,18.1627,20.0,869.9
39864,18.1627,20.0,869.9
39865,18.1627,20.0,869.9
39866,18.1627,20.0,870.0
39867,18.1627,20.0,870.0
39868,18.1627,20.0,870.0
39869,18.1627,20.0,870.0
39870,18.1627,20.0,870.1
39871,18.1627,20.0,870.1
39872,18.1627,20.0,870.1
39873,18.1627,20.0,870.1
39874,18.1627,20.0,870.1
39875,18.1627,20.0,870.2
39876,18.1627,20.0,870.2
39877,18.1627,20.0,870.2
39878,18.1627,20.0,870.2
39879,18.1627,20.0,870.3
39880,18.1627,20.0,870.3
39881,18.1431,20.0,870.3
39882,18.1431,20.0,870.3
39883,18.1431,20.0,870.3
39884,18.1431,20.0,870.4
39885,18.1431,20.0,870.4
39886,18.1431,20.0,870.4
39887,18.1431,20.0,870.4
39888,18.1431,20.0,870.4
39889,18.1431,20.0,870.5
39890,18.1431,20.0,870.5
39891,18.1431,20.0,870.5
39892,18.1431,20.0,870.5
39893,18.1431,20.0,870.5
39894,18.1431,20.0,870.5
39895,18.1431,20.0,870.6
39896,18.1431,20.0,870.6
39897,18.1431,20.0,870.6
39898,18.1431,20.0,870.6
39899,18.1431,20.0,870.6
39900,18.1431,20.0,870.7
39901,18.1428,20.0,870.7
39902,18.1428,20.0,870.7
39903,18.1428,20.0,870.7
39904,18.1428,20.0,870.8
39905,18.1428,20.0,870.8
39906,18.1428,20.0,870.8
39907,18.1428,20.0,870.8
39908,18.1428,20.0,870.8
39909,18.1428,20.0,870.9
39910,18.1428,20.0,870.9
39911,18.1428,20.0,870.9
39912,18.1428,20.0,870.9
39913,18.1428,20.0,870.9
39914,18.1428,20.0,871.0
39915,18.1428,20.0,871.0
39916,18.1428,20.0,871.0
39917,18.1428,20.0,871.0
39918,18.1428,20.0,871.1
39919,18.1428,20.0,871.1
39920,18.1428,20.0,871.1
39921,18.1424,20.0,871.1
39922,18.1424,20.0,871.1
39923,18.1424,20.0,871.2
39924,18.1424,20.0,871.2
39925,18.1424,20.0,871.2
39926,18.1424,20.0,871.2
39927,18.1424,20.0,871.3
39928,18.1424,20.0,871.3
39929,18.1424,20.0,871.3
39930,18.1424,20.0,871.3
39931,18.1424,20.0,871.3
39932,18.1424,20.0,871.4
39933,18.1424,20.0,871.4
39934,18.1424,20.0,871.4
39935,18.1424,20.0,871.4
39936,18.1424,20.0,871.5
39937,18.1424,20.0,871.7
39938,18.1424,20.0,871.8
39939,18.1424,20.0,871.8
39940,18.1424,20.0,871.8
39941,18.1420,20.0,871.8
39942,18.1420,20.0,871.8
39943,18.1420,20.0,871.9
39944,18.1420,20.0,871.9
39945,18.1420,20.0,871.9
39946,18.1420,20.0,871.9
39947,18.1420,20.0,871.9
39948,18.1420,20.0,872.0
39949,18.1420,20.0,872.0
39950,18.1420,20.0,872.0
39951,18.1420,20.0,872.0
39952,18.1420,20.0,872.0
39953,18.1420,20.0,872.0
39954,18.1420,20.0,872.1
39955,18.1420,20.0,872.1
39956,18.1420,20.0,872.1
39957,18.1420,20.0,872.1
39958,18.1420,20.0,872.1
39959,18.1420,20.0,872.2
39960,18.1420,20.0,872.2
39961,18.1414,20.0,872.2
39962,18.1414,20.0,872.2
39963,18.1414,20.0,872.2
39964,18.1414,20.0,872.3
39965,18.1414,20.0,872.3
39966,18.1414,20.0,872.3
39967,18.1414,20.0,872.3
39968,18.1414,20.0,872.4
39969,18.1414,20.0,872.4
39970,18.1414,20.0,872.4
39971,18.1414,20.0,872.4
39972,18.1414,20.0,872.4
39973,18.1414,20.0,872.4
39974,18.1414,20.0,872.5
39975,18.1414,20.0,872.5
39976,18.1414,20.0,872.5
39977,18.1414,20.0,872.5
39978,18.1414,20.0,872.6
39979,18.1414,20.0,872.6
39980,18.1414,20.0,872.6
39981,18.1407,20.0,872.6
39982,18.1407,20.0,872.7
39983,18.1407,20.0,872.7
39984,18.1407,20.0,872.7
39985,18.1407,20.0,872.7
39986,18.1407,20.0,872.7
39987,18.1407,20.0,872.8
39988,18.1407,20.0,872.8
39989,18.1407,20.0,872.8
39990,18.1407,20.0,872.8
39991,18.1407,20.0,872.8
39992,18.1407,20.0,872.9
39993,18.1407,20.0,872.9
39994,18.1407,20.0,872.9
39995,18.1407,20.0,872.9
39996,18.1407,20.0,872.9
39997,18.1407,20.0,873.0
39998,18.1407,20.0,873.0
39999,18.1407,20.0,873.0
40000,18.1407,20.0,873.0
40001,18.1400,20.0,873.0
40002,18.1400,20.0,873.1
40003,18.1400,20.0,873.1
40004,18.1400,20.0,873.1
40005,18.1400,20.0,873.1
40006,18.1400,20.0,873.1
40007,18.1400,20.0,873.2
40008,18.1400,20.0,873.2
40009,18.1400,20.0,873.2
40010,18.1400,20.0,873.2
40011,18.1400,20.0,873.2
40012,18.1400,20.0,873.3
40013,18.1400,20.0,873.3
40014,18.1400,20.0,873.3
40015,18.1400,20.0,873.3
40016,18.1400,20.0,873.3
40017,18.1400,20.0,873.4
40018,18.1400,20.0,873.4
40019,18.1400,20.0,873.4
40020,18.1400,20.0,873.4
40021,18.1394,20.0,873.5
40022,18.1394,20.0,873.5
40023,18.1394,20.0,873.5
40024,18.1394,20.0,873.5
40025,18.1394,20.0,873.5
40026,18.1394,20.0,873.6
40027,18.1394,20.0,873.6
40028,18.1394,20.0,873.6
40029,18.1394,20.0,873.6
40030,18.1394,20.0,873.6
40031,18.1394,20.0,873.7
40032,18.1394,20.0,873.7
40033,18.1394,20.0,873.7
40034,18.1394,20.0,873.7
40035,18.1394,20.0,873.7
40036,18.1394,20.0,873.8
40037,18.1394,20.0,873.8
40038,18.1394,20.0,873.8
40039,18.1394,20.0,873.8
40040,18.1394,20.0,873.9
40041,18.1387,20.0,873.9
40042,18.1387,20.0,873.9
40043,18.1387,20.0,873.9
40044,18.1387,20.0,873.9
40045,18.1387,20.0,874.0
40046,18.1387,20.0,874.0
40047,18.1387,20.0,874.0
40048,18.1387,20.0,874.0
40049,18.1387,20.0,874.0
40050,18.1387,20.0,874.1
40051,18.1387,20.0,874.1
40052,18.1387,20.0,874.1
40053,18.1387,20.0,874.1
40054,18.1387,20.0,874.2
40055,18.1387,20.0,874.2
40056,18.1387,20.0,874.2
40057,18.1387,20.0,874.2
40058,18.1387,20.0,874.2
40059,18.1387,20.0,874.3
40060,18.1387,20.0,874.3
40061,18.1380,20.0,874.3
40062,18.1380,20.0,874.3
40063,18.1380,20.0,874.4
40064,18.1380,20.0,874.4
40065,18.1380,20.0,874.4
40066,18.1380,20.0,874.4
40067,18.1380,20.0,874.4
40068,18.1380,20.0,874.5
40069,18.1380,20.0,874.5
40070,18.1380,20.0,874.5
40071,18.1380,20.0,874.5
40072,18.1380,20.0,874.6
40073,18.1380,20.0,874.6
40074,18.1380,20.0,874.6
40075,18.1380,20.0,874.6
40076,18.1380,20.0,874.6
40077,18.1380,20.0,874.7
40078,18.1380,20.0,874.7
40079,18.1380,20.0,874.7
40080,18.1380,20.0,874.7
40081,18.1374,20.0,874.7
40082,18.1374,20.0,874.8
40083,18.1374,20.0,874.8
40084,18.1374,20.0,874.8
40085,18.1374,20.0,874.8
40086,18.1374,20.0,874.8
40087,18.1374,20.0,874.9
40088,18.1374,20.0,874.9
40089,18.1374,20.0,874.9
40090,18.1374,20.0,874.9
40091,18.1374,20.0,875.0
40092,18.1374,20.0,875.0
40093,18.1374,20.0,875.0
40094,18.1374,20.0,875.0
40095,18.1374,20.0,875.0
40096,18.1374,20.0,875.1
40097,18.1374,20.0,875.1
40098,18.1374,20.0,875.1
40099,18.1374,20.0,875.1
40100,18.1374,20.0,875.1
40101,18.1367,20.0,875.2
40102,18.1367,20.0,875.2
40103,18.1367,20.0,875.2
40104,18.1367,20.0,875.2
40105,18.1367,20.0,875.2
40106,18.1367,20.0,875.3
40107,18.1367,20.0,875.3
40108,18.1367,20.0,875.3
40109,18.1367,20.0,875.3
40110,18.1367,20.0,875.3
40111,18.1367,20.0,875.4
40112,18.1367,20.0,875.4
40113,18.1367,20.0,875.4
40114,18.1367,20.0,875.4
40115,18.1367,20.0,875.4
40116,18.1367,20.0,875.5
40117,18.1367,20.0,875.5
40118,18.1367,20.0,875.5
40119,18.1367,20.0,875.5
40120,18.1367,20.0,875.5
40121,18.1360,20.0,875.6
40122,18.1360,20.0,875.6
40123,18.1360,20.0,875.6
40124,18.1360,20.0,875.6
40125,18.1360,20.0,875.6
40126,18.1360,20.0,875.7
40127,18.1360,20.0,875.7
40128,18.1360,20.0,875.7
40129,18.1360,20.0,875.7
40130,18.1360,20.0,875.8
40131,18.1360,20.0,875.8
40132,18.1360,20.0,875.8
40133,18.1360,20.0,875.8
40134,18.1360,20.0,875.8
40135,18.1360,20.0,875.9
40136,18.1360,20.0,875.9
40137,18.1360,20.0,875.9
40138,18.1360,20.0,875.9
40139,18.1360,20.0,875.9
40140,18.1360,20.0,876.0
40141,18.1354,20.0,876.0
40142,18.1354,20.0,876.0
40143,18.1354,20.0,876.0
40144,18.1354,20.0,876.1
40145,18.1354,20.0,876.1
40146,18.1354,20.0,876.1
40147,18.1354,20.0,876.1
40148,18.1354,20.0,876.1
40149,18.1354,20.0,876.1
40150,18.1354,20.0,876.2
40151,18.1354,20.0,876.2
40152,18.1354,20.0,876.2
40153,18.1354,20.0,876.2
40154,18.1354,20.0,876.2
40155,18.1354,20.0,876.3
40156,18.1354,20.0,876.3
40157,18.1354,20.0,876.3
40158,18.1354,20.0,876.3
40159,18.1354,20.0,876.3
40160,18.1354,20.0,876.4
40161,18.1347,20.0,876.4
40162,18.1347,20.0,876.4
40163,18.1347,20.0,876.4
40164,18.1347,20.0,876.5
40165,18.1347,20.0,876.5
40166,18.1347,20.0,876.5
40167,18.1347,20.0,876.5
40168,18.1347,20.0,876.5
40169,18.1347,20.0,876.5
40170,18.1347,20.0,876.6
40171,18.1347,20.0,876.6
40172,18.1347,20.0,876.6
40173,18.1347,20.0,876.6
40174,18.1347,20.0,876.6
40175,18.1347,20.0,876.7
40176,18.1347,20.0,876.7
40177,18.1347,20.0,876.7
40178,18.1347,20.0,876.7
40179,18.1347,20.0,876.7
40180,18.1347,20.0,876.8
40181,18.1340,20.0,876.8
40182,18.1340,20.0,876.8
40183,18.1340,20.0,876.8
40184,18.1340,20.0,876.8
40185,18.1340,20.0,876.9
40186,18.1340,20.0,876.9
40187,18.1340,20.0,876.9
40188,18.1340,20.0,876.9
40189,18.1340,20.0,876.9
40190,18.1340,20.0,877.0
40191,18.1340,20.0,877.0
40192,18.1340,20.0,877.0
40193,18.1340,20.0,877.0
40194,18.1340,20.0,877.0
40195,18.1340,20.0,877.0
40196,18.1340,20.0,877.1
40197,18.1340,20.0,877.1
40198,18.1340,20.0,877.1
40199,18.1340,20.0,877.1
40200,18.1340,20.0,877.1
40201,18.1334,20.0,877.2
40202,18.1334,20.0,877.2
40203,18.1334,20.0,877.2
40204,18.1334,20.0,877.2
40205,18.1334,20.0,877.2
40206,18.1334,20.0,877.3
40207,18.1334,20.0,877.3
40208,18.1334,20.0,877.3
40209,18.1334,20.0,877.3
40210,18.1334,20.0,877.3
40211,18.1334,20.0,877.3
40212,18.1334,20.0,877.4
40213,18.1334,20.0,877.4
40214,18.1334,20.0,877.4
40215,18.1334,20.0,877.4
40216,18.1334,20.0,877.5
40217,18.1334,20.0,877.5
40218,18.1334,20.0,877.5
40219,18.1334,20.0,877.5
40220,18.1334,20.0,877.5
40221,18.1327,20.0,877.5
40222,18.1327,20.0,877.6
40223,18.1327,20.0,877.6
40224,18.1327,20.0,877.6
40225,18.1327,20.0,877.6
40226,18.1327,20.0,877.6
40227,18.1327,20.0,877.7
40228,18.1327,20.0,877.7
40229,18.1327,20.0,877.7
40230,18.1327,20.0,877.7
40231,18.1327,20.0,877.7
40232,18.1327,20.0,877.8
40233,18.1327,20.0,877.8
40234,18.1327,20.0,877.8
40235,18.1327,20.0,877.8
40236,18.1327,20.0,877.9
40237,18.1327,20.0,877.9
40238,18.1327,20.0,877.9
40239,18.1327,20.0,877.9
40240,18.1327,20.0,877.9
40241,18.1320,20.0,878.0
40242,18.1320,20.0,878.0
40243,18.1320,20.0,878.0
40244,18.1320,20.0,878.0
40245,18.1320,20.0,878.0
40246,18.1320,20.0,878.1
40247,18.1320,20.0,878.1
40248,18.1320,20.0,878.1
40249,18.1320,20.0,878.1
40250,18.1320,20.0,878.1
40251,18.1320,20.0,878.2
40252,18.1320,20.0,878.2
40253,18.1320,20.0,878.2
40254,18.1320,20.0,878.2
40255,18.1320,20.0,878.2
40256,18.1320,20.0,878.2
40257,18.1320,20.0,878.3
40258,18.1320,20.0,878.3
40259,18.1320,20.0,878.3
40260,18.1320,20.0,878.3
40261,18.1314,20.0,878.3
40262,18.1314,20.0,878.4
40263,18.1314,20.0,878.4
40264,18.1314,20.0,878.4
40265,18.1314,20.0,878.4
40266,18.1314,20.0,878.5
40267,18.1314,20.0,878.5
40268,18.1314,20.0,878.5
40269,18.1314,20.0,878.5
40270,18.1314,20.0,878.5
40271,18.1314,20.0,878.6
40272,18.1314,20.0,878.6
40273,18.1314,20.0,878.6
40274,18.1314,20.0,878.6
40275,18.1314,20.0,878.6
40276,18.1314,20.0,878.7
40277,18.1314,20.0,878.7
40278,18.1314,20.0,878.7
40279,18.1314,20.0,878.7
40280,18.1314,20.0,878.7
40281,18.1307,20.0,878.7
40282,18.1307,20.0,878.8
40283,18.1307,20.0,878.8
40284,18.1307,20.0,878.8
40285,18.1307,20.0,878.8
40286,18.1307,20.0,878.8
40287,18.1307,20.0,878.9
40288,18.1307,20.0,878.9
40289,18.1307,20.0,878.9
40290,18.1307,20.0,878.9
40291,18.1307,20.0,879.0
40292,18.1307,20.0,879.0
40293,18.1307,20.0,879.0
40294,18.1307,20.0,879.0
40295,18.1307,20.0,879.0
40296,18.1307,20.0,879.0
40297,18.1307,20.0,879.1
40298,18.1307,20.0,879.1
40299,18.1307,20.0,879.1
40300,18.1307,20.0,879.1
40301,18.1300,20.0,879.1
40302,18.1300,20.0,879.2
40303,18.1300,20.0,879.2
40304,18.1300,20.0,879.2
40305,18.1300,20.0,879.2
40306,18.1300,20.0,879.3
40307,18.1300,20.0,879.3
40308,18.1300,20.0,879.3
40309,18.1300,20.0,879.3
40310,18.1300,20.0,879.3
40311,18.1300,20.0,879.3
40312,18.1300,20.0,879.4
40313,18.1300,20.0,879.4
40314,18.1300,20.0,879.4
40315,18.1300,20.0,879.4
40316,18.1300,20.0,879.4
40317,18.1300,20.0,879.5
40318,18.1300,20.0,879.5
40319,18.1300,20.0,879.5
40320,18.1300,20.0,879.5
40321,18.1294,20.0,879.5
40322,18.1294,20.0,879.6
40323,18.1294,20.0,879.6
40324,18.1294,20.0,879.6
40325,18.1294,20.0,879.6
40326,18.1294,20.0,879.6
40327,18.1294,20.0,879.6
40328,18.1294,20.0,879.7
40329,18.1294,20.0,879.7
40330,18.1294,20.0,879.7
40331,18.1294,20.0,879.7
40332,18.1294,20.0,879.8
40333,18.1294,20.0,879.8
40334,18.1294,20.0,879.8
40335,18.1294,20.0,879.8
40336,18.1294,20.0,879.8
40337,18.1294,20.0,879.9
40338,18.1294,20.0,879.9
40339,18.1294,20.0,879.9
40340,18.1294,20.0,879.9
40341,18.1287,20.0,880.0
40342,18.1287,20.0,880.0
40343,18.1287,20.0,880.0
40344,18.1287,20.0,880.0
40345,18.1287,20.0,880.0
40346,18.1287,20.0,880.1
40347,18.1287,20.0,880.1
40348,18.1287,20.0,880.1
40349,18.1287,20.0,880.1
40350,18.1287,20.0,880.2
40351,18.1287,20.0,880.2
40352,18.1287,20.0,880.2
40353,18.1287,20.0,880.2
40354,18.1287,20.0,880.2
40355,18.1287,20.0,880.3
40356,18.1287,20.0,880.3
40357,18.1287,20.0,880.3
40358,18.1287,20.0,880.3
40359,18.1287,20.0,880.3
40360,18.1287,20.0,880.4
40361,18.1280,20.0,880.4
40362,18.1280,20.0,880.4
40363,18.1280,20.0,880.4
40364,18.1280,20.0,880.4
40365,18.1280,20.0,880.5
40366,18.1280,20.0,880.5
40367,18.1280,20.0,880.5
40368,18.1280,20.0,880.5
40369,18.1280,20.0,880.5
40370,18.1280,20.0,880.6
40371,18.1280,20.0,880.6
40372,18.1280,20.0,880.6
40373,18.1280,20.0,880.6
40374,18.1280,20.0,880.6
40375,18.1280,20.0,880.7
40376,18.1280,20.0,880.7
40377,18.1280,20.0,880.7
40378,18.1280,20.0,880.7
40379,18.1280,20.0,880.7
40380,18.1280,20.0,880.8
40381,18.1274,20.0,880.8
40382,18.1274,20.0,880.8
40383,18.1274,20.0,880.8
40384,18.1274,20.0,880.9
40385,18.1274,20.0,880.9
40386,18.1274,20.0,880.9
40387,18.1274,20.0,880.9
40388,18.1274,20.0,880.9
40389,18.1274,20.0,881.0
40390,18.1274,20.0,881.0
40391,18.1274,20.0,881.0
40392,18.1274,20.0,881.0
40393,18.1274,20.0,881.0
40394,18.1274,20.0,881.1
40395,18.1274,20.0,881.1
40396,18.1274,20.0,881.1
40397,18.1274,20.0,881.1
40398,18.1274,20.0,881.1
40399,18.1274,20.0,881.2
40400,18.1274,20.0,881.2
40401,18.1267,20.0,881.2
40402,18.1267,20.0,881.2
40403,18.1267,20.0,881.2
40404,18.1267,20.0,881.3
40405,18.1267,20.0,881.3
40406,18.1267,20.0,881.3
40407,18.1267,20.0,881.3
40408,18.1267,20.0,881.3
40409,18.1267,20.0,881.3
40410,18.1267,20.0,881.4
40411,18.1267,20.0,881.4
40412,18.1267,20.0,881.4
40413,18.1267,20.0,881.4
40414,18.1267,20.0,881.4
40415,18.1267,20.0,881.5
40416,18.1267,20.0,881.5
40417,18.1267,20.0,881.5
40418,18.1267,20.0,881.5
40419,18.1267,20.0,881.6
40420,18.1267,20.0,881.6
40421,18.1262,20.0,881.6
40422,18.1262,20.0,881.6
40423,18.1262,20.0,881.6
40424,18.1262,20.0,881.7
40425,18.1262,20.0,881.7
40426,18.1262,20.0,881.7
40427,18.1262,20.0,881.7
40428,18.1262,20.0,881.7
40429,18.1262,20.0,881.8
40430,18.1262,20.0,881.8
40431,18.1262,20.0,881.8
40432,18.1262,20.0,881.8
40433,18.1262,20.0,881.8
40434,18.1262,20.0,881.9
40435,18.1262,20.0,881.9
40436,18.1262,20.0,881.9
40437,18.1262,20.0,881.9
40438,18.1262,20.0,882.0
40439,18.1262,20.0,882.0
40440,18.1262,20.0,882.0
40441,18.1258,20.0,882.0
40442,18.1258,20.0,882.0
40443,18.1258,20.0,882.0
40444,18.1258,20.0,882.1
40445,18.1258,20.0,882.1
40446,18.1258,20.0,882.1
40447,18.1258,20.0,882.1
40448,18.1258,20.0,882.1
40449,18.1258,20.0,882.5
40450,18.1258,20.0,882.5
40451,18.1258,20.0,882.5
40452,18.1258,20.0,882.5
40453,18.1258,20.0,882.5
40454,18.1258,20.0,882.6
40455,18.1258,20.0,882.6
40456,18.1258,20.0,882.6
40457,18.1258,20.0,882.6
40458,18.1258,20.0,882.6
40459,18.1258,20.0,882.7
40460,18.1258,20.0,882.7
40461,18.1253,20.0,882.7
40462,18.1253,20.0,882.7
40463,18.1253,20.0,882.7
40464,18.1253,20.0,882.8
40465,18.1253,20.0,882.8
40466,18.1253,20.0,882.8
40467,18.1253,20.0,882.8
40468,18.1253,20.0,882.8
40469,18.1253,20.0,882.9
40470,18.1253,20.0,882.9
40471,18.1253,20.0,882.9
40472,18.1253,20.0,882.9
40473,18.1253,20.0,883.0
40474,18.1253,20.0,883.0
40475,18.1253,20.0,883.0
40476,18.1253,20.0,883.0
40477,18.1253,20.0,883.0
40478,18.1253,20.0,883.0
40479,18.1253,20.0,883.1
40480,18.1253,20.0,883.1
40481,18.1249,20.0,883.1
40482,18.1249,20.0,883.1
40483,18.1249,20.0,883.2
40484,18.1249,20.0,883.2
40485,18.1249,20.0,883.2
40486,18.1249,20.0,883.2
40487,18.1249,20.0,883.2
40488,18.1249,20.0,883.3
40489,18.1249,20.0,883.3
40490,18.1249,20.0,883.3
40491,18.1249,20.0,883.3
40492,18.1249,20.0,883.3
40493,18.1249,20.0,883.4
40494,18.1249,20.0,883.4
40495,18.1249,20.0,883.4
40496,18.1249,20.0,883.4
40497,18.1249,20.0,883.5
40498,18.1249,20.0,883.5
40499,18.1249,20.0,883.5
40500,18.1249,20.0,883.5
40501,18.1244,20.0,883.5
40502,18.1244,20.0,883.6
40503,18.1244,20.0,883.6
40504,18.1244,20.0,883.6
40505,18.1244,20.0,883.6
40506,18.1244,20.0,883.7
40507,18.1244,20.0,883.7
40508,18.1244,20.0,883.7
40509,18.1244,20.0,883.7
40510,18.1244,20.0,883.7
40511,18.1244,20.0,883.8
40512,18.1244,20.0,883.8
40513,18.1244,20.0,883.8
40514,18.1244,20.0,883.8
40515,18.1244,20.0,883.8
40516,18.1244,20.0,883.9
40517,18.1244,20.0,883.9
40518,18.1244,20.0,883.9
40519,18.1244,20.0,883.9
40520,18.1244,20.0,883.9
40521,18.1239,20.0,884.0
40522,18.1239,20.0,884.0
40523,18.1239,20.0,884.0
40524,18.1239,20.0,884.0
40525,18.1239,20.0,884.0
40526,18.1239,20.0,884.0
40527,18.1239,20.0,884.1
40528,18.1239,20.0,884.1
40529,18.1239,20.0,884.1
40530,18.1239,20.0,884.1
40531,18.1239,20.0,884.2
40532,18.1239,20.0,884.2
40533,18.1239,20.0,884.2
40534,18.1239,20.0,884.2
40535,18.1239,20.0,884.2
40536,18.1239,20.0,884.3
40537,18.1239,20.0,884.3
40538,18.1239,20.0,884.3
40539,18.1239,20.0,884.3
40540,18.1239,20.0,884.3
40541,18.1235,20.0,884.3
40542,18.1235,20.0,884.4
40543,18.1235,20.0,884.4
40544,18.1235,20.0,884.4
40545,18.1235,20.0,884.4
40546,18.1235,20.0,884.5
40547,18.1235,20.0,884.5
40548,18.1235,20.0,884.5
40549,18.1235,20.0,884.5
40550,18.1235,20.0,884.5
40551,18.1235,20.0,884.6
40552,18.1235,20.0,884.6
40553,18.1235,20.0,884.6
40554,18.1235,20.0,884.6
40555,18.1235,20.0,884.6
40556,18.1235,20.0,884.7
40557,18.1235,20.0,884.7
40558,18.1235,20.0,884.7
40559,18.1235,20.0,884.7
40560,18.1235,20.0,884.7
40561,18.1230,20.0,884.8
40562,18.1230,20.0,884.8
40563,18.1230,20.0,884.8
40564,18.1230,20.0,884.8
40565,18.1230,20.0,884.9
40566,18.1230,20.0,884.9
40567,18.1230,20.0,884.9
40568,18.1230,20.0,884.9
40569,18.1230,20.0,884.9
40570,18.1230,20.0,885.0
40571,18.1230,20.0,885.0
40572,18.1230,20.0,885.0
40573,18.1230,20.0,885.0
40574,18.1230,20.0,885.1
40575,18.1230,20.0,885.1
40576,18.1230,20.0,885.1
40577,18.1230,20.0,885.1
40578,18.1230,20.0,885.1
40579,18.1230,20.0,885.2
40580,18.1230,20.0,885.2
40581,18.1226,20.0,885.2
40582,18.1226,20.0,885.2
40583,18.1226,20.0,885.2
40584,18.1226,20.0,885.3
40585,18.1226,20.0,885.3
40586,18.1226,20.0,885.3
40587,18.1226,20.0,885.3
40588,18.1226,20.0,885.4
40589,18.1226,20.0,885.4
40590,18.1226,20.0,885.4
40591,18.1226,20.0,885.4
40592,18.1226,20.0,885.4
40593,18.1226,20.0,885.5
40594,18.1226,20.0,885.5
40595,18.1226,20.0,885.5
40596,18.1226,20.0,885.5
40597,18.1226,20.0,885.5
40598,18.1226,20.0,885.6
40599,18.1226,20.0,885.6
40600,18.1226,20.0,885.6
40601,18.1221,20.0,885.6
40602,18.1221,20.0,885.6
40603,18.1221,20.0,885.7
40604,18.1221,20.0,885.7
40605,18.1221,20.0,885.7
40606,18.1221,20.0,885.7
40607,18.1221,20.0,885.7
40608,18.1221,20.0,885.8
40609,18.1221,20.0,885.8
40610,18.1221,20.0,885.8
40611,18.1221,20.0,885.8
40612,18.1221,20.0,885.8
40613,18.1221,20.0,885.9
40614,18.1221,20.0,885.9
40615,18.1221,20.0,885.9
40616,18.1221,20.0,885.9
40617,18.1221,20.0,885.9
40618,18.1221,20.0,886.0
40619,18.1221,20.0,886.0
40620,18.1221,20.0,886.0
40621,18.1217,20.0,886.0
40622,18.1217,20.0,886.1
40623,18.1217,20.0,886.1
40624,18.1217,20.0,886.1
40625,18.1217,20.0,886.1
40626,18.1217,20.0,886.1
40627,18.1217,20.0,886.2
40628,18.1217,20.0,886.2
40629,18.1217,20.0,886.2
40630,18.1217,20.0,886.2
40631,18.1217,20.0,886.2
40632,18.1217,20.0,886.2
40633,18.1217,20.0,886.3
40634,18.1217,20.0,886.3
40635,18.1217,20.0,886.3
40636,18.1217,20.0,886.3
40637,18.1217,20.0,886.4
40638,18.1217,20.0,886.4
40639,18.1217,20.0,886.4
40640,18.1217,20.0,886.4
40641,18.1212,20.0,886.4
40642,18.1212,20.0,886.5
40643,18.1212,20.0,886.5
40644,18.1212,20.0,886.5
40645,18.1212,20.0,886.5
40646,18.1212,20.0,886.5
40647,18.1212,20.0,886.6
40648,18.1212,20.0,886.6
40649,18.1212,20.0,886.6
40650,18.1212,20.0,886.6
40651,18.1212,20.0,886.7
40652,18.1212,20.0,886.7
40653,18.1212,20.0,886.7
40654,18.1212,20.0,886.7
40655,18.1212,20.0,886.7
40656,18.1212,20.0,886.7
40657,18.1212,20.0,886.8
40658,18.1212,20.0,886.8
40659,18.1212,20.0,886.8
40660,18.1212,20.0,886.8
40661,18.1207,20.0,886.9
40662,18.1207,20.0,886.9
40663,18.1207,20.0,886.9
40664,18.1207,20.0,886.9
40665,18.1207,20.0,887.0
40666,18.1207,20.0,887.0
40667,18.1207,20.0,887.0
40668,18.1207,20.0,887.0
40669,18.1207,20.0,887.0
40670,18.1207,20.0,887.1
40671,18.1207,20.0,887.1
40672,18.1207,20.0,887.1
40673,18.1207,20.0,887.1
40674,18.1207,20.0,887.1
40675,18.1207,20.0,887.2
40676,18.1207,20.0,887.2
40677,18.1207,20.0,887.2
40678,18.1207,20.0,887.2
40679,18.1207,20.0,887.2
40680,18.1207,20.0,887.3
40681,18.1203,20.0,887.3
40682,18.1203,20.0,887.3
40683,18.1203,20.0,887.3
40684,18.1203,20.0,887.3
40685,18.1203,20.0,887.4
40686,18.1203,20.0,887.4
40687,18.1203,20.0,887.4
40688,18.1203,20.0,887.4
40689,18.1203,20.0,887.4
40690,18.1203,20.0,887.5
40691,18.1203,20.0,887.5
40692,18.1203,20.0,887.5
40693,18.1203,20.0,887.5
40694,18.1203,20.0,887.5
40695,18.1203,20.0,887.6
40696,18.1203,20.0,887.6
40697,18.1203,20.0,887.6
40698,18.1203,20.0,887.6
40699,18.1203,20.0,887.6
40700,18.1203,20.0,887.7
40701,18.1198,20.0,887.7
40702,18.1198,20.0,887.7
40703,18.1198,20.0,887.7
40704,18.1198,20.0,887.7
40705,18.1198,20.0,887.8
40706,18.1198,20.0,887.8
40707,18.1198,20.0,887.8
40708,18.1198,20.0,887.8
40709,18.1198,20.0,887.8
40710,18.1198,20.0,887.9
40711,18.1198,20.0,887.9
40712,18.1198,20.0,887.9
40713,18.1198,20.0,887.9
40714,18.1198,20.0,888.0
40715,18.1198,20.0,888.0
40716,18.1198,20.0,888.0
40717,18.1198,20.0,888.0
40718,18.1198,20.0,888.0
40719,18.1198,20.0,888.1
40720,18.1198,20.0,888.1
40721,18.1194,20.0,888.1
40722,18.1194,20.0,888.1
40723,18.1194,20.0,888.1
40724,18.1194,20.0,888.1
40725,18.1194,20.0,888.2
40726,18.1194,20.0,888.2
40727,18.1194,20.0,888.2
40728,18.1194,20.0,888.2
40729,18.1194,20.0,888.3
40730,18.1194,20.0,888.3
40731,18.1194,20.0,888.3
40732,18.1194,20.0,888.3
40733,18.1194,20.0,888.3
40734,18.1194,20.0,888.3
40735,18.1194,20.0,888.4
40736,18.1194,20.0,888.4
40737,18.1194,20.0,888.4
40738,18.1194,20.0,888.4
40739,18.1194,20.0,888.4
40740,18.1194,20.0,888.5
40741,18.1189,20.0,888.5
40742,18.1189,20.0,888.5
40743,18.1189,20.0,888.5
40744,18.1189,20.0,888.5
40745,18.1189,20.0,888.5
40746,18.1189,20.0,888.5
40747,18.1189,20.0,888.6
40748,18.1189,20.0,888.6
40749,18.1189,20.0,888.6
40750,18.1189,20.0,888.6
40751,18.1189,20.0,888.7
40752,18.1189,20.0,888.7
40753,18.1189,20.0,888.7
40754,18.1189,20.0,888.7
40755,18.1189,20.0,888.8
40756,18.1189,20.0,888.8
40757,18.1189,20.0,888.8
40758,18.1189,20.0,888.8
40759,18.1189,20.0,888.8
40760,18.1189,20.0,888.9
40761,18.1185,20.0,888.9
40762,18.1185,20.0,888.9
40763,18.1185,20.0,888.9
40764,18.1185,20.0,889.0
40765,18.1185,20.0,889.0
40766,18.1185,20.0,889.0
40767,18.1185,20.0,889.0
40768,18.1185,20.0,889.0
40769,18.1185,20.0,889.1
40770,18.1185,20.0,889.1
40771,18.1185,20.0,889.1
40772,18.1185,20.0,889.1
40773,18.1185,20.0,889.1
40774,18.1185,20.0,889.1
40775,18.1185,20.0,889.2
40776,18.1185,20.0,889.2
40777,18.1185,20.0,889.2
40778,18.1185,20.0,889.2
40779,18.1185,20.0,889.3
40780,18.1185,20.0,889.3
40781,18.1180,20.0,889.3
40782,18.1180,20.0,889.3
40783,18.1180,20.0,889.3
40784,18.1180,20.0,889.3
40785,18.1180,20.0,889.4
40786,18.1180,20.0,889.4
40787,18.1180,20.0,889.4
40788,18.1180,20.0,889.4
40789,18.1180,20.0,889.4
40790,18.1180,20.0,889.5
40791,18.1180,20.0,889.5
40792,18.1180,20.0,889.5
40793,18.1180,20.0,889.5
40794,18.1180,20.0,889.6
40795,18.1180,20.0,889.6
40796,18.1180,20.0,889.6
40797,18.1180,20.0,889.6
40798,18.1180,20.0,889.6
40799,18.1180,20.0,889.7
40800,18.1180,20.0,889.7
40801,18.1175,20.0,889.7
40802,18.1175,20.0,889.7
40803,18.1175,20.0,889.7
40804,18.1175,20.0,889.8
40805,18.1175,20.0,889.8
40806,18.1175,20.0,889.8
40807,18.1175,20.0,889.8
40808,18.1175,20.0,889.8
40809,18.1175,20.0,889.9
40810,18.1175,20.0,889.9
40811,18.1175,20.0,889.9
40812,18.1175,20.0,889.9
40813,18.1175,20.0,889.9
40814,18.1175,20.0,889.9
40815,18.1175,20.0,890.0
40816,18.1175,20.0,890.0
40817,18.1175,20.0,890.0
40818,18.1175,20.0,890.0
40819,18.1175,20.0,890.0
40820,18.1175,20.0,890.1
40821,18.1171,20.0,890.1
40822,18.1171,20.0,890.1
40823,18.1171,20.0,890.1
40824,18.1171,20.0,890.2
40825,18.1171,20.0,890.2
40826,18.1171,20.0,890.2
40827,18.1171,20.0,890.2
40828,18.1171,20.0,890.2
40829,18.1171,20.0,890.2
40830,18.1171,20.0,890.3
40831,18.1171,20.0,890.3
40832,18.1171,20.0,890.3
40833,18.1171,20.0,890.3
40834,18.1171,20.0,890.3
40835,18.1171,20.0,890.4
40836,18.1171,20.0,890.4
40837,18.1171,20.0,890.4
40838,18.1171,20.0,890.4
40839,18.1171,20.0,890.4
40840,18.1171,20.0,890.5
40841,18.1166,20.0,890.5
40842,18.1166,20.0,890.5
40843,18.1166,20.0,890.5
40844,18.1166,20.0,890.5
40845,18.1166,20.0,890.5
40846,18.1166,20.0,890.6
40847,18.1166,20.0,890.6
40848,18.1166,20.0,890.6
40849,18.1166,20.0,890.6
40850,18.1166,20.0,890.6
40851,18.1166,20.0,890.7
40852,18.1166,20.0,890.7
40853,18.1166,20.0,890.7
40854,18.1166,20.0,890.7
40855,18.1166,20.0,890.7
40856,18.1166,20.0,890.8
40857,18.1166,20.0,890.8
40858,18.1166,20.0,890.8
40859,18.1166,20.0,890.8
40860,18.1166,20.0,890.9
40861,18.1162,20.0,890.9
40862,18.1162,20.0,890.9
40863,18.1162,20.0,890.9
40864,18.1162,20.0,890.9
40865,18.1162,20.0,891.0
40866,18.1162,20.0,891.0
40867,18.1162,20.0,891.0
40868,18.1162,20.0,891.0
40869,18.1162,20.0,891.0
40870,18.1162,20.0,891.1
40871,18.1162,20.0,891.1
40872,18.1162,20.0,891.1
40873,18.1162,20.0,891.1
40874,18.1162,20.0,891.2
40875,18.1162,20.0,891.2
40876,18.1162,20.0,891.2
40877,18.1162,20.0,891.2
40878,18.1162,20.0,891.2
40879,18.1162,20.0,891.3
40880,18.1162,20.0,891.3
40881,18.1157,20.0,891.3
40882,18.1157,20.0,891.3
40883,18.1157,20.0,891.4
40884,18.1157,20.0,891.4
40885,18.1157,20.0,891.4
40886,18.1157,20.0,891.4
40887,18.1157,20.0,891.5
40888,18.1157,20.0,891.5
40889,18.1157,20.0,891.5
40890,18.1157,20.0,891.5
40891,18.1157,20.0,891.5
40892,18.1157,20.0,891.6
40893,18.1157,20.0,891.6
40894,18.1157,20.0,891.6
40895,18.1157,20.0,891.6
40896,18.1157,20.0,891.6
40897,18.1157,20.0,891.7
40898,18.1157,20.0,891.7
40899,18.1157,20.0,891.7
40900,18.1157,20.0,891.7
40901,18.1153,20.0,891.8
40902,18.1153,20.0,891.8
40903,18.1153,20.0,891.8
40904,18.1153,20.0,891.8
40905,18.1153,20.0,891.8
40906,18.1153,20.0,891.9
40907,18.1153,20.0,891.9
40908,18.1153,20.0,891.9
40909,18.1153,20.0,891.9
40910,18.1153,20.0,892.0
40911,18.1153,20.0,892.0
40912,18.1153,20.0,892.0
40913,18.1153,20.0,892.0
40914,18.1153,20.0,892.0
40915,18.1153,20.0,892.1
40916,18.1153,20.0,892.1
40917,18.1153,20.0,892.1
40918,18.1153,20.0,892.1
40919,18.1153,20.0,892.2
40920,18.1153,20.0,892.2
40921,18.1148,20.0,892.2
40922,18.1148,20.0,892.2
40923,18.1148,20.0,892.2
40924,18.1148,20.0,892.3
40925,18.1148,20.0,892.3
40926,18.1148,20.0,892.3
40927,18.1148,20.0,892.3
40928,18.1148,20.0,892.3
40929,18.1148,20.0,892.3
40930,18.1148,20.0,892.4
40931,18.1148,20.0,892.4
40932,18.1148,20.0,892.4
40933,18.1148,20.0,892.4
40934,18.1148,20.0,892.4
40935,18.1148,20.0,892.5
40936,18.1148,20.0,892.5
40937,18.1148,20.0,892.5
40938,18.1148,20.0,892.5
40939,18.1148,20.0,892.6
40940,18.1148,20.0,892.6
40941,18.1145,20.0,892.6
40942,18.1145,20.0,892.6
40943,18.1145,20.0,892.6
40944,18.1145,20.0,892.7
40945,18.1145,20.0,892.7
40946,18.1145,20.0,892.7
40947,18.1145,20.0,892.7
40948,18.1145,20.0,892.7
40949,18.1145,20.0,892.8
40950,18.1145,20.0,892.8
40951,18.1145,20.0,892.8
40952,18.1145,20.0,892.8
40953,18.1145,20.0,892.8
40954,18.1145,20.0,892.8
40955,18.1145,20.0,892.9
40956,18.1145,20.0,892.9
40957,18.1145,20.0,892.9
40958,18.1145,20.0,892.9
40959,18.1145,20.0,892.9
40960,18.1145,20.0,893.0
40961,18.1142,20.0,893.3
40962,18.1142,20.0,893.3
40963,18.1142,20.0,893.3
40964,18.1142,20.0,893.3
40965,18.1142,20.0,893.3
40966,18.1142,20.0,893.4
40967,18.1142,20.0,893.4
40968,18.1142,20.0,893.4
40969,18.1142,20.0,893.4
40970,18.1142,20.0,893.5
40971,18.1142,20.0,893.5
40972,18.1142,20.0,893.5
40973,18.1142,20.0,893.5
40974,18.1142,20.0,893.5
40975,18.1142,20.0,893.6
40976,18.1142,20.0,893.6
40977,18.1142,20.0,893.6
40978,18.1142,20.0,893.6
40979,18.1142,20.0,893.7
40980,18.1142,20.0,893.7
40981,18.1142,20.0,893.7
40982,18.1142,20.0,893.7
40983,18.1142,20.0,893.7
40984,18.1142,20.0,893.8
40985,18.1142,20.0,893.8
40986,18.1142,20.0,893.8
40987,18.1142,20.0,893.8
40988,18.1142,20.0,893.8
40989,18.1142,20.0,893.9
40990,18.1142,20.0,893.9
40991,18.1142,20.0,893.9
40992,18.1142,20.0,893.9
40993,18.1142,20.0,893.9
40994,18.1142,20.0,894.0
40995,18.1142,20.0,894.0
40996,18.1142,20.0,894.0
40997,18.1142,20.0,894.0
40998,18.1142,20.0,894.0
40999,18.1142,20.0,894.1
41000,18.1142,20.0,894.1
41001,18.1143,20.0,894.1
41002,18.1143,20.0,894.1
41003,18.1143,20.0,894.1
41004,18.1143,20.0,894.2
41005,18.1143,20.0,894.2
41006,18.1143,20.0,894.2
41007,18.1143,20.0,894.2
41008,18.1143,20.0,894.3
41009,18.1143,20.0,894.3
41010,18.1143,20.0,894.3
41011,18.1143,20.0,894.3
41012,18.1143,20.0,894.3
41013,18.1143,20.0,894.4
41014,18.1143,20.0,894.4
41015,18.1143,20.0,894.4
41016,18.1143,20.0,894.4
41017,18.1143,20.0,894.4
41018,18.1143,20.0,894.5
41019,18.1143,20.0,894.5
41020,18.1143,20.0,894.5
41021,18.1143,20.0,894.5
41022,18.1143,20.0,894.5
41023,18.1143,20.0,894.6
41024,18.1143,20.0,894.6
41025,18.1143,20.0,894.6
41026,18.1143,20.0,894.6
41027,18.1143,20.0,894.6
41028,18.1143,20.0,894.7
41029,18.1143,20.0,894.7
41030,18.1143,20.0,894.7
41031,18.1143,20.0,894.7
41032,18.1143,20.0,894.8
41033,18.1143,20.0,894.8
41034,18.1143,20.0,894.8
41035,18.1143,20.0,894.8
41036,18.1143,20.0,894.8
41037,18.1143,20.0,894.8
41038,18.1143,20.0,894.9
41039,18.1143,20.0,894.9
41040,18.1143,20.0,894.9
41041,18.1144,20.0,894.9
41042,18.1144,20.0,894.9
41043,18.1144,20.0,895.0
41044,18.1144,20.0,895.0
41045,18.1144,20.0,895.0
41046,18.1144,20.0,895.0
41047,18.1144,20.0,895.0
41048,18.1144,20.0,895.1
41049,18.1144,20.0,895.1
41050,18.1144,20.0,895.1
41051,18.1144,20.0,895.1
41052,18.1144,20.0,895.1
41053,18.1144,20.0,895.2
41054,18.1144,20.0,895.2
41055,18.1144,20.0,895.2
41056,18.1144,20.0,895.2
41057,18.1144,20.0,895.3
41058,18.1144,20.0,895.3
41059,18.1144,20.0,895.3
41060,18.1144,20.0,895.4
41061,18.1144,20.0,895.4
41062,18.1144,20.0,895.5
41063,18.1144,20.0,895.5
41064,18.1144,20.0,895.6
41065,18.1144,20.0,895.6
41066,18.1144,20.0,895.7
41067,18.1144,20.0,895.7
41068,18.1144,20.0,895.7
41069,18.1144,20.0,895.7
41070,18.1144,20.0,895.8
41071,18.1144,20.0,895.8
41072,18.1144,20.0,895.8
41073,18.1144,20.0,895.8
41074,18.1144,20.0,895.9
41075,18.1144,20.0,895.9
41076,18.1144,20.0,895.9
41077,18.1144,20.0,895.9
41078,18.1144,20.0,896.0
41079,18.1144,20.0,896.0
41080,18.1144,20.0,896.0
41081,18.1145,20.0,896.1
41082,18.1145,20.0,896.1
41083,18.1145,20.0,896.1
41084,18.1145,20.0,896.1
41085,18.1145,20.0,896.2
41086,18.1145,20.0,896.2
41087,18.1145,20.0,896.2
41088,18.1145,20.0,896.3
41089,18.1145,20.0,896.3
41090,18.1145,20.0,896.3
41091,18.1145,20.0,896.3
41092,18.1145,20.0,896.4
41093,18.1145,20.0,896.4
41094,18.1145,20.0,896.4
41095,18.1145,20.0,896.5
41096,18.1145,20.0,896.5
41097,18.1145,20.0,896.5
41098,18.1145,20.0,896.5
41099,18.1145,20.0,896.6
41100,18.1145,20.0,896.6
41101,18.1145,20.0,896.6
41102,18.1145,20.0,896.6
41103,18.1145,20.0,896.6
41104,18.1145,20.0,896.7
41105,18.1145,20.0,896.7
41106,18.1145,20.0,896.7
41107,18.1145,20.0,896.7
41108,18.1145,20.0,896.7
41109,18.1145,20.0,896.8
41110,18.1145,20.0,896.8
41111,18.1145,20.0,896.8
41112,18.1145,20.0,896.8
41113,18.1145,20.0,896.8
41114,18.1145,20.0,896.9
41115,18.1145,20.0,896.9
41116,18.1145,20.0,896.9
41117,18.1145,20.0,896.9
41118,18.1145,20.0,896.9
41119,18.1145,20.0,897.0
41120,18.1145,20.0,897.0
41121,18.1146,20.0,897.0
41122,18.1146,20.0,897.0
41123,18.1146,20.0,897.1
41124,18.1146,20.0,897.1
41125,18.1146,20.0,897.1
41126,18.1146,20.0,897.1
41127,18.1146,20.0,897.2
41128,18.1146,20.0,897.2
41129,18.1146,20.0,897.2
41130,18.1146,20.0,897.2
41131,18.1146,20.0,897.2
41132,18.1146,20.0,897.3
41133,18.1146,20.0,897.3
41134,18.1146,20.0,897.3
41135,18.1146,20.0,897.3
41136,18.1146,20.0,897.4
41137,18.1146,20.0,897.4
41138,18.1146,20.0,897.4
41139,18.1146,20.0,897.5
41140,18.1146,20.0,897.5
41141,18.1146,20.0,897.5
41142,18.1146,20.0,897.5
41143,18.1146,20.0,897.6
41144,18.1146,20.0,897.6
41145,18.1146,20.0,897.6
41146,18.1146,20.0,897.7
41147,18.1146,20.0,897.7
41148,18.1146,20.0,897.7
41149,18.1146,20.0,897.7
41150,18.1146,20.0,897.8
41151,18.1146,20.0,897.8
41152,18.1146,20.0,897.8
41153,18.1146,20.0,897.9
41154,18.1146,20.0,897.9
41155,18.1146,20.0,897.9
41156,18.1146,20.0,898.0
41157,18.1146,20.0,898.0
41158,18.1146,20.0,898.0
41159,18.1146,20.0,898.0
41160,18.1146,20.0,898.1
41161,18.1146,20.0,898.1
41162,18.1146,20.0,898.1
41163,18.1146,20.0,898.2
41164,18.1146,20.0,898.2
41165,18.1146,20.0,898.2
41166,18.1146,20.0,898.3
41167,18.1146,20.0,898.3
41168,18.1146,20.0,898.4
41169,18.1146,20.0,898.5
41170,18.1146,20.0,898.6
41171,18.1146,20.0,898.6
41172,18.1146,20.0,898.7
41173,18.1146,20.0,898.7
41174,18.1146,20.0,898.8
41175,18.1146,20.0,898.8
41176,18.1146,20.0,898.8
41177,18.1146,20.0,898.9
41178,18.1146,20.0,898.9
41179,18.1146,20.0,898.9
41180,18.1146,20.0,899.0
41181,18.1147,20.0,899.0
41182,18.1147,20.0,899.0
41183,18.1147,20.0,899.0
41184,18.1147,20.0,899.1
41185,18.1147,20.0,899.1
41186,18.1147,20.0,899.1
41187,18.1147,20.0,899.1
41188,18.1147,20.0,899.1
41189,18.1147,20.0,899.2
41190,18.1147,20.0,899.2
41191,18.1147,20.0,899.2
41192,18.1147,20.0,899.2
41193,18.1147,20.0,899.2
41194,18.1147,20.0,899.3
41195,18.1147,20.0,899.3
41196,18.1147,20.0,899.3
41197,18.1147,20.0,899.3
41198,18.1147,20.0,899.3
41199,18.1147,20.0,899.4
41200,18.1147,20.0,899.4
41201,18.1147,20.0,899.4
41202,18.1147,20.0,899.4
41203,18.1147,20.0,899.4
41204,18.1147,20.0,899.5
41205,18.1147,20.0,899.5
41206,18.1147,20.0,899.5
41207,18.1147,20.0,899.5
41208,18.1147,20.0,899.5
41209,18.1147,20.0,899.6
41210,18.1147,20.0,899.6
41211,18.1147,20.0,899.6
41212,18.1147,20.0,899.6
41213,18.1147,20.0,899.6
41214,18.1147,20.0,899.7
41215,18.1147,20.0,899.7
41216,18.1147,20.0,899.7
41217,18.1147,20.0,899.7
41218,18.1147,20.0,899.7
41219,18.1147,20.0,899.8
41220,18.1147,20.0,899.8
41221,18.1148,20.0,899.8
41222,18.1148,20.0,899.8
41223,18.1148,20.0,899.8
41224,18.1148,20.0,899.9
41225,18.1148,20.0,899.9
41226,18.1148,20.0,899.9
41227,18.1148,20.0,899.9
41228,18.1148,20.0,900.0
41229,18.1148,20.0,900.0
41230,18.1148,20.0,900.0
41231,18.1148,20.0,900.0
41232,18.1148,20.0,900.1
41233,18.1148,20.0,900.1
41234,18.1148,20.0,900.1
41235,18.1148,20.0,900.1
41236,18.1148,20.0,900.1
41237,18.1148,20.0,900.2
41238,18.1148,20.0,900.2
41239,18.1148,20.0,900.2
41240,18.1148,20.0,900.2
41241,18.1148,20.0,900.3
41242,18.1148,20.0,900.3
41243,18.1148,20.0,900.3
41244,18.1148,20.0,900.3
41245,18.1148,20.0,900.3
41246,18.1148,20.0,900.4
41247,18.1148,20.0,900.4
41248,18.1148,20.0,900.4
41249,18.1148,20.0,900.4
41250,18.1148,20.0,900.4
41251,18.1148,20.0,900.5
41252,18.1148,20.0,900.5
41253,18.1148,20.0,900.5
41254,18.1148,20.0,900.5
41255,18.1148,20.0,900.5
41256,18.1148,20.0,900.6
41257,18.1148,20.0,900.6
41258,18.1148,20.0,900.6
41259,18.1148,20.0,900.6
41260,18.1148,20.0,900.6
41261,18.1149,20.0,900.7
41262,18.1149,20.0,900.7
41263,18.1149,20.0,900.7
41264,18.1149,20.0,900.7
41265,18.1149,20.0,900.7
41266,18.1149,20.0,900.8
41267,18.1149,20.0,900.8
41268,18.1149,20.0,900.8
41269,18.1149,20.0,900.8
41270,18.1149,20.0,900.8
41271,18.1149,20.0,900.9
41272,18.1149,20.0,900.9
41273,18.1149,20.0,900.9
41274,18.1149,20.0,900.9
41275,18.1149,20.0,900.9
41276,18.1149,20.0,900.9
41277,18.1149,20.0,901.0
41278,18.1149,20.0,901.0
41279,18.1149,20.0,901.0
41280,18.1149,20.0,901.0
41281,18.1149,20.0,901.1
41282,18.1149,20.0,901.1
41283,18.1149,20.0,901.1
41284,18.1149,20.0,901.1
41285,18.1149,20.0,901.1
41286,18.1149,20.0,901.2
41287,18.1149,20.0,901.2
41288,18.1149,20.0,901.2
41289,18.1149,20.0,901.2
41290,18.1149,20.0,901.3
41291,18.1149,20.0,901.3
41292,18.1149,20.0,901.3
41293,18.1149,20.0,901.3
41294,18.1149,20.0,901.4
41295,18.1149,20.0,901.4
41296,18.1149,20.0,901.4
41297,18.1149,20.0,901.5
41298,18.1149,20.0,901.5
41299,18.1149,20.0,901.6
41300,18.1149,20.0,901.6
41301,18.1150,20.0,901.6
41302,18.1150,20.0,901.7
41303,18.1150,20.0,901.7
41304,18.1150,20.0,901.7
41305,18.1150,20.0,901.7
41306,18.1150,20.0,901.7
41307,18.1150,20.0,901.7
41308,18.1150,20.0,901.8
41309,18.1150,20.0,901.8
41310,18.1150,20.0,901.8
41311,18.1150,20.0,901.8
41312,18.1150,20.0,901.9
41313,18.1150,20.0,901.9
41314,18.1150,20.0,901.9
41315,18.1150,20.0,902.0
41316,18.1150,20.0,902.0
41317,18.1150,20.0,902.0
41318,18.1150,20.0,902.1
41319,18.1150,20.0,902.1
41320,18.1150,20.0,902.2
41321,18.1150,20.0,902.2
41322,18.1150,20.0,902.3
41323,18.1150,20.0,902.3
41324,18.1150,20.0,902.3
41325,18.1150,20.0,902.4
41326,18.1150,20.0,902.5
41327,18.1150,20.0,902.5
41328,18.1150,20.0,902.6
41329,18.1150,20.0,902.7
41330,18.1150,20.0,902.7
41331,18.1150,20.0,902.7
41332,18.1150,20.0,902.7
41333,18.1150,20.0,902.8
41334,18.1150,20.0,902.8
41335,18.1150,20.0,902.8
41336,18.1150,20.0,902.8
41337,18.1150,20.0,902.8
41338,18.1150,20.0,902.9
41339,18.1150,20.0,902.9
41340,18.1150,20.0,902.9
41341,18.1151,20.0,902.9
41342,18.1151,20.0,903.0
41343,18.1151,20.0,903.0
41344,18.1151,20.0,903.0
41345,18.1151,20.0,903.0
41346,18.1151,20.0,903.1
41347,18.1151,20.0,903.1
41348,18.1151,20.0,903.1
41349,18.1151,20.0,903.1
41350,18.1151,20.0,903.1
41351,18.1151,20.0,903.2
41352,18.1151,20.0,903.2
41353,18.1151,20.0,903.2
41354,18.1151,20.0,903.2
41355,18.1151,20.0,903.2
41356,18.1151,20.0,903.3
41357,18.1151,20.0,903.3
41358,18.1151,20.0,903.3
41359,18.1151,20.0,903.3
41360,18.1151,20.0,903.3
41361,18.1151,20.0,903.3
41362,18.1151,20.0,903.4
41363,18.1151,20.0,903.4
41364,18.1151,20.0,903.4
41365,18.1151,20.0,903.4
41366,18.1151,20.0,903.4
41367,18.1151,20.0,903.5
41368,18.1151,20.0,903.5
41369,18.1151,20.0,903.5
41370,18.1151,20.0,903.5
41371,18.1151,20.0,903.6
41372,18.1151,20.0,903.6
41373,18.1151,20.0,903.6
41374,18.1151,20.0,903.6
41375,18.1151,20.0,903.7
41376,18.1151,20.0,903.7
41377,18.1151,20.0,903.7
41378,18.1151,20.0,903.7
41379,18.1151,20.0,903.7
41380,18.1151,20.0,903.8
41381,18.1152,20.0,903.8
41382,18.1152,20.0,903.8
41383,18.1152,20.0,903.8
41384,18.1152,20.0,903.9
41385,18.1152,20.0,903.9
41386,18.1152,20.0,903.9
41387,18.1152,20.0,903.9
41388,18.1152,20.0,903.9
41389,18.1152,20.0,904.0
41390,18.1152,20.0,904.0
41391,18.1152,20.0,904.0
41392,18.1152,20.0,904.0
41393,18.1152,20.0,904.1
41394,18.1152,20.0,904.1
41395,18.1152,20.0,904.1
41396,18.1152,20.0,904.1
41397,18.1152,20.0,904.2
41398,18.1152,20.0,904.2
41399,18.1152,20.0,904.2
41400,18.1152,20.0,904.2
41401,18.1152,20.0,904.2
41402,18.1152,20.0,904.3
41403,18.1152,20.0,904.3
41404,18.1152,20.0,904.3
41405,18.1152,20.0,904.3
41406,18.1152,20.0,904.4
41407,18.1152,20.0,904.4
41408,18.1152,20.0,904.4
41409,18.1152,20.0,904.4
41410,18.1152,20.0,904.4
41411,18.1152,20.0,904.5
41412,18.1152,20.0,904.5
41413,18.1152,20.0,904.5
41414,18.1152,20.0,904.6
41415,18.1152,20.0,904.6
41416,18.1152,20.0,904.6
41417,18.1152,20.0,904.6
41418,18.1152,20.0,904.7
41419,18.1152,20.0,904.7
41420,18.1152,20.0,904.7
41421,18.1152,20.0,904.7
41422,18.1152,20.0,904.8
41423,18.1152,20.0,904.8
41424,18.1152,20.0,904.8
41425,18.1152,20.0,904.8
41426,18.1152,20.0,904.8
41427,18.1152,20.0,904.9
41428,18.1152,20.0,904.9
41429,18.1152,20.0,904.9
41430,18.1152,20.0,904.9
41431,18.1152,20.0,905.0
41432,18.1152,20.0,905.0
41433,18.1152,20.0,905.0
41434,18.1152,20.0,905.0
41435,18.1152,20.0,905.1
41436,18.1152,20.0,905.1
41437,18.1152,20.0,905.1
41438,18.1152,20.0,905.1
41439,18.1152,20.0,905.1
41440,18.1152,20.0,905.2
41441,18.1153,20.0,905.2
41442,18.1153,20.0,905.2
41443,18.1153,20.0,905.2
41444,18.1153,20.0,905.3
41445,18.1153,20.0,905.3
41446,18.1153,20.0,905.3
41447,18.1153,20.0,905.3
41448,18.1153,20.0,905.4
41449,18.1153,20.0,905.4
41450,18.1153,20.0,905.4
41451,18.1153,20.0,905.5
41452,18.1153,20.0,905.5
41453,18.1153,20.0,905.5
41454,18.1153,20.0,905.6
41455,18.1153,20.0,905.6
41456,18.1153,20.0,905.6
41457,18.1153,20.0,905.6
41458,18.1153,20.0,905.6
41459,18.1153,20.0,905.7
41460,18.1153,20.0,905.7
41461,18.1153,20.0,905.7
41462,18.1153,20.0,905.7
41463,18.1153,20.0,905.7
41464,18.1153,20.0,905.8
41465,18.1153,20.0,905.8
41466,18.1153,20.0,905.8
41467,18.1153,20.0,905.8
41468,18.1153,20.0,905.9
41469,18.1153,20.0,905.9
41470,18.1153,20.0,905.9
41471,18.1153,20.0,905.9
41472,18.1153,20.0,905.9
41473,18.1153,20.0,906.2
41474,18.1153,20.0,906.2
41475,18.1153,20.0,906.3
41476,18.1153,20.0,906.3
41477,18.1153,20.0,906.3
41478,18.1153,20.0,906.3
41479,18.1153,20.0,906.3
41480,18.1153,20.0,906.3
41481,18.1152,20.0,906.4
41482,18.1152,20.0,906.4
41483,18.1152,20.0,906.4
41484,18.1152,20.0,906.4
41485,18.1152,20.0,906.4
41486,18.1152,20.0,906.5
41487,18.1152,20.0,906.5
41488,18.1152,20.0,906.5
41489,18.1152,20.0,906.5
41490,18.1152,20.0,906.6
41491,18.1152,20.0,906.6
41492,18.1152,20.0,906.6
41493,18.1152,20.0,906.6
41494,18.1152,20.0,906.6
41495,18.1152,20.0,906.7
41496,18.1152,20.0,906.7
41497,18.1152,20.0,906.7
41498,18.1152,20.0,906.7
41499,18.1152,20.0,906.7
41500,18.1152,20.0,906.8
41501,18.1151,20.0,906.8
41502,18.1151,20.0,906.8
41503,18.1151,20.0,906.8
41504,18.1151,20.0,906.9
41505,18.1151,20.0,906.9
41506,18.1151,20.0,906.9
41507,18.1151,20.0,906.9
41508,18.1151,20.0,906.9
41509,18.1151,20.0,907.0
41510,18.1151,20.0,907.0
41511,18.1151,20.0,907.0
41512,18.1151,20.0,907.0
41513,18.1151,20.0,907.1
41514,18.1151,20.0,907.1
41515,18.1151,20.0,907.1
41516,18.1151,20.0,907.1
41517,18.1151,20.0,907.1
41518,18.1151,20.0,907.2
41519,18.1151,20.0,907.2
41520,18.1151,20.0,907.3
41521,18.1150,20.0,907.3
41522,18.1150,20.0,907.3
41523,18.1150,20.0,907.4
41524,18.1150,20.0,907.4
41525,18.1150,20.0,907.4
41526,18.1150,20.0,907.5
41527,18.1150,20.0,907.5
41528,18.1150,20.0,907.5
41529,18.1150,20.0,907.6
41530,18.1150,20.0,907.6
41531,18.1150,20.0,907.6
41532,18.1150,20.0,907.7
41533,18.1150,20.0,907.7
41534,18.1150,20.0,907.7
41535,18.1150,20.0,907.7
41536,18.1150,20.0,907.8
41537,18.1150,20.0,907.8
41538,18.1150,20.0,907.8
41539,18.1150,20.0,907.8
41540,18.1150,20.0,907.9
41541,18.1149,20.0,907.9
41542,18.1149,20.0,907.9
41543,18.1149,20.0,907.9
41544,18.1149,20.0,908.0
41545,18.1149,20.0,908.0
41546,18.1149,20.0,908.0
41547,18.1149,20.0,908.0
41548,18.1149,20.0,908.1
41549,18.1149,20.0,908.1
41550,18.1149,20.0,908.1
41551,18.1149,20.0,908.1
41552,18.1149,20.0,908.1
41553,18.1149,20.0,908.2
41554,18.1149,20.0,908.2
41555,18.1149,20.0,908.2
41556,18.1149,20.0,908.2
41557,18.1149,20.0,908.2
41558,18.1149,20.0,908.3
41559,18.1149,20.0,908.3
41560,18.1149,20.0,908.3
41561,18.1148,20.0,908.3
41562,18.1148,20.0,908.4
41563,18.1148,20.0,908.4
41564,18.1148,20.0,908.4
41565,18.1148,20.0,908.4
41566,18.1148,20.0,908.5
41567,18.1148,20.0,908.5
41568,18.1148,20.0,908.5
41569,18.1148,20.0,908.5
41570,18.1148,20.0,908.5
41571,18.1148,20.0,908.6
41572,18.1148,20.0,908.6
41573,18.1148,20.0,908.6
41574,18.1148,20.0,908.6
41575,18.1148,20.0,908.7
41576,18.1148,20.0,908.7
41577,18.1148,20.0,908.7
41578,18.1148,20.0,908.7
41579,18.1148,20.0,908.8
41580,18.1148,20.0,908.8
41581,18.1147,20.0,908.8
41582,18.1147,20.0,908.8
41583,18.1147,20.0,908.8
41584,18.1147,20.0,908.9
41585,18.1147,20.0,908.9
41586,18.1147,20.0,908.9
41587,18.1147,20.0,908.9
41588,18.1147,20.0,909.0
41589,18.1147,20.0,909.0
41590,18.1147,20.0,909.0
41591,18.1147,20.0,909.0
41592,18.1147,20.0,909.1
41593,18.1147,20.0,909.1
41594,18.1147,20.0,909.1
41595,18.1147,20.0,909.1
41596,18.1147,20.0,909.1
41597,18.1147,20.0,909.2
41598,18.1147,20.0,909.2
41599,18.1147,20.0,909.2
41600,18.1147,20.0,909.2
41601,18.1146,20.0,909.3
41602,18.1146,20.0,909.3
41603,18.1146,20.0,909.3
41604,18.1146,20.0,909.3
41605,18.1146,20.0,909.3
41606,18.1146,20.0,909.4
41607,18.1146,20.0,909.4
41608,18.1146,20.0,909.4
41609,18.1146,20.0,909.4
41610,18.1146,20.0,909.4
41611,18.1146,20.0,909.5
41612,18.1146,20.0,909.5
41613,18.1146,20.0,909.5
41614,18.1146,20.0,909.5
41615,18.1146,20.0,909.5
41616,18.1146,20.0,909.6
41617,18.1146,20.0,909.6
41618,18.1146,20.0,909.6
41619,18.1146,20.0,909.6
41620,18.1146,20.0,909.6
41621,18.1145,20.0,909.7
41622,18.1145,20.0,909.7
41623,18.1145,20.0,909.7
41624,18.1145,20.0,909.7
41625,18.1145,20.0,909.7
41626,18.1145,20.0,909.8
41627,18.1145,20.0,909.8
41628,18.1145,20.0,909.8
41629,18.1145,20.0,909.8
41630,18.1145,20.0,909.8
41631,18.1145,20.0,909.9
41632,18.1145,20.0,909.9
41633,18.1145,20.0,909.9
41634,18.1145,20.0,909.9
41635,18.1145,20.0,910.0
41636,18.1145,20.0,910.0
41637,18.1145,20.0,910.0
41638,18.1145,20.0,910.0
41639,18.1145,20.0,910.0
41640,18.1145,20.0,910.1
41641,18.1144,20.0,910.1
41642,18.1144,20.0,910.1
41643,18.1144,20.0,910.1
41644,18.1144,20.0,910.1
41645,18.1144,20.0,910.2
41646,18.1144,20.0,910.2
41647,18.1144,20.0,910.2
41648,18.1144,20.0,910.2
41649,18.1144,20.0,910.3
41650,18.1144,20.0,910.3
41651,18.1144,20.0,910.3
41652,18.1144,20.0,910.3
41653,18.1144,20.0,910.3
41654,18.1144,20.0,910.4
41655,18.1144,20.0,910.4
41656,18.1144,20.0,910.4
41657,18.1144,20.0,910.4
41658,18.1144,20.0,910.5
41659,18.1144,20.0,910.5
41660,18.1144,20.0,910.5
41661,18.1143,20.0,910.5
41662,18.1143,20.0,910.5
41663,18.1143,20.0,910.6
41664,18.1143,20.0,910.6
41665,18.1143,20.0,910.6
41666,18.1143,20.0,910.6
41667,18.1143,20.0,910.6
41668,18.1143,20.0,910.6
41669,18.1143,20.0,910.7
41670,18.1143,20.0,910.7
41671,18.1143,20.0,910.7
41672,18.1143,20.0,910.7
41673,18.1143,20.0,910.8
41674,18.1143,20.0,910.8
41675,18.1143,20.0,910.8
41676,18.1143,20.0,910.8
41677,18.1143,20.0,910.9
41678,18.1143,20.0,910.9
41679,18.1143,20.0,910.9
41680,18.1143,20.0,910.9
41681,18.1142,20.0,910.9
41682,18.1142,20.0,911.0
41683,18.1142,20.0,911.0
41684,18.1142,20.0,911.0
41685,18.1142,20.0,911.0
41686,18.1142,20.0,911.0
41687,18.1142,20.0,911.1
41688,18.1142,20.0,911.1
41689,18.1142,20.0,911.1
41690,18.1142,20.0,911.1
41691,18.1142,20.0,911.2
41692,18.1142,20.0,911.2
41693,18.1142,20.0,911.2
41694,18.1142,20.0,911.2
41695,18.1142,20.0,911.3
41696,18.1142,20.0,911.3
41697,18.1142,20.0,911.3
41698,18.1142,20.0,911.3
41699,18.1142,20.0,911.4
41700,18.1142,20.0,911.4
41701,18.1141,20.0,911.4
41702,18.1141,20.0,911.4
41703,18.1141,20.0,911.5
41704,18.1141,20.0,911.5
41705,18.1141,20.0,911.5
41706,18.1141,20.0,911.5
41707,18.1141,20.0,911.6
41708,18.1141,20.0,911.6
41709,18.1141,20.0,911.6
41710,18.1141,20.0,911.6
41711,18.1141,20.0,911.7
41712,18.1141,20.0,911.7
41713,18.1141,20.0,911.7
41714,18.1141,20.0,911.7
41715,18.1141,20.0,911.8
41716,18.1141,20.0,911.8
41717,18.1141,20.0,911.8
41718,18.1141,20.0,911.8
41719,18.1141,20.0,911.8
41720,18.1141,20.0,911.9
41721,18.1140,20.0,911.9
41722,18.1140,20.0,911.9
41723,18.1140,20.0,911.9
41724,18.1140,20.0,912.0
41725,18.1140,20.0,912.0
41726,18.1140,20.0,912.0
41727,18.1140,20.0,912.0
41728,18.1140,20.0,912.1
41729,18.1140,20.0,912.1
41730,18.1140,20.0,912.1
41731,18.1140,20.0,912.1
41732,18.1140,20.0,912.1
41733,18.1140,20.0,912.2
41734,18.1140,20.0,912.2
41735,18.1140,20.0,912.2
41736,18.1140,20.0,912.2
41737,18.1140,20.0,912.2
41738,18.1140,20.0,912.2
41739,18.1140,20.0,912.3
41740,18.1140,20.0,912.3
41741,18.1139,20.0,912.3
41742,18.1139,20.0,912.3
41743,18.1139,20.0,912.3
41744,18.1139,20.0,912.4
41745,18.1139,20.0,912.4
41746,18.1139,20.0,912.4
41747,18.1139,20.0,912.4
41748,18.1139,20.0,912.5
41749,18.1139,20.0,912.5
41750,18.1139,20.0,912.5
41751,18.1139,20.0,912.5
41752,18.1139,20.0,912.5
41753,18.1139,20.0,912.6
41754,18.1139,20.0,912.6
41755,18.1139,20.0,912.6
41756,18.1139,20.0,912.6
41757,18.1139,20.0,912.6
41758,18.1139,20.0,912.7
41759,18.1139,20.0,912.7
41760,18.1139,20.0,912.7
41761,18.1138,20.0,912.7
41762,18.1138,20.0,912.8
41763,18.1138,20.0,912.8
41764,18.1138,20.0,912.8
41765,18.1138,20.0,912.8
41766,18.1138,20.0,912.8
41767,18.1138,20.0,912.9
41768,18.1138,20.0,912.9
41769,18.1138,20.0,912.9
41770,18.1138,20.0,912.9
41771,18.1138,20.0,912.9
41772,18.1138,20.0,912.9
41773,18.1138,20.0,913.0
41774,18.1138,20.0,913.0
41775,18.1138,20.0,913.0
41776,18.1138,20.0,913.0
41777,18.1138,20.0,913.1
41778,18.1138,20.0,913.1
41779,18.1138,20.0,913.1
41780,18.1138,20.0,913.1
41781,18.1137,20.0,913.1
41782,18.1137,20.0,913.2
41783,18.1137,20.0,913.2
41784,18.1137,20.0,913.2
41785,18.1137,20.0,913.2
41786,18.1137,20.0,913.2
41787,18.1137,20.0,913.3
41788,18.1137,20.0,913.3
41789,18.1137,20.0,913.3
41790,18.1137,20.0,913.3
41791,18.1137,20.0,913.4
41792,18.1137,20.0,913.4
41793,18.1137,20.0,913.4
41794,18.1137,20.0,913.4
41795,18.1137,20.0,913.4
41796,18.1137,20.0,913.5
41797,18.1137,20.0,913.5
41798,18.1137,20.0,913.5
41799,18.1137,20.0,913.5
41800,18.1137,20.0,913.6
41801,18.1136,20.0,913.6
41802,18.1136,20.0,913.6
41803,18.1136,20.0,913.6
41804,18.1136,20.0,913.6
41805,18.1136,20.0,913.7
41806,18.1136,20.0,913.7
41807,18.1136,20.0,913.7
41808,18.1136,20.0,913.7
41809,18.1136,20.0,913.7
41810,18.1136,20.0,913.7
41811,18.1136,20.0,913.8
41812,18.1136,20.0,913.8
41813,18.1136,20.0,913.8
41814,18.1136,20.0,913.8
41815,18.1136,20.0,913.9
41816,18.1136,20.0,913.9
41817,18.1136,20.0,913.9
41818,18.1136,20.0,913.9
41819,18.1136,20.0,913.9
41820,18.1136,20.0,914.0
41821,18.1135,20.0,914.0
41822,18.1135,20.0,914.0
41823,18.1135,20.0,914.0
41824,18.1135,20.0,914.0
41825,18.1135,20.0,914.1
41826,18.1135,20.0,914.1
41827,18.1135,20.0,914.1
41828,18.1135,20.0,914.1
41829,18.1135,20.0,914.1
41830,18.1135,20.0,914.2
41831,18.1135,20.0,914.2
41832,18.1135,20.0,914.2
41833,18.1135,20.0,914.2
41834,18.1135,20.0,914.3
41835,18.1135,20.0,914.3
41836,18.1135,20.0,914.3
41837,18.1135,20.0,914.3
41838,18.1135,20.0,914.3
41839,18.1135,20.0,914.4
41840,18.1135,20.0,914.4
41841,18.1134,20.0,914.4
41842,18.1134,20.0,914.4
41843,18.1134,20.0,914.4
41844,18.1134,20.0,914.4
41845,18.1134,20.0,914.5
41846,18.1134,20.0,914.5
41847,18.1134,20.0,914.5
41848,18.1134,20.0,914.5
41849,18.1134,20.0,914.5
41850,18.1134,20.0,914.6
41851,18.1134,20.0,914.6
41852,18.1134,20.0,914.6
41853,18.1134,20.0,914.6
41854,18.1134,20.0,914.6
41855,18.1134,20.0,914.7
41856,18.1134,20.0,914.7
41857,18.1134,20.0,914.7
41858,18.1134,20.0,914.7
41859,18.1134,20.0,914.7
41860,18.1134,20.0,914.8
41861,18.1133,20.0,914.8
41862,18.1133,20.0,914.8
41863,18.1133,20.0,914.8
41864,18.1133,20.0,914.8
41865,18.1133,20.0,914.9
41866,18.1133,20.0,914.9
41867,18.1133,20.0,914.9
41868,18.1133,20.0,915.0
41869,18.1133,20.0,915.0
41870,18.1133,20.0,915.0
41871,18.1133,20.0,915.0
41872,18.1133,20.0,915.1
41873,18.1133,20.0,915.1
41874,18.1133,20.0,915.1
41875,18.1133,20.0,915.2
41876,18.1133,20.0,915.2
41877,18.1133,20.0,915.2
41878,18.1133,20.0,915.3
41879,18.1133,20.0,915.3
41880,18.1133,20.0,915.3
41881,18.1132,20.0,915.3
41882,18.1132,20.0,915.4
41883,18.1132,20.0,915.4
41884,18.1132,20.0,915.4
41885,18.1132,20.0,915.5
41886,18.1132,20.0,915.5
41887,18.1132,20.0,915.6
41888,18.1132,20.0,915.6
41889,18.1132,20.0,915.6
41890,18.1132,20.0,915.7
41891,18.1132,20.0,915.7
41892,18.1132,20.0,915.8
41893,18.1132,20.0,915.8
41894,18.1132,20.0,915.8
41895,18.1132,20.0,915.9
41896,18.1132,20.0,915.9
41897,18.1132,20.0,916.0
41898,18.1132,20.0,916.0
41899,18.1132,20.0,916.1
41900,18.1132,20.0,916.1
41901,18.1131,20.0,916.2
41902,18.1131,20.0,916.2
41903,18.1131,20.0,916.2
41904,18.1131,20.0,916.3
41905,18.1131,20.0,916.3
41906,18.1131,20.0,916.3
41907,18.1131,20.0,916.3
41908,18.1131,20.0,916.4
41909,18.1131,20.0,916.4
41910,18.1131,20.0,916.5
41911,18.1131,20.0,916.5
41912,18.1131,20.0,916.5
41913,18.1131,20.0,916.6
41914,18.1131,20.0,916.6
41915,18.1131,20.0,916.6
41916,18.1131,20.0,916.7
41917,18.1131,20.0,916.7
41918,18.1131,20.0,916.7
41919,18.1131,20.0,916.8
41920,18.1131,20.0,916.8
41921,18.1130,20.0,916.8
41922,18.1130,20.0,916.9
41923,18.1130,20.0,916.9
41924,18.1130,20.0,916.9
41925,18.1130,20.0,916.9
41926,18.1130,20.0,917.0
41927,18.1130,20.0,917.0
41928,18.1130,20.0,917.0
41929,18.1130,20.0,917.0
41930,18.1130,20.0,917.0
41931,18.1130,20.0,917.1
41932,18.1130,20.0,917.1
41933,18.1130,20.0,917.1
41934,18.1130,20.0,917.1
41935,18.1130,20.0,917.1
41936,18.1130,20.0,917.2
41937,18.1130,20.0,917.2
41938,18.1130,20.0,917.2
41939,18.1130,20.0,917.2
41940,18.1130,20.0,917.3
41941,18.1129,20.0,917.3
41942,18.1129,20.0,917.3
41943,18.1129,20.0,917.3
41944,18.1129,20.0,917.4
41945,18.1129,20.0,917.4
41946,18.1129,20.0,917.4
41947,18.1129,20.0,917.4
41948,18.1129,20.0,917.4
41949,18.1129,20.0,917.5
41950,18.1129,20.0,917.5
41951,18.1129,20.0,917.5
41952,18.1129,20.0,917.5
41953,18.1129,20.0,917.5
41954,18.1129,20.0,917.6
41955,18.1129,20.0,917.6
41956,18.1129,20.0,917.6
41957,18.1129,20.0,917.6
41958,18.1129,20.0,917.6
41959,18.1129,20.0,917.7
41960,18.1129,20.0,917.7
41961,18.1131,20.0,917.7
41962,18.1131,20.0,917.7
41963,18.1131,20.0,917.8
41964,18.1131,20.0,917.8
41965,18.1131,20.0,917.8
41966,18.1131,20.0,917.8
41967,18.1131,20.0,917.9
41968,18.1131,20.0,917.9
41969,18.1131,20.0,917.9
41970,18.1131,20.0,917.9
41971,18.1131,20.0,917.9
41972,18.1131,20.0,918.0
41973,18.1131,20.0,918.0
41974,18.1131,20.0,918.0
41975,18.1131,20.0,918.0
41976,18.1131,20.0,918.0
41977,18.1131,20.0,918.0
41978,18.1131,20.0,918.1
41979,18.1131,20.0,918.1
41980,18.1131,20.0,918.1
41981,18.1133,20.0,918.1
41982,18.1133,20.0,918.2
41983,18.1133,20.0,918.2
41984,18.1133,20.0,918.2
41985,18.1133,20.0,918.5
41986,18.1133,20.0,918.5
41987,18.1133,20.0,918.6
41988,18.1133,20.0,918.6
41989,18.1133,20.0,918.6
41990,18.1133,20.0,918.6
41991,18.1133,20.0,918.6
41992,18.1133,20.0,918.7
41993,18.1133,20.0,918.7
41994,18.1133,20.0,918.7
41995,18.1133,20.0,918.7
41996,18.1133,20.0,918.8
41997,18.1133,20.0,918.8
41998,18.1133,20.0,918.8
41999,18.1133,20.0,918.8
42000,18.1133,20.0,918.9
42001,18.0938,20.0,918.9
42002,18.0938,20.0,918.9
42003,18.0938,20.0,918.9
42004,18.0938,20.0,918.9
42005,18.0938,20.0,919.0
42006,18.0938,20.0,919.0
42007,18.0938,20.0,919.0
42008,18.0938,20.0,919.0
42009,18.0938,20.0,919.1
42010,18.0938,20.0,919.1
42011,18.0938,20.0,919.1
42012,18.0938,20.0,919.1
42013,18.0938,20.0,919.2
42014,18.0938,20.0,919.2
42015,18.0938,20.0,919.2
42016,18.0938,20.0,919.2
42017,18.0938,20.0,919.2
42018,18.0938,20.0,919.3
42019,18.0938,20.0,919.3
42020,18.0938,20.0,919.3
42021,18.0742,20.0,919.3
42022,18.0742,20.0,919.4
42023,18.0742,20.0,919.4
42024,18.0742,20.0,919.4
42025,18.0742,20.0,919.4
42026,18.0742,20.0,919.4
42027,18.0742,20.0,919.5
42028,18.0742,20.0,919.5
42029,18.0742,20.0,919.5
42030,18.0742,20.0,919.5
42031,18.0742,20.0,919.6
42032,18.0742,20.0,919.6
42033,18.0742,20.0,919.6
42034,18.0742,20.0,919.6
42035,18.0742,20.0,919.6
42036,18.0742,20.0,919.7
42037,18.0742,20.0,919.7
42038,18.0742,20.0,919.7
42039,18.0742,20.0,919.7
42040,18.0742,20.0,919.7
42041,18.0546,20.0,919.8
42042,18.0546,20.0,919.8
42043,18.0546,20.0,919.8
42044,18.0546,20.0,919.8
42045,18.0546,20.0,919.8
42046,18.0546,20.0,919.9
42047,18.0546,20.0,919.9
42048,18.0546,20.0,919.9
42049,18.0546,20.0,919.9
42050,18.0546,20.0,919.9
42051,18.0546,20.0,919.9
42052,18.0546,20.0,920.0
42053,18.0546,20.0,920.0
42054,18.0546,20.0,920.0
42055,18.0546,20.0,920.0
42056,18.0546,20.0,920.1
42057,18.0546,20.0,920.1
42058,18.0546,20.0,920.1
42059,18.0546,20.0,920.1
42060,18.0546,20.0,920.2
42061,18.0351,20.0,920.2
42062,18.0351,20.0,920.2
42063,18.0351,20.0,920.2
42064,18.0351,20.0,920.2
42065,18.0351,20.0,920.3
42066,18.0351,20.0,920.3
42067,18.0351,20.0,920.3
42068,18.0351,20.0,920.3
42069,18.0351,20.0,920.3
42070,18.0351,20.0,920.4
42071,18.0351,20.0,920.4
42072,18.0351,20.0,920.4
42073,18.0351,20.0,920.4
42074,18.0351,20.0,920.4
42075,18.0351,20.0,920.5
42076,18.0351,20.0,920.5
42077,18.0351,20.0,920.5
42078,18.0351,20.0,920.5
42079,18.0351,20.0,920.6
42080,18.0351,20.0,920.6
42081,18.0155,20.0,920.6
42082,18.0155,20.0,920.6
42083,18.0155,20.0,920.6
42084,18.0155,20.0,920.7
42085,18.0155,20.0,920.7
42086,18.0155,20.0,920.7
42087,18.0155,20.0,920.7
42088,18.0155,20.0,920.8
42089,18.0155,20.0,920.8
42090,18.0155,20.0,920.8
42091,18.0155,20.0,920.8
42092,18.0155,20.0,920.8
42093,18.0155,20.0,920.9
42094,18.0155,20.0,920.9
42095,18.0155,20.0,920.9
42096,18.0155,20.0,920.9
42097,18.0155,20.0,920.9
42098,18.0155,20.0,921.0
42099,18.0155,20.0,921.0
42100,18.0155,20.0,921.0
42101,17.9960,20.0,921.0
42102,17.9960,20.0,921.0
42103,17.9960,20.0,921.1
42104,17.9960,20.0,921.1
42105,17.9960,20.0,921.1
42106,17.9960,20.0,921.1
42107,17.9960,20.0,921.1
42108,17.9960,20.0,921.2
42109,17.9960,20.0,921.2
42110,17.9960,20.0,921.2
42111,17.9960,20.0,921.2
42112,17.9960,20.0,921.2
42113,17.9960,20.0,921.3
42114,17.9960,20.0,921.3
42115,17.9960,20.0,921.3
42116,17.9960,20.0,921.3
42117,17.9960,20.0,921.3
42118,17.9960,20.0,921.3
42119,17.9960,20.0,921.4
42120,17.9960,20.0,921.4
42121,17.9764,20.0,921.4
42122,17.9764,20.0,921.4
42123,17.9764,20.0,921.5
42124,17.9764,20.0,921.5
42125,17.9764,20.0,921.5
42126,17.9764,20.0,921.5
42127,17.9764,20.0,921.5
42128,17.9764,20.0,921.6
42129,17.9764,20.0,921.6
42130,17.9764,20.0,921.6
42131,17.9764,20.0,921.6
42132,17.9764,20.0,921.7
42133,17.9764,20.0,921.7
42134,17.9764,20.0,921.7
42135,17.9764,20.0,921.7
42136,17.9764,20.0,921.7
42137,17.9764,20.0,921.8
42138,17.9764,20.0,921.8
42139,17.9764,20.0,921.8
42140,17.9764,20.0,921.8
42141,17.9568,20.0,921.8
42142,17.9568,20.0,921.9
42143,17.9568,20.0,921.9
42144,17.9568,20.0,921.9
42145,17.9568,20.0,921.9
42146,17.9568,20.0,922.0
42147,17.9568,20.0,922.0
42148,17.9568,20.0,922.0
42149,17.9568,20.0,922.0
42150,17.9568,20.0,922.0
42151,17.9568,20.0,922.1
42152,17.9568,20.0,922.1
42153,17.9568,20.0,922.1
42154,17.9568,20.0,922.1
42155,17.9568,20.0,922.1
42156,17.9568,20.0,922.2
42157,17.9568,20.0,922.2
42158,17.9568,20.0,922.2
42159,17.9568,20.0,922.2
42160,17.9568,20.0,922.3
42161,17.9373,20.0,922.3
42162,17.9373,20.0,922.3
42163,17.9373,20.0,922.3
42164,17.9373,20.0,922.3
42165,17.9373,20.0,922.4
42166,17.9373,20.0,922.4
42167,17.9373,20.0,922.4
42168,17.9373,20.0,922.4
42169,17.9373,20.0,922.4
42170,17.9373,20.0,922.5
42171,17.9373,20.0,922.5
42172,17.9373,20.0,922.5
42173,17.9373,20.0,922.5
42174,17.9373,20.0,922.6
42175,17.9373,20.0,922.6
42176,17.9373,20.0,922.6
42177,17.9373,20.0,922.6
42178,17.9373,20.0,922.6
42179,17.9373,20.0,922.7
42180,17.9373,20.0,922.7
42181,17.9177,20.0,922.7
42182,17.9177,20.0,922.7
42183,17.9177,20.0,922.7
42184,17.9177,20.0,922.7
42185,17.9177,20.0,922.8
42186,17.9177,20.0,922.8
42187,17.9177,20.0,922.8
42188,17.9177,20.0,922.8
42189,17.9177,20.0,922.9
42190,17.9177,20.0,922.9
42191,17.9177,20.0,922.9
42192,17.9177,20.0,922.9
42193,17.9177,20.0,923.0
42194,17.9177,20.0,923.0
42195,17.9177,20.0,923.0
42196,17.9177,20.0,923.0
42197,17.9177,20.0,923.0
42198,17.9177,20.0,923.1
42199,17.9177,20.0,923.1
42200,17.9177,20.0,923.1
42201,17.8981,20.0,923.1
42202,17.8981,20.0,923.1
42203,17.8981,20.0,923.2
42204,17.8981,20.0,923.2
42205,17.8981,20.0,923.2
42206,17.8981,20.0,923.2
42207,17.8981,20.0,923.3
42208,17.8981,20.0,923.3
42209,17.8981,20.0,923.3
42210,17.8981,20.0,923.3
42211,17.8981,20.0,923.3
42212,17.8981,20.0,923.4
42213,17.8981,20.0,923.4
42214,17.8981,20.0,923.4
42215,17.8981,20.0,923.4
42216,17.8981,20.0,923.4
42217,17.8981,20.0,923.5
42218,17.8981,20.0,923.5
42219,17.8981,20.0,923.5
42220,17.8981,20.0,923.5
42221,17.8786,20.0,923.6
42222,17.8786,20.0,923.6
42223,17.8786,20.0,923.6
42224,17.8786,20.0,923.6
42225,17.8786,20.0,923.6
42226,17.8786,20.0,923.7
42227,17.8786,20.0,923.7
42228,17.8786,20.0,923.7
42229,17.8786,20.0,923.7
42230,17.8786,20.0,923.7
42231,17.8786,20.0,923.8
42232,17.8786,20.0,923.8
42233,17.8786,20.0,923.8
42234,17.8786,20.0,923.8
42235,17.8786,20.0,923.8
42236,17.8786,20.0,923.9
42237,17.8786,20.0,923.9
42238,17.8786,20.0,923.9
42239,17.8786,20.0,923.9
42240,17.8786,20.0,924.0
42241,17.8590,20.0,924.0
42242,17.8590,20.0,924.0
42243,17.8590,20.0,924.0
42244,17.8590,20.0,924.0
42245,17.8590,20.0,924.0
42246,17.8590,20.0,924.1
42247,17.8590,20.0,924.1
42248,17.8590,20.0,924.1
42249,17.8590,20.0,924.1
42250,17.8590,20.0,924.2
42251,17.8590,20.0,924.2
42252,17.8590,20.0,924.3
42253,17.8590,20.0,924.3
42254,17.8590,20.0,924.3
42255,17.8590,20.0,924.3
42256,17.8590,20.0,924.4
42257,17.8590,20.0,924.4
42258,17.8590,20.0,924.5
42259,17.8590,20.0,924.6
42260,17.8590,20.0,924.7
42261,17.8394,20.0,924.7
42262,17.8394,20.0,924.7
42263,17.8394,20.0,924.8
42264,17.8394,20.0,924.8
42265,17.8394,20.0,924.8
42266,17.8394,20.0,924.8
42267,17.8394,20.0,924.8
42268,17.8394,20.0,924.9
42269,17.8394,20.0,924.9
42270,17.8394,20.0,924.9
42271,17.8394,20.0,924.9
42272,17.8394,20.0,925.0
42273,17.8394,20.0,925.0
42274,17.8394,20.0,925.0
42275,17.8394,20.0,925.0
42276,17.8394,20.0,925.1
42277,17.8394,20.0,925.1
42278,17.8394,20.0,925.1
42279,17.8394,20.0,925.1
42280,17.8394,20.0,925.1
42281,17.8199,20.0,925.2
42282,17.8199,20.0,925.2
42283,17.8199,20.0,925.2
42284,17.8199,20.0,925.2
42285,17.8199,20.0,925.2
42286,17.8199,20.0,925.3
42287,17.8199,20.0,925.3
42288,17.8199,20.0,925.3
42289,17.8199,20.0,925.3
42290,17.8199,20.0,925.3
42291,17.8199,20.0,925.3
42292,17.8199,20.0,925.4
42293,17.8199,20.0,925.4
42294,17.8199,20.0,925.4
42295,17.8199,20.0,925.4
42296,17.8199,20.0,925.4
42297,17.8199,20.0,925.5
42298,17.8199,20.0,925.5
42299,17.8199,20.0,925.5
42300,17.8199,20.0,925.5
42301,17.8003,20.0,925.5
42302,17.8003,20.0,925.6
42303,17.8003,20.0,925.6
42304,17.8003,20.0,925.6
42305,17.8003,20.0,925.6
42306,17.8003,20.0,925.6
42307,17.8003,20.0,925.7
42308,17.8003,20.0,925.7
42309,17.8003,20.0,925.7
42310,17.8003,20.0,925.7
42311,17.8003,20.0,925.7
42312,17.8003,20.0,925.8
42313,17.8003,20.0,925.8
42314,17.8003,20.0,925.8
42315,17.8003,20.0,925.8
42316,17.8003,20.0,925.8
42317,17.8003,20.0,925.9
42318,17.8003,20.0,925.9
42319,17.8003,20.0,925.9
42320,17.8003,20.0,925.9
42321,17.7807,20.0,925.9
42322,17.7807,20.0,926.0
42323,17.7807,20.0,926.0
42324,17.7807,20.0,926.0
42325,17.7807,20.0,926.0
42326,17.7807,20.0,926.0
42327,17.7807,20.0,926.1
42328,17.7807,20.0,926.1
42329,17.7807,20.0,926.1
42330,17.7807,20.0,926.1
42331,17.7807,20.0,926.1
42332,17.7807,20.0,926.2
42333,17.7807,20.0,926.2
42334,17.7807,20.0,926.2
42335,17.7807,20.0,926.2
42336,17.7807,20.0,926.2
42337,17.7807,20.0,926.3
42338,17.7807,20.0,926.3
42339,17.7807,20.0,926.3
42340,17.7807,20.0,926.3
42341,17.7612,20.0,926.4
42342,17.7612,20.0,926.4
42343,17.7612,20.0,926.4
42344,17.7612,20.0,926.4
42345,17.7612,20.0,926.4
42346,17.7612,20.0,926.5
42347,17.7612,20.0,926.5
42348,17.7612,20.0,926.5
42349,17.7612,20.0,926.5
42350,17.7612,20.0,926.5
42351,17.7612,20.0,926.6
42352,17.7612,20.0,926.6
42353,17.7612,20.0,926.6
42354,17.7612,20.0,926.6
42355,17.7612,20.0,926.7
42356,17.7612,20.0,926.7
42357,17.7612,20.0,926.7
42358,17.7612,20.0,926.7
42359,17.7612,20.0,926.7
42360,17.7612,20.0,926.8
42361,17.7416,20.0,926.8
42362,17.7416,20.0,926.8
42363,17.7416,20.0,926.8
42364,17.7416,20.0,926.9
42365,17.7416,20.0,926.9
42366,17.7416,20.0,926.9
42367,17.7416,20.0,926.9
42368,17.7416,20.0,927.0
42369,17.7416,20.0,927.0
42370,17.7416,20.0,927.0
42371,17.7416,20.0,927.0
42372,17.7416,20.0,927.1
42373,17.7416,20.0,927.1
42374,17.7416,20.0,927.1
42375,17.7416,20.0,927.1
42376,17.7416,20.0,927.1
42377,17.7416,20.0,927.2
42378,17.7416,20.0,927.2
42379,17.7416,20.0,927.2
42380,17.7416,20.0,927.2
42381,17.7220,20.0,927.2
42382,17.7220,20.0,927.3
42383,17.7220,20.0,927.3
42384,17.7220,20.0,927.3
42385,17.7220,20.0,927.3
42386,17.7220,20.0,927.4
42387,17.7220,20.0,927.4
42388,17.7220,20.0,927.4
42389,17.7220,20.0,927.4
42390,17.7220,20.0,927.4
42391,17.7220,20.0,927.5
42392,17.7220,20.0,927.5
42393,17.7220,20.0,927.5
42394,17.7220,20.0,927.5
42395,17.7220,20.0,927.6
42396,17.7220,20.0,927.6
42397,17.7220,20.0,927.6
42398,17.7220,20.0,927.6
42399,17.7220,20.0,927.6
42400,17.7220,20.0,927.7
42401,17.7025,20.0,927.7
42402,17.7025,20.0,927.7
42403,17.7025,20.0,927.7
42404,17.7025,20.0,927.7
42405,17.7025,20.0,927.8
42406,17.7025,20.0,927.8
42407,17.7025,20.0,927.8
42408,17.7025,20.0,927.8
42409,17.7025,20.0,927.8
42410,17.7025,20.0,927.9
42411,17.7025,20.0,927.9
42412,17.7025,20.0,927.9
42413,17.7025,20.0,927.9
42414,17.7025,20.0,928.0
42415,17.7025,20.0,928.0
42416,17.7025,20.0,928.0
42417,17.7025,20.0,928.0
42418,17.7025,20.0,928.0
42419,17.7025,20.0,928.1
42420,17.7025,20.0,928.1
42421,17.6829,20.0,928.1
42422,17.6829,20.0,928.2
42423,17.6829,20.0,928.2
42424,17.6829,20.0,928.2
42425,17.6829,20.0,928.3
42426,17.6829,20.0,928.3
42427,17.6829,20.0,928.3
42428,17.6829,20.0,928.4
42429,17.6829,20.0,928.4
42430,17.6829,20.0,928.4
42431,17.6829,20.0,928.4
42432,17.6829,20.0,928.5
42433,17.6829,20.0,928.5
42434,17.6829,20.0,928.5
42435,17.6829,20.0,928.5
42436,17.6829,20.0,928.5
42437,17.6829,20.0,928.6
42438,17.6829,20.0,928.6
42439,17.6829,20.0,928.6
42440,17.6829,20.0,928.6
42441,17.6633,20.0,928.6
42442,17.6633,20.0,928.7
42443,17.6633,20.0,928.7
42444,17.6633,20.0,928.7
42445,17.6633,20.0,928.7
42446,17.6633,20.0,928.8
42447,17.6633,20.0,928.8
42448,17.6633,20.0,928.8
42449,17.6633,20.0,928.8
42450,17.6633,20.0,928.9
42451,17.6633,20.0,928.9
42452,17.6633,20.0,928.9
42453,17.6633,20.0,928.9
42454,17.6633,20.0,929.0
42455,17.6633,20.0,929.0
42456,17.6633,20.0,929.0
42457,17.6633,20.0,929.1
42458,17.6633,20.0,929.1
42459,17.6633,20.0,929.1
42460,17.6633,20.0,929.1
42461,17.6438,20.0,929.2
42462,17.6438,20.0,929.2
42463,17.6438,20.0,929.2
42464,17.6438,20.0,929.2
42465,17.6438,20.0,929.2
42466,17.6438,20.0,929.3
42467,17.6438,20.0,929.3
42468,17.6438,20.0,929.3
42469,17.6438,20.0,929.3
42470,17.6438,20.0,929.4
42471,17.6438,20.0,929.4
42472,17.6438,20.0,929.4
42473,17.6438,20.0,929.4
42474,17.6438,20.0,929.5
42475,17.6438,20.0,929.5
42476,17.6438,20.0,929.5
42477,17.6438,20.0,929.5
42478,17.6438,20.0,929.6
42479,17.6438,20.0,929.6
42480,17.6438,20.0,929.6
42481,17.6242,20.0,929.6
42482,17.6242,20.0,929.7
42483,17.6242,20.0,929.7
42484,17.6242,20.0,929.7
42485,17.6242,20.0,929.7
42486,17.6242,20.0,929.8
42487,17.6242,20.0,929.8
42488,17.6242,20.0,929.8
42489,17.6242,20.0,929.8
42490,17.6242,20.0,929.8
42491,17.6242,20.0,929.9
42492,17.6242,20.0,929.9
42493,17.6242,20.0,929.9
42494,17.6242,20.0,929.9
42495,17.6242,20.0,930.0
42496,17.6242,20.0,930.0
42497,17.6242,20.0,930.4
42498,17.6242,20.0,930.5
42499,17.6242,20.0,930.5
42500,17.6242,20.0,930.5
42501,17.6048,20.0,930.5
42502,17.6048,20.0,930.6
42503,17.6048,20.0,930.6
42504,17.6048,20.0,930.6
42505,17.6048,20.0,930.6
42506,17.6048,20.0,930.7
42507,17.6048,20.0,930.7
42508,17.6048,20.0,930.7
42509,17.6048,20.0,930.7
42510,17.6048,20.0,930.8
42511,17.6048,20.0,930.8
42512,17.6048,20.0,930.8
42513,17.6048,20.0,930.8
42514,17.6048,20.0,930.8
42515,17.6048,20.0,930.9
42516,17.6048,20.0,930.9
42517,17.6048,20.0,930.9
42518,17.6048,20.0,930.9
42519,17.6048,20.0,931.0
42520,17.6048,20.0,931.0
42521,17.5860,20.0,931.0
42522,17.5860,20.0,931.0
42523,17.5860,20.0,931.0
42524,17.5860,20.0,931.1
42525,17.5860,20.0,931.1
42526,17.5860,20.0,931.1
42527,17.5860,20.0,931.1
42528,17.5860,20.0,931.2
42529,17.5860,20.0,931.3
42530,17.5860,20.0,931.3
42531,17.5860,20.0,931.4
42532,17.5860,20.0,931.4
42533,17.5860,20.0,931.4
42534,17.5860,20.0,931.4
42535,17.5860,20.0,931.5
42536,17.5860,20.0,931.5
42537,17.5860,20.0,931.5
42538,17.5860,20.0,931.5
42539,17.5860,20.0,931.6
42540,17.5860,20.0,931.6
42541,17.5672,20.0,931.6
42542,17.5672,20.0,931.6
42543,17.5672,20.0,931.6
42544,17.5672,20.0,931.7
42545,17.5672,20.0,931.7
42546,17.5672,20.0,931.7
42547,17.5672,20.0,931.7
42548,17.5672,20.0,931.7
42549,17.5672,20.0,931.8
42550,17.5672,20.0,931.8
42551,17.5672,20.0,931.8
42552,17.5672,20.0,931.8
42553,17.5672,20.0,931.8
42554,17.5672,20.0,931.9
42555,17.5672,20.0,931.9
42556,17.5672,20.0,931.9
42557,17.5672,20.0,931.9
42558,17.5672,20.0,931.9
42559,17.5672,20.0,932.0
42560,17.5672,20.0,932.0
42561,17.5484,20.0,932.0
42562,17.5484,20.0,932.0
42563,17.5484,20.0,932.0
42564,17.5484,20.0,932.1
42565,17.5484,20.0,932.1
42566,17.5484,20.0,932.1
42567,17.5484,20.0,932.1
42568,17.5484,20.0,932.1
42569,17.5484,20.0,932.1
42570,17.5484,20.0,932.2
42571,17.5484,20.0,932.2
42572,17.5484,20.0,932.2
42573,17.5484,20.0,932.2
42574,17.5484,20.0,932.2
42575,17.5484,20.0,932.3
42576,17.5484,20.0,932.3
42577,17.5484,20.0,932.3
42578,17.5484,20.0,932.4
42579,17.5484,20.0,932.5
42580,17.5484,20.0,932.5
42581,17.5296,20.0,932.5
42582,17.5296,20.0,932.5
42583,17.5296,20.0,932.6
42584,17.5296,20.0,932.6
42585,17.5296,20.0,932.6
42586,17.5296,20.0,932.6
42587,17.5296,20.0,932.6
42588,17.5296,20.0,932.7
42589,17.5296,20.0,932.7
42590,17.5296,20.0,932.7
42591,17.5296,20.0,932.7
42592,17.5296,20.0,932.7
42593,17.5296,20.0,932.7
42594,17.5296,20.0,932.8
42595,17.5296,20.0,932.8
42596,17.5296,20.0,932.8
42597,17.5296,20.0,932.8
42598,17.5296,20.0,932.9
42599,17.5296,20.0,932.9
42600,17.5296,20.0,932.9
42601,17.5108,20.0,932.9
42602,17.5108,20.0,932.9
42603,17.5108,20.0,933.0
42604,17.5108,20.0,933.0
42605,17.5108,20.0,933.0
42606,17.5108,20.0,933.0
42607,17.5108,20.0,933.0
42608,17.5108,20.0,933.0
42609,17.5108,20.0,933.1
42610,17.5108,20.0,933.1
42611,17.5108,20.0,933.1
42612,17.5108,20.0,933.1
42613,17.5108,20.0,933.1
42614,17.5108,20.0,933.2
42615,17.5108,20.0,933.2
42616,17.5108,20.0,933.2
42617,17.5108,20.0,933.2
42618,17.5108,20.0,933.3
42619,17.5108,20.0,933.3
42620,17.5108,20.0,933.3
42621,17.4920,20.0,933.3
42622,17.4920,20.0,933.3
42623,17.4920,20.0,933.3
42624,17.4920,20.0,933.4
42625,17.4920,20.0,933.4
42626,17.4920,20.0,933.4
42627,17.4920,20.0,933.4
42628,17.4920,20.0,933.4
42629,17.4920,20.0,933.5
42630,17.4920,20.0,933.5
42631,17.4920,20.0,933.5
42632,17.4920,20.0,933.5
42633,17.4920,20.0,933.5
42634,17.4920,20.0,933.6
42635,17.4920,20.0,933.6
42636,17.4920,20.0,933.6
42637,17.4920,20.0,933.6
42638,17.4920,20.0,933.6
42639,17.4920,20.0,933.7
42640,17.4920,20.0,933.7
42641,17.4732,20.0,933.7
42642,17.4732,20.0,933.7
42643,17.4732,20.0,933.8
42644,17.4732,20.0,933.8
42645,17.4732,20.0,933.8
42646,17.4732,20.0,933.8
42647,17.4732,20.0,933.8
42648,17.4732,20.0,933.8
42649,17.4732,20.0,933.9
42650,17.4732,20.0,933.9
42651,17.4732,20.0,933.9
42652,17.4732,20.0,933.9
42653,17.4732,20.0,933.9
42654,17.4732,20.0,933.9
42655,17.4732,20.0,934.0
42656,17.4732,20.0,934.0
42657,17.4732,20.0,934.0
42658,17.4732,20.0,934.0
42659,17.4732,20.0,934.0
42660,17.4732,20.0,934.1
42661,17.4544,20.0,934.1
42662,17.4544,20.0,934.1
42663,17.4544,20.0,934.1
42664,17.4544,20.0,934.1
42665,17.4544,20.0,934.2
42666,17.4544,20.0,934.2
42667,17.4544,20.0,934.2
42668,17.4544,20.0,934.2
42669,17.4544,20.0,934.2
42670,17.4544,20.0,934.3
42671,17.4544,20.0,934.3
42672,17.4544,20.0,934.3
42673,17.4544,20.0,934.3
42674,17.4544,20.0,934.3
42675,17.4544,20.0,934.4
42676,17.4544,20.0,934.4
42677,17.4544,20.0,934.4
42678,17.4544,20.0,934.4
42679,17.4544,20.0,934.4
42680,17.4544,20.0,934.5
42681,17.4356,20.0,934.5
42682,17.4356,20.0,934.5
42683,17.4356,20.0,934.5
42684,17.4356,20.0,934.6
42685,17.4356,20.0,934.6
42686,17.4356,20.0,934.6
42687,17.4356,20.0,934.6
42688,17.4356,20.0,934.7
42689,17.4356,20.0,934.7
42690,17.4356,20.0,934.7
42691,17.4356,20.0,934.7
42692,17.4356,20.0,934.7
42693,17.4356,20.0,934.7
42694,17.4356,20.0,934.8
42695,17.4356,20.0,934.8
42696,17.4356,20.0,934.8
42697,17.4356,20.0,934.8
42698,17.4356,20.0,934.8
42699,17.4356,20.0,934.9
42700,17.4356,20.0,934.9
42701,17.4168,20.0,934.9
42702,17.4168,20.0,934.9
42703,17.4168,20.0,934.9
42704,17.4168,20.0,935.0
42705,17.4168,20.0,935.0
42706,17.4168,20.0,935.0
42707,17.4168,20.0,935.0
42708,17.4168,20.0,935.0
42709,17.4168,20.0,935.1
42710,17.4168,20.0,935.1
42711,17.4168,20.0,935.1
42712,17.4168,20.0,935.1
42713,17.4168,20.0,935.1
42714,17.4168,20.0,935.2
42715,17.4168,20.0,935.2
42716,17.4168,20.0,935.2
42717,17.4168,20.0,935.2
42718,17.4168,20.0,935.2
42719,17.4168,20.0,935.2
42720,17.4168,20.0,935.3
42721,17.3980,20.0,935.3
42722,17.3980,20.0,935.3
42723,17.3980,20.0,935.3
42724,17.3980,20.0,935.4
42725,17.3980,20.0,935.4
42726,17.3980,20.0,935.4
42727,17.3980,20.0,935.4
42728,17.3980,20.0,935.4
42729,17.3980,20.0,935.4
42730,17.3980,20.0,935.5
42731,17.3980,20.0,935.5
42732,17.3980,20.0,935.5
42733,17.3980,20.0,935.5
42734,17.3980,20.0,935.6
42735,17.3980,20.0,935.6
42736,17.3980,20.0,935.6
42737,17.3980,20.0,935.6
42738,17.3980,20.0,935.6
42739,17.3980,20.0,935.6
42740,17.3980,20.0,935.7
42741,17.3792,20.0,935.7
42742,17.3792,20.0,935.7
42743,17.3792,20.0,935.7
42744,17.3792,20.0,935.7
42745,17.3792,20.0,935.8
42746,17.3792,20.0,935.8
42747,17.3792,20.0,935.8
42748,17.3792,20.0,935.8
42749,17.3792,20.0,935.9
42750,17.3792,20.0,935.9
42751,17.3792,20.0,935.9
42752,17.3792,20.0,935.9
42753,17.3792,20.0,935.9
42754,17.3792,20.0,935.9
42755,17.3792,20.0,936.0
42756,17.3792,20.0,936.0
42757,17.3792,20.0,936.0
42758,17.3792,20.0,936.0
42759,17.3792,20.0,936.0
42760,17.3792,20.0,936.1
42761,17.3604,20.0,936.1
42762,17.3604,20.0,936.1
42763,17.3604,20.0,936.1
42764,17.3604,20.0,936.1
42765,17.3604,20.0,936.1
42766,17.3604,20.0,936.2
42767,17.3604,20.0,936.2
42768,17.3604,20.0,936.2
42769,17.3604,20.0,936.2
42770,17.3604,20.0,936.2
42771,17.3604,20.0,936.3
42772,17.3604,20.0,936.3
42773,17.3604,20.0,936.3
42774,17.3604,20.0,936.3
42775,17.3604,20.0,936.3
42776,17.3604,20.0,936.4
42777,17.3604,20.0,936.4
42778,17.3604,20.0,936.4
42779,17.3604,20.0,936.4
42780,17.3604,20.0,936.4
42781,17.3416,20.0,936.4
42782,17.3416,20.0,936.5
42783,17.3416,20.0,936.5
42784,17.3416,20.0,936.5
42785,17.3416,20.0,936.5
42786,17.3416,20.0,936.5
42787,17.3416,20.0,936.6
42788,17.3416,20.0,936.6
42789,17.3416,20.0,936.6
42790,17.3416,20.0,936.6
42791,17.3416,20.0,936.7
42792,17.3416,20.0,936.7
42793,17.3416,20.0,936.7
42794,17.3416,20.0,936.7
42795,17.3416,20.0,936.7
42796,17.3416,20.0,936.7
42797,17.3416,20.0,936.8
42798,17.3416,20.0,936.8
42799,17.3416,20.0,936.8
42800,17.3416,20.0,936.8
42801,17.3228,20.0,936.8
42802,17.3228,20.0,936.9
42803,17.3228,20.0,936.9
42804,17.3228,20.0,936.9
42805,17.3228,20.0,936.9
42806,17.3228,20.0,936.9
42807,17.3228,20.0,937.0
42808,17.3228,20.0,937.0
42809,17.3228,20.0,937.0
42810,17.3228,20.0,937.0
42811,17.3228,20.0,937.0
42812,17.3228,20.0,937.1
42813,17.3228,20.0,937.1
42814,17.3228,20.0,937.1
42815,17.3228,20.0,937.1
42816,17.3228,20.0,937.1
42817,17.3228,20.0,937.1
42818,17.3228,20.0,937.2
42819,17.3228,20.0,937.2
42820,17.3228,20.0,937.2
42821,17.3040,20.0,937.2
42822,17.3040,20.0,937.2
42823,17.3040,20.0,937.3
42824,17.3040,20.0,937.3
42825,17.3040,20.0,937.3
42826,17.3040,20.0,937.3
42827,17.3040,20.0,937.3
42828,17.3040,20.0,937.3
42829,17.3040,20.0,937.4
42830,17.3040,20.0,937.4
42831,17.3040,20.0,937.4
42832,17.3040,20.0,937.4
42833,17.3040,20.0,937.4
42834,17.3040,20.0,937.5
42835,17.3040,20.0,937.5
42836,17.3040,20.0,937.5
42837,17.3040,20.0,937.5
42838,17.3040,20.0,937.5
42839,17.3040,20.0,937.6
42840,17.3040,20.0,937.6
42841,17.2852,20.0,937.6
42842,17.2852,20.0,937.6
42843,17.2852,20.0,937.6
42844,17.2852,20.0,937.7
42845,17.2852,20.0,937.7
42846,17.2852,20.0,937.7
42847,17.2852,20.0,937.7
42848,17.2852,20.0,937.7
42849,17.2852,20.0,937.8
42850,17.2852,20.0,937.8
42851,17.2852,20.0,937.8
42852,17.2852,20.0,937.8
42853,17.2852,20.0,937.8
42854,17.2852,20.0,937.8
42855,17.2852,20.0,937.9
42856,17.2852,20.0,937.9
42857,17.2852,20.0,937.9
42858,17.2852,20.0,937.9
42859,17.2852,20.0,937.9
42860,17.2852,20.0,938.0
42861,17.2664,20.0,938.0
42862,17.2664,20.0,938.0
42863,17.2664,20.0,938.0
42864,17.2664,20.0,938.1
42865,17.2664,20.0,938.1
42866,17.2664,20.0,938.1
42867,17.2664,20.0,938.1
42868,17.2664,20.0,938.1
42869,17.2664,20.0,938.2
42870,17.2664,20.0,938.2
42871,17.2664,20.0,938.2
42872,17.2664,20.0,938.2
42873,17.2664,20.0,938.2
42874,17.2664,20.0,938.2
42875,17.2664,20.0,938.3
42876,17.2664,20.0,938.3
42877,17.2664,20.0,938.3
42878,17.2664,20.0,938.3
42879,17.2664,20.0,938.3
42880,17.2664,20.0,938.4
42881,17.2476,20.0,938.4
42882,17.2476,20.0,938.4
42883,17.2476,20.0,938.4
42884,17.2476,20.0,938.5
42885,17.2476,20.0,938.5
42886,17.2476,20.0,938.5
42887,17.2476,20.0,938.5
42888,17.2476,20.0,938.5
42889,17.2476,20.0,938.6
42890,17.2476,20.0,938.6
42891,17.2476,20.0,938.6
42892,17.2476,20.0,938.6
42893,17.2476,20.0,938.6
42894,17.2476,20.0,938.7
42895,17.2476,20.0,938.7
42896,17.2476,20.0,938.7
42897,17.2476,20.0,938.7
42898,17.2476,20.0,938.7
42899,17.2476,20.0,938.8
42900,17.2476,20.0,938.8
42901,17.2287,20.0,938.8
42902,17.2287,20.0,938.8
42903,17.2287,20.0,938.8
42904,17.2287,20.0,938.9
42905,17.2287,20.0,938.9
42906,17.2287,20.0,938.9
42907,17.2287,20.0,938.9
42908,17.2287,20.0,938.9
42909,17.2287,20.0,939.0
42910,17.2287,20.0,939.0
42911,17.2287,20.0,939.0
42912,17.2287,20.0,939.0
42913,17.2287,20.0,939.0
42914,17.2287,20.0,939.1
42915,17.2287,20.0,939.1
42916,17.2287,20.0,939.1
42917,17.2287,20.0,939.1
42918,17.2287,20.0,939.1
42919,17.2287,20.0,939.1
42920,17.2287,20.0,939.2
42921,17.2099,20.0,939.2
42922,17.2099,20.0,939.2
42923,17.2099,20.0,939.2
42924,17.2099,20.0,939.2
42925,17.2099,20.0,939.3
42926,17.2099,20.0,939.3
42927,17.2099,20.0,939.3
42928,17.2099,20.0,939.3
42929,17.2099,20.0,939.3
42930,17.2099,20.0,939.4
42931,17.2099,20.0,939.4
42932,17.2099,20.0,939.4
42933,17.2099,20.0,939.4
42934,17.2099,20.0,939.4
42935,17.2099,20.0,939.5
42936,17.2099,20.0,939.5
42937,17.2099,20.0,939.5
42938,17.2099,20.0,939.5
42939,17.2099,20.0,939.5
42940,17.2099,20.0,939.5
42941,17.1911,20.0,939.6
42942,17.1911,20.0,939.6
42943,17.1911,20.0,939.6
42944,17.1911,20.0,939.6
42945,17.1911,20.0,939.7
42946,17.1911,20.0,939.7
42947,17.1911,20.0,939.7
42948,17.1911,20.0,939.7
42949,17.1911,20.0,939.7
42950,17.1911,20.0,939.8
42951,17.1911,20.0,939.8
42952,17.1911,20.0,939.8
42953,17.1911,20.0,939.8
42954,17.1911,20.0,939.8
42955,17.1911,20.0,939.8
42956,17.1911,20.0,939.8
42957,17.1911,20.0,939.9
42958,17.1911,20.0,939.9
42959,17.1911,20.0,939.9
42960,17.1911,20.0,939.9
42961,17.1723,20.0,939.9
42962,17.1723,20.0,940.0
42963,17.1723,20.0,940.0
42964,17.1723,20.0,940.0
42965,17.1723,20.0,940.0
42966,17.1723,20.0,940.0
42967,17.1723,20.0,940.1
42968,17.1723,20.0,940.1
42969,17.1723,20.0,940.1
42970,17.1723,20.0,940.1
42971,17.1723,20.0,940.1
42972,17.1723,20.0,940.2
42973,17.1723,20.0,940.2
42974,17.1723,20.0,940.2
42975,17.1723,20.0,940.2
42976,17.1723,20.0,940.3
42977,17.1723,20.0,940.3
42978,17.1723,20.0,940.3
42979,17.1723,20.0,940.3
42980,17.1723,20.0,940.4
42981,17.1532,20.0,940.4
42982,17.1532,20.0,940.4
42983,17.1532,20.0,940.4
42984,17.1532,20.0,940.4
42985,17.1532,20.0,940.5
42986,17.1532,20.0,940.5
42987,17.1532,20.0,940.5
42988,17.1532,20.0,940.5
42989,17.1532,20.0,940.5
42990,17.1532,20.0,940.6
42991,17.1532,20.0,940.6
42992,17.1532,20.0,940.6
42993,17.1532,20.0,940.6
42994,17.1532,20.0,940.7
42995,17.1532,20.0,940.7
42996,17.1532,20.0,940.7
42997,17.1532,20.0,940.7
42998,17.1532,20.0,940.7
42999,17.1532,20.0,940.8
43000,17.1532,20.0,940.8
43001,17.1340,20.0,940.8
43002,17.1340,20.0,940.8
43003,17.1340,20.0,940.8
43004,17.1340,20.0,940.9
43005,17.1340,20.0,940.9
43006,17.1340,20.0,940.9
43007,17.1340,20.0,940.9
43008,17.1340,20.0,940.9
43009,17.1340,20.0,941.2
43010,17.1340,20.0,941.3
43011,17.1340,20.0,941.3
43012,17.1340,20.0,941.3
43013,17.1340,20.0,941.3
43014,17.1340,20.0,941.4
43015,17.1340,20.0,941.4
43016,17.1340,20.0,941.4
43017,17.1340,20.0,941.4
43018,17.1340,20.0,941.4
43019,17.1340,20.0,941.4
43020,17.1340,20.0,941.5
43021,17.1149,20.0,941.5
43022,17.1149,20.0,941.5
43023,17.1149,20.0,941.5
43024,17.1149,20.0,941.5
43025,17.1149,20.0,941.6
43026,17.1149,20.0,941.6
43027,17.1149,20.0,941.6
43028,17.1149,20.0,941.6
43029,17.1149,20.0,941.7
43030,17.1149,20.0,941.7
43031,17.1149,20.0,941.7
43032,17.1149,20.0,941.7
43033,17.1149,20.0,941.8
43034,17.1149,20.0,941.8
43035,17.1149,20.0,941.8
43036,17.1149,20.0,941.8
43037,17.1149,20.0,941.9
43038,17.1149,20.0,941.9
43039,17.1149,20.0,941.9
43040,17.1149,20.0,941.9
43041,17.0760,20.0,941.9
43042,17.0760,20.0,941.9
43043,17.0760,20.0,942.0
43044,17.0760,20.0,942.0
43045,17.0760,20.0,942.0
43046,17.0760,20.0,942.0
43047,17.0760,20.0,942.0
43048,17.0760,20.0,942.1
43049,17.0760,20.0,942.1
43050,17.0760,20.0,942.1
43051,17.0760,20.0,942.1
43052,17.0760,20.0,942.2
43053,17.0760,20.0,942.2
43054,17.0760,20.0,942.2
43055,17.0760,20.0,942.2
43056,17.0760,20.0,942.2
43057,17.0760,20.0,942.3
43058,17.0760,20.0,942.3
43059,17.0760,20.0,942.3
43060,17.0760,20.0,942.3
43061,17.0371,20.0,942.3
43062,17.0371,20.0,942.4
43063,17.0371,20.0,942.4
43064,17.0371,20.0,942.4
43065,17.0371,20.0,942.4
43066,17.0371,20.0,942.4
43067,17.0371,20.0,942.5
43068,17.0371,20.0,942.5
43069,17.0371,20.0,942.5
43070,17.0371,20.0,942.5
43071,17.0371,20.0,942.6
43072,17.0371,20.0,942.6
43073,17.0371,20.0,942.6
43074,17.0371,20.0,942.6
43075,17.0371,20.0,942.7
43076,17.0371,20.0,942.7
43077,17.0371,20.0,942.7
43078,17.0371,20.0,942.7
43079,17.0371,20.0,942.7
43080,17.0371,20.0,942.8
43081,16.9982,20.0,942.8
43082,16.9982,20.0,942.8
43083,16.9982,20.0,942.8
43084,16.9982,20.0,942.8
43085,16.9982,20.0,942.9
43086,16.9982,20.0,942.9
43087,16.9982,20.0,942.9
43088,16.9982,20.0,942.9
43089,16.9982,20.0,943.0
43090,16.9982,20.0,943.0
43091,16.9982,20.0,943.0
43092,16.9982,20.0,943.0
43093,16.9982,20.0,943.1
43094,16.9982,20.0,943.1
43095,16.9982,20.0,943.1
43096,16.9982,20.0,943.1
43097,16.9982,20.0,943.2
43098,16.9982,20.0,943.2
43099,16.9982,20.0,943.2
43100,16.9982,20.0,943.2
43101,16.9594,20.0,943.3
43102,16.9594,20.0,943.3
43103,16.9594,20.0,943.3
43104,16.9594,20.0,943.3
43105,16.9594,20.0,943.4
43106,16.9594,20.0,943.4
43107,16.9594,20.0,943.4
43108,16.9594,20.0,943.4
43109,16.9594,20.0,943.4
43110,16.9594,20.0,943.5
43111,16.9594,20.0,943.5
43112,16.9594,20.0,943.5
43113,16.9594,20.0,943.5
43114,16.9594,20.0,943.5
43115,16.9594,20.0,943.6
43116,16.9594,20.0,943.6
43117,16.9594,20.0,943.6
43118,16.9594,20.0,943.6
43119,16.9594,20.0,943.6
43120,16.9594,20.0,943.7
43121,16.9205,20.0,943.7
43122,16.9205,20.0,943.7
43123,16.9205,20.0,943.7
43124,16.9205,20.0,943.7
43125,16.9205,20.0,943.8
43126,16.9205,20.0,943.8
43127,16.9205,20.0,943.8
43128,16.9205,20.0,943.8
43129,16.9205,20.0,943.9
43130,16.9205,20.0,943.9
43131,16.9205,20.0,943.9
43132,16.9205,20.0,943.9
43133,16.9205,20.0,943.9
43134,16.9205,20.0,943.9
43135,16.9205,20.0,944.0
43136,16.9205,20.0,944.0
43137,16.9205,20.0,944.0
43138,16.9205,20.0,944.0
43139,16.9205,20.0,944.0
43140,16.9205,20.0,944.1
43141,16.8816,20.0,944.1
43142,16.8816,20.0,944.1
43143,16.8816,20.0,944.1
43144,16.8816,20.0,944.1
43145,16.8816,20.0,944.2
43146,16.8816,20.0,944.3
43147,16.8816,20.0,944.4
43148,16.8816,20.0,944.4
43149,16.8816,20.0,944.4
43150,16.8816,20.0,944.4
43151,16.8816,20.0,944.5
43152,16.8816,20.0,944.5
43153,16.8816,20.0,944.5
43154,16.8816,20.0,944.5
43155,16.8816,20.0,944.6
43156,16.8816,20.0,944.6
43157,16.8816,20.0,944.6
43158,16.8816,20.0,944.6
43159,16.8816,20.0,944.7
43160,16.8816,20.0,944.7
43161,16.8428,20.0,944.7
43162,16.8428,20.0,944.7
43163,16.8428,20.0,944.8
43164,16.8428,20.0,944.8
43165,16.8428,20.0,944.8
43166,16.8428,20.0,944.9
43167,16.8428,20.0,944.9
43168,16.8428,20.0,944.9
43169,16.8428,20.0,944.9
43170,16.8428,20.0,945.0
43171,16.8428,20.0,945.0
43172,16.8428,20.0,945.0
43173,16.8428,20.0,945.0
43174,16.8428,20.0,945.1
43175,16.8428,20.0,945.1
43176,16.8428,20.0,945.1
43177,16.8428,20.0,945.1
43178,16.8428,20.0,945.2
43179,16.8428,20.0,945.2
43180,16.8428,20.0,945.2
43181,16.8039,20.0,945.2
43182,16.8039,20.0,945.3
43183,16.8039,20.0,945.3
43184,16.8039,20.0,945.3
43185,16.8039,20.0,945.3
43186,16.8039,20.0,945.4
43187,16.8039,20.0,945.4
43188,16.8039,20.0,945.4
43189,16.8039,20.0,945.4
43190,16.8039,20.0,945.4
43191,16.8039,20.0,945.5
43192,16.8039,20.0,945.5
43193,16.8039,20.0,945.5
43194,16.8039,20.0,945.5
43195,16.8039,20.0,945.6
43196,16.8039,20.0,945.6
43197,16.8039,20.0,945.6
43198,16.8039,20.0,945.6
43199,16.8039,20.0,945.7
43200,16.8039,20.0,945.7
43201,16.7650,20.0,945.7
43202,16.7650,20.0,945.7
43203,16.7650,20.0,945.7
43204,16.7650,20.0,945.8
43205,16.7650,20.0,945.8
43206,16.7650,20.0,945.8
43207,16.7650,20.0,945.8
43208,16.7650,20.0,945.8
43209,16.7650,20.0,945.9
43210,16.7650,20.0,945.9
43211,16.7650,20.0,945.9
43212,16.7650,20.0,945.9
43213,16.7650,20.0,946.0
43214,16.7650,20.0,946.0
43215,16.7650,20.0,946.0
43216,16.7650,20.0,946.0
43217,16.7650,20.0,946.1
43218,16.7650,20.0,946.1
43219,16.7650,20.0,946.1
43220,16.7650,20.0,946.1
43221,16.7261,20.0,946.1
43222,16.7261,20.0,946.2
43223,16.7261,20.0,946.2
43224,16.7261,20.0,946.2
43225,16.7261,20.0,946.2
43226,16.7261,20.0,946.3
43227,16.7261,20.0,946.3
43228,16.7261,20.0,946.3
43229,16.7261,20.0,946.4
43230,16.7261,20.0,946.4
43231,16.7261,20.0,946.4
43232,16.7261,20.0,946.5
43233,16.7261,20.0,946.5
43234,16.7261,20.0,946.5
43235,16.7261,20.0,946.5
43236,16.7261,20.0,946.6
43237,16.7261,20.0,946.6
43238,16.7261,20.0,946.6
43239,16.7261,20.0,946.6
43240,16.7261,20.0,946.7
43241,16.6873,20.0,946.7
43242,16.6873,20.0,946.7
43243,16.6873,20.0,946.7
43244,16.6873,20.0,946.7
43245,16.6873,20.0,946.8
43246,16.6873,20.0,946.8
43247,16.6873,20.0,946.8
43248,16.6873,20.0,946.8
43249,16.6873,20.0,946.9
43250,16.6873,20.0,946.9
43251,16.6873,20.0,946.9
43252,16.6873,20.0,946.9
43253,16.6873,20.0,947.0
43254,16.6873,20.0,947.0
43255,16.6873,20.0,947.0
43256,16.6873,20.0,947.0
43257,16.6873,20.0,947.1
43258,16.6873,20.0,947.1
43259,16.6873,20.0,947.1
43260,16.6873,20.0,947.1
43261,16.6484,20.0,947.2
43262,16.6484,20.0,947.2
43263,16.6484,20.0,947.2
43264,16.6484,20.0,947.2
43265,16.6484,20.0,947.3
43266,16.6484,20.0,947.3
43267,16.6484,20.0,947.3
43268,16.6484,20.0,947.3
43269,16.6484,20.0,947.3
43270,16.6484,20.0,947.4
43271,16.6484,20.0,947.4
43272,16.6484,20.0,947.4
43273,16.6484,20.0,947.4
43274,16.6484,20.0,947.5
43275,16.6484,20.0,947.5
43276,16.6484,20.0,947.5
43277,16.6484,20.0,947.5
43278,16.6484,20.0,947.6
43279,16.6484,20.0,947.6
43280,16.6484,20.0,947.6
43281,16.6095,20.0,947.7
43282,16.6095,20.0,947.7
43283,16.6095,20.0,947.7
43284,16.6095,20.0,947.7
43285,16.6095,20.0,947.8
43286,16.6095,20.0,947.8
43287,16.6095,20.0,947.8
43288,16.6095,20.0,947.9
43289,16.6095,20.0,947.9
43290,16.6095,20.0,947.9
43291,16.6095,20.0,947.9
43292,16.6095,20.0,947.9
43293,16.6095,20.0,948.0
43294,16.6095,20.0,948.0
43295,16.6095,20.0,948.0
43296,16.6095,20.0,948.1
43297,16.6095,20.0,948.1
43298,16.6095,20.0,948.1
43299,16.6095,20.0,948.1
43300,16.6095,20.0,948.2
43301,16.5706,20.0,948.2
43302,16.5706,20.0,948.2
43303,16.5706,20.0,948.2
43304,16.5706,20.0,948.3
43305,16.5706,20.0,948.3
43306,16.5706,20.0,948.3
43307,16.5706,20.0,948.3
43308,16.5706,20.0,948.4
43309,16.5706,20.0,948.4
43310,16.5706,20.0,948.4
43311,16.5706,20.0,948.4
43312,16.5706,20.0,948.5
43313,16.5706,20.0,948.5
43314,16.5706,20.0,948.5
43315,16.5706,20.0,948.5
43316,16.5706,20.0,948.6
43317,16.5706,20.0,948.6
43318,16.5706,20.0,948.6
43319,16.5706,20.0,948.6
43320,16.5706,20.0,948.7
43321,16.5318,20.0,948.7
43322,16.5318,20.0,948.8
43323,16.5318,20.0,948.8
43324,16.5318,20.0,948.9
43325,16.5318,20.0,949.1
43326,16.5318,20.0,949.2
43327,16.5318,20.0,949.2
43328,16.5318,20.0,949.2
43329,16.5318,20.0,949.3
43330,16.5318,20.0,949.3
43331,16.5318,20.0,949.3
43332,16.5318,20.0,949.3
43333,16.5318,20.0,949.4
43334,16.5318,20.0,949.4
43335,16.5318,20.0,949.5
43336,16.5318,20.0,949.5
43337,16.5318,20.0,949.5
43338,16.5318,20.0,949.6
43339,16.5318,20.0,949.6
43340,16.5318,20.0,949.7
43341,16.4929,20.0,949.7
43342,16.4929,20.0,949.7
43343,16.4929,20.0,949.7
43344,16.4929,20.0,949.8
43345,16.4929,20.0,949.8
43346,16.4929,20.0,949.9
43347,16.4929,20.0,949.9
43348,16.4929,20.0,949.9
43349,16.4929,20.0,950.0
43350,16.4929,20.0,950.0
43351,16.4929,20.0,950.0
43352,16.4929,20.0,950.0
43353,16.4929,20.0,950.1
43354,16.4929,20.0,950.1
43355,16.4929,20.0,950.1
43356,16.4929,20.0,950.2
43357,16.4929,20.0,950.2
43358,16.4929,20.0,950.2
43359,16.4929,20.0,950.2
43360,16.4929,20.0,950.3
43361,16.4540,20.0,950.3
43362,16.4540,20.0,950.3
43363,16.4540,20.0,950.3
43364,16.4540,20.0,950.3
43365,16.4540,20.0,950.4
43366,16.4540,20.0,950.4
43367,16.4540,20.0,950.4
43368,16.4540,20.0,950.4
43369,16.4540,20.0,950.4
43370,16.4540,20.0,950.5
43371,16.4540,20.0,950.5
43372,16.4540,20.0,950.5
43373,16.4540,20.0,950.5
43374,16.4540,20.0,950.6
43375,16.4540,20.0,950.6
43376,16.4540,20.0,950.6
43377,16.4540,20.0,950.6
43378,16.4540,20.0,950.7
43379,16.4540,20.0,950.7
43380,16.4540,20.0,950.7
43381,16.4152,20.0,950.7
43382,16.4152,20.0,950.7
43383,16.4152,20.0,950.8
43384,16.4152,20.0,950.8
43385,16.4152,20.0,950.8
43386,16.4152,20.0,950.8
43387,16.4152,20.0,950.9
43388,16.4152,20.0,950.9
43389,16.4152,20.0,950.9
43390,16.4152,20.0,950.9
43391,16.4152,20.0,950.9
43392,16.4152,20.0,951.0
43393,16.4152,20.0,951.0
43394,16.4152,20.0,951.0
43395,16.4152,20.0,951.0
43396,16.4152,20.0,951.0
43397,16.4152,20.0,951.1
43398,16.4152,20.0,951.1
43399,16.4152,20.0,951.1
43400,16.4152,20.0,951.1
43401,16.3763,20.0,951.1
43402,16.3763,20.0,951.2
43403,16.3763,20.0,951.2
43404,16.3763,20.0,951.2
43405,16.3763,20.0,951.2
43406,16.3763,20.0,951.2
43407,16.3763,20.0,951.3
43408,16.3763,20.0,951.3
43409,16.3763,20.0,951.3
43410,16.3763,20.0,951.3
43411,16.3763,20.0,951.4
43412,16.3763,20.0,951.4
43413,16.3763,20.0,951.4
43414,16.3763,20.0,951.4
43415,16.3763,20.0,951.4
43416,16.3763,20.0,951.5
43417,16.3763,20.0,951.5
43418,16.3763,20.0,951.5
43419,16.3763,20.0,951.5
43420,16.3763,20.0,951.6
43421,16.3374,20.0,951.6
43422,16.3374,20.0,951.6
43423,16.3374,20.0,951.6
43424,16.3374,20.0,951.6
43425,16.3374,20.0,951.7
43426,16.3374,20.0,951.7
43427,16.3374,20.0,951.7
43428,16.3374,20.0,951.7
43429,16.3374,20.0,951.8
43430,16.3374,20.0,951.8
43431,16.3374,20.0,951.8
43432,16.3374,20.0,951.8
43433,16.3374,20.0,951.8
43434,16.3374,20.0,951.9
43435,16.3374,20.0,951.9
43436,16.3374,20.0,951.9
43437,16.3374,20.0,952.0
43438,16.3374,20.0,952.0
43439,16.3374,20.0,952.0
43440,16.3374,20.0,952.0
43441,16.2985,20.0,952.1
43442,16.2985,20.0,952.1
43443,16.2985,20.0,952.1
43444,16.2985,20.0,952.2
43445,16.2985,20.0,952.2
43446,16.2985,20.0,952.2
43447,16.2985,20.0,952.2
43448,16.2985,20.0,952.2
43449,16.2985,20.0,952.3
43450,16.2985,20.0,952.3
43451,16.2985,20.0,952.3
43452,16.2985,20.0,952.3
43453,16.2985,20.0,952.3
43454,16.2985,20.0,952.4
43455,16.2985,20.0,952.4
43456,16.2985,20.0,952.4
43457,16.2985,20.0,952.4
43458,16.2985,20.0,952.4
43459,16.2985,20.0,952.5
43460,16.2985,20.0,952.5
43461,16.2597,20.0,952.5
43462,16.2597,20.0,952.5
43463,16.2597,20.0,952.6
43464,16.2597,20.0,952.6
43465,16.2597,20.0,952.6
43466,16.2597,20.0,952.6
43467,16.2597,20.0,952.7
43468,16.2597,20.0,952.7
43469,16.2597,20.0,952.7
43470,16.2597,20.0,952.7
43471,16.2597,20.0,952.7
43472,16.2597,20.0,952.8
43473,16.2597,20.0,952.8
43474,16.2597,20.0,952.8
43475,16.2597,20.0,952.8
43476,16.2597,20.0,952.9
43477,16.2597,20.0,952.9
43478,16.2597,20.0,952.9
43479,16.2597,20.0,952.9
43480,16.2597,20.0,952.9
43481,16.2209,20.0,953.0
43482,16.2209,20.0,953.0
43483,16.2209,20.0,953.0
43484,16.2209,20.0,953.0
43485,16.2209,20.0,953.1
43486,16.2209,20.0,953.1
43487,16.2209,20.0,953.1
43488,16.2209,20.0,953.1
43489,16.2209,20.0,953.1
43490,16.2209,20.0,953.2
43491,16.2209,20.0,953.2
43492,16.2209,20.0,953.2
43493,16.2209,20.0,953.2
43494,16.2209,20.0,953.3
43495,16.2209,20.0,953.3
43496,16.2209,20.0,953.3
43497,16.2209,20.0,953.3
43498,16.2209,20.0,953.3
43499,16.2209,20.0,953.4
43500,16.2209,20.0,953.4
43501,16.1822,20.0,953.4
43502,16.1822,20.0,953.4
43503,16.1822,20.0,953.4
43504,16.1822,20.0,953.5
43505,16.1822,20.0,953.5
43506,16.1822,20.0,953.5
43507,16.1822,20.0,953.5
43508,16.1822,20.0,953.6
43509,16.1822,20.0,953.6
43510,16.1822,20.0,953.6
43511,16.1822,20.0,953.7
43512,16.1822,20.0,953.7
43513,16.1822,20.0,953.7
43514,16.1822,20.0,953.7
43515,16.1822,20.0,953.8
43516,16.1822,20.0,953.8
43517,16.1822,20.0,953.8
43518,16.1822,20.0,953.8
43519,16.1822,20.0,953.8
43520,16.1822,20.0,953.9
43521,16.1435,20.0,954.2
43522,16.1435,20.0,954.3
43523,16.1435,20.0,954.3
43524,16.1435,20.0,954.3
43525,16.1435,20.0,954.3
43526,16.1435,20.0,954.3
43527,16.1435,20.0,954.4
43528,16.1435,20.0,954.4
43529,16.1435,20.0,954.4
43530,16.1435,20.0,954.4
43531,16.1435,20.0,954.5
43532,16.1435,20.0,954.5
43533,16.1435,20.0,954.5
43534,16.1435,20.0,954.5
43535,16.1435,20.0,954.5
43536,16.1435,20.0,954.6
43537,16.1435,20.0,954.6
43538,16.1435,20.0,954.6
43539,16.1435,20.0,954.6
43540,16.1435,20.0,954.7
43541,16.1048,20.0,954.7
43542,16.1048,20.0,954.7
43543,16.1048,20.0,954.7
43544,16.1048,20.0,954.7
43545,16.1048,20.0,954.7
43546,16.1048,20.0,954.8
43547,16.1048,20.0,954.8
43548,16.1048,20.0,954.8
43549,16.1048,20.0,954.8
43550,16.1048,20.0,954.8
43551,16.1048,20.0,954.9
43552,16.1048,20.0,954.9
43553,16.1048,20.0,954.9
43554,16.1048,20.0,954.9
43555,16.1048,20.0,954.9
43556,16.1048,20.0,955.0
43557,16.1048,20.0,955.0
43558,16.1048,20.0,955.0
43559,16.1048,20.0,955.0
43560,16.1048,20.0,955.1
43561,16.0661,20.0,955.1
43562,16.0661,20.0,955.1
43563,16.0661,20.0,955.1
43564,16.0661,20.0,955.1
43565,16.0661,20.0,955.2
43566,16.0661,20.0,955.2
43567,16.0661,20.0,955.2
43568,16.0661,20.0,955.2
43569,16.0661,20.0,955.2
43570,16.0661,20.0,955.3
43571,16.0661,20.0,955.3
43572,16.0661,20.0,955.3
43573,16.0661,20.0,955.3
43574,16.0661,20.0,955.3
43575,16.0661,20.0,955.3
43576,16.0661,20.0,955.4
43577,16.0661,20.0,955.4
43578,16.0661,20.0,955.4
43579,16.0661,20.0,955.4
43580,16.0661,20.0,955.4
43581,16.0273,20.0,955.5
43582,16.0273,20.0,955.5
43583,16.0273,20.0,955.5
43584,16.0273,20.0,955.5
43585,16.0273,20.0,955.6
43586,16.0273,20.0,955.6
43587,16.0273,20.0,955.6
43588,16.0273,20.0,955.6
43589,16.0273,20.0,955.6
43590,16.0273,20.0,955.6
43591,16.0273,20.0,955.7
43592,16.0273,20.0,955.7
43593,16.0273,20.0,955.7
43594,16.0273,20.0,955.7
43595,16.0273,20.0,955.7
43596,16.0273,20.0,955.8
43597,16.0273,20.0,955.8
43598,16.0273,20.0,955.8
43599,16.0273,20.0,955.8
43600,16.0273,20.0,955.9
43601,15.9886,20.0,955.9
43602,15.9886,20.0,955.9
43603,15.9886,20.0,955.9
43604,15.9886,20.0,955.9
43605,15.9886,20.0,956.0
43606,15.9886,20.0,956.0
43607,15.9886,20.0,956.0
43608,15.9886,20.0,956.0
43609,15.9886,20.0,956.1
43610,15.9886,20.0,956.1
43611,15.9886,20.0,956.1
43612,15.9886,20.0,956.1
43613,15.9886,20.0,956.1
43614,15.9886,20.0,956.2
43615,15.9886,20.0,956.2
43616,15.9886,20.0,956.2
43617,15.9886,20.0,956.2
43618,15.9886,20.0,956.3
43619,15.9886,20.0,956.3
43620,15.9886,20.0,956.3
43621,15.9499,20.0,956.3
43622,15.9499,20.0,956.3
43623,15.9499,20.0,956.4
43624,15.9499,20.0,956.4
43625,15.9499,20.0,956.4
43626,15.9499,20.0,956.4
43627,15.9499,20.0,956.4
43628,15.9499,20.0,956.5
43629,15.9499,20.0,956.5
43630,15.9499,20.0,956.5
43631,15.9499,20.0,956.5
43632,15.9499,20.0,956.5
43633,15.9499,20.0,956.6
43634,15.9499,20.0,956.6
43635,15.9499,20.0,956.6
43636,15.9499,20.0,956.6
43637,15.9499,20.0,956.7
43638,15.9499,20.0,956.7
43639,15.9499,20.0,956.7
43640,15.9499,20.0,956.7
43641,15.9112,20.0,956.7
43642,15.9112,20.0,956.7
43643,15.9112,20.0,956.8
43644,15.9112,20.0,956.8
43645,15.9112,20.0,956.8
43646,15.9112,20.0,956.8
43647,15.9112,20.0,956.9
43648,15.9112,20.0,956.9
43649,15.9112,20.0,956.9
43650,15.9112,20.0,956.9
43651,15.9112,20.0,956.9
43652,15.9112,20.0,957.0
43653,15.9112,20.0,957.0
43654,15.9112,20.0,957.0
43655,15.9112,20.0,957.0
43656,15.9112,20.0,957.0
43657,15.9112,20.0,957.1
43658,15.9112,20.0,957.1
43659,15.9112,20.0,957.1
43660,15.9112,20.0,957.1
43661,15.8724,20.0,957.1
43662,15.8724,20.0,957.1
43663,15.8724,20.0,957.2
43664,15.8724,20.0,957.2
43665,15.8724,20.0,957.2
43666,15.8724,20.0,957.3
43667,15.8724,20.0,957.3
43668,15.8724,20.0,957.3
43669,15.8724,20.0,957.4
43670,15.8724,20.0,957.4
43671,15.8724,20.0,957.4
43672,15.8724,20.0,957.4
43673,15.8724,20.0,957.5
43674,15.8724,20.0,957.5
43675,15.8724,20.0,957.5
43676,15.8724,20.0,957.5
43677,15.8724,20.0,957.5
43678,15.8724,20.0,957.6
43679,15.8724,20.0,957.6
43680,15.8724,20.0,957.6
43681,15.8337,20.0,957.6
43682,15.8337,20.0,957.7
43683,15.8337,20.0,957.7
43684,15.8337,20.0,957.7
43685,15.8337,20.0,957.7
43686,15.8337,20.0,957.7
43687,15.8337,20.0,957.8
43688,15.8337,20.0,957.8
43689,15.8337,20.0,957.8
43690,15.8337,20.0,957.8
43691,15.8337,20.0,957.8
43692,15.8337,20.0,957.9
43693,15.8337,20.0,957.9
43694,15.8337,20.0,957.9
43695,15.8337,20.0,957.9
43696,15.8337,20.0,957.9
43697,15.8337,20.0,958.0
43698,15.8337,20.0,958.0
43699,15.8337,20.0,958.1
43700,15.8337,20.0,958.1
43701,15.7950,20.0,958.1
43702,15.7950,20.0,958.2
43703,15.7950,20.0,958.2
43704,15.7950,20.0,958.2
43705,15.7950,20.0,958.2
43706,15.7950,20.0,958.2
43707,15.7950,20.0,958.3
43708,15.7950,20.0,958.3
43709,15.7950,20.0,958.3
43710,15.7950,20.0,958.3
43711,15.7950,20.0,958.3
43712,15.7950,20.0,958.4
43713,15.7950,20.0,958.4
43714,15.7950,20.0,958.4
43715,15.7950,20.0,958.4
43716,15.7950,20.0,958.4
43717,15.7950,20.0,958.4
43718,15.7950,20.0,958.5
43719,15.7950,20.0,958.5
43720,15.7950,20.0,958.5
43721,15.7563,20.0,958.5
43722,15.7563,20.0,958.5
43723,15.7563,20.0,958.6
43724,15.7563,20.0,958.6
43725,15.7563,20.0,958.6
43726,15.7563,20.0,958.6
43727,15.7563,20.0,958.6
43728,15.7563,20.0,958.7
43729,15.7563,20.0,958.7
43730,15.7563,20.0,958.7
43731,15.7563,20.0,958.7
43732,15.7563,20.0,958.7
43733,15.7563,20.0,958.8
43734,15.7563,20.0,958.8
43735,15.7563,20.0,958.8
43736,15.7563,20.0,958.8
43737,15.7563,20.0,958.8
43738,15.7563,20.0,958.9
43739,15.7563,20.0,958.9
43740,15.7563,20.0,958.9
43741,15.7176,20.0,958.9
43742,15.7176,20.0,958.9
43743,15.7176,20.0,959.0
43744,15.7176,20.0,959.0
43745,15.7176,20.0,959.0
43746,15.7176,20.0,959.0
43747,15.7176,20.0,959.0
43748,15.7176,20.0,959.0
43749,15.7176,20.0,959.1
43750,15.7176,20.0,959.1
43751,15.7176,20.0,959.1
43752,15.7176,20.0,959.1
43753,15.7176,20.0,959.2
43754,15.7176,20.0,959.2
43755,15.7176,20.0,959.2
43756,15.7176,20.0,959.2
43757,15.7176,20.0,959.2
43758,15.7176,20.0,959.3
43759,15.7176,20.0,959.3
43760,15.7176,20.0,959.3
43761,15.6788,20.0,959.3
43762,15.6788,20.0,959.3
43763,15.6788,20.0,959.4
43764,15.6788,20.0,959.4
43765,15.6788,20.0,959.4
43766,15.6788,20.0,959.4
43767,15.6788,20.0,959.4
43768,15.6788,20.0,959.5
43769,15.6788,20.0,959.5
43770,15.6788,20.0,959.5
43771,15.6788,20.0,959.5
43772,15.6788,20.0,959.5
43773,15.6788,20.0,959.6
43774,15.6788,20.0,959.6
43775,15.6788,20.0,959.6
43776,15.6788,20.0,959.6
43777,15.6788,20.0,959.7
43778,15.6788,20.0,959.7
43779,15.6788,20.0,959.7
43780,15.6788,20.0,959.7
43781,15.6401,20.0,959.7
43782,15.6401,20.0,959.8
43783,15.6401,20.0,959.8
43784,15.6401,20.0,959.8
43785,15.6401,20.0,959.8
43786,15.6401,20.0,959.9
43787,15.6401,20.0,959.9
43788,15.6401,20.0,959.9
43789,15.6401,20.0,959.9
43790,15.6401,20.0,959.9
43791,15.6401,20.0,960.0
43792,15.6401,20.0,960.0
43793,15.6401,20.0,960.0
43794,15.6401,20.0,960.0
43795,15.6401,20.0,960.0
43796,15.6401,20.0,960.1
43797,15.6401,20.0,960.1
43798,15.6401,20.0,960.1
43799,15.6401,20.0,960.1
43800,15.6401,20.0,960.1
43801,15.6014,20.0,960.2
43802,15.6014,20.0,960.2
43803,15.6014,20.0,960.2
43804,15.6014,20.0,960.2
43805,15.6014,20.0,960.2
43806,15.6014,20.0,960.3
43807,15.6014,20.0,960.3
43808,15.6014,20.0,960.3
43809,15.6014,20.0,960.3
43810,15.6014,20.0,960.4
43811,15.6014,20.0,960.4
43812,15.6014,20.0,960.4
43813,15.6014,20.0,960.4
43814,15.6014,20.0,960.4
43815,15.6014,20.0,960.5
43816,15.6014,20.0,960.5
43817,15.6014,20.0,960.5
43818,15.6014,20.0,960.6
43819,15.6014,20.0,960.6
43820,15.6014,20.0,960.7
43821,15.5627,20.0,960.7
43822,15.5627,20.0,960.7
43823,15.5627,20.0,960.8
43824,15.5627,20.0,960.8
43825,15.5627,20.0,960.8
43826,15.5627,20.0,960.9
43827,15.5627,20.0,960.9
43828,15.5627,20.0,960.9
43829,15.5627,20.0,961.0
43830,15.5627,20.0,961.0
43831,15.5627,20.0,961.0
43832,15.5627,20.0,961.1
43833,15.5627,20.0,961.1
43834,15.5627,20.0,961.1
43835,15.5627,20.0,961.1
43836,15.5627,20.0,961.2
43837,15.5627,20.0,961.2
43838,15.5627,20.0,961.2
43839,15.5627,20.0,961.2
43840,15.5627,20.0,961.3
43841,15.5240,20.0,961.3
43842,15.5240,20.0,961.3
43843,15.5240,20.0,961.3
43844,15.5240,20.0,961.4
43845,15.5240,20.0,961.4
43846,15.5240,20.0,961.4
43847,15.5240,20.0,961.4
43848,15.5240,20.0,961.5
43849,15.5240,20.0,961.5
43850,15.5240,20.0,961.5
43851,15.5240,20.0,961.5
43852,15.5240,20.0,961.6
43853,15.5240,20.0,961.6
43854,15.5240,20.0,961.6
43855,15.5240,20.0,961.6
43856,15.5240,20.0,961.7
43857,15.5240,20.0,961.7
43858,15.5240,20.0,961.7
43859,15.5240,20.0,961.7
43860,15.5240,20.0,961.8
43861,15.4852,20.0,961.8
43862,15.4852,20.0,961.8
43863,15.4852,20.0,961.8
43864,15.4852,20.0,961.8
43865,15.4852,20.0,961.9
43866,15.4852,20.0,961.9
43867,15.4852,20.0,961.9
43868,15.4852,20.0,961.9
43869,15.4852,20.0,962.0
43870,15.4852,20.0,962.0
43871,15.4852,20.0,962.0
43872,15.4852,20.0,962.0
43873,15.4852,20.0,962.1
43874,15.4852,20.0,962.1
43875,15.4852,20.0,962.1
43876,15.4852,20.0,962.1
43877,15.4852,20.0,962.1
43878,15.4852,20.0,962.2
43879,15.4852,20.0,962.2
43880,15.4852,20.0,962.2
43881,15.4465,20.0,962.2
43882,15.4465,20.0,962.3
43883,15.4465,20.0,962.3
43884,15.4465,20.0,962.3
43885,15.4465,20.0,962.3
43886,15.4465,20.0,962.3
43887,15.4465,20.0,962.4
43888,15.4465,20.0,962.4
43889,15.4465,20.0,962.4
43890,15.4465,20.0,962.4
43891,15.4465,20.0,962.4
43892,15.4465,20.0,962.5
43893,15.4465,20.0,962.5
43894,15.4465,20.0,962.5
43895,15.4465,20.0,962.5
43896,15.4465,20.0,962.6
43897,15.4465,20.0,962.6
43898,15.4465,20.0,962.6
43899,15.4465,20.0,962.6
43900,15.4465,20.0,962.7
43901,15.4078,20.0,962.7
43902,15.4078,20.0,962.7
43903,15.4078,20.0,962.7
43904,15.4078,20.0,962.7
43905,15.4078,20.0,962.8
43906,15.4078,20.0,962.8
43907,15.4078,20.0,962.8
43908,15.4078,20.0,962.8
43909,15.4078,20.0,962.8
43910,15.4078,20.0,962.9
43911,15.4078,20.0,962.9
43912,15.4078,20.0,962.9
43913,15.4078,20.0,962.9
43914,15.4078,20.0,963.0
43915,15.4078,20.0,963.0
43916,15.4078,20.0,963.0
43917,15.4078,20.0,963.0
43918,15.4078,20.0,963.1
43919,15.4078,20.0,963.1
43920,15.4078,20.0,963.1
43921,15.3691,20.0,963.1
43922,15.3691,20.0,963.1
43923,15.3691,20.0,963.2
43924,15.3691,20.0,963.2
43925,15.3691,20.0,963.2
43926,15.3691,20.0,963.2
43927,15.3691,20.0,963.3
43928,15.3691,20.0,963.3
43929,15.3691,20.0,963.3
43930,15.3691,20.0,963.3
43931,15.3691,20.0,963.3
43932,15.3691,20.0,963.4
43933,15.3691,20.0,963.4
43934,15.3691,20.0,963.4
43935,15.3691,20.0,963.4
43936,15.3691,20.0,963.4
43937,15.3691,20.0,963.5
43938,15.3691,20.0,963.5
43939,15.3691,20.0,963.5
43940,15.3691,20.0,963.5
43941,15.3303,20.0,963.6
43942,15.3303,20.0,963.6
43943,15.3303,20.0,963.6
43944,15.3303,20.0,963.6
43945,15.3303,20.0,963.6
43946,15.3303,20.0,963.7
43947,15.3303,20.0,963.7
43948,15.3303,20.0,963.7
43949,15.3303,20.0,963.7
43950,15.3303,20.0,963.8
43951,15.3303,20.0,963.8
43952,15.3303,20.0,963.8
43953,15.3303,20.0,963.8
43954,15.3303,20.0,963.9
43955,15.3303,20.0,963.9
43956,15.3303,20.0,963.9
43957,15.3303,20.0,963.9
43958,15.3303,20.0,964.0
43959,15.3303,20.0,964.0
43960,15.3303,20.0,964.0
43961,15.2916,20.0,964.0
43962,15.2916,20.0,964.1
43963,15.2916,20.0,964.1
43964,15.2916,20.0,964.1
43965,15.2916,20.0,964.1
43966,15.2916,20.0,964.1
43967,15.2916,20.0,964.2
43968,15.2916,20.0,964.2
43969,15.2916,20.0,964.2
43970,15.2916,20.0,964.2
43971,15.2916,20.0,964.2
43972,15.2916,20.0,964.3
43973,15.2916,20.0,964.3
43974,15.2916,20.0,964.3
43975,15.2916,20.0,964.3
43976,15.2916,20.0,964.3
43977,15.2916,20.0,964.3
43978,15.2916,20.0,964.4
43979,15.2916,20.0,964.4
43980,15.2916,20.0,964.4
43981,15.2529,20.0,964.4
43982,15.2529,20.0,964.4
43983,15.2529,20.0,964.5
43984,15.2529,20.0,964.5
43985,15.2529,20.0,964.5
43986,15.2529,20.0,964.5
43987,15.2529,20.0,964.5
43988,15.2529,20.0,964.6
43989,15.2529,20.0,964.6
43990,15.2529,20.0,964.6
43991,15.2529,20.0,964.6
43992,15.2529,20.0,964.7
43993,15.2529,20.0,964.7
43994,15.2529,20.0,964.7
43995,15.2529,20.0,964.7
43996,15.2529,20.0,964.8
43997,15.2529,20.0,964.8
43998,15.2529,20.0,964.8
43999,15.2529,20.0,964.8
44000,15.2529,20.0,964.8
44001,15.2339,20.0,964.9
44002,15.2339,20.0,964.9
44003,15.2339,20.0,964.9
44004,15.2339,20.0,964.9
44005,15.2339,20.0,965.0
44006,15.2339,20.0,965.0
44007,15.2339,20.0,965.0
44008,15.2339,20.0,965.0
44009,15.2339,20.0,965.0
44010,15.2339,20.0,965.1
44011,15.2339,20.0,965.1
44012,15.2339,20.0,965.1
44013,15.2339,20.0,965.1
44014,15.2339,20.0,965.1
44015,15.2339,20.0,965.1
44016,15.2339,20.0,965.2
44017,15.2339,20.0,965.2
44018,15.2339,20.0,965.2
44019,15.2339,20.0,965.2
44020,15.2339,20.0,965.2
44021,15.2150,20.0,965.3
44022,15.2150,20.0,965.3
44023,15.2150,20.0,965.3
44024,15.2150,20.0,965.3
44025,15.2150,20.0,965.4
44026,15.2150,20.0,965.4
44027,15.2150,20.0,965.4
44028,15.2150,20.0,965.4
44029,15.2150,20.0,965.5
44030,15.2150,20.0,965.5
44031,15.2150,20.0,965.5
44032,15.2150,20.0,965.6
44033,15.2150,20.0,966.0
44034,15.2150,20.0,966.0
44035,15.2150,20.0,966.0
44036,15.2150,20.0,966.1
44037,15.2150,20.0,966.1
44038,15.2150,20.0,966.1
44039,15.2150,20.0,966.1
44040,15.2150,20.0,966.1
44041,15.1960,20.0,966.2
44042,15.1960,20.0,966.2
44043,15.1960,20.0,966.2
44044,15.1960,20.0,966.2
44045,15.1960,20.0,966.3
44046,15.1960,20.0,966.3
44047,15.1960,20.0,966.3
44048,15.1960,20.0,966.3
44049,15.1960,20.0,966.4
44050,15.1960,20.0,966.4
44051,15.1960,20.0,966.4
44052,15.1960,20.0,966.4
44053,15.1960,20.0,966.5
44054,15.1960,20.0,966.5
44055,15.1960,20.0,966.5
44056,15.1960,20.0,966.5
44057,15.1960,20.0,966.5
44058,15.1960,20.0,966.6
44059,15.1960,20.0,966.6
44060,15.1960,20.0,966.6
44061,15.1769,20.0,966.6
44062,15.1769,20.0,966.7
44063,15.1769,20.0,966.7
44064,15.1769,20.0,966.7
44065,15.1769,20.0,966.7
44066,15.1769,20.0,966.7
44067,15.1769,20.0,966.8
44068,15.1769,20.0,966.8
44069,15.1769,20.0,966.8
44070,15.1769,20.0,966.8
44071,15.1769,20.0,966.8
44072,15.1769,20.0,966.9
44073,15.1769,20.0,966.9
44074,15.1769,20.0,966.9
44075,15.1769,20.0,966.9
44076,15.1769,20.0,967.0
44077,15.1769,20.0,967.0
44078,15.1769,20.0,967.0
44079,15.1769,20.0,967.0
44080,15.1769,20.0,967.0
44081,15.1578,20.0,967.1
44082,15.1578,20.0,967.1
44083,15.1578,20.0,967.1
44084,15.1578,20.0,967.1
44085,15.1578,20.0,967.2
44086,15.1578,20.0,967.2
44087,15.1578,20.0,967.2
44088,15.1578,20.0,967.2
44089,15.1578,20.0,967.2
44090,15.1578,20.0,967.3
44091,15.1578,20.0,967.3
44092,15.1578,20.0,967.3
44093,15.1578,20.0,967.3
44094,15.1578,20.0,967.4
44095,15.1578,20.0,967.4
44096,15.1578,20.0,967.4
44097,15.1578,20.0,967.4
44098,15.1578,20.0,967.4
44099,15.1578,20.0,967.5
44100,15.1578,20.0,967.5
44101,15.1387,20.0,967.5
44102,15.1387,20.0,967.5
44103,15.1387,20.0,967.6
44104,15.1387,20.0,967.6
44105,15.1387,20.0,967.6
44106,15.1387,20.0,967.6
44107,15.1387,20.0,967.6
44108,15.1387,20.0,967.7
44109,15.1387,20.0,967.7
44110,15.1387,20.0,967.7
44111,15.1387,20.0,967.7
44112,15.1387,20.0,967.7
44113,15.1387,20.0,967.8
44114,15.1387,20.0,967.8
44115,15.1387,20.0,967.8
44116,15.1387,20.0,967.8
44117,15.1387,20.0,967.9
44118,15.1387,20.0,967.9
44119,15.1387,20.0,967.9
44120,15.1387,20.0,967.9
44121,15.1196,20.0,968.0
44122,15.1196,20.0,968.0
44123,15.1196,20.0,968.0
44124,15.1196,20.0,968.0
44125,15.1196,20.0,968.0
44126,15.1196,20.0,968.1
44127,15.1196,20.0,968.1
44128,15.1196,20.0,968.1
44129,15.1196,20.0,968.1
44130,15.1196,20.0,968.2
44131,15.1196,20.0,968.2
44132,15.1196,20.0,968.2
44133,15.1196,20.0,968.2
44134,15.1196,20.0,968.2
44135,15.1196,20.0,968.3
44136,15.1196,20.0,968.3
44137,15.1196,20.0,968.3
44138,15.1196,20.0,968.3
44139,15.1196,20.0,968.3
44140,15.1196,20.0,968.4
44141,15.1005,20.0,968.4
44142,15.1005,20.0,968.4
44143,15.1005,20.0,968.4
44144,15.1005,20.0,968.5
44145,15.1005,20.0,968.5
44146,15.1005,20.0,968.5
44147,15.1005,20.0,968.5
44148,15.1005,20.0,968.5
44149,15.1005,20.0,968.6
44150,15.1005,20.0,968.6
44151,15.1005,20.0,968.6
44152,15.1005,20.0,968.6
44153,15.1005,20.0,968.7
44154,15.1005,20.0,968.7
44155,15.1005,20.0,968.7
44156,15.1005,20.0,968.7
44157,15.1005,20.0,968.7
44158,15.1005,20.0,968.7
44159,15.1005,20.0,968.8
44160,15.1005,20.0,968.8
44161,15.0814,20.0,968.8
44162,15.0814,20.0,968.8
44163,15.0814,20.0,968.8
44164,15.0814,20.0,968.9
44165,15.0814,20.0,968.9
44166,15.0814,20.0,968.9
44167,15.0814,20.0,968.9
44168,15.0814,20.0,969.0
44169,15.0814,20.0,969.0
44170,15.0814,20.0,969.0
44171,15.0814,20.0,969.0
44172,15.0814,20.0,969.1
44173,15.0814,20.0,969.1
44174,15.0814,20.0,969.1
44175,15.0814,20.0,969.1
44176,15.0814,20.0,969.2
44177,15.0814,20.0,969.2
44178,15.0814,20.0,969.2
44179,15.0814,20.0,969.2
44180,15.0814,20.0,969.2
44181,15.0623,20.0,969.3
44182,15.0623,20.0,969.3
44183,15.0623,20.0,969.3
44184,15.0623,20.0,969.3
44185,15.0623,20.0,969.4
44186,15.0623,20.0,969.4
44187,15.0623,20.0,969.4
44188,15.0623,20.0,969.4
44189,15.0623,20.0,969.5
44190,15.0623,20.0,969.5
44191,15.0623,20.0,969.5
44192,15.0623,20.0,969.5
44193,15.0623,20.0,969.6
44194,15.0623,20.0,969.6
44195,15.0623,20.0,969.6
44196,15.0623,20.0,969.6
44197,15.0623,20.0,969.6
44198,15.0623,20.0,969.7
44199,15.0623,20.0,969.7
44200,15.0623,20.0,969.7
44201,15.0432,20.0,969.7
44202,15.0432,20.0,969.8
44203,15.0432,20.0,969.8
44204,15.0432,20.0,969.8
44205,15.0432,20.0,969.8
44206,15.0432,20.0,969.8
44207,15.0432,20.0,969.9
44208,15.0432,20.0,969.9
44209,15.0432,20.0,969.9
44210,15.0432,20.0,969.9
44211,15.0432,20.0,969.9
44212,15.0432,20.0,969.9
44213,15.0432,20.0,970.0
44214,15.0432,20.0,970.0
44215,15.0432,20.0,970.0
44216,15.0432,20.0,970.0
44217,15.0432,20.0,970.1
44218,15.0432,20.0,970.1
44219,15.0432,20.0,970.1
44220,15.0432,20.0,970.1
44221,15.0241,20.0,970.1
44222,15.0241,20.0,970.2
44223,15.0241,20.0,970.2
44224,15.0241,20.0,970.2
44225,15.0241,20.0,970.2
44226,15.0241,20.0,970.3
44227,15.0241,20.0,970.3
44228,15.0241,20.0,970.3
44229,15.0241,20.0,970.3
44230,15.0241,20.0,970.3
44231,15.0241,20.0,970.4
44232,15.0241,20.0,970.4
44233,15.0241,20.0,970.4
44234,15.0241,20.0,970.4
44235,15.0241,20.0,970.5
44236,15.0241,20.0,970.5
44237,15.0241,20.0,970.5
44238,15.0241,20.0,970.5
44239,15.0241,20.0,970.5
44240,15.0241,20.0,970.6
44241,15.0050,20.0,970.6
44242,15.0050,20.0,970.6
44243,15.0050,20.0,970.6
44244,15.0050,20.0,970.6
44245,15.0050,20.0,970.7
44246,15.0050,20.0,970.7
44247,15.0050,20.0,970.7
44248,15.0050,20.0,970.7
44249,15.0050,20.0,970.8
44250,15.0050,20.0,970.8
44251,15.0050,20.0,970.8
44252,15.0050,20.0,970.8
44253,15.0050,20.0,970.8
44254,15.0050,20.0,970.9
44255,15.0050,20.0,970.9
44256,15.0050,20.0,970.9
44257,15.0050,20.0,970.9
44258,15.0050,20.0,971.0
44259,15.0050,20.0,971.0
44260,15.0050,20.0,971.0
44261,14.9859,20.0,971.0
44262,14.9859,20.0,971.1
44263,14.9859,20.0,971.1
44264,14.9859,20.0,971.1
44265,14.9859,20.0,971.1
44266,14.9859,20.0,971.1
44267,14.9859,20.0,971.2
44268,14.9859,20.0,971.2
44269,14.9859,20.0,971.2
44270,14.9859,20.0,971.2
44271,14.9859,20.0,971.3
44272,14.9859,20.0,971.3
44273,14.9859,20.0,971.3
44274,14.9859,20.0,971.3
44275,14.9859,20.0,971.3
44276,14.9859,20.0,971.4
44277,14.9859,20.0,971.4
44278,14.9859,20.0,971.4
44279,14.9859,20.0,971.4
44280,14.9859,20.0,971.5
44281,14.9668,20.0,971.5
44282,14.9668,20.0,971.5
44283,14.9668,20.0,971.5
44284,14.9668,20.0,971.5
44285,14.9668,20.0,971.6
44286,14.9668,20.0,971.6
44287,14.9668,20.0,971.6
44288,14.9668,20.0,971.6
44289,14.9668,20.0,971.6
44290,14.9668,20.0,971.7
44291,14.9668,20.0,971.7
44292,14.9668,20.0,971.7
44293,14.9668,20.0,971.7
44294,14.9668,20.0,971.7
44295,14.9668,20.0,971.8
44296,14.9668,20.0,971.8
44297,14.9668,20.0,971.8
44298,14.9668,20.0,971.8
44299,14.9668,20.0,971.8
44300,14.9668,20.0,971.9
44301,14.9477,20.0,971.9
44302,14.9477,20.0,971.9
44303,14.9477,20.0,971.9
44304,14.9477,20.0,971.9
44305,14.9477,20.0,972.0
44306,14.9477,20.0,972.0
44307,14.9477,20.0,972.0
44308,14.9477,20.0,972.0
44309,14.9477,20.0,972.0
44310,14.9477,20.0,972.1
44311,14.9477,20.0,972.1
44312,14.9477,20.0,972.1
44313,14.9477,20.0,972.1
44314,14.9477,20.0,972.1
44315,14.9477,20.0,972.2
44316,14.9477,20.0,972.2
44317,14.9477,20.0,972.2
44318,14.9477,20.0,972.2
44319,14.9477,20.0,972.2
44320,14.9477,20.0,972.2
44321,14.9286,20.0,972.3
44322,14.9286,20.0,972.3
44323,14.9286,20.0,972.3
44324,14.9286,20.0,972.3
44325,14.9286,20.0,972.3
44326,14.9286,20.0,972.4
44327,14.9286,20.0,972.4
44328,14.9286,20.0,972.4
44329,14.9286,20.0,972.4
44330,14.9286,20.0,972.4
44331,14.9286,20.0,972.4
44332,14.9286,20.0,972.5
44333,14.9286,20.0,972.5
44334,14.9286,20.0,972.5
44335,14.9286,20.0,972.5
44336,14.9286,20.0,972.5
44337,14.9286,20.0,972.6
44338,14.9286,20.0,972.6
44339,14.9286,20.0,972.6
44340,14.9286,20.0,972.6
44341,14.9095,20.0,972.7
44342,14.9095,20.0,972.7
44343,14.9095,20.0,972.7
44344,14.9095,20.0,972.7
44345,14.9095,20.0,972.8
44346,14.9095,20.0,972.8
44347,14.9095,20.0,972.8
44348,14.9095,20.0,972.8
44349,14.9095,20.0,972.9
44350,14.9095,20.0,972.9
44351,14.9095,20.0,972.9
44352,14.9095,20.0,972.9
44353,14.9095,20.0,972.9
44354,14.9095,20.0,973.0
44355,14.9095,20.0,973.0
44356,14.9095,20.0,973.0
44357,14.9095,20.0,973.0
44358,14.9095,20.0,973.0
44359,14.9095,20.0,973.1
44360,14.9095,20.0,973.1
44361,14.8904,20.0,973.1
44362,14.8904,20.0,973.1
44363,14.8904,20.0,973.2
44364,14.8904,20.0,973.2
44365,14.8904,20.0,973.2
44366,14.8904,20.0,973.2
44367,14.8904,20.0,973.2
44368,14.8904,20.0,973.3
44369,14.8904,20.0,973.3
44370,14.8904,20.0,973.3
44371,14.8904,20.0,973.3
44372,14.8904,20.0,973.3
44373,14.8904,20.0,973.3
44374,14.8904,20.0,973.4
44375,14.8904,20.0,973.4
44376,14.8904,20.0,973.4
44377,14.8904,20.0,973.4
44378,14.8904,20.0,973.4
44379,14.8904,20.0,973.5
44380,14.8904,20.0,973.5
44381,14.8713,20.0,973.5
44382,14.8713,20.0,973.5
44383,14.8713,20.0,973.6
44384,14.8713,20.0,973.6
44385,14.8713,20.0,973.6
44386,14.8713,20.0,973.6
44387,14.8713,20.0,973.7
44388,14.8713,20.0,973.7
44389,14.8713,20.0,973.7
44390,14.8713,20.0,973.7
44391,14.8713,20.0,973.7
44392,14.8713,20.0,973.8
44393,14.8713,20.0,973.8
44394,14.8713,20.0,973.8
44395,14.8713,20.0,973.8
44396,14.8713,20.0,973.8
44397,14.8713,20.0,973.9
44398,14.8713,20.0,973.9
44399,14.8713,20.0,973.9
44400,14.8713,20.0,973.9
44401,14.8522,20.0,974.0
44402,14.8522,20.0,974.0
44403,14.8522,20.0,974.0
44404,14.8522,20.0,974.0
44405,14.8522,20.0,974.0
44406,14.8522,20.0,974.1
44407,14.8522,20.0,974.1
44408,14.8522,20.0,974.1
44409,14.8522,20.0,974.1
44410,14.8522,20.0,974.2
44411,14.8522,20.0,974.2
44412,14.8522,20.0,974.2
44413,14.8522,20.0,974.2
44414,14.8522,20.0,974.2
44415,14.8522,20.0,974.2
44416,14.8522,20.0,974.3
44417,14.8522,20.0,974.3
44418,14.8522,20.0,974.3
44419,14.8522,20.0,974.3
44420,14.8522,20.0,974.4
44421,14.8331,20.0,974.4
44422,14.8331,20.0,974.4
44423,14.8331,20.0,974.4
44424,14.8331,20.0,974.4
44425,14.8331,20.0,974.5
44426,14.8331,20.0,974.5
44427,14.8331,20.0,974.5
44428,14.8331,20.0,974.5
44429,14.8331,20.0,974.6
44430,14.8331,20.0,974.6
44431,14.8331,20.0,974.6
44432,14.8331,20.0,974.6
44433,14.8331,20.0,974.6
44434,14.8331,20.0,974.7
44435,14.8331,20.0,974.7
44436,14.8331,20.0,974.7
44437,14.8331,20.0,974.7
44438,14.8331,20.0,974.7
44439,14.8331,20.0,974.8
44440,14.8331,20.0,974.8
44441,14.8140,20.0,974.8
44442,14.8140,20.0,974.8
44443,14.8140,20.0,974.8
44444,14.8140,20.0,974.8
44445,14.8140,20.0,974.9
44446,14.8140,20.0,974.9
44447,14.8140,20.0,974.9
44448,14.8140,20.0,974.9
44449,14.8140,20.0,974.9
44450,14.8140,20.0,975.0
44451,14.8140,20.0,975.0
44452,14.8140,20.0,975.0
44453,14.8140,20.0,975.0
44454,14.8140,20.0,975.0
44455,14.8140,20.0,975.1
44456,14.8140,20.0,975.1
44457,14.8140,20.0,975.1
44458,14.8140,20.0,975.1
44459,14.8140,20.0,975.1
44460,14.8140,20.0,975.2
44461,14.7949,20.0,975.2
44462,14.7949,20.0,975.2
44463,14.7949,20.0,975.2
44464,14.7949,20.0,975.2
44465,14.7949,20.0,975.3
44466,14.7949,20.0,975.3
44467,14.7949,20.0,975.3
44468,14.7949,20.0,975.3
44469,14.7949,20.0,975.4
44470,14.7949,20.0,975.4
44471,14.7949,20.0,975.4
44472,14.7949,20.0,975.4
44473,14.7949,20.0,975.4
44474,14.7949,20.0,975.5
44475,14.7949,20.0,975.5
44476,14.7949,20.0,975.5
44477,14.7949,20.0,975.6
44478,14.7949,20.0,975.6
44479,14.7949,20.0,975.6
44480,14.7949,20.0,975.6
44481,14.7758,20.0,975.7
44482,14.7758,20.0,975.7
44483,14.7758,20.0,975.7
44484,14.7758,20.0,975.7
44485,14.7758,20.0,975.7
44486,14.7758,20.0,975.8
44487,14.7758,20.0,975.8
44488,14.7758,20.0,975.8
44489,14.7758,20.0,975.8
44490,14.7758,20.0,975.9
44491,14.7758,20.0,975.9
44492,14.7758,20.0,975.9
44493,14.7758,20.0,975.9
44494,14.7758,20.0,976.0
44495,14.7758,20.0,976.0
44496,14.7758,20.0,976.0
44497,14.7758,20.0,976.0
44498,14.7758,20.0,976.0
44499,14.7758,20.0,976.1
44500,14.7758,20.0,976.1
44501,14.7565,20.0,976.1
44502,14.7565,20.0,976.1
44503,14.7565,20.0,976.1
44504,14.7565,20.0,976.2
44505,14.7565,20.0,976.2
44506,14.7565,20.0,976.2
44507,14.7565,20.0,976.2
44508,14.7565,20.0,976.3
44509,14.7565,20.0,976.3
44510,14.7565,20.0,976.3
44511,14.7565,20.0,976.3
44512,14.7565,20.0,976.3
44513,14.7565,20.0,976.4
44514,14.7565,20.0,976.4
44515,14.7565,20.0,976.4
44516,14.7565,20.0,976.4
44517,14.7565,20.0,976.4
44518,14.7565,20.0,976.5
44519,14.7565,20.0,976.5
44520,14.7565,20.0,976.5
44521,14.7366,20.0,976.5
44522,14.7366,20.0,976.5
44523,14.7366,20.0,976.6
44524,14.7366,20.0,976.6
44525,14.7366,20.0,976.6
44526,14.7366,20.0,976.6
44527,14.7366,20.0,976.7
44528,14.7366,20.0,976.7
44529,14.7366,20.0,976.7
44530,14.7366,20.0,976.7
44531,14.7366,20.0,976.7
44532,14.7366,20.0,976.7
44533,14.7366,20.0,976.8
44534,14.7366,20.0,976.8
44535,14.7366,20.0,976.8
44536,14.7366,20.0,976.8
44537,14.7366,20.0,976.8
44538,14.7366,20.0,976.9
44539,14.7366,20.0,976.9
44540,14.7366,20.0,976.9
44541,14.7168,20.0,976.9
44542,14.7168,20.0,977.0
44543,14.7168,20.0,977.0
44544,14.7168,20.0,977.0
44545,14.7168,20.0,977.3
44546,14.7168,20.0,977.3
44547,14.7168,20.0,977.3
44548,14.7168,20.0,977.3
44549,14.7168,20.0,977.3
44550,14.7168,20.0,977.4
44551,14.7168,20.0,977.4
44552,14.7168,20.0,977.4
44553,14.7168,20.0,977.4
44554,14.7168,20.0,977.4
44555,14.7168,20.0,977.5
44556,14.7168,20.0,977.5
44557,14.7168,20.0,977.5
44558,14.7168,20.0,977.5
44559,14.7168,20.0,977.5
44560,14.7168,20.0,977.6
44561,14.7164,20.0,977.6
44562,14.7164,20.0,977.6
44563,14.7164,20.0,977.6
44564,14.7164,20.0,977.6
44565,14.7164,20.0,977.7
44566,14.7164,20.0,977.7
44567,14.7164,20.0,977.7
44568,14.7164,20.0,977.7
44569,14.7164,20.0,977.8
44570,14.7164,20.0,977.8
44571,14.7164,20.0,977.8
44572,14.7164,20.0,977.8
44573,14.7164,20.0,977.8
44574,14.7164,20.0,977.9
44575,14.7164,20.0,977.9
44576,14.7164,20.0,977.9
44577,14.7164,20.0,977.9
44578,14.7164,20.0,977.9
44579,14.7164,20.0,978.0
44580,14.7164,20.0,978.0
44581,14.7160,20.0,978.0
44582,14.7160,20.0,978.0
44583,14.7160,20.0,978.1
44584,14.7160,20.0,978.1
44585,14.7160,20.0,978.1
44586,14.7160,20.0,978.1
44587,14.7160,20.0,978.1
44588,14.7160,20.0,978.2
44589,14.7160,20.0,978.2
44590,14.7160,20.0,978.2
44591,14.7160,20.0,978.2
44592,14.7160,20.0,978.3
44593,14.7160,20.0,978.3
44594,14.7160,20.0,978.3
44595,14.7160,20.0,978.3
44596,14.7160,20.0,978.3
44597,14.7160,20.0,978.4
44598,14.7160,20.0,978.4
44599,14.7160,20.0,978.4
44600,14.7160,20.0,978.4
44601,14.7157,20.0,978.5
44602,14.7157,20.0,978.5
44603,14.7157,20.0,978.5
44604,14.7157,20.0,978.5
44605,14.7157,20.0,978.5
44606,14.7157,20.0,978.6
44607,14.7157,20.0,978.6
44608,14.7157,20.0,978.6
44609,14.7157,20.0,978.6
44610,14.7157,20.0,978.7
44611,14.7157,20.0,978.7
44612,14.7157,20.0,978.7
44613,14.7157,20.0,978.7
44614,14.7157,20.0,978.8
44615,14.7157,20.0,978.8
44616,14.7157,20.0,978.8
44617,14.7157,20.0,978.8
44618,14.7157,20.0,978.8
44619,14.7157,20.0,978.9
44620,14.7157,20.0,978.9
44621,14.7153,20.0,978.9
44622,14.7153,20.0,978.9
44623,14.7153,20.0,978.9
44624,14.7153,20.0,979.0
44625,14.7153,20.0,979.0
44626,14.7153,20.0,979.0
44627,14.7153,20.0,979.0
44628,14.7153,20.0,979.1
44629,14.7153,20.0,979.1
44630,14.7153,20.0,979.1
44631,14.7153,20.0,979.1
44632,14.7153,20.0,979.1
44633,14.7153,20.0,979.1
44634,14.7153,20.0,979.2
44635,14.7153,20.0,979.2
44636,14.7153,20.0,979.2
44637,14.7153,20.0,979.2
44638,14.7153,20.0,979.2
44639,14.7153,20.0,979.3
44640,14.7153,20.0,979.3
44641,14.7150,20.0,979.3
44642,14.7150,20.0,979.3
44643,14.7150,20.0,979.4
44644,14.7150,20.0,979.4
44645,14.7150,20.0,979.4
44646,14.7150,20.0,979.4
44647,14.7150,20.0,979.4
44648,14.7150,20.0,979.5
44649,14.7150,20.0,979.5
44650,14.7150,20.0,979.5
44651,14.7150,20.0,979.5
44652,14.7150,20.0,979.5
44653,14.7150,20.0,979.5
44654,14.7150,20.0,979.6
44655,14.7150,20.0,979.6
44656,14.7150,20.0,979.6
44657,14.7150,20.0,979.6
44658,14.7150,20.0,979.7
44659,14.7150,20.0,979.7
44660,14.7150,20.0,979.7
44661,14.7146,20.0,979.7
44662,14.7146,20.0,979.7
44663,14.7146,20.0,979.8
44664,14.7146,20.0,979.8
44665,14.7146,20.0,979.8
44666,14.7146,20.0,979.8
44667,14.7146,20.0,979.8
44668,14.7146,20.0,979.8
44669,14.7146,20.0,979.9
44670,14.7146,20.0,979.9
44671,14.7146,20.0,979.9
44672,14.7146,20.0,979.9
44673,14.7146,20.0,980.0
44674,14.7146,20.0,980.0
44675,14.7146,20.0,980.0
44676,14.7146,20.0,980.0
44677,14.7146,20.0,980.0
44678,14.7146,20.0,980.0
44679,14.7146,20.0,980.1
44680,14.7146,20.0,980.1
44681,14.7143,20.0,980.1
44682,14.7143,20.0,980.1
44683,14.7143,20.0,980.1
44684,14.7143,20.0,980.2
44685,14.7143,20.0,980.2
44686,14.7143,20.0,980.2
44687,14.7143,20.0,980.2
44688,14.7143,20.0,980.3
44689,14.7143,20.0,980.3
44690,14.7143,20.0,980.3
44691,14.7143,20.0,980.3
44692,14.7143,20.0,980.3
44693,14.7143,20.0,980.4
44694,14.7143,20.0,980.4
44695,14.7143,20.0,980.4
44696,14.7143,20.0,980.4
44697,14.7143,20.0,980.4
44698,14.7143,20.0,980.5
44699,14.7143,20.0,980.5
44700,14.7143,20.0,980.5
44701,14.7139,20.0,980.5
44702,14.7139,20.0,980.5
44703,14.7139,20.0,980.6
44704,14.7139,20.0,980.6
44705,14.7139,20.0,980.6
44706,14.7139,20.0,980.6
44707,14.7139,20.0,980.6
44708,14.7139,20.0,980.7
44709,14.7139,20.0,980.7
44710,14.7139,20.0,980.7
44711,14.7139,20.0,980.7
44712,14.7139,20.0,980.8
44713,14.7139,20.0,980.8
44714,14.7139,20.0,980.8
44715,14.7139,20.0,980.8
44716,14.7139,20.0,980.8
44717,14.7139,20.0,980.9
44718,14.7139,20.0,980.9
44719,14.7139,20.0,980.9
44720,14.7139,20.0,980.9
44721,14.7136,20.0,980.9
44722,14.7136,20.0,981.0
44723,14.7136,20.0,981.0
44724,14.7136,20.0,981.0
44725,14.7136,20.0,981.0
44726,14.7136,20.0,981.0
44727,14.7136,20.0,981.0
44728,14.7136,20.0,981.1
44729,14.7136,20.0,981.1
44730,14.7136,20.0,981.1
44731,14.7136,20.0,981.1
44732,14.7136,20.0,981.1
44733,14.7136,20.0,981.2
44734,14.7136,20.0,981.2
44735,14.7136,20.0,981.2
44736,14.7136,20.0,981.2
44737,14.7136,20.0,981.2
44738,14.7136,20.0,981.3
44739,14.7136,20.0,981.3
44740,14.7136,20.0,981.3
44741,14.7132,20.0,981.3
44742,14.7132,20.0,981.3
44743,14.7132,20.0,981.4
44744,14.7132,20.0,981.4
44745,14.7132,20.0,981.4
44746,14.7132,20.0,981.4
44747,14.7132,20.0,981.4
44748,14.7132,20.0,981.4
44749,14.7132,20.0,981.5
44750,14.7132,20.0,981.5
44751,14.7132,20.0,981.5
44752,14.7132,20.0,981.5
44753,14.7132,20.0,981.6
44754,14.7132,20.0,981.6
44755,14.7132,20.0,981.6
44756,14.7132,20.0,981.6
44757,14.7132,20.0,981.6
44758,14.7132,20.0,981.7
44759,14.7132,20.0,981.7
44760,14.7132,20.0,981.7
44761,14.7129,20.0,981.7
44762,14.7129,20.0,981.8
44763,14.7129,20.0,981.8
44764,14.7129,20.0,981.8
44765,14.7129,20.0,981.8
44766,14.7129,20.0,981.8
44767,14.7129,20.0,981.9
44768,14.7129,20.0,981.9
44769,14.7129,20.0,981.9
44770,14.7129,20.0,981.9
44771,14.7129,20.0,981.9
44772,14.7129,20.0,982.0
44773,14.7129,20.0,982.0
44774,14.7129,20.0,982.0
44775,14.7129,20.0,982.0
44776,14.7129,20.0,982.0
44777,14.7129,20.0,982.1
44778,14.7129,20.0,982.1
44779,14.7129,20.0,982.1
44780,14.7129,20.0,982.1
44781,14.7125,20.0,982.1
44782,14.7125,20.0,982.2
44783,14.7125,20.0,982.2
44784,14.7125,20.0,982.2
44785,14.7125,20.0,982.2
44786,14.7125,20.0,982.2
44787,14.7125,20.0,982.3
44788,14.7125,20.0,982.3
44789,14.7125,20.0,982.3
44790,14.7125,20.0,982.3
44791,14.7125,20.0,982.3
44792,14.7125,20.0,982.4
44793,14.7125,20.0,982.4
44794,14.7125,20.0,982.4
44795,14.7125,20.0,982.4
44796,14.7125,20.0,982.4
44797,14.7125,20.0,982.5
44798,14.7125,20.0,982.5
44799,14.7125,20.0,982.5
44800,14.7125,20.0,982.5
44801,14.7122,20.0,982.5
44802,14.7122,20.0,982.6
44803,14.7122,20.0,982.6
44804,14.7122,20.0,982.6
44805,14.7122,20.0,982.6
44806,14.7122,20.0,982.7
44807,14.7122,20.0,982.7
44808,14.7122,20.0,982.7
44809,14.7122,20.0,982.7
44810,14.7122,20.0,982.7
44811,14.7122,20.0,982.8
44812,14.7122,20.0,982.8
44813,14.7122,20.0,982.8
44814,14.7122,20.0,982.8
44815,14.7122,20.0,982.8
44816,14.7122,20.0,982.9
44817,14.7122,20.0,982.9
44818,14.7122,20.0,982.9
44819,14.7122,20.0,982.9
44820,14.7122,20.0,982.9
44821,14.7118,20.0,983.0
44822,14.7118,20.0,983.0
44823,14.7118,20.0,983.0
44824,14.7118,20.0,983.0
44825,14.7118,20.0,983.0
44826,14.7118,20.0,983.1
44827,14.7118,20.0,983.1
44828,14.7118,20.0,983.1
44829,14.7118,20.0,983.1
44830,14.7118,20.0,983.1
44831,14.7118,20.0,983.2
44832,14.7118,20.0,983.2
44833,14.7118,20.0,983.2
44834,14.7118,20.0,983.2
44835,14.7118,20.0,983.2
44836,14.7118,20.0,983.3
44837,14.7118,20.0,983.3
44838,14.7118,20.0,983.3
44839,14.7118,20.0,983.3
44840,14.7118,20.0,983.3
44841,14.7115,20.0,983.4
44842,14.7115,20.0,983.4
44843,14.7115,20.0,983.4
44844,14.7115,20.0,983.4
44845,14.7115,20.0,983.4
44846,14.7115,20.0,983.5
44847,14.7115,20.0,983.5
44848,14.7115,20.0,983.5
44849,14.7115,20.0,983.5
44850,14.7115,20.0,983.5
44851,14.7115,20.0,983.6
44852,14.7115,20.0,983.6
44853,14.7115,20.0,983.6
44854,14.7115,20.0,983.6
44855,14.7115,20.0,983.6
44856,14.7115,20.0,983.7
44857,14.7115,20.0,983.7
44858,14.7115,20.0,983.7
44859,14.7115,20.0,983.7
44860,14.7115,20.0,983.7
44861,14.7111,20.0,983.8
44862,14.7111,20.0,983.8
44863,14.7111,20.0,983.8
44864,14.7111,20.0,983.8
44865,14.7111,20.0,983.8
44866,14.7111,20.0,983.9
44867,14.7111,20.0,983.9
44868,14.7111,20.0,983.9
44869,14.7111,20.0,983.9
44870,14.7111,20.0,983.9
44871,14.7111,20.0,984.0
44872,14.7111,20.0,984.0
44873,14.7111,20.0,984.0
44874,14.7111,20.0,984.0
44875,14.7111,20.0,984.0
44876,14.7111,20.0,984.0
44877,14.7111,20.0,984.1
44878,14.7111,20.0,984.1
44879,14.7111,20.0,984.1
44880,14.7111,20.0,984.1
44881,14.7108,20.0,984.2
44882,14.7108,20.0,984.2
44883,14.7108,20.0,984.2
44884,14.7108,20.0,984.2
44885,14.7108,20.0,984.2
44886,14.7108,20.0,984.3
44887,14.7108,20.0,984.3
44888,14.7108,20.0,984.3
44889,14.7108,20.0,984.3
44890,14.7108,20.0,984.3
44891,14.7108,20.0,984.4
44892,14.7108,20.0,984.4
44893,14.7108,20.0,984.4
44894,14.7108,20.0,984.4
44895,14.7108,20.0,984.4
44896,14.7108,20.0,984.5
44897,14.7108,20.0,984.5
44898,14.7108,20.0,984.5
44899,14.7108,20.0,984.5
44900,14.7108,20.0,984.5
44901,14.7104,20.0,984.5
44902,14.7104,20.0,984.6
44903,14.7104,20.0,984.6
44904,14.7104,20.0,984.6
44905,14.7104,20.0,984.6
44906,14.7104,20.0,984.7
44907,14.7104,20.0,984.7
44908,14.7104,20.0,984.7
44909,14.7104,20.0,984.7
44910,14.7104,20.0,984.7
44911,14.7104,20.0,984.8
44912,14.7104,20.0,984.8
44913,14.7104,20.0,984.8
44914,14.7104,20.0,984.8
44915,14.7104,20.0,984.8
44916,14.7104,20.0,984.9
44917,14.7104,20.0,984.9
44918,14.7104,20.0,984.9
44919,14.7104,20.0,984.9
44920,14.7104,20.0,984.9
44921,14.7101,20.0,985.0
44922,14.7101,20.0,985.0
44923,14.7101,20.0,985.0
44924,14.7101,20.0,985.0
44925,14.7101,20.0,985.0
44926,14.7101,20.0,985.0
44927,14.7101,20.0,985.1
44928,14.7101,20.0,985.1
44929,14.7101,20.0,985.1
44930,14.7101,20.0,985.1
44931,14.7101,20.0,985.1
44932,14.7101,20.0,985.2
44933,14.7101,20.0,985.2
44934,14.7101,20.0,985.2
44935,14.7101,20.0,985.2
44936,14.7101,20.0,985.2
44937,14.7101,20.0,985.3
44938,14.7101,20.0,985.3
44939,14.7101,20.0,985.3
44940,14.7101,20.0,985.3
44941,14.7097,20.0,985.3
44942,14.7097,20.0,985.4
44943,14.7097,20.0,985.4
44944,14.7097,20.0,985.4
44945,14.7097,20.0,985.4
44946,14.7097,20.0,985.4
44947,14.7097,20.0,985.5
44948,14.7097,20.0,985.5
44949,14.7097,20.0,985.5
44950,14.7097,20.0,985.5
44951,14.7097,20.0,985.5
44952,14.7097,20.0,985.6
44953,14.7097,20.0,985.6
44954,14.7097,20.0,985.6
44955,14.7097,20.0,985.6
44956,14.7097,20.0,985.7
44957,14.7097,20.0,985.7
44958,14.7097,20.0,985.7
44959,14.7097,20.0,985.7
44960,14.7097,20.0,985.8
44961,14.7094,20.0,985.8
44962,14.7094,20.0,985.8
44963,14.7094,20.0,985.8
44964,14.7094,20.0,985.8
44965,14.7094,20.0,985.9
44966,14.7094,20.0,985.9
44967,14.7094,20.0,985.9
44968,14.7094,20.0,985.9
44969,14.7094,20.0,985.9
44970,14.7094,20.0,986.0
44971,14.7094,20.0,986.0
44972,14.7094,20.0,986.0
44973,14.7094,20.0,986.0
44974,14.7094,20.0,986.0
44975,14.7094,20.0,986.1
44976,14.7094,20.0,986.1
44977,14.7094,20.0,986.1
44978,14.7094,20.0,986.1
44979,14.7094,20.0,986.1
44980,14.7094,20.0,986.1
44981,14.7090,20.0,986.2
44982,14.7090,20.0,986.2
44983,14.7090,20.0,986.2
44984,14.7090,20.0,986.2
44985,14.7090,20.0,986.2
44986,14.7090,20.0,986.3
44987,14.7090,20.0,986.3
44988,14.7090,20.0,986.3
44989,14.7090,20.0,986.3
44990,14.7090,20.0,986.3
44991,14.7090,20.0,986.4
44992,14.7090,20.0,986.4
44993,14.7090,20.0,986.4
44994,14.7090,20.0,986.4
44995,14.7090,20.0,986.5
44996,14.7090,20.0,986.5
44997,14.7090,20.0,986.5
44998,14.7090,20.0,986.5
44999,14.7090,20.0,986.5
45000,14.7090,20.0,986.6
45001,14.7087,20.0,986.6
45002,14.7087,20.0,986.6
45003,14.7087,20.0,986.6
45004,14.7087,20.0,986.6
45005,14.7087,20.0,986.7
45006,14.7087,20.0,986.7
45007,14.7087,20.0,986.7
45008,14.7087,20.0,986.7
45009,14.7087,20.0,986.7
45010,14.7087,20.0,986.8
45011,14.7087,20.0,986.8
45012,14.7087,20.0,986.8
45013,14.7087,20.0,986.8
45014,14.7087,20.0,986.8
45015,14.7087,20.0,986.9
45016,14.7087,20.0,986.9
45017,14.7087,20.0,986.9
45018,14.7087,20.0,986.9
45019,14.7087,20.0,986.9
45020,14.7087,20.0,987.0
45021,14.7083,20.0,987.0
45022,14.7083,20.0,987.0
45023,14.7083,20.0,987.0
45024,14.7083,20.0,987.0
45025,14.7083,20.0,987.1
45026,14.7083,20.0,987.1
45027,14.7083,20.0,987.1
45028,14.7083,20.0,987.1
45029,14.7083,20.0,987.1
45030,14.7083,20.0,987.2
45031,14.7083,20.0,987.2
45032,14.7083,20.0,987.2
45033,14.7083,20.0,987.2
45034,14.7083,20.0,987.2
45035,14.7083,20.0,987.3
45036,14.7083,20.0,987.3
45037,14.7083,20.0,987.3
45038,14.7083,20.0,987.3
45039,14.7083,20.0,987.3
45040,14.7083,20.0,987.3
45041,14.7277,20.0,987.4
45042,14.7277,20.0,987.4
45043,14.7277,20.0,987.4
45044,14.7277,20.0,987.4
45045,14.7277,20.0,987.5
45046,14.7277,20.0,987.5
45047,14.7277,20.0,987.5
45048,14.7277,20.0,987.5
45049,14.7277,20.0,987.5
45050,14.7277,20.0,987.6
45051,14.7277,20.0,987.6
45052,14.7277,20.0,987.6
45053,14.7277,20.0,987.6
45054,14.7277,20.0,987.6
45055,14.7277,20.0,987.7
45056,14.7277,20.0,987.7
45057,14.7277,20.0,987.9
45058,14.7277,20.0,988.0
45059,14.7277,20.0,988.0
45060,14.7277,20.0,988.0
45061,14.7471,20.0,988.0
45062,14.7471,20.0,988.0
45063,14.7471,20.0,988.1
45064,14.7471,20.0,988.1
45065,14.7471,20.0,988.1
45066,14.7471,20.0,988.1
45067,14.7471,20.0,988.1
45068,14.7471,20.0,988.2
45069,14.7471,20.0,988.2
45070,14.7471,20.0,988.2
45071,14.7471,20.0,988.2
45072,14.7471,20.0,988.2
45073,14.7471,20.0,988.3
45074,14.7471,20.0,988.3
45075,14.7471,20.0,988.3
45076,14.7471,20.0,988.3
45077,14.7471,20.0,988.3
45078,14.7471,20.0,988.4
45079,14.7471,20.0,988.4
45080,14.7471,20.0,988.4
45081,14.7465,20.0,988.4
45082,14.7465,20.0,988.4
45083,14.7465,20.0,988.5
45084,14.7465,20.0,988.5
45085,14.7465,20.0,988.5
45086,14.7465,20.0,988.5
45087,14.7465,20.0,988.6
45088,14.7465,20.0,988.6
45089,14.7465,20.0,988.6
45090,14.7465,20.0,988.6
45091,14.7465,20.0,988.6
45092,14.7465,20.0,988.7
45093,14.7465,20.0,988.7
45094,14.7465,20.0,988.7
45095,14.7465,20.0,988.7
45096,14.7465,20.0,988.7
45097,14.7465,20.0,988.8
45098,14.7465,20.0,988.8
45099,14.7465,20.0,988.8
45100,14.7465,20.0,988.8
45101,14.7460,20.0,988.8
45102,14.7460,20.0,988.9
45103,14.7460,20.0,988.9
45104,14.7460,20.0,988.9
45105,14.7460,20.0,988.9
45106,14.7460,20.0,989.0
45107,14.7460,20.0,989.0
45108,14.7460,20.0,989.0
45109,14.7460,20.0,989.0
45110,14.7460,20.0,989.1
45111,14.7460,20.0,989.1
45112,14.7460,20.0,989.1
45113,14.7460,20.0,989.1
45114,14.7460,20.0,989.1
45115,14.7460,20.0,989.2
45116,14.7460,20.0,989.2
45117,14.7460,20.0,989.2
45118,14.7460,20.0,989.2
45119,14.7460,20.0,989.2
45120,14.7460,20.0,989.3
45121,14.7455,20.0,989.3
45122,14.7455,20.0,989.3
45123,14.7455,20.0,989.3
45124,14.7455,20.0,989.4
45125,14.7455,20.0,989.4
45126,14.7455,20.0,989.4
45127,14.7455,20.0,989.4
45128,14.7455,20.0,989.4
45129,14.7455,20.0,989.5
45130,14.7455,20.0,989.5
45131,14.7455,20.0,989.5
45132,14.7455,20.0,989.5
45133,14.7455,20.0,989.5
45134,14.7455,20.0,989.5
45135,14.7455,20.0,989.6
45136,14.7455,20.0,989.6
45137,14.7455,20.0,989.6
45138,14.7455,20.0,989.6
45139,14.7455,20.0,989.7
45140,14.7455,20.0,989.7
45141,14.7450,20.0,989.7
45142,14.7450,20.0,989.7
45143,14.7450,20.0,989.7
45144,14.7450,20.0,989.8
45145,14.7450,20.0,989.8
45146,14.7450,20.0,989.8
45147,14.7450,20.0,989.8
45148,14.7450,20.0,989.8
45149,14.7450,20.0,989.9
45150,14.7450,20.0,989.9
45151,14.7450,20.0,989.9
45152,14.7450,20.0,989.9
45153,14.7450,20.0,989.9
45154,14.7450,20.0,989.9
45155,14.7450,20.0,990.0
45156,14.7450,20.0,990.0
45157,14.7450,20.0,990.0
45158,14.7450,20.0,990.0
45159,14.7450,20.0,990.0
45160,14.7450,20.0,990.1
45161,14.7445,20.0,990.1
45162,14.7445,20.0,990.1
45163,14.7445,20.0,990.1
45164,14.7445,20.0,990.2
45165,14.7445,20.0,990.2
45166,14.7445,20.0,990.2
45167,14.7445,20.0,990.2
45168,14.7445,20.0,990.2
45169,14.7445,20.0,990.3
45170,14.7445,20.0,990.3
45171,14.7445,20.0,990.3
45172,14.7445,20.0,990.3
45173,14.7445,20.0,990.3
45174,14.7445,20.0,990.4
45175,14.7445,20.0,990.4
45176,14.7445,20.0,990.4
45177,14.7445,20.0,990.4
45178,14.7445,20.0,990.4
45179,14.7445,20.0,990.5
45180,14.7445,20.0,990.5
45181,14.7440,20.0,990.5
45182,14.7440,20.0,990.5
45183,14.7440,20.0,990.5
45184,14.7440,20.0,990.6
45185,14.7440,20.0,990.6
45186,14.7440,20.0,990.6
45187,14.7440,20.0,990.6
45188,14.7440,20.0,990.6
45189,14.7440,20.0,990.7
45190,14.7440,20.0,990.7
45191,14.7440,20.0,990.7
45192,14.7440,20.0,990.7
45193,14.7440,20.0,990.8
45194,14.7440,20.0,990.8
45195,14.7440,20.0,990.8
45196,14.7440,20.0,990.8
45197,14.7440,20.0,990.8
45198,14.7440,20.0,990.9
45199,14.7440,20.0,990.9
45200,14.7440,20.0,990.9
45201,14.7435,20.0,990.9
45202,14.7435,20.0,991.0
45203,14.7435,20.0,991.0
45204,14.7435,20.0,991.0
45205,14.7435,20.0,991.0
45206,14.7435,20.0,991.0
45207,14.7435,20.0,991.1
45208,14.7435,20.0,991.1
45209,14.7435,20.0,991.1
45210,14.7435,20.0,991.1
45211,14.7435,20.0,991.2
45212,14.7435,20.0,991.2
45213,14.7435,20.0,991.2
45214,14.7435,20.0,991.2
45215,14.7435,20.0,991.2
45216,14.7435,20.0,991.3
45217,14.7435,20.0,991.3
45218,14.7435,20.0,991.3
45219,14.7435,20.0,991.3
45220,14.7435,20.0,991.3
45221,14.7430,20.0,991.4
45222,14.7430,20.0,991.4
45223,14.7430,20.0,991.4
45224,14.7430,20.0,991.4
45225,14.7430,20.0,991.4
45226,14.7430,20.0,991.5
45227,14.7430,20.0,991.5
45228,14.7430,20.0,991.5
45229,14.7430,20.0,991.5
45230,14.7430,20.0,991.5
45231,14.7430,20.0,991.5
45232,14.7430,20.0,991.6
45233,14.7430,20.0,991.6
45234,14.7430,20.0,991.6
45235,14.7430,20.0,991.6
45236,14.7430,20.0,991.7
45237,14.7430,20.0,991.7
45238,14.7430,20.0,991.7
45239,14.7430,20.0,991.7
45240,14.7430,20.0,991.7
45241,14.7425,20.0,991.8
45242,14.7425,20.0,991.8
45243,14.7425,20.0,991.8
45244,14.7425,20.0,991.8
45245,14.7425,20.0,991.9
45246,14.7425,20.0,991.9
45247,14.7425,20.0,991.9
45248,14.7425,20.0,991.9
45249,14.7425,20.0,991.9
45250,14.7425,20.0,992.0
45251,14.7425,20.0,992.0
45252,14.7425,20.0,992.0
45253,14.7425,20.0,992.0
45254,14.7425,20.0,992.0
45255,14.7425,20.0,992.1
45256,14.7425,20.0,992.1
45257,14.7425,20.0,992.1
45258,14.7425,20.0,992.1
45259,14.7425,20.0,992.1
45260,14.7425,20.0,992.2
45261,14.7420,20.0,992.2
45262,14.7420,20.0,992.2
45263,14.7420,20.0,992.2
45264,14.7420,20.0,992.3
45265,14.7420,20.0,992.3
45266,14.7420,20.0,992.3
45267,14.7420,20.0,992.3
45268,14.7420,20.0,992.3
45269,14.7420,20.0,992.3
45270,14.7420,20.0,992.4
45271,14.7420,20.0,992.4
45272,14.7420,20.0,992.4
45273,14.7420,20.0,992.4
45274,14.7420,20.0,992.5
45275,14.7420,20.0,992.5
45276,14.7420,20.0,992.5
45277,14.7420,20.0,992.5
45278,14.7420,20.0,992.5
45279,14.7420,20.0,992.6
45280,14.7420,20.0,992.6
45281,14.7415,20.0,992.6
45282,14.7415,20.0,992.6
45283,14.7415,20.0,992.6
45284,14.7415,20.0,992.6
45285,14.7415,20.0,992.7
45286,14.7415,20.0,992.7
45287,14.7415,20.0,992.7
45288,14.7415,20.0,992.7
45289,14.7415,20.0,992.8
45290,14.7415,20.0,992.8
45291,14.7415,20.0,992.8
45292,14.7415,20.0,992.8
45293,14.7415,20.0,992.9
45294,14.7415,20.0,992.9
45295,14.7415,20.0,992.9
45296,14.7415,20.0,992.9
45297,14.7415,20.0,992.9
45298,14.7415,20.0,992.9
45299,14.7415,20.0,993.0
45300,14.7415,20.0,993.0
45301,14.7410,20.0,993.0
45302,14.7410,20.0,993.0
45303,14.7410,20.0,993.0
45304,14.7410,20.0,993.1
45305,14.7410,20.0,993.1
45306,14.7410,20.0,993.1
45307,14.7410,20.0,993.1
45308,14.7410,20.0,993.1
45309,14.7410,20.0,993.2
45310,14.7410,20.0,993.2
45311,14.7410,20.0,993.2
45312,14.7410,20.0,993.2
45313,14.7410,20.0,993.2
45314,14.7410,20.0,993.3
45315,14.7410,20.0,993.3
45316,14.7410,20.0,993.3
45317,14.7410,20.0,993.3
45318,14.7410,20.0,993.3
45319,14.7410,20.0,993.4
45320,14.7410,20.0,993.4
45321,14.7405,20.0,993.4
45322,14.7405,20.0,993.4
45323,14.7405,20.0,993.5
45324,14.7405,20.0,993.5
45325,14.7405,20.0,993.5
45326,14.7405,20.0,993.5
45327,14.7405,20.0,993.5
45328,14.7405,20.0,993.5
45329,14.7405,20.0,993.6
45330,14.7405,20.0,993.6
45331,14.7405,20.0,993.6
45332,14.7405,20.0,993.6
45333,14.7405,20.0,993.7
45334,14.7405,20.0,993.7
45335,14.7405,20.0,993.7
45336,14.7405,20.0,993.7
45337,14.7405,20.0,993.7
45338,14.7405,20.0,993.7
45339,14.7405,20.0,993.8
45340,14.7405,20.0,993.8
45341,14.7400,20.0,993.8
45342,14.7400,20.0,993.8
45343,14.7400,20.0,993.9
45344,14.7400,20.0,993.9
45345,14.7400,20.0,993.9
45346,14.7400,20.0,993.9
45347,14.7400,20.0,993.9
45348,14.7400,20.0,994.0
45349,14.7400,20.0,994.0
45350,14.7400,20.0,994.0
45351,14.7400,20.0,994.0
45352,14.7400,20.0,994.0
45353,14.7400,20.0,994.1
45354,14.7400,20.0,994.1
45355,14.7400,20.0,994.1
45356,14.7400,20.0,994.1
45357,14.7400,20.0,994.1
45358,14.7400,20.0,994.2
45359,14.7400,20.0,994.2
45360,14.7400,20.0,994.2
45361,14.7395,20.0,994.2
45362,14.7395,20.0,994.3
45363,14.7395,20.0,994.3
45364,14.7395,20.0,994.3
45365,14.7395,20.0,994.3
45366,14.7395,20.0,994.3
45367,14.7395,20.0,994.4
45368,14.7395,20.0,994.4
45369,14.7395,20.0,994.4
45370,14.7395,20.0,994.4
45371,14.7395,20.0,994.4
45372,14.7395,20.0,994.4
45373,14.7395,20.0,994.5
45374,14.7395,20.0,994.5
45375,14.7395,20.0,994.5
45376,14.7395,20.0,994.5
45377,14.7395,20.0,994.5
45378,14.7395,20.0,994.6
45379,14.7395,20.0,994.6
45380,14.7395,20.0,994.6
45381,14.7390,20.0,994.6
45382,14.7390,20.0,994.6
45383,14.7390,20.0,994.7
45384,14.7390,20.0,994.7
45385,14.7390,20.0,994.7
45386,14.7390,20.0,994.7
45387,14.7390,20.0,994.7
45388,14.7390,20.0,994.8
45389,14.7390,20.0,994.8
45390,14.7390,20.0,994.8
45391,14.7390,20.0,994.8
45392,14.7390,20.0,994.8
45393,14.7390,20.0,994.9
45394,14.7390,20.0,994.9
45395,14.7390,20.0,994.9
45396,14.7390,20.0,994.9
45397,14.7390,20.0,995.0
45398,14.7390,20.0,995.0
45399,14.7390,20.0,995.0
45400,14.7390,20.0,995.0
45401,14.7385,20.0,995.0
45402,14.7385,20.0,995.1
45403,14.7385,20.0,995.1
45404,14.7385,20.0,995.1
45405,14.7385,20.0,995.1
45406,14.7385,20.0,995.1
45407,14.7385,20.0,995.2
45408,14.7385,20.0,995.2
45409,14.7385,20.0,995.2
45410,14.7385,20.0,995.2
45411,14.7385,20.0,995.2
45412,14.7385,20.0,995.3
45413,14.7385,20.0,995.3
45414,14.7385,20.0,995.3
45415,14.7385,20.0,995.3
45416,14.7385,20.0,995.3
45417,14.7385,20.0,995.4
45418,14.7385,20.0,995.4
45419,14.7385,20.0,995.4
45420,14.7385,20.0,995.4
45421,14.7380,20.0,995.4
45422,14.7380,20.0,995.5
45423,14.7380,20.0,995.5
45424,14.7380,20.0,995.5
45425,14.7380,20.0,995.5
45426,14.7380,20.0,995.6
45427,14.7380,20.0,995.6
45428,14.7380,20.0,995.6
45429,14.7380,20.0,995.6
45430,14.7380,20.0,995.6
45431,14.7380,20.0,995.7
45432,14.7380,20.0,995.7
45433,14.7380,20.0,995.7
45434,14.7380,20.0,995.7
45435,14.7380,20.0,995.8
45436,14.7380,20.0,995.8
45437,14.7380,20.0,995.8
45438,14.7380,20.0,995.8
45439,14.7380,20.0,995.8
45440,14.7380,20.0,995.9
45441,14.7375,20.0,995.9
45442,14.7375,20.0,995.9
45443,14.7375,20.0,995.9
45444,14.7375,20.0,995.9
45445,14.7375,20.0,996.0
45446,14.7375,20.0,996.0
45447,14.7375,20.0,996.0
45448,14.7375,20.0,996.0
45449,14.7375,20.0,996.0
45450,14.7375,20.0,996.1
45451,14.7375,20.0,996.1
45452,14.7375,20.0,996.1
45453,14.7375,20.0,996.1
45454,14.7375,20.0,996.1
45455,14.7375,20.0,996.1
45456,14.7375,20.0,996.2
45457,14.7375,20.0,996.2
45458,14.7375,20.0,996.2
45459,14.7375,20.0,996.2
45460,14.7375,20.0,996.2
45461,14.7370,20.0,996.3
45462,14.7370,20.0,996.3
45463,14.7370,20.0,996.3
45464,14.7370,20.0,996.3
45465,14.7370,20.0,996.3
45466,14.7370,20.0,996.4
45467,14.7370,20.0,996.4
45468,14.7370,20.0,996.4
45469,14.7370,20.0,996.4
45470,14.7370,20.0,996.4
45471,14.7370,20.0,996.5
45472,14.7370,20.0,996.5
45473,14.7370,20.0,996.5
45474,14.7370,20.0,996.5
45475,14.7370,20.0,996.5
45476,14.7370,20.0,996.6
45477,14.7370,20.0,996.6
45478,14.7370,20.0,996.6
45479,14.7370,20.0,996.6
45480,14.7370,20.0,996.6
45481,14.7365,20.0,996.7
45482,14.7365,20.0,996.7
45483,14.7365,20.0,996.7
45484,14.7365,20.0,996.7
45485,14.7365,20.0,996.8
45486,14.7365,20.0,996.8
45487,14.7365,20.0,996.8
45488,14.7365,20.0,996.8
45489,14.7365,20.0,996.8
45490,14.7365,20.0,996.9
45491,14.7365,20.0,996.9
45492,14.7365,20.0,996.9
45493,14.7365,20.0,996.9
45494,14.7365,20.0,996.9
45495,14.7365,20.0,996.9
45496,14.7365,20.0,997.0
45497,14.7365,20.0,997.0
45498,14.7365,20.0,997.0
45499,14.7365,20.0,997.0
45500,14.7365,20.0,997.1
45501,14.7360,20.0,997.1
45502,14.7360,20.0,997.1
45503,14.7360,20.0,997.1
45504,14.7360,20.0,997.1
45505,14.7360,20.0,997.2
45506,14.7360,20.0,997.2
45507,14.7360,20.0,997.2
45508,14.7360,20.0,997.2
45509,14.7360,20.0,997.2
45510,14.7360,20.0,997.3
45511,14.7360,20.0,997.3
45512,14.7360,20.0,997.3
45513,14.7360,20.0,997.3
45514,14.7360,20.0,997.3
45515,14.7360,20.0,997.3
45516,14.7360,20.0,997.4
45517,14.7360,20.0,997.4
45518,14.7360,20.0,997.4
45519,14.7360,20.0,997.4
45520,14.7360,20.0,997.4
45521,14.7355,20.0,997.5
45522,14.7355,20.0,997.5
45523,14.7355,20.0,997.5
45524,14.7355,20.0,997.5
45525,14.7355,20.0,997.6
45526,14.7355,20.0,997.6
45527,14.7355,20.0,997.6
45528,14.7355,20.0,997.6
45529,14.7355,20.0,997.6
45530,14.7355,20.0,997.7
45531,14.7355,20.0,997.7
45532,14.7355,20.0,997.7
45533,14.7355,20.0,997.7
45534,14.7355,20.0,997.7
45535,14.7355,20.0,997.8
45536,14.7355,20.0,997.8
45537,14.7355,20.0,997.8
45538,14.7355,20.0,997.8
45539,14.7355,20.0,997.9
45540,14.7355,20.0,997.9
45541,14.7350,20.0,997.9
45542,14.7350,20.0,997.9
45543,14.7350,20.0,997.9
45544,14.7350,20.0,998.0
45545,14.7350,20.0,998.0
45546,14.7350,20.0,998.0
45547,14.7350,20.0,998.0
45548,14.7350,20.0,998.0
45549,14.7350,20.0,998.1
45550,14.7350,20.0,998.1
45551,14.7350,20.0,998.1
45552,14.7350,20.0,998.1
45553,14.7350,20.0,998.1
45554,14.7350,20.0,998.2
45555,14.7350,20.0,998.2
45556,14.7350,20.0,998.2
45557,14.7350,20.0,998.2
45558,14.7350,20.0,998.2
45559,14.7350,20.0,998.3
45560,14.7350,20.0,998.3
45561,14.7344,20.0,998.3
45562,14.7344,20.0,998.3
45563,14.7344,20.0,998.3
45564,14.7344,20.0,998.4
45565,14.7344,20.0,998.4
45566,14.7344,20.0,998.4
45567,14.7344,20.0,998.4
45568,14.7344,20.0,998.4
45569,14.7344,20.0,998.7
45570,14.7344,20.0,998.8
45571,14.7344,20.0,998.8
45572,14.7344,20.0,998.8
45573,14.7344,20.0,998.8
45574,14.7344,20.0,998.8
45575,14.7344,20.0,998.9
45576,14.7344,20.0,998.9
45577,14.7344,20.0,998.9
45578,14.7344,20.0,998.9
45579,14.7344,20.0,998.9
45580,14.7344,20.0,999.0
45581,14.7539,20.0,999.0
45582,14.7539,20.0,999.0
45583,14.7539,20.0,999.0
45584,14.7539,20.0,999.1
45585,14.7539,20.0,999.1
45586,14.7539,20.0,999.1
45587,14.7539,20.0,999.1
45588,14.7539,20.0,999.1
45589,14.7539,20.0,999.2
45590,14.7539,20.0,999.2
45591,14.7539,20.0,999.2
45592,14.7539,20.0,999.2
45593,14.7539,20.0,999.2
45594,14.7539,20.0,999.3
45595,14.7539,20.0,999.3
45596,14.7539,20.0,999.3
45597,14.7539,20.0,999.3
45598,14.7539,20.0,999.4
45599,14.7539,20.0,999.4
45600,14.7539,20.0,999.4
45601,14.7734,20.0,999.4
45602,14.7734,20.0,999.4
45603,14.7734,20.0,999.5
45604,14.7734,20.0,999.5
45605,14.7734,20.0,999.5
45606,14.7734,20.0,999.5
45607,14.7734,20.0,999.6
45608,14.7734,20.0,999.6
45609,14.7734,20.0,999.6
45610,14.7734,20.0,999.6
45611,14.7734,20.0,999.6
45612,14.7734,20.0,999.7
45613,14.7734,20.0,999.7
45614,14.7734,20.0,999.7
45615,14.7734,20.0,999.7
45616,14.7734,20.0,999.7
45617,14.7734,20.0,999.8
45618,14.7734,20.0,999.8
45619,14.7734,20.0,999.8
45620,14.7734,20.0,999.8
45621,14.7930,20.0,999.8
45622,14.7930,20.0,999.9
45623,14.7930,20.0,999.9
45624,14.7930,20.0,999.9
45625,14.7930,20.0,999.9
45626,14.7930,20.0,999.9
45627,14.7930,20.0,1000.0
45628,14.7930,20.0,1000.0
45629,14.7930,20.0,1000.0
45630,14.7930,20.0,1000.0
45631,14.7930,20.0,1000.1
45632,14.7930,20.0,1000.1
45633,14.7930,20.0,1000.1
45634,14.7930,20.0,1000.1
45635,14.7930,20.0,1000.2
45636,14.7930,20.0,1000.2
45637,14.7930,20.0,1000.2
45638,14.7930,20.0,1000.2
45639,14.7930,20.0,1000.2
45640,14.7930,20.0,1000.3
45641,14.8126,20.0,1000.3
45642,14.8126,20.0,1000.3
45643,14.8126,20.0,1000.3
45644,14.8126,20.0,1000.4
45645,14.8126,20.0,1000.4
45646,14.8126,20.0,1000.4
45647,14.8126,20.0,1000.4
45648,14.8126,20.0,1000.4
45649,14.8126,20.0,1000.5
45650,14.8126,20.0,1000.5
45651,14.8126,20.0,1000.5
45652,14.8126,20.0,1000.5
45653,14.8126,20.0,1000.5
45654,14.8126,20.0,1000.6
45655,14.8126,20.0,1000.6
45656,14.8126,20.0,1000.6
45657,14.8126,20.0,1000.6
45658,14.8126,20.0,1000.6
45659,14.8126,20.0,1000.6
45660,14.8126,20.0,1000.7
45661,14.8321,20.0,1000.7
45662,14.8321,20.0,1000.7
45663,14.8321,20.0,1000.7
45664,14.8321,20.0,1000.8
45665,14.8321,20.0,1000.8
45666,14.8321,20.0,1000.8
45667,14.8321,20.0,1000.8
45668,14.8321,20.0,1000.8
45669,14.8321,20.0,1000.9
45670,14.8321,20.0,1000.9
45671,14.8321,20.0,1000.9
45672,14.8321,20.0,1000.9
45673,14.8321,20.0,1000.9
45674,14.8321,20.0,1001.0
45675,14.8321,20.0,1001.0
45676,14.8321,20.0,1001.0
45677,14.8321,20.0,1001.0
45678,14.8321,20.0,1001.0
45679,14.8321,20.0,1001.1
45680,14.8321,20.0,1001.1
45681,14.8517,20.0,1001.1
45682,14.8517,20.0,1001.1
45683,14.8517,20.0,1001.2
45684,14.8517,20.0,1001.2
45685,14.8517,20.0,1001.2
45686,14.8517,20.0,1001.2
45687,14.8517,20.0,1001.2
45688,14.8517,20.0,1001.2
45689,14.8517,20.0,1001.3
45690,14.8517,20.0,1001.3
45691,14.8517,20.0,1001.3
45692,14.8517,20.0,1001.3
45693,14.8517,20.0,1001.3
45694,14.8517,20.0,1001.4
45695,14.8517,20.0,1001.4
45696,14.8517,20.0,1001.4
45697,14.8517,20.0,1001.4
45698,14.8517,20.0,1001.4
45699,14.8517,20.0,1001.5
45700,14.8517,20.0,1001.5
45701,14.8713,20.0,1001.5
45702,14.8713,20.0,1001.5
45703,14.8713,20.0,1001.5
45704,14.8713,20.0,1001.6
45705,14.8713,20.0,1001.6
45706,14.8713,20.0,1001.6
45707,14.8713,20.0,1001.6
45708,14.8713,20.0,1001.6
45709,14.8713,20.0,1001.7
45710,14.8713,20.0,1001.7
45711,14.8713,20.0,1001.7
45712,14.8713,20.0,1001.7
45713,14.8713,20.0,1001.7
45714,14.8713,20.0,1001.8
45715,14.8713,20.0,1001.8
45716,14.8713,20.0,1001.8
45717,14.8713,20.0,1001.8
45718,14.8713,20.0,1001.8
45719,14.8713,20.0,1001.9
45720,14.8713,20.0,1001.9
45721,14.8908,20.0,1001.9
45722,14.8908,20.0,1001.9
45723,14.8908,20.0,1002.0
45724,14.8908,20.0,1002.0
45725,14.8908,20.0,1002.0
45726,14.8908,20.0,1002.0
45727,14.8908,20.0,1002.0
45728,14.8908,20.0,1002.0
45729,14.8908,20.0,1002.1
45730,14.8908,20.0,1002.1
45731,14.8908,20.0,1002.1
45732,14.8908,20.0,1002.1
45733,14.8908,20.0,1002.2
45734,14.8908,20.0,1002.2
45735,14.8908,20.0,1002.2
45736,14.8908,20.0,1002.2
45737,14.8908,20.0,1002.2
45738,14.8908,20.0,1002.3
45739,14.8908,20.0,1002.3
45740,14.8908,20.0,1002.3
45741,14.9104,20.0,1002.3
45742,14.9104,20.0,1002.4
45743,14.9104,20.0,1002.4
45744,14.9104,20.0,1002.4
45745,14.9104,20.0,1002.4
45746,14.9104,20.0,1002.4
45747,14.9104,20.0,1002.5
45748,14.9104,20.0,1002.5
45749,14.9104,20.0,1002.5
45750,14.9104,20.0,1002.5
45751,14.9104,20.0,1002.5
45752,14.9104,20.0,1002.6
45753,14.9104,20.0,1002.6
45754,14.9104,20.0,1002.6
45755,14.9104,20.0,1002.6
45756,14.9104,20.0,1002.6
45757,14.9104,20.0,1002.7
45758,14.9104,20.0,1002.7
45759,14.9104,20.0,1002.7
45760,14.9104,20.0,1002.7
45761,14.9299,20.0,1002.8
45762,14.9299,20.0,1002.8
45763,14.9299,20.0,1002.8
45764,14.9299,20.0,1002.8
45765,14.9299,20.0,1002.8
45766,14.9299,20.0,1002.9
45767,14.9299,20.0,1002.9
45768,14.9299,20.0,1002.9
45769,14.9299,20.0,1002.9
45770,14.9299,20.0,1003.0
45771,14.9299,20.0,1003.0
45772,14.9299,20.0,1003.0
45773,14.9299,20.0,1003.0
45774,14.9299,20.0,1003.0
45775,14.9299,20.0,1003.1
45776,14.9299,20.0,1003.1
45777,14.9299,20.0,1003.1
45778,14.9299,20.0,1003.1
45779,14.9299,20.0,1003.1
45780,14.9299,20.0,1003.2
45781,14.9495,20.0,1003.2
45782,14.9495,20.0,1003.2
45783,14.9495,20.0,1003.2
45784,14.9495,20.0,1003.2
45785,14.9495,20.0,1003.3
45786,14.9495,20.0,1003.3
45787,14.9495,20.0,1003.3
45788,14.9495,20.0,1003.3
45789,14.9495,20.0,1003.3
45790,14.9495,20.0,1003.4
45791,14.9495,20.0,1003.4
45792,14.9495,20.0,1003.4
45793,14.9495,20.0,1003.4
45794,14.9495,20.0,1003.4
45795,14.9495,20.0,1003.4
45796,14.9495,20.0,1003.5
45797,14.9495,20.0,1003.5
45798,14.9495,20.0,1003.5
45799,14.9495,20.0,1003.5
45800,14.9495,20.0,1003.6
45801,14.9691,20.0,1003.6
45802,14.9691,20.0,1003.6
45803,14.9691,20.0,1003.6
45804,14.9691,20.0,1003.6
45805,14.9691,20.0,1003.7
45806,14.9691,20.0,1003.7
45807,14.9691,20.0,1003.7
45808,14.9691,20.0,1003.7
45809,14.9691,20.0,1003.7
45810,14.9691,20.0,1003.7
45811,14.9691,20.0,1003.8
45812,14.9691,20.0,1003.8
45813,14.9691,20.0,1003.8
45814,14.9691,20.0,1003.8
45815,14.9691,20.0,1003.8
45816,14.9691,20.0,1003.9
45817,14.9691,20.0,1003.9
45818,14.9691,20.0,1003.9
45819,14.9691,20.0,1003.9
45820,14.9691,20.0,1004.0
45821,14.9886,20.0,1004.0
45822,14.9886,20.0,1004.0
45823,14.9886,20.0,1004.0
45824,14.9886,20.0,1004.0
45825,14.9886,20.0,1004.1
45826,14.9886,20.0,1004.1
45827,14.9886,20.0,1004.1
45828,14.9886,20.0,1004.1
45829,14.9886,20.0,1004.1
45830,14.9886,20.0,1004.2
45831,14.9886,20.0,1004.2
45832,14.9886,20.0,1004.2
45833,14.9886,20.0,1004.2
45834,14.9886,20.0,1004.3
45835,14.9886,20.0,1004.3
45836,14.9886,20.0,1004.3
45837,14.9886,20.0,1004.3
45838,14.9886,20.0,1004.3
45839,14.9886,20.0,1004.4
45840,14.9886,20.0,1004.4
45841,15.0082,20.0,1004.4
45842,15.0082,20.0,1004.4
45843,15.0082,20.0,1004.5
45844,15.0082,20.0,1004.5
45845,15.0082,20.0,1004.5
45846,15.0082,20.0,1004.5
45847,15.0082,20.0,1004.6
45848,15.0082,20.0,1004.6
45849,15.0082,20.0,1004.6
45850,15.0082,20.0,1004.6
45851,15.0082,20.0,1004.7
45852,15.0082,20.0,1004.7
45853,15.0082,20.0,1004.7
45854,15.0082,20.0,1004.7
45855,15.0082,20.0,1004.7
45856,15.0082,20.0,1004.7
45857,15.0082,20.0,1004.8
45858,15.0082,20.0,1004.8
45859,15.0082,20.0,1004.8
45860,15.0082,20.0,1004.8
45861,15.0278,20.0,1004.8
45862,15.0278,20.0,1004.9
45863,15.0278,20.0,1004.9
45864,15.0278,20.0,1004.9
45865,15.0278,20.0,1004.9
45866,15.0278,20.0,1004.9
45867,15.0278,20.0,1005.0
45868,15.0278,20.0,1005.0
45869,15.0278,20.0,1005.0
45870,15.0278,20.0,1005.0
45871,15.0278,20.0,1005.0
45872,15.0278,20.0,1005.1
45873,15.0278,20.0,1005.1
45874,15.0278,20.0,1005.1
45875,15.0278,20.0,1005.1
45876,15.0278,20.0,1005.1
45877,15.0278,20.0,1005.2
45878,15.0278,20.0,1005.2
45879,15.0278,20.0,1005.2
45880,15.0278,20.0,1005.2
45881,15.0473,20.0,1005.3
45882,15.0473,20.0,1005.3
45883,15.0473,20.0,1005.3
45884,15.0473,20.0,1005.3
45885,15.0473,20.0,1005.3
45886,15.0473,20.0,1005.4
45887,15.0473,20.0,1005.4
45888,15.0473,20.0,1005.4
45889,15.0473,20.0,1005.4
45890,15.0473,20.0,1005.4
45891,15.0473,20.0,1005.5
45892,15.0473,20.0,1005.5
45893,15.0473,20.0,1005.5
45894,15.0473,20.0,1005.5
45895,15.0473,20.0,1005.6
45896,15.0473,20.0,1005.6
45897,15.0473,20.0,1005.6
45898,15.0473,20.0,1005.6
45899,15.0473,20.0,1005.6
45900,15.0473,20.0,1005.7
45901,15.0669,20.0,1005.7
45902,15.0669,20.0,1005.7
45903,15.0669,20.0,1005.7
45904,15.0669,20.0,1005.7
45905,15.0669,20.0,1005.7
45906,15.0669,20.0,1005.8
45907,15.0669,20.0,1005.8
45908,15.0669,20.0,1005.8
45909,15.0669,20.0,1005.8
45910,15.0669,20.0,1005.9
45911,15.0669,20.0,1005.9
45912,15.0669,20.0,1005.9
45913,15.0669,20.0,1005.9
45914,15.0669,20.0,1005.9
45915,15.0669,20.0,1006.0
45916,15.0669,20.0,1006.0
45917,15.0669,20.0,1006.0
45918,15.0669,20.0,1006.0
45919,15.0669,20.0,1006.0
45920,15.0669,20.0,1006.1
45921,15.0865,20.0,1006.1
45922,15.0865,20.0,1006.1
45923,15.0865,20.0,1006.1
45924,15.0865,20.0,1006.2
45925,15.0865,20.0,1006.2
45926,15.0865,20.0,1006.2
45927,15.0865,20.0,1006.2
45928,15.0865,20.0,1006.2
45929,15.0865,20.0,1006.3
45930,15.0865,20.0,1006.3
45931,15.0865,20.0,1006.3
45932,15.0865,20.0,1006.3
45933,15.0865,20.0,1006.3
45934,15.0865,20.0,1006.4
45935,15.0865,20.0,1006.4
45936,15.0865,20.0,1006.4
45937,15.0865,20.0,1006.4
45938,15.0865,20.0,1006.4
45939,15.0865,20.0,1006.4
45940,15.0865,20.0,1006.5
45941,15.1060,20.0,1006.5
45942,15.1060,20.0,1006.5
45943,15.1060,20.0,1006.5
45944,15.1060,20.0,1006.5
45945,15.1060,20.0,1006.6
45946,15.1060,20.0,1006.6
45947,15.1060,20.0,1006.6
45948,15.1060,20.0,1006.6
45949,15.1060,20.0,1006.6
45950,15.1060,20.0,1006.7
45951,15.1060,20.0,1006.7
45952,15.1060,20.0,1006.7
45953,15.1060,20.0,1006.7
45954,15.1060,20.0,1006.8
45955,15.1060,20.0,1006.8
45956,15.1060,20.0,1006.8
45957,15.1060,20.0,1006.8
45958,15.1060,20.0,1006.8
45959,15.1060,20.0,1006.9
45960,15.1060,20.0,1006.9
45961,15.1256,20.0,1006.9
45962,15.1256,20.0,1006.9
45963,15.1256,20.0,1006.9
45964,15.1256,20.0,1007.0
45965,15.1256,20.0,1007.0
45966,15.1256,20.0,1007.0
45967,15.1256,20.0,1007.0
45968,15.1256,20.0,1007.1
45969,15.1256,20.0,1007.1
45970,15.1256,20.0,1007.1
45971,15.1256,20.0,1007.1
45972,15.1256,20.0,1007.1
45973,15.1256,20.0,1007.2
45974,15.1256,20.0,1007.2
45975,15.1256,20.0,1007.2
45976,15.1256,20.0,1007.2
45977,15.1256,20.0,1007.2
45978,15.1256,20.0,1007.2
45979,15.1256,20.0,1007.3
45980,15.1256,20.0,1007.3
45981,15.1452,20.0,1007.3
45982,15.1452,20.0,1007.3
45983,15.1452,20.0,1007.3
45984,15.1452,20.0,1007.4
45985,15.1452,20.0,1007.4
45986,15.1452,20.0,1007.4
45987,15.1452,20.0,1007.4
45988,15.1452,20.0,1007.4
45989,15.1452,20.0,1007.4
45990,15.1452,20.0,1007.5
45991,15.1452,20.0,1007.5
45992,15.1452,20.0,1007.5
45993,15.1452,20.0,1007.5
45994,15.1452,20.0,1007.6
45995,15.1452,20.0,1007.6
45996,15.1452,20.0,1007.6
45997,15.1452,20.0,1007.6
45998,15.1452,20.0,1007.6
45999,15.1452,20.0,1007.6
46000,15.1452,20.0,1007.7
46001,15.1647,20.0,1007.7
46002,15.1647,20.0,1007.7
46003,15.1647,20.0,1007.7
46004,15.1647,20.0,1007.7
46005,15.1647,20.0,1007.7
46006,15.1647,20.0,1007.8
46007,15.1647,20.0,1007.8
46008,15.1647,20.0,1007.8
46009,15.1647,20.0,1007.9
46010,15.1647,20.0,1007.9
46011,15.1647,20.0,1007.9
46012,15.1647,20.0,1007.9
46013,15.1647,20.0,1007.9
46014,15.1647,20.0,1008.0
46015,15.1647,20.0,1008.0
46016,15.1647,20.0,1008.0
46017,15.1647,20.0,1008.0
46018,15.1647,20.0,1008.0
46019,15.1647,20.0,1008.1
46020,15.1647,20.0,1008.1
46021,15.1843,20.0,1008.1
46022,15.1843,20.0,1008.1
46023,15.1843,20.0,1008.1
46024,15.1843,20.0,1008.2
46025,15.1843,20.0,1008.2
46026,15.1843,20.0,1008.2
46027,15.1843,20.0,1008.2
46028,15.1843,20.0,1008.2
46029,15.1843,20.0,1008.3
46030,15.1843,20.0,1008.3
46031,15.1843,20.0,1008.3
46032,15.1843,20.0,1008.3
46033,15.1843,20.0,1008.3
46034,15.1843,20.0,1008.3
46035,15.1843,20.0,1008.4
46036,15.1843,20.0,1008.4
46037,15.1843,20.0,1008.4
46038,15.1843,20.0,1008.4
46039,15.1843,20.0,1008.5
46040,15.1843,20.0,1008.5
46041,15.2039,20.0,1008.5
46042,15.2039,20.0,1008.5
46043,15.2039,20.0,1008.5
46044,15.2039,20.0,1008.6
46045,15.2039,20.0,1008.6
46046,15.2039,20.0,1008.6
46047,15.2039,20.0,1008.6
46048,15.2039,20.0,1008.6
46049,15.2039,20.0,1008.7
46050,15.2039,20.0,1008.7
46051,15.2039,20.0,1008.7
46052,15.2039,20.0,1008.7
46053,15.2039,20.0,1008.7
46054,15.2039,20.0,1008.8
46055,15.2039,20.0,1008.8
46056,15.2039,20.0,1008.8
46057,15.2039,20.0,1008.8
46058,15.2039,20.0,1008.8
46059,15.2039,20.0,1008.9
46060,15.2039,20.0,1008.9
46061,15.2236,20.0,1008.9
46062,15.2236,20.0,1008.9
46063,15.2236,20.0,1009.0
46064,15.2236,20.0,1009.0
46065,15.2236,20.0,1009.0
46066,15.2236,20.0,1009.0
46067,15.2236,20.0,1009.0
46068,15.2236,20.0,1009.1
46069,15.2236,20.0,1009.1
46070,15.2236,20.0,1009.1
46071,15.2236,20.0,1009.1
46072,15.2236,20.0,1009.1
46073,15.2236,20.0,1009.2
46074,15.2236,20.0,1009.2
46075,15.2236,20.0,1009.2
46076,15.2236,20.0,1009.2
46077,15.2236,20.0,1009.2
46078,15.2236,20.0,1009.3
46079,15.2236,20.0,1009.3
46080,15.2236,20.0,1009.3
46081,15.2433,20.0,1009.6
46082,15.2433,20.0,1009.6
46083,15.2433,20.0,1009.6
46084,15.2433,20.0,1009.6
46085,15.2433,20.0,1009.7
46086,15.2433,20.0,1009.7
46087,15.2433,20.0,1009.7
46088,15.2433,20.0,1009.7
46089,15.2433,20.0,1009.7
46090,15.2433,20.0,1009.7
46091,15.2433,20.0,1009.8
46092,15.2433,20.0,1009.8
46093,15.2433,20.0,1009.8
46094,15.2433,20.0,1009.8
46095,15.2433,20.0,1009.8
46096,15.2433,20.0,1009.9
46097,15.2433,20.0,1009.9
46098,15.2433,20.0,1009.9
46099,15.2433,20.0,1009.9
46100,15.2433,20.0,1009.9
46101,15.2628,20.0,1010.0
46102,15.2628,20.0,1010.0
46103,15.2628,20.0,1010.0
46104,15.2628,20.0,1010.0
46105,15.2628,20.0,1010.0
46106,15.2628,20.0,1010.1
46107,15.2628,20.0,1010.1
46108,15.2628,20.0,1010.1
46109,15.2628,20.0,1010.1
46110,15.2628,20.0,1010.1
46111,15.2628,20.0,1010.2
46112,15.2628,20.0,1010.2
46113,15.2628,20.0,1010.2
46114,15.2628,20.0,1010.2
46115,15.2628,20.0,1010.2
46116,15.2628,20.0,1010.3
46117,15.2628,20.0,1010.3
46118,15.2628,20.0,1010.3
46119,15.2628,20.0,1010.3
46120,15.2628,20.0,1010.4
46121,15.2823,20.0,1010.4
46122,15.2823,20.0,1010.4
46123,15.2823,20.0,1010.4
46124,15.2823,20.0,1010.4
46125,15.2823,20.0,1010.5
46126,15.2823,20.0,1010.5
46127,15.2823,20.0,1010.5
46128,15.2823,20.0,1010.5
46129,15.2823,20.0,1010.5
46130,15.2823,20.0,1010.6
46131,15.2823,20.0,1010.6
46132,15.2823,20.0,1010.6
46133,15.2823,20.0,1010.6
46134,15.2823,20.0,1010.6
46135,15.2823,20.0,1010.7
46136,15.2823,20.0,1010.7
46137,15.2823,20.0,1010.7
46138,15.2823,20.0,1010.7
46139,15.2823,20.0,1010.7
46140,15.2823,20.0,1010.8
46141,15.3018,20.0,1010.8
46142,15.3018,20.0,1010.8
46143,15.3018,20.0,1010.8
46144,15.3018,20.0,1010.8
46145,15.3018,20.0,1010.9
46146,15.3018,20.0,1010.9
46147,15.3018,20.0,1010.9
46148,15.3018,20.0,1010.9
46149,15.3018,20.0,1010.9
46150,15.3018,20.0,1010.9
46151,15.3018,20.0,1011.0
46152,15.3018,20.0,1011.0
46153,15.3018,20.0,1011.0
46154,15.3018,20.0,1011.0
46155,15.3018,20.0,1011.1
46156,15.3018,20.0,1011.1
46157,15.3018,20.0,1011.1
46158,15.3018,20.0,1011.1
46159,15.3018,20.0,1011.1
46160,15.3018,20.0,1011.2
46161,15.3213,20.0,1011.2
46162,15.3213,20.0,1011.2
46163,15.3213,20.0,1011.2
46164,15.3213,20.0,1011.3
46165,15.3213,20.0,1011.3
46166,15.3213,20.0,1011.3
46167,15.3213,20.0,1011.3
46168,15.3213,20.0,1011.3
46169,15.3213,20.0,1011.4
46170,15.3213,20.0,1011.4
46171,15.3213,20.0,1011.4
46172,15.3213,20.0,1011.4
46173,15.3213,20.0,1011.4
46174,15.3213,20.0,1011.5
46175,15.3213,20.0,1011.5
46176,15.3213,20.0,1011.5
46177,15.3213,20.0,1011.5
46178,15.3213,20.0,1011.5
46179,15.3213,20.0,1011.6
46180,15.3213,20.0,1011.6
46181,15.3408,20.0,1011.6
46182,15.3408,20.0,1011.6
46183,15.3408,20.0,1011.7
46184,15.3408,20.0,1011.7
46185,15.3408,20.0,1011.7
46186,15.3408,20.0,1011.7
46187,15.3408,20.0,1011.7
46188,15.3408,20.0,1011.8
46189,15.3408,20.0,1011.8
46190,15.3408,20.0,1011.8
46191,15.3408,20.0,1011.8
46192,15.3408,20.0,1011.9
46193,15.3408,20.0,1011.9
46194,15.3408,20.0,1011.9
46195,15.3408,20.0,1011.9
46196,15.3408,20.0,1011.9
46197,15.3408,20.0,1012.0
46198,15.3408,20.0,1012.0
46199,15.3408,20.0,1012.0
46200,15.3408,20.0,1012.0
46201,15.3604,20.0,1012.0
46202,15.3604,20.0,1012.0
46203,15.3604,20.0,1012.1
46204,15.3604,20.0,1012.1
46205,15.3604,20.0,1012.1
46206,15.3604,20.0,1012.1
46207,15.3604,20.0,1012.2
46208,15.3604,20.0,1012.2
46209,15.3604,20.0,1012.2
46210,15.3604,20.0,1012.2
46211,15.3604,20.0,1012.2
46212,15.3604,20.0,1012.3
46213,15.3604,20.0,1012.3
46214,15.3604,20.0,1012.3
46215,15.3604,20.0,1012.3
46216,15.3604,20.0,1012.4
46217,15.3604,20.0,1012.4
46218,15.3604,20.0,1012.4
46219,15.3604,20.0,1012.4
46220,15.3604,20.0,1012.5
46221,15.3799,20.0,1012.5
46222,15.3799,20.0,1012.5
46223,15.3799,20.0,1012.5
46224,15.3799,20.0,1012.5
46225,15.3799,20.0,1012.6
46226,15.3799,20.0,1012.6
46227,15.3799,20.0,1012.6
46228,15.3799,20.0,1012.6
46229,15.3799,20.0,1012.7
46230,15.3799,20.0,1012.7
46231,15.3799,20.0,1012.7
46232,15.3799,20.0,1012.7
46233,15.3799,20.0,1012.7
46234,15.3799,20.0,1012.7
46235,15.3799,20.0,1012.8
46236,15.3799,20.0,1012.8
46237,15.3799,20.0,1012.8
46238,15.3799,20.0,1012.8
46239,15.3799,20.0,1012.8
46240,15.3799,20.0,1012.9
46241,15.3994,20.0,1012.9
46242,15.3994,20.0,1012.9
46243,15.3994,20.0,1012.9
46244,15.3994,20.0,1013.0
46245,15.3994,20.0,1013.0
46246,15.3994,20.0,1013.0
46247,15.3994,20.0,1013.0
46248,15.3994,20.0,1013.0
46249,15.3994,20.0,1013.1
46250,15.3994,20.0,1013.1
46251,15.3994,20.0,1013.1
46252,15.3994,20.0,1013.1
46253,15.3994,20.0,1013.1
46254,15.3994,20.0,1013.2
46255,15.3994,20.0,1013.2
46256,15.3994,20.0,1013.2
46257,15.3994,20.0,1013.2
46258,15.3994,20.0,1013.2
46259,15.3994,20.0,1013.2
46260,15.3994,20.0,1013.2
46261,15.4189,20.0,1013.3
46262,15.4189,20.0,1013.3
46263,15.4189,20.0,1013.3
46264,15.4189,20.0,1013.3
46265,15.4189,20.0,1013.4
46266,15.4189,20.0,1013.4
46267,15.4189,20.0,1013.4
46268,15.4189,20.0,1013.4
46269,15.4189,20.0,1013.5
46270,15.4189,20.0,1013.5
46271,15.4189,20.0,1013.5
46272,15.4189,20.0,1013.5
46273,15.4189,20.0,1013.5
46274,15.4189,20.0,1013.6
46275,15.4189,20.0,1013.6
46276,15.4189,20.0,1013.6
46277,15.4189,20.0,1013.6
46278,15.4189,20.0,1013.6
46279,15.4189,20.0,1013.7
46280,15.4189,20.0,1013.7
46281,15.4384,20.0,1013.7
46282,15.4384,20.0,1013.7
46283,15.4384,20.0,1013.7
46284,15.4384,20.0,1013.8
46285,15.4384,20.0,1013.8
46286,15.4384,20.0,1013.8
46287,15.4384,20.0,1013.8
46288,15.4384,20.0,1013.8
46289,15.4384,20.0,1013.9
46290,15.4384,20.0,1013.9
46291,15.4384,20.0,1013.9
46292,15.4384,20.0,1013.9
46293,15.4384,20.0,1013.9
46294,15.4384,20.0,1014.0
46295,15.4384,20.0,1014.0
46296,15.4384,20.0,1014.0
46297,15.4384,20.0,1014.0
46298,15.4384,20.0,1014.0
46299,15.4384,20.0,1014.1
46300,15.4384,20.0,1014.1
46301,15.4579,20.0,1014.1
46302,15.4579,20.0,1014.1
46303,15.4579,20.0,1014.1
46304,15.4579,20.0,1014.2
46305,15.4579,20.0,1014.2
46306,15.4579,20.0,1014.2
46307,15.4579,20.0,1014.2
46308,15.4579,20.0,1014.3
46309,15.4579,20.0,1014.3
46310,15.4579,20.0,1014.3
46311,15.4579,20.0,1014.3
46312,15.4579,20.0,1014.3
46313,15.4579,20.0,1014.4
46314,15.4579,20.0,1014.4
46315,15.4579,20.0,1014.4
46316,15.4579,20.0,1014.4
46317,15.4579,20.0,1014.4
46318,15.4579,20.0,1014.5
46319,15.4579,20.0,1014.5
46320,15.4579,20.0,1014.5
46321,15.4774,20.0,1014.5
46322,15.4774,20.0,1014.5
46323,15.4774,20.0,1014.6
46324,15.4774,20.0,1014.6
46325,15.4774,20.0,1014.6
46326,15.4774,20.0,1014.6
46327,15.4774,20.0,1014.6
46328,15.4774,20.0,1014.7
46329,15.4774,20.0,1014.7
46330,15.4774,20.0,1014.7
46331,15.4774,20.0,1014.7
46332,15.4774,20.0,1014.7
46333,15.4774,20.0,1014.7
46334,15.4774,20.0,1014.8
46335,15.4774,20.0,1014.8
46336,15.4774,20.0,1014.8
46337,15.4774,20.0,1014.8
46338,15.4774,20.0,1014.8
46339,15.4774,20.0,1014.9
46340,15.4774,20.0,1014.9
46341,15.4969,20.0,1014.9
46342,15.4969,20.0,1014.9
46343,15.4969,20.0,1014.9
46344,15.4969,20.0,1015.0
46345,15.4969,20.0,1015.0
46346,15.4969,20.0,1015.0
46347,15.4969,20.0,1015.0
46348,15.4969,20.0,1015.0
46349,15.4969,20.0,1015.1
46350,15.4969,20.0,1015.1
46351,15.4969,20.0,1015.1
46352,15.4969,20.0,1015.1
46353,15.4969,20.0,1015.1
46354,15.4969,20.0,1015.1
46355,15.4969,20.0,1015.2
46356,15.4969,20.0,1015.2
46357,15.4969,20.0,1015.2
46358,15.4969,20.0,1015.2
46359,15.4969,20.0,1015.2
46360,15.4969,20.0,1015.3
46361,15.5164,20.0,1015.3
46362,15.5164,20.0,1015.3
46363,15.5164,20.0,1015.3
46364,15.5164,20.0,1015.3
46365,15.5164,20.0,1015.3
46366,15.5164,20.0,1015.4
46367,15.5164,20.0,1015.4
46368,15.5164,20.0,1015.4
46369,15.5164,20.0,1015.4
46370,15.5164,20.0,1015.4
46371,15.5164,20.0,1015.5
46372,15.5164,20.0,1015.5
46373,15.5164,20.0,1015.5
46374,15.5164,20.0,1015.5
46375,15.5164,20.0,1015.6
46376,15.5164,20.0,1015.6
46377,15.5164,20.0,1015.6
46378,15.5164,20.0,1015.6
46379,15.5164,20.0,1015.6
46380,15.5164,20.0,1015.7
46381,15.5359,20.0,1015.7
46382,15.5359,20.0,1015.7
46383,15.5359,20.0,1015.7
46384,15.5359,20.0,1015.7
46385,15.5359,20.0,1015.8
46386,15.5359,20.0,1015.8
46387,15.5359,20.0,1015.8
46388,15.5359,20.0,1015.8
46389,15.5359,20.0,1015.8
46390,15.5359,20.0,1015.8
46391,15.5359,20.0,1015.9
46392,15.5359,20.0,1015.9
46393,15.5359,20.0,1015.9
46394,15.5359,20.0,1015.9
46395,15.5359,20.0,1016.0
46396,15.5359,20.0,1016.0
46397,15.5359,20.0,1016.0
46398,15.5359,20.0,1016.0
46399,15.5359,20.0,1016.0
46400,15.5359,20.0,1016.0
46401,15.5555,20.0,1016.1
46402,15.5555,20.0,1016.1
46403,15.5555,20.0,1016.1
46404,15.5555,20.0,1016.1
46405,15.5555,20.0,1016.2
46406,15.5555,20.0,1016.2
46407,15.5555,20.0,1016.2
46408,15.5555,20.0,1016.2
46409,15.5555,20.0,1016.3
46410,15.5555,20.0,1016.3
46411,15.5555,20.0,1016.3
46412,15.5555,20.0,1016.3
46413,15.5555,20.0,1016.3
46414,15.5555,20.0,1016.4
46415,15.5555,20.0,1016.4
46416,15.5555,20.0,1016.4
46417,15.5555,20.0,1016.4
46418,15.5555,20.0,1016.4
46419,15.5555,20.0,1016.5
46420,15.5555,20.0,1016.5
46421,15.5750,20.0,1016.5
46422,15.5750,20.0,1016.5
46423,15.5750,20.0,1016.6
46424,15.5750,20.0,1016.6
46425,15.5750,20.0,1016.6
46426,15.5750,20.0,1016.6
46427,15.5750,20.0,1016.6
46428,15.5750,20.0,1016.7
46429,15.5750,20.0,1016.7
46430,15.5750,20.0,1016.7
46431,15.5750,20.0,1016.7
46432,15.5750,20.0,1016.8
46433,15.5750,20.0,1016.8
46434,15.5750,20.0,1016.8
46435,15.5750,20.0,1016.8
46436,15.5750,20.0,1016.8
46437,15.5750,20.0,1016.9
46438,15.5750,20.0,1016.9
46439,15.5750,20.0,1016.9
46440,15.5750,20.0,1016.9
46441,15.5945,20.0,1017.0
46442,15.5945,20.0,1017.0
46443,15.5945,20.0,1017.0
46444,15.5945,20.0,1017.0
46445,15.5945,20.0,1017.0
46446,15.5945,20.0,1017.1
46447,15.5945,20.0,1017.1
46448,15.5945,20.0,1017.1
46449,15.5945,20.0,1017.1
46450,15.5945,20.0,1017.2
46451,15.5945,20.0,1017.2
46452,15.5945,20.0,1017.2
46453,15.5945,20.0,1017.2
46454,15.5945,20.0,1017.2
46455,15.5945,20.0,1017.3
46456,15.5945,20.0,1017.3
46457,15.5945,20.0,1017.3
46458,15.5945,20.0,1017.3
46459,15.5945,20.0,1017.4
46460,15.5945,20.0,1017.4
46461,15.6140,20.0,1017.4
46462,15.6140,20.0,1017.4
46463,15.6140,20.0,1017.4
46464,15.6140,20.0,1017.5
46465,15.6140,20.0,1017.5
46466,15.6140,20.0,1017.5
46467,15.6140,20.0,1017.5
46468,15.6140,20.0,1017.6
46469,15.6140,20.0,1017.6
46470,15.6140,20.0,1017.6
46471,15.6140,20.0,1017.6
46472,15.6140,20.0,1017.6
46473,15.6140,20.0,1017.7
46474,15.6140,20.0,1017.7
46475,15.6140,20.0,1017.7
46476,15.6140,20.0,1017.7
46477,15.6140,20.0,1017.7
46478,15.6140,20.0,1017.8
46479,15.6140,20.0,1017.8
46480,15.6140,20.0,1017.8
46481,15.6335,20.0,1017.8
46482,15.6335,20.0,1017.9
46483,15.6335,20.0,1017.9
46484,15.6335,20.0,1017.9
46485,15.6335,20.0,1017.9
46486,15.6335,20.0,1018.0
46487,15.6335,20.0,1018.0
46488,15.6335,20.0,1018.0
46489,15.6335,20.0,1018.0
46490,15.6335,20.0,1018.0
46491,15.6335,20.0,1018.1
46492,15.6335,20.0,1018.1
46493,15.6335,20.0,1018.1
46494,15.6335,20.0,1018.1
46495,15.6335,20.0,1018.1
46496,15.6335,20.0,1018.1
46497,15.6335,20.0,1018.2
46498,15.6335,20.0,1018.2
46499,15.6335,20.0,1018.2
46500,15.6335,20.0,1018.2
46501,15.6530,20.0,1018.2
46502,15.6530,20.0,1018.3
46503,15.6530,20.0,1018.3
46504,15.6530,20.0,1018.3
46505,15.6530,20.0,1018.3
46506,15.6530,20.0,1018.3
46507,15.6530,20.0,1018.4
46508,15.6530,20.0,1018.4
46509,15.6530,20.0,1018.4
46510,15.6530,20.0,1018.4
46511,15.6530,20.0,1018.4
46512,15.6530,20.0,1018.5
46513,15.6530,20.0,1018.5
46514,15.6530,20.0,1018.5
46515,15.6530,20.0,1018.5
46516,15.6530,20.0,1018.5
46517,15.6530,20.0,1018.5
46518,15.6530,20.0,1018.6
46519,15.6530,20.0,1018.6
46520,15.6530,20.0,1018.6
46521,15.6725,20.0,1018.6
46522,15.6725,20.0,1018.6
46523,15.6725,20.0,1018.7
46524,15.6725,20.0,1018.7
46525,15.6725,20.0,1018.7
46526,15.6725,20.0,1018.7
46527,15.6725,20.0,1018.7
46528,15.6725,20.0,1018.8
46529,15.6725,20.0,1018.8
46530,15.6725,20.0,1018.8
46531,15.6725,20.0,1018.8
46532,15.6725,20.0,1018.8
46533,15.6725,20.0,1018.9
46534,15.6725,20.0,1018.9
46535,15.6725,20.0,1018.9
46536,15.6725,20.0,1018.9
46537,15.6725,20.0,1019.0
46538,15.6725,20.0,1019.0
46539,15.6725,20.0,1019.0
46540,15.6725,20.0,1019.0
46541,15.6920,20.0,1019.0
46542,15.6920,20.0,1019.1
46543,15.6920,20.0,1019.1
46544,15.6920,20.0,1019.1
46545,15.6920,20.0,1019.1
46546,15.6920,20.0,1019.1
46547,15.6920,20.0,1019.2
46548,15.6920,20.0,1019.2
46549,15.6920,20.0,1019.2
46550,15.6920,20.0,1019.2
46551,15.6920,20.0,1019.2
46552,15.6920,20.0,1019.3
46553,15.6920,20.0,1019.3
46554,15.6920,20.0,1019.3
46555,15.6920,20.0,1019.3
46556,15.6920,20.0,1019.3
46557,15.6920,20.0,1019.4
46558,15.6920,20.0,1019.4
46559,15.6920,20.0,1019.4
46560,15.6920,20.0,1019.4
46561,15.6920,20.0,1019.4
46562,15.6920,20.0,1019.5
46563,15.6920,20.0,1019.5
46564,15.6920,20.0,1019.5
46565,15.6920,20.0,1019.5
46566,15.6920,20.0,1019.6
46567,15.6920,20.0,1019.6
46568,15.6920,20.0,1019.6
46569,15.6920,20.0,1019.6
46570,15.6920,20.0,1019.6
46571,15.6920,20.0,1019.6
46572,15.6920,20.0,1019.7
46573,15.6920,20.0,1019.7
46574,15.6920,20.0,1019.7
46575,15.6920,20.0,1019.7
46576,15.6920,20.0,1019.7
46577,15.6920,20.0,1019.8
46578,15.6920,20.0,1019.8
46579,15.6920,20.0,1019.8
46580,15.6920,20.0,1019.8
46581,15.6920,20.0,1019.8
46582,15.6920,20.0,1019.9
46583,15.6920,20.0,1019.9
46584,15.6920,20.0,1019.9
46585,15.6920,20.0,1019.9
46586,15.6920,20.0,1019.9
46587,15.6920,20.0,1019.9
46588,15.6920,20.0,1020.0
46589,15.6920,20.0,1020.0
46590,15.6920,20.0,1020.0
46591,15.6920,20.0,1020.0
46592,15.6920,20.0,1020.1
46593,15.6920,20.0,1020.4
46594,15.6920,20.0,1020.4
46595,15.6920,20.0,1020.4
46596,15.6920,20.0,1020.4
46597,15.6920,20.0,1020.4
46598,15.6920,20.0,1020.5
46599,15.6920,20.0,1020.5
46600,15.6920,20.0,1020.5
46601,15.6719,20.0,1020.5
46602,15.6719,20.0,1020.6
46603,15.6719,20.0,1020.6
46604,15.6719,20.0,1020.6
46605,15.6719,20.0,1020.6
46606,15.6719,20.0,1020.6
46607,15.6719,20.0,1020.7
46608,15.6719,20.0,1020.7
46609,15.6719,20.0,1020.7
46610,15.6719,20.0,1020.7
46611,15.6719,20.0,1020.7
46612,15.6719,20.0,1020.8
46613,15.6719,20.0,1020.8
46614,15.6719,20.0,1020.8
46615,15.6719,20.0,1020.8
46616,15.6719,20.0,1020.8
46617,15.6719,20.0,1020.9
46618,15.6719,20.0,1020.9
46619,15.6719,20.0,1020.9
46620,15.6719,20.0,1020.9
46621,15.6518,20.0,1020.9
46622,15.6518,20.0,1021.0
46623,15.6518,20.0,1021.0
46624,15.6518,20.0,1021.0
46625,15.6518,20.0,1021.0
46626,15.6518,20.0,1021.1
46627,15.6518,20.0,1021.1
46628,15.6518,20.0,1021.1
46629,15.6518,20.0,1021.1
46630,15.6518,20.0,1021.2
46631,15.6518,20.0,1021.2
46632,15.6518,20.0,1021.2
46633,15.6518,20.0,1021.2
46634,15.6518,20.0,1021.2
46635,15.6518,20.0,1021.2
46636,15.6518,20.0,1021.3
46637,15.6518,20.0,1021.3
46638,15.6518,20.0,1021.3
46639,15.6518,20.0,1021.3
46640,15.6518,20.0,1021.4
46641,15.6317,20.0,1021.4
46642,15.6317,20.0,1021.4
46643,15.6317,20.0,1021.4
46644,15.6317,20.0,1021.4
46645,15.6317,20.0,1021.5
46646,15.6317,20.0,1021.5
46647,15.6317,20.0,1021.5
46648,15.6317,20.0,1021.5
46649,15.6317,20.0,1021.6
46650,15.6317,20.0,1021.6
46651,15.6317,20.0,1021.6
46652,15.6317,20.0,1021.6
46653,15.6317,20.0,1021.6
46654,15.6317,20.0,1021.7
46655,15.6317,20.0,1021.7
46656,15.6317,20.0,1021.7
46657,15.6317,20.0,1021.7
46658,15.6317,20.0,1021.7
46659,15.6317,20.0,1021.8
46660,15.6317,20.0,1021.8
46661,15.6115,20.0,1021.8
46662,15.6115,20.0,1021.8
46663,15.6115,20.0,1021.8
46664,15.6115,20.0,1021.9
46665,15.6115,20.0,1021.9
46666,15.6115,20.0,1021.9
46667,15.6115,20.0,1021.9
46668,15.6115,20.0,1022.0
46669,15.6115,20.0,1022.0
46670,15.6115,20.0,1022.0
46671,15.6115,20.0,1022.0
46672,15.6115,20.0,1022.0
46673,15.6115,20.0,1022.1
46674,15.6115,20.0,1022.1
46675,15.6115,20.0,1022.1
46676,15.6115,20.0,1022.1
46677,15.6115,20.0,1022.1
46678,15.6115,20.0,1022.2
46679,15.6115,20.0,1022.2
46680,15.6115,20.0,1022.2
46681,15.5914,20.0,1022.2
46682,15.5914,20.0,1022.2
46683,15.5914,20.0,1022.3
46684,15.5914,20.0,1022.3
46685,15.5914,20.0,1022.3
46686,15.5914,20.0,1022.3
46687,15.5914,20.0,1022.3
46688,15.5914,20.0,1022.4
46689,15.5914,20.0,1022.4
46690,15.5914,20.0,1022.4
46691,15.5914,20.0,1022.4
46692,15.5914,20.0,1022.4
46693,15.5914,20.0,1022.5
46694,15.5914,20.0,1022.5
46695,15.5914,20.0,1022.5
46696,15.5914,20.0,1022.5
46697,15.5914,20.0,1022.5
46698,15.5914,20.0,1022.6
46699,15.5914,20.0,1022.6
46700,15.5914,20.0,1022.6
46701,15.5713,20.0,1022.6
46702,15.5713,20.0,1022.7
46703,15.5713,20.0,1022.7
46704,15.5713,20.0,1022.7
46705,15.5713,20.0,1022.7
46706,15.5713,20.0,1022.7
46707,15.5713,20.0,1022.8
46708,15.5713,20.0,1022.8
46709,15.5713,20.0,1022.8
46710,15.5713,20.0,1022.8
46711,15.5713,20.0,1022.8
46712,15.5713,20.0,1022.9
46713,15.5713,20.0,1022.9
46714,15.5713,20.0,1022.9
46715,15.5713,20.0,1022.9
46716,15.5713,20.0,1023.0
46717,15.5713,20.0,1023.0
46718,15.5713,20.0,1023.0
46719,15.5713,20.0,1023.0
46720,15.5713,20.0,1023.1
46721,15.5512,20.0,1023.1
46722,15.5512,20.0,1023.1
46723,15.5512,20.0,1023.1
46724,15.5512,20.0,1023.1
46725,15.5512,20.0,1023.2
46726,15.5512,20.0,1023.2
46727,15.5512,20.0,1023.2
46728,15.5512,20.0,1023.2
46729,15.5512,20.0,1023.3
46730,15.5512,20.0,1023.3
46731,15.5512,20.0,1023.3
46732,15.5512,20.0,1023.3
46733,15.5512,20.0,1023.3
46734,15.5512,20.0,1023.4
46735,15.5512,20.0,1023.4
46736,15.5512,20.0,1023.4
46737,15.5512,20.0,1023.4
46738,15.5512,20.0,1023.4
46739,15.5512,20.0,1023.5
46740,15.5512,20.0,1023.5
46741,15.5310,20.0,1023.5
46742,15.5310,20.0,1023.5
46743,15.5310,20.0,1023.5
46744,15.5310,20.0,1023.6
46745,15.5310,20.0,1023.6
46746,15.5310,20.0,1023.6
46747,15.5310,20.0,1023.6
46748,15.5310,20.0,1023.6
46749,15.5310,20.0,1023.7
46750,15.5310,20.0,1023.7
46751,15.5310,20.0,1023.7
46752,15.5310,20.0,1023.7
46753,15.5310,20.0,1023.7
46754,15.5310,20.0,1023.8
46755,15.5310,20.0,1023.8
46756,15.5310,20.0,1023.8
46757,15.5310,20.0,1023.8
46758,15.5310,20.0,1023.8
46759,15.5310,20.0,1023.8
46760,15.5310,20.0,1023.9
46761,15.5109,20.0,1023.9
46762,15.5109,20.0,1023.9
46763,15.5109,20.0,1023.9
46764,15.5109,20.0,1024.0
46765,15.5109,20.0,1024.0
46766,15.5109,20.0,1024.0
46767,15.5109,20.0,1024.0
46768,15.5109,20.0,1024.0
46769,15.5109,20.0,1024.1
46770,15.5109,20.0,1024.1
46771,15.5109,20.0,1024.1
46772,15.5109,20.0,1024.1
46773,15.5109,20.0,1024.1
46774,15.5109,20.0,1024.2
46775,15.5109,20.0,1024.2
46776,15.5109,20.0,1024.2
46777,15.5109,20.0,1024.2
46778,15.5109,20.0,1024.2
46779,15.5109,20.0,1024.3
46780,15.5109,20.0,1024.3
46781,15.4908,20.0,1024.3
46782,15.4908,20.0,1024.3
46783,15.4908,20.0,1024.3
46784,15.4908,20.0,1024.4
46785,15.4908,20.0,1024.4
46786,15.4908,20.0,1024.4
46787,15.4908,20.0,1024.4
46788,15.4908,20.0,1024.4
46789,15.4908,20.0,1024.5
46790,15.4908,20.0,1024.5
46791,15.4908,20.0,1024.5
46792,15.4908,20.0,1024.5
46793,15.4908,20.0,1024.5
46794,15.4908,20.0,1024.6
46795,15.4908,20.0,1024.6
46796,15.4908,20.0,1024.6
46797,15.4908,20.0,1024.6
46798,15.4908,20.0,1024.6
46799,15.4908,20.0,1024.7
46800,15.4908,20.0,1024.7
46801,15.4707,20.0,1024.7
46802,15.4707,20.0,1024.7
46803,15.4707,20.0,1024.8
46804,15.4707,20.0,1024.8
46805,15.4707,20.0,1024.8
46806,15.4707,20.0,1024.8
46807,15.4707,20.0,1024.8
46808,15.4707,20.0,1024.8
46809,15.4707,20.0,1024.9
46810,15.4707,20.0,1024.9
46811,15.4707,20.0,1024.9
46812,15.4707,20.0,1024.9
46813,15.4707,20.0,1025.0
46814,15.4707,20.0,1025.0
46815,15.4707,20.0,1025.0
46816,15.4707,20.0,1025.0
46817,15.4707,20.0,1025.0
46818,15.4707,20.0,1025.1
46819,15.4707,20.0,1025.1
46820,15.4707,20.0,1025.1
46821,15.4505,20.0,1025.1
46822,15.4505,20.0,1025.1
46823,15.4505,20.0,1025.2
46824,15.4505,20.0,1025.2
46825,15.4505,20.0,1025.2
46826,15.4505,20.0,1025.2
46827,15.4505,20.0,1025.3
46828,15.4505,20.0,1025.3
46829,15.4505,20.0,1025.3
46830,15.4505,20.0,1025.3
46831,15.4505,20.0,1025.3
46832,15.4505,20.0,1025.4
46833,15.4505,20.0,1025.4
46834,15.4505,20.0,1025.4
46835,15.4505,20.0,1025.4
46836,15.4505,20.0,1025.4
46837,15.4505,20.0,1025.5
46838,15.4505,20.0,1025.5
46839,15.4505,20.0,1025.5
46840,15.4505,20.0,1025.5
46841,15.4304,20.0,1025.5
46842,15.4304,20.0,1025.6
46843,15.4304,20.0,1025.6
46844,15.4304,20.0,1025.6
46845,15.4304,20.0,1025.6
46846,15.4304,20.0,1025.6
46847,15.4304,20.0,1025.7
46848,15.4304,20.0,1025.7
46849,15.4304,20.0,1025.7
46850,15.4304,20.0,1025.7
46851,15.4304,20.0,1025.8
46852,15.4304,20.0,1025.8
46853,15.4304,20.0,1025.8
46854,15.4304,20.0,1025.8
46855,15.4304,20.0,1025.8
46856,15.4304,20.0,1025.9
46857,15.4304,20.0,1025.9
46858,15.4304,20.0,1025.9
46859,15.4304,20.0,1025.9
46860,15.4304,20.0,1026.0
46861,15.4103,20.0,1026.0
46862,15.4103,20.0,1026.0
46863,15.4103,20.0,1026.0
46864,15.4103,20.0,1026.0
46865,15.4103,20.0,1026.1
46866,15.4103,20.0,1026.1
46867,15.4103,20.0,1026.1
46868,15.4103,20.0,1026.1
46869,15.4103,20.0,1026.1
46870,15.4103,20.0,1026.2
46871,15.4103,20.0,1026.2
46872,15.4103,20.0,1026.2
46873,15.4103,20.0,1026.2
46874,15.4103,20.0,1026.2
46875,15.4103,20.0,1026.3
46876,15.4103,20.0,1026.3
46877,15.4103,20.0,1026.3
46878,15.4103,20.0,1026.3
46879,15.4103,20.0,1026.4
46880,15.4103,20.0,1026.4
46881,15.3902,20.0,1026.4
46882,15.3902,20.0,1026.4
46883,15.3902,20.0,1026.4
46884,15.3902,20.0,1026.5
46885,15.3902,20.0,1026.5
46886,15.3902,20.0,1026.5
46887,15.3902,20.0,1026.5
46888,15.3902,20.0,1026.5
46889,15.3902,20.0,1026.6
46890,15.3902,20.0,1026.6
46891,15.3902,20.0,1026.6
46892,15.3902,20.0,1026.6
46893,15.3902,20.0,1026.6
46894,15.3902,20.0,1026.7
46895,15.3902,20.0,1026.7
46896,15.3902,20.0,1026.7
46897,15.3902,20.0,1026.7
46898,15.3902,20.0,1026.7
46899,15.3902,20.0,1026.7
46900,15.3902,20.0,1026.8
46901,15.3700,20.0,1026.8
46902,15.3700,20.0,1026.8
46903,15.3700,20.0,1026.8
46904,15.3700,20.0,1026.9
46905,15.3700,20.0,1026.9
46906,15.3700,20.0,1026.9
46907,15.3700,20.0,1026.9
46908,15.3700,20.0,1026.9
46909,15.3700,20.0,1027.0
46910,15.3700,20.0,1027.0
46911,15.3700,20.0,1027.0
46912,15.3700,20.0,1027.0
46913,15.3700,20.0,1027.0
46914,15.3700,20.0,1027.0
46915,15.3700,20.0,1027.1
46916,15.3700,20.0,1027.1
46917,15.3700,20.0,1027.1
46918,15.3700,20.0,1027.1
46919,15.3700,20.0,1027.2
46920,15.3700,20.0,1027.2
46921,15.3499,20.0,1027.2
46922,15.3499,20.0,1027.2
46923,15.3499,20.0,1027.2
46924,15.3499,20.0,1027.3
46925,15.3499,20.0,1027.3
46926,15.3499,20.0,1027.3
46927,15.3499,20.0,1027.3
46928,15.3499,20.0,1027.3
46929,15.3499,20.0,1027.4
46930,15.3499,20.0,1027.4
46931,15.3499,20.0,1027.4
46932,15.3499,20.0,1027.4
46933,15.3499,20.0,1027.4
46934,15.3499,20.0,1027.5
46935,15.3499,20.0,1027.5
46936,15.3499,20.0,1027.5
46937,15.3499,20.0,1027.5
46938,15.3499,20.0,1027.6
46939,15.3499,20.0,1027.6
46940,15.3499,20.0,1027.6
46941,15.3298,20.0,1027.6
46942,15.3298,20.0,1027.6
46943,15.3298,20.0,1027.7
46944,15.3298,20.0,1027.7
46945,15.3298,20.0,1027.7
46946,15.3298,20.0,1027.7
46947,15.3298,20.0,1027.7
46948,15.3298,20.0,1027.8
46949,15.3298,20.0,1027.8
46950,15.3298,20.0,1027.8
46951,15.3298,20.0,1027.8
46952,15.3298,20.0,1027.8
46953,15.3298,20.0,1027.9
46954,15.3298,20.0,1027.9
46955,15.3298,20.0,1027.9
46956,15.3298,20.0,1027.9
46957,15.3298,20.0,1028.0
46958,15.3298,20.0,1028.0
46959,15.3298,20.0,1028.0
46960,15.3298,20.0,1028.0
46961,15.3097,20.0,1028.0
46962,15.3097,20.0,1028.1
46963,15.3097,20.0,1028.1
46964,15.3097,20.0,1028.1
46965,15.3097,20.0,1028.1
46966,15.3097,20.0,1028.1
46967,15.3097,20.0,1028.2
46968,15.3097,20.0,1028.2
46969,15.3097,20.0,1028.2
46970,15.3097,20.0,1028.2
46971,15.3097,20.0,1028.2
46972,15.3097,20.0,1028.3
46973,15.3097,20.0,1028.3
46974,15.3097,20.0,1028.3
46975,15.3097,20.0,1028.3
46976,15.3097,20.0,1028.3
46977,15.3097,20.0,1028.4
46978,15.3097,20.0,1028.4
46979,15.3097,20.0,1028.4
46980,15.3097,20.0,1028.4
46981,15.2895,20.0,1028.4
46982,15.2895,20.0,1028.5
46983,15.2895,20.0,1028.5
46984,15.2895,20.0,1028.5
46985,15.2895,20.0,1028.5
46986,15.2895,20.0,1028.5
46987,15.2895,20.0,1028.6
46988,15.2895,20.0,1028.6
46989,15.2895,20.0,1028.6
46990,15.2895,20.0,1028.6
46991,15.2895,20.0,1028.6
46992,15.2895,20.0,1028.7
46993,15.2895,20.0,1028.7
46994,15.2895,20.0,1028.7
46995,15.2895,20.0,1028.7
46996,15.2895,20.0,1028.8
46997,15.2895,20.0,1028.8
46998,15.2895,20.0,1028.8
46999,15.2895,20.0,1028.8
47000,15.2895,20.0,1028.8
47001,15.2694,20.0,1028.9
47002,15.2694,20.0,1028.9
47003,15.2694,20.0,1028.9
47004,15.2694,20.0,1028.9
47005,15.2694,20.0,1029.0
47006,15.2694,20.0,1029.0
47007,15.2694,20.0,1029.0
47008,15.2694,20.0,1029.0
47009,15.2694,20.0,1029.0
47010,15.2694,20.0,1029.0
47011,15.2694,20.0,1029.1
47012,15.2694,20.0,1029.1
47013,15.2694,20.0,1029.1
47014,15.2694,20.0,1029.1
47015,15.2694,20.0,1029.1
47016,15.2694,20.0,1029.2
47017,15.2694,20.0,1029.2
47018,15.2694,20.0,1029.2
47019,15.2694,20.0,1029.2
47020,15.2694,20.0,1029.3
47021,15.2493,20.0,1029.3
47022,15.2493,20.0,1029.3
47023,15.2493,20.0,1029.3
47024,15.2493,20.0,1029.4
47025,15.2493,20.0,1029.4
47026,15.2493,20.0,1029.4
47027,15.2493,20.0,1029.4
47028,15.2493,20.0,1029.4
47029,15.2493,20.0,1029.5
47030,15.2493,20.0,1029.5
47031,15.2493,20.0,1029.5
47032,15.2493,20.0,1029.5
47033,15.2493,20.0,1029.6
47034,15.2493,20.0,1029.6
47035,15.2493,20.0,1029.6
47036,15.2493,20.0,1029.6
47037,15.2493,20.0,1029.7
47038,15.2493,20.0,1029.7
47039,15.2493,20.0,1029.7
47040,15.2493,20.0,1029.7
47041,15.2292,20.0,1029.8
47042,15.2292,20.0,1029.8
47043,15.2292,20.0,1029.8
47044,15.2292,20.0,1029.8
47045,15.2292,20.0,1029.8
47046,15.2292,20.0,1029.9
47047,15.2292,20.0,1029.9
47048,15.2292,20.0,1029.9
47049,15.2292,20.0,1029.9
47050,15.2292,20.0,1029.9
47051,15.2292,20.0,1030.0
47052,15.2292,20.0,1030.0
47053,15.2292,20.0,1030.0
47054,15.2292,20.0,1030.0
47055,15.2292,20.0,1030.0
47056,15.2292,20.0,1030.1
47057,15.2292,20.0,1030.1
47058,15.2292,20.0,1030.1
47059,15.2292,20.0,1030.1
47060,15.2292,20.0,1030.1
47061,15.2090,20.0,1030.2
47062,15.2090,20.0,1030.2
47063,15.2090,20.0,1030.2
47064,15.2090,20.0,1030.2
47065,15.2090,20.0,1030.2
47066,15.2090,20.0,1030.3
47067,15.2090,20.0,1030.3
47068,15.2090,20.0,1030.3
47069,15.2090,20.0,1030.3
47070,15.2090,20.0,1030.4
47071,15.2090,20.0,1030.4
47072,15.2090,20.0,1030.4
47073,15.2090,20.0,1030.4
47074,15.2090,20.0,1030.4
47075,15.2090,20.0,1030.5
47076,15.2090,20.0,1030.5
47077,15.2090,20.0,1030.5
47078,15.2090,20.0,1030.5
47079,15.2090,20.0,1030.5
47080,15.2090,20.0,1030.6
47081,15.2088,20.0,1030.6
47082,15.2088,20.0,1030.6
47083,15.2088,20.0,1030.6
47084,15.2088,20.0,1030.6
47085,15.2088,20.0,1030.7
47086,15.2088,20.0,1030.7
47087,15.2088,20.0,1030.7
47088,15.2088,20.0,1030.7
47089,15.2088,20.0,1030.8
47090,15.2088,20.0,1030.8
47091,15.2088,20.0,1030.8
47092,15.2088,20.0,1030.8
47093,15.2088,20.0,1030.8
47094,15.2088,20.0,1030.9
47095,15.2088,20.0,1030.9
47096,15.2088,20.0,1030.9
47097,15.2088,20.0,1030.9
47098,15.2088,20.0,1030.9
47099,15.2088,20.0,1031.0
47100,15.2088,20.0,1031.0
47101,15.2085,20.0,1031.0
47102,15.2085,20.0,1031.0
47103,15.2085,20.0,1031.1
47104,15.2085,20.0,1031.1
47105,15.2085,20.0,1031.4
47106,15.2085,20.0,1031.4
47107,15.2085,20.0,1031.4
47108,15.2085,20.0,1031.4
47109,15.2085,20.0,1031.5
47110,15.2085,20.0,1031.5
47111,15.2085,20.0,1031.5
47112,15.2085,20.0,1031.5
47113,15.2085,20.0,1031.6
47114,15.2085,20.0,1031.6
47115,15.2085,20.0,1031.6
47116,15.2085,20.0,1031.6
47117,15.2085,20.0,1031.6
47118,15.2085,20.0,1031.7
47119,15.2085,20.0,1031.7
47120,15.2085,20.0,1031.7
47121,15.1892,20.0,1031.7
47122,15.1892,20.0,1031.8
47123,15.1892,20.0,1031.8
47124,15.1892,20.0,1031.8
47125,15.1892,20.0,1031.8
47126,15.1892,20.0,1031.9
47127,15.1892,20.0,1031.9
47128,15.1892,20.0,1031.9
47129,15.1892,20.0,1031.9
47130,15.1892,20.0,1032.0
47131,15.1892,20.0,1032.0
47132,15.1892,20.0,1032.0
47133,15.1892,20.0,1032.0
47134,15.1892,20.0,1032.0
47135,15.1892,20.0,1032.1
47136,15.1892,20.0,1032.1
47137,15.1892,20.0,1032.1
47138,15.1892,20.0,1032.1
47139,15.1892,20.0,1032.2
47140,15.1892,20.0,1032.2
47141,15.1698,20.0,1032.2
47142,15.1698,20.0,1032.2
47143,15.1698,20.0,1032.2
47144,15.1698,20.0,1032.3
47145,15.1698,20.0,1032.3
47146,15.1698,20.0,1032.3
47147,15.1698,20.0,1032.3
47148,15.1698,20.0,1032.3
47149,15.1698,20.0,1032.4
47150,15.1698,20.0,1032.4
47151,15.1698,20.0,1032.4
47152,15.1698,20.0,1032.4
47153,15.1698,20.0,1032.5
47154,15.1698,20.0,1032.5
47155,15.1698,20.0,1032.5
47156,15.1698,20.0,1032.5
47157,15.1698,20.0,1032.5
47158,15.1698,20.0,1032.6
47159,15.1698,20.0,1032.6
47160,15.1698,20.0,1032.6
47161,15.1504,20.0,1032.6
47162,15.1504,20.0,1032.6
47163,15.1504,20.0,1032.7
47164,15.1504,20.0,1032.7
47165,15.1504,20.0,1032.7
47166,15.1504,20.0,1032.7
47167,15.1504,20.0,1032.7
47168,15.1504,20.0,1032.8
47169,15.1504,20.0,1032.8
47170,15.1504,20.0,1032.8
47171,15.1504,20.0,1032.8
47172,15.1504,20.0,1032.8
47173,15.1504,20.0,1032.9
47174,15.1504,20.0,1032.9
47175,15.1504,20.0,1032.9
47176,15.1504,20.0,1032.9
47177,15.1504,20.0,1032.9
47178,15.1504,20.0,1033.0
47179,15.1504,20.0,1033.0
47180,15.1504,20.0,1033.0
47181,15.1311,20.0,1033.0
47182,15.1311,20.0,1033.0
47183,15.1311,20.0,1033.1
47184,15.1311,20.0,1033.1
47185,15.1311,20.0,1033.1
47186,15.1311,20.0,1033.1
47187,15.1311,20.0,1033.1
47188,15.1311,20.0,1033.2
47189,15.1311,20.0,1033.2
47190,15.1311,20.0,1033.2
47191,15.1311,20.0,1033.2
47192,15.1311,20.0,1033.3
47193,15.1311,20.0,1033.3
47194,15.1311,20.0,1033.3
47195,15.1311,20.0,1033.3
47196,15.1311,20.0,1033.3
47197,15.1311,20.0,1033.4
47198,15.1311,20.0,1033.4
47199,15.1311,20.0,1033.4
47200,15.1311,20.0,1033.4
47201,15.1117,20.0,1033.4
47202,15.1117,20.0,1033.5
47203,15.1117,20.0,1033.5
47204,15.1117,20.0,1033.5
47205,15.1117,20.0,1033.5
47206,15.1117,20.0,1033.5
47207,15.1117,20.0,1033.6
47208,15.1117,20.0,1033.6
47209,15.1117,20.0,1033.6
47210,15.1117,20.0,1033.6
47211,15.1117,20.0,1033.7
47212,15.1117,20.0,1033.7
47213,15.1117,20.0,1033.7
47214,15.1117,20.0,1033.7
47215,15.1117,20.0,1033.7
47216,15.1117,20.0,1033.8
47217,15.1117,20.0,1033.8
47218,15.1117,20.0,1033.8
47219,15.1117,20.0,1033.8
47220,15.1117,20.0,1033.9
47221,15.0923,20.0,1033.9
47222,15.0923,20.0,1033.9
47223,15.0923,20.0,1033.9
47224,15.0923,20.0,1034.0
47225,15.0923,20.0,1034.0
47226,15.0923,20.0,1034.0
47227,15.0923,20.0,1034.1
47228,15.0923,20.0,1034.1
47229,15.0923,20.0,1034.2
47230,15.0923,20.0,1034.2
47231,15.0923,20.0,1034.2
47232,15.0923,20.0,1034.2
47233,15.0923,20.0,1034.3
47234,15.0923,20.0,1034.3
47235,15.0923,20.0,1034.3
47236,15.0923,20.0,1034.3
47237,15.0923,20.0,1034.3
47238,15.0923,20.0,1034.4
47239,15.0923,20.0,1034.4
47240,15.0923,20.0,1034.4
47241,15.0730,20.0,1034.5
47242,15.0730,20.0,1034.5
47243,15.0730,20.0,1034.5
47244,15.0730,20.0,1034.5
47245,15.0730,20.0,1034.5
47246,15.0730,20.0,1034.6
47247,15.0730,20.0,1034.6
47248,15.0730,20.0,1034.6
47249,15.0730,20.0,1034.6
47250,15.0730,20.0,1034.7
47251,15.0730,20.0,1034.7
47252,15.0730,20.0,1034.7
47253,15.0730,20.0,1034.7
47254,15.0730,20.0,1034.7
47255,15.0730,20.0,1034.7
47256,15.0730,20.0,1034.8
47257,15.0730,20.0,1034.8
47258,15.0730,20.0,1034.8
47259,15.0730,20.0,1034.8
47260,15.0730,20.0,1034.9
47261,15.0536,20.0,1034.9
47262,15.0536,20.0,1034.9
47263,15.0536,20.0,1034.9
47264,15.0536,20.0,1034.9
47265,15.0536,20.0,1035.0
47266,15.0536,20.0,1035.0
47267,15.0536,20.0,1035.0
47268,15.0536,20.0,1035.0
47269,15.0536,20.0,1035.0
47270,15.0536,20.0,1035.1
47271,15.0536,20.0,1035.1
47272,15.0536,20.0,1035.1
47273,15.0536,20.0,1035.1
47274,15.0536,20.0,1035.1
47275,15.0536,20.0,1035.2
47276,15.0536,20.0,1035.2
47277,15.0536,20.0,1035.2
47278,15.0536,20.0,1035.2
47279,15.0536,20.0,1035.3
47280,15.0536,20.0,1035.3
47281,15.0343,20.0,1035.3
47282,15.0343,20.0,1035.3
47283,15.0343,20.0,1035.4
47284,15.0343,20.0,1035.4
47285,15.0343,20.0,1035.4
47286,15.0343,20.0,1035.4
47287,15.0343,20.0,1035.5
47288,15.0343,20.0,1035.5
47289,15.0343,20.0,1035.5
47290,15.0343,20.0,1035.5
47291,15.0343,20.0,1035.5
47292,15.0343,20.0,1035.6
47293,15.0343,20.0,1035.6
47294,15.0343,20.0,1035.6
47295,15.0343,20.0,1035.6
47296,15.0343,20.0,1035.7
47297,15.0343,20.0,1035.7
47298,15.0343,20.0,1035.7
47299,15.0343,20.0,1035.7
47300,15.0343,20.0,1035.8
47301,15.0149,20.0,1035.8
47302,15.0149,20.0,1035.8
47303,15.0149,20.0,1035.8
47304,15.0149,20.0,1035.8
47305,15.0149,20.0,1035.8
47306,15.0149,20.0,1035.9
47307,15.0149,20.0,1035.9
47308,15.0149,20.0,1035.9
47309,15.0149,20.0,1035.9
47310,15.0149,20.0,1036.0
47311,15.0149,20.0,1036.0
47312,15.0149,20.0,1036.0
47313,15.0149,20.0,1036.0
47314,15.0149,20.0,1036.0
47315,15.0149,20.0,1036.1
47316,15.0149,20.0,1036.1
47317,15.0149,20.0,1036.1
47318,15.0149,20.0,1036.1
47319,15.0149,20.0,1036.1
47320,15.0149,20.0,1036.2
47321,14.9955,20.0,1036.2
47322,14.9955,20.0,1036.2
47323,14.9955,20.0,1036.2
47324,14.9955,20.0,1036.2
47325,14.9955,20.0,1036.2
47326,14.9955,20.0,1036.3
47327,14.9955,20.0,1036.3
47328,14.9955,20.0,1036.3
47329,14.9955,20.0,1036.3
47330,14.9955,20.0,1036.3
47331,14.9955,20.0,1036.4
47332,14.9955,20.0,1036.4
47333,14.9955,20.0,1036.4
47334,14.9955,20.0,1036.4
47335,14.9955,20.0,1036.4
47336,14.9955,20.0,1036.5
47337,14.9955,20.0,1036.5
47338,14.9955,20.0,1036.5
47339,14.9955,20.0,1036.5
47340,14.9955,20.0,1036.5
47341,14.9762,20.0,1036.5
47342,14.9762,20.0,1036.6
47343,14.9762,20.0,1036.6
47344,14.9762,20.0,1036.6
47345,14.9762,20.0,1036.6
47346,14.9762,20.0,1036.7
47347,14.9762,20.0,1036.7
47348,14.9762,20.0,1036.7
47349,14.9762,20.0,1036.7
47350,14.9762,20.0,1036.7
47351,14.9762,20.0,1036.8
47352,14.9762,20.0,1036.8
47353,14.9762,20.0,1036.8
47354,14.9762,20.0,1036.8
47355,14.9762,20.0,1036.8
47356,14.9762,20.0,1036.8
47357,14.9762,20.0,1036.9
47358,14.9762,20.0,1036.9
47359,14.9762,20.0,1036.9
47360,14.9762,20.0,1036.9
47361,14.9568,20.0,1036.9
47362,14.9568,20.0,1037.0
47363,14.9568,20.0,1037.0
47364,14.9568,20.0,1037.0
47365,14.9568,20.0,1037.0
47366,14.9568,20.0,1037.0
47367,14.9568,20.0,1037.1
47368,14.9568,20.0,1037.1
47369,14.9568,20.0,1037.1
47370,14.9568,20.0,1037.1
47371,14.9568,20.0,1037.1
47372,14.9568,20.0,1037.2
47373,14.9568,20.0,1037.2
47374,14.9568,20.0,1037.2
47375,14.9568,20.0,1037.2
47376,14.9568,20.0,1037.2
47377,14.9568,20.0,1037.3
47378,14.9568,20.0,1037.3
47379,14.9568,20.0,1037.3
47380,14.9568,20.0,1037.3
47381,14.9374,20.0,1037.3
47382,14.9374,20.0,1037.4
47383,14.9374,20.0,1037.4
47384,14.9374,20.0,1037.4
47385,14.9374,20.0,1037.4
47386,14.9374,20.0,1037.4
47387,14.9374,20.0,1037.5
47388,14.9374,20.0,1037.5
47389,14.9374,20.0,1037.5
47390,14.9374,20.0,1037.5
47391,14.9374,20.0,1037.5
47392,14.9374,20.0,1037.6
47393,14.9374,20.0,1037.6
47394,14.9374,20.0,1037.6
47395,14.9374,20.0,1037.6
47396,14.9374,20.0,1037.6
47397,14.9374,20.0,1037.7
47398,14.9374,20.0,1037.7
47399,14.9374,20.0,1037.7
47400,14.9374,20.0,1037.7
47401,14.9181,20.0,1037.7
47402,14.9181,20.0,1037.8
47403,14.9181,20.0,1037.8
47404,14.9181,20.0,1037.8
47405,14.9181,20.0,1037.8
47406,14.9181,20.0,1037.8
47407,14.9181,20.0,1037.9
47408,14.9181,20.0,1037.9
47409,14.9181,20.0,1037.9
47410,14.9181,20.0,1037.9
47411,14.9181,20.0,1037.9
47412,14.9181,20.0,1038.0
47413,14.9181,20.0,1038.0
47414,14.9181,20.0,1038.0
47415,14.9181,20.0,1038.0
47416,14.9181,20.0,1038.0
47417,14.9181,20.0,1038.0
47418,14.9181,20.0,1038.1
47419,14.9181,20.0,1038.1
47420,14.9181,20.0,1038.1
47421,14.8987,20.0,1038.1
47422,14.8987,20.0,1038.2
47423,14.8987,20.0,1038.2
47424,14.8987,20.0,1038.2
47425,14.8987,20.0,1038.2
47426,14.8987,20.0,1038.2
47427,14.8987,20.0,1038.3
47428,14.8987,20.0,1038.3
47429,14.8987,20.0,1038.3
47430,14.8987,20.0,1038.3
47431,14.8987,20.0,1038.3
47432,14.8987,20.0,1038.3
47433,14.8987,20.0,1038.4
47434,14.8987,20.0,1038.4
47435,14.8987,20.0,1038.4
47436,14.8987,20.0,1038.4
47437,14.8987,20.0,1038.5
47438,14.8987,20.0,1038.5
47439,14.8987,20.0,1038.5
47440,14.8987,20.0,1038.5
47441,14.8793,20.0,1038.5
47442,14.8793,20.0,1038.6
47443,14.8793,20.0,1038.6
47444,14.8793,20.0,1038.6
47445,14.8793,20.0,1038.6
47446,14.8793,20.0,1038.6
47447,14.8793,20.0,1038.7
47448,14.8793,20.0,1038.7
47449,14.8793,20.0,1038.7
47450,14.8793,20.0,1038.7
47451,14.8793,20.0,1038.7
47452,14.8793,20.0,1038.8
47453,14.8793,20.0,1038.8
47454,14.8793,20.0,1038.8
47455,14.8793,20.0,1038.8
47456,14.8793,20.0,1038.8
47457,14.8793,20.0,1038.9
47458,14.8793,20.0,1038.9
47459,14.8793,20.0,1038.9
47460,14.8793,20.0,1038.9
47461,14.8600,20.0,1039.0
47462,14.8600,20.0,1039.0
47463,14.8600,20.0,1039.0
47464,14.8600,20.0,1039.0
47465,14.8600,20.0,1039.0
47466,14.8600,20.0,1039.1
47467,14.8600,20.0,1039.1
47468,14.8600,20.0,1039.1
47469,14.8600,20.0,1039.1
47470,14.8600,20.0,1039.2
47471,14.8600,20.0,1039.2
47472,14.8600,20.0,1039.2
47473,14.8600,20.0,1039.2
47474,14.8600,20.0,1039.2
47475,14.8600,20.0,1039.3
47476,14.8600,20.0,1039.3
47477,14.8600,20.0,1039.3
47478,14.8600,20.0,1039.3
47479,14.8600,20.0,1039.3
47480,14.8600,20.0,1039.4
47481,14.8406,20.0,1039.4
47482,14.8406,20.0,1039.4
47483,14.8406,20.0,1039.4
47484,14.8406,20.0,1039.4
47485,14.8406,20.0,1039.5
47486,14.8406,20.0,1039.5
47487,14.8406,20.0,1039.5
47488,14.8406,20.0,1039.5
47489,14.8406,20.0,1039.5
47490,14.8406,20.0,1039.6
47491,14.8406,20.0,1039.6
47492,14.8406,20.0,1039.6
47493,14.8406,20.0,1039.6
47494,14.8406,20.0,1039.6
47495,14.8406,20.0,1039.7
47496,14.8406,20.0,1039.7
47497,14.8406,20.0,1039.7
47498,14.8406,20.0,1039.7
47499,14.8406,20.0,1039.7
47500,14.8406,20.0,1039.8
47501,14.8212,20.0,1039.8
47502,14.8212,20.0,1039.8
47503,14.8212,20.0,1039.8
47504,14.8212,20.0,1039.8
47505,14.8212,20.0,1039.9
47506,14.8212,20.0,1039.9
47507,14.8212,20.0,1039.9
47508,14.8212,20.0,1039.9
47509,14.8212,20.0,1039.9
47510,14.8212,20.0,1040.0
47511,14.8212,20.0,1040.0
47512,14.8212,20.0,1040.0
47513,14.8212,20.0,1040.0
47514,14.8212,20.0,1040.0
47515,14.8212,20.0,1040.1
47516,14.8212,20.0,1040.1
47517,14.8212,20.0,1040.1
47518,14.8212,20.0,1040.1
47519,14.8212,20.0,1040.1
47520,14.8212,20.0,1040.2
47521,14.8019,20.0,1040.2
47522,14.8019,20.0,1040.2
47523,14.8019,20.0,1040.2
47524,14.8019,20.0,1040.2
47525,14.8019,20.0,1040.3
47526,14.8019,20.0,1040.3
47527,14.8019,20.0,1040.3
47528,14.8019,20.0,1040.3
47529,14.8019,20.0,1040.3
47530,14.8019,20.0,1040.4
47531,14.8019,20.0,1040.4
47532,14.8019,20.0,1040.4
47533,14.8019,20.0,1040.4
47534,14.8019,20.0,1040.4
47535,14.8019,20.0,1040.4
47536,14.8019,20.0,1040.5
47537,14.8019,20.0,1040.5
47538,14.8019,20.0,1040.5
47539,14.8019,20.0,1040.5
47540,14.8019,20.0,1040.6
47541,14.7825,20.0,1040.6
47542,14.7825,20.0,1040.6
47543,14.7825,20.0,1040.6
47544,14.7825,20.0,1040.6
47545,14.7825,20.0,1040.7
47546,14.7825,20.0,1040.7
47547,14.7825,20.0,1040.7
47548,14.7825,20.0,1040.7
47549,14.7825,20.0,1040.7
47550,14.7825,20.0,1040.7
47551,14.7825,20.0,1040.8
47552,14.7825,20.0,1040.8
47553,14.7825,20.0,1040.8
47554,14.7825,20.0,1040.8
47555,14.7825,20.0,1040.9
47556,14.7825,20.0,1040.9
47557,14.7825,20.0,1040.9
47558,14.7825,20.0,1040.9
47559,14.7825,20.0,1040.9
47560,14.7825,20.0,1040.9
47561,14.7631,20.0,1041.0
47562,14.7631,20.0,1041.0
47563,14.7631,20.0,1041.0
47564,14.7631,20.0,1041.0
47565,14.7631,20.0,1041.0
47566,14.7631,20.0,1041.1
47567,14.7631,20.0,1041.1
47568,14.7631,20.0,1041.1
47569,14.7631,20.0,1041.1
47570,14.7631,20.0,1041.1
47571,14.7631,20.0,1041.1
47572,14.7631,20.0,1041.2
47573,14.7631,20.0,1041.2
47574,14.7631,20.0,1041.2
47575,14.7631,20.0,1041.2
47576,14.7631,20.0,1041.3
47577,14.7631,20.0,1041.3
47578,14.7631,20.0,1041.3
47579,14.7631,20.0,1041.3
47580,14.7631,20.0,1041.3
47581,14.7239,20.0,1041.3
47582,14.7239,20.0,1041.4
47583,14.7239,20.0,1041.4
47584,14.7239,20.0,1041.4
47585,14.7239,20.0,1041.4
47586,14.7239,20.0,1041.4
47587,14.7239,20.0,1041.4
47588,14.7239,20.0,1041.5
47589,14.7239,20.0,1041.5
47590,14.7239,20.0,1041.5
47591,14.7239,20.0,1041.5
47592,14.7239,20.0,1041.5
47593,14.7239,20.0,1041.6
47594,14.7239,20.0,1041.6
47595,14.7239,20.0,1041.6
47596,14.7239,20.0,1041.6
47597,14.7239,20.0,1041.6
47598,14.7239,20.0,1041.7
47599,14.7239,20.0,1041.7
47600,14.7239,20.0,1041.7
47601,14.6844,20.0,1041.7
47602,14.6844,20.0,1041.7
47603,14.6844,20.0,1041.8
47604,14.6844,20.0,1041.8
47605,14.6844,20.0,1041.8
47606,14.6844,20.0,1041.8
47607,14.6844,20.0,1041.8
47608,14.6844,20.0,1041.9
47609,14.6844,20.0,1041.9
47610,14.6844,20.0,1041.9
47611,14.6844,20.0,1041.9
47612,14.6844,20.0,1041.9
47613,14.6844,20.0,1041.9
47614,14.6844,20.0,1042.0
47615,14.6844,20.0,1042.0
47616,14.6844,20.0,1042.0
47617,14.6844,20.0,1042.3
47618,14.6844,20.0,1042.3
47619,14.6844,20.0,1042.3
47620,14.6844,20.0,1042.4
47621,14.6450,20.0,1042.4
47622,14.6450,20.0,1042.4
47623,14.6450,20.0,1042.4
47624,14.6450,20.0,1042.5
47625,14.6450,20.0,1042.5
47626,14.6450,20.0,1042.5
47627,14.6450,20.0,1042.5
47628,14.6450,20.0,1042.5
47629,14.6450,20.0,1042.6
47630,14.6450,20.0,1042.6
47631,14.6450,20.0,1042.6
47632,14.6450,20.0,1042.6
47633,14.6450,20.0,1042.6
47634,14.6450,20.0,1042.6
47635,14.6450,20.0,1042.7
47636,14.6450,20.0,1042.7
47637,14.6450,20.0,1042.7
47638,14.6450,20.0,1042.7
47639,14.6450,20.0,1042.7
47640,14.6450,20.0,1042.8
47641,14.6253,20.0,1042.8
47642,14.6253,20.0,1042.8
47643,14.6253,20.0,1042.8
47644,14.6253,20.0,1042.8
47645,14.6253,20.0,1042.8
47646,14.6253,20.0,1042.9
47647,14.6253,20.0,1042.9
47648,14.6253,20.0,1042.9
47649,14.6253,20.0,1042.9
47650,14.6253,20.0,1042.9
47651,14.6253,20.0,1042.9
47652,14.6253,20.0,1043.0
47653,14.6253,20.0,1043.0
47654,14.6253,20.0,1043.0
47655,14.6253,20.0,1043.0
47656,14.6253,20.0,1043.1
47657,14.6253,20.0,1043.1
47658,14.6253,20.0,1043.1
47659,14.6253,20.0,1043.1
47660,14.6253,20.0,1043.1
47661,14.6056,20.0,1043.2
47662,14.6056,20.0,1043.2
47663,14.6056,20.0,1043.2
47664,14.6056,20.0,1043.2
47665,14.6056,20.0,1043.2
47666,14.6056,20.0,1043.3
47667,14.6056,20.0,1043.3
47668,14.6056,20.0,1043.3
47669,14.6056,20.0,1043.3
47670,14.6056,20.0,1043.3
47671,14.6056,20.0,1043.3
47672,14.6056,20.0,1043.4
47673,14.6056,20.0,1043.4
47674,14.6056,20.0,1043.4
47675,14.6056,20.0,1043.4
47676,14.6056,20.0,1043.4
47677,14.6056,20.0,1043.5
47678,14.6056,20.0,1043.5
47679,14.6056,20.0,1043.5
47680,14.6056,20.0,1043.5
47681,14.5858,20.0,1043.5
47682,14.5858,20.0,1043.6
47683,14.5858,20.0,1043.6
47684,14.5858,20.0,1043.6
47685,14.5858,20.0,1043.6
47686,14.5858,20.0,1043.6
47687,14.5858,20.0,1043.7
47688,14.5858,20.0,1043.7
47689,14.5858,20.0,1043.7
47690,14.5858,20.0,1043.7
47691,14.5858,20.0,1043.8
47692,14.5858,20.0,1043.8
47693,14.5858,20.0,1043.8
47694,14.5858,20.0,1043.8
47695,14.5858,20.0,1043.8
47696,14.5858,20.0,1043.8
47697,14.5858,20.0,1043.9
47698,14.5858,20.0,1043.9
47699,14.5858,20.0,1043.9
47700,14.5858,20.0,1043.9
47701,14.5661,20.0,1044.0
47702,14.5661,20.0,1044.0
47703,14.5661,20.0,1044.0
47704,14.5661,20.0,1044.0
47705,14.5661,20.0,1044.0
47706,14.5661,20.0,1044.0
47707,14.5661,20.0,1044.1
47708,14.5661,20.0,1044.1
47709,14.5661,20.0,1044.1
47710,14.5661,20.0,1044.1
47711,14.5661,20.0,1044.1
47712,14.5661,20.0,1044.2
47713,14.5661,20.0,1044.2
47714,14.5661,20.0,1044.2
47715,14.5661,20.0,1044.2
47716,14.5661,20.0,1044.2
47717,14.5661,20.0,1044.2
47718,14.5661,20.0,1044.3
47719,14.5661,20.0,1044.3
47720,14.5661,20.0,1044.3
47721,14.5464,20.0,1044.3
47722,14.5464,20.0,1044.4
47723,14.5464,20.0,1044.4
47724,14.5464,20.0,1044.4
47725,14.5464,20.0,1044.4
47726,14.5464,20.0,1044.4
47727,14.5464,20.0,1044.5
47728,14.5464,20.0,1044.5
47729,14.5464,20.0,1044.6
47730,14.5464,20.0,1044.7
47731,14.5464,20.0,1044.7
47732,14.5464,20.0,1044.7
47733,14.5464,20.0,1044.7
47734,14.5464,20.0,1044.8
47735,14.5464,20.0,1044.8
47736,14.5464,20.0,1044.8
47737,14.5464,20.0,1044.8
47738,14.5464,20.0,1044.9
47739,14.5464,20.0,1044.9
47740,14.5464,20.0,1044.9
47741,14.5267,20.0,1044.9
47742,14.5267,20.0,1045.0
47743,14.5267,20.0,1045.0
47744,14.5267,20.0,1045.0
47745,14.5267,20.0,1045.0
47746,14.5267,20.0,1045.1
47747,14.5267,20.0,1045.1
47748,14.5267,20.0,1045.1
47749,14.5267,20.0,1045.1
47750,14.5267,20.0,1045.2
47751,14.5267,20.0,1045.2
47752,14.5267,20.0,1045.2
47753,14.5267,20.0,1045.2
47754,14.5267,20.0,1045.3
47755,14.5267,20.0,1045.3
47756,14.5267,20.0,1045.3
47757,14.5267,20.0,1045.3
47758,14.5267,20.0,1045.4
47759,14.5267,20.0,1045.4
47760,14.5267,20.0,1045.4
47761,14.5070,20.0,1045.4
47762,14.5070,20.0,1045.4
47763,14.5070,20.0,1045.5
47764,14.5070,20.0,1045.5
47765,14.5070,20.0,1045.5
47766,14.5070,20.0,1045.5
47767,14.5070,20.0,1045.6
47768,14.5070,20.0,1045.6
47769,14.5070,20.0,1045.6
47770,14.5070,20.0,1045.6
47771,14.5070,20.0,1045.6
47772,14.5070,20.0,1045.7
47773,14.5070,20.0,1045.7
47774,14.5070,20.0,1045.7
47775,14.5070,20.0,1045.7
47776,14.5070,20.0,1045.7
47777,14.5070,20.0,1045.8
47778,14.5070,20.0,1045.8
47779,14.5070,20.0,1045.8
47780,14.5070,20.0,1045.8
47781,14.4873,20.0,1045.9
47782,14.4873,20.0,1045.9
47783,14.4873,20.0,1045.9
47784,14.4873,20.0,1045.9
47785,14.4873,20.0,1045.9
47786,14.4873,20.0,1045.9
47787,14.4873,20.0,1046.0
47788,14.4873,20.0,1046.0
47789,14.4873,20.0,1046.0
47790,14.4873,20.0,1046.0
47791,14.4873,20.0,1046.1
47792,14.4873,20.0,1046.1
47793,14.4873,20.0,1046.1
47794,14.4873,20.0,1046.1
47795,14.4873,20.0,1046.1
47796,14.4873,20.0,1046.1
47797,14.4873,20.0,1046.2
47798,14.4873,20.0,1046.2
47799,14.4873,20.0,1046.2
47800,14.4873,20.0,1046.2
47801,14.4675,20.0,1046.2
47802,14.4675,20.0,1046.3
47803,14.4675,20.0,1046.3
47804,14.4675,20.0,1046.3
47805,14.4675,20.0,1046.3
47806,14.4675,20.0,1046.3
47807,14.4675,20.0,1046.4
47808,14.4675,20.0,1046.4
47809,14.4675,20.0,1046.4
47810,14.4675,20.0,1046.4
47811,14.4675,20.0,1046.4
47812,14.4675,20.0,1046.5
47813,14.4675,20.0,1046.5
47814,14.4675,20.0,1046.5
47815,14.4675,20.0,1046.5
47816,14.4675,20.0,1046.6
47817,14.4675,20.0,1046.6
47818,14.4675,20.0,1046.6
47819,14.4675,20.0,1046.6
47820,14.4675,20.0,1046.7
47821,14.4478,20.0,1046.7
47822,14.4478,20.0,1046.7
47823,14.4478,20.0,1046.7
47824,14.4478,20.0,1046.8
47825,14.4478,20.0,1046.8
47826,14.4478,20.0,1046.8
47827,14.4478,20.0,1046.8
47828,14.4478,20.0,1046.8
47829,14.4478,20.0,1046.9
47830,14.4478,20.0,1046.9
47831,14.4478,20.0,1046.9
47832,14.4478,20.0,1046.9
47833,14.4478,20.0,1046.9
47834,14.4478,20.0,1047.0
47835,14.4478,20.0,1047.0
47836,14.4478,20.0,1047.0
47837,14.4478,20.0,1047.0
47838,14.4478,20.0,1047.0
47839,14.4478,20.0,1047.1
47840,14.4478,20.0,1047.1
47841,14.4281,20.0,1047.1
47842,14.4281,20.0,1047.1
47843,14.4281,20.0,1047.1
47844,14.4281,20.0,1047.2
47845,14.4281,20.0,1047.2
47846,14.4281,20.0,1047.2
47847,14.4281,20.0,1047.2
47848,14.4281,20.0,1047.2
47849,14.4281,20.0,1047.3
47850,14.4281,20.0,1047.3
47851,14.4281,20.0,1047.3
47852,14.4281,20.0,1047.4
47853,14.4281,20.0,1047.4
47854,14.4281,20.0,1047.5
47855,14.4281,20.0,1047.5
47856,14.4281,20.0,1047.5
47857,14.4281,20.0,1047.5
47858,14.4281,20.0,1047.6
47859,14.4281,20.0,1047.6
47860,14.4281,20.0,1047.6
47861,14.4084,20.0,1047.6
47862,14.4084,20.0,1047.7
47863,14.4084,20.0,1047.7
47864,14.4084,20.0,1047.7
47865,14.4084,20.0,1047.7
47866,14.4084,20.0,1047.7
47867,14.4084,20.0,1047.8
47868,14.4084,20.0,1047.8
47869,14.4084,20.0,1047.8
47870,14.4084,20.0,1047.8
47871,14.4084,20.0,1047.8
47872,14.4084,20.0,1047.9
47873,14.4084,20.0,1047.9
47874,14.4084,20.0,1047.9
47875,14.4084,20.0,1047.9
47876,14.4084,20.0,1048.0
47877,14.4084,20.0,1048.0
47878,14.4084,20.0,1048.0
47879,14.4084,20.0,1048.0
47880,14.4084,20.0,1048.1
47881,14.3887,20.0,1048.1
47882,14.3887,20.0,1048.1
47883,14.3887,20.0,1048.1
47884,14.3887,20.0,1048.1
47885,14.3887,20.0,1048.2
47886,14.3887,20.0,1048.2
47887,14.3887,20.0,1048.2
47888,14.3887,20.0,1048.2
47889,14.3887,20.0,1048.2
47890,14.3887,20.0,1048.3
47891,14.3887,20.0,1048.3
47892,14.3887,20.0,1048.3
47893,14.3887,20.0,1048.3
47894,14.3887,20.0,1048.3
47895,14.3887,20.0,1048.4
47896,14.3887,20.0,1048.4
47897,14.3887,20.0,1048.4
47898,14.3887,20.0,1048.4
47899,14.3887,20.0,1048.5
47900,14.3887,20.0,1048.5
47901,14.3690,20.0,1048.5
47902,14.3690,20.0,1048.5
47903,14.3690,20.0,1048.5
47904,14.3690,20.0,1048.6
47905,14.3690,20.0,1048.6
47906,14.3690,20.0,1048.6
47907,14.3690,20.0,1048.6
47908,14.3690,20.0,1048.6
47909,14.3690,20.0,1048.7
47910,14.3690,20.0,1048.7
47911,14.3690,20.0,1048.7
47912,14.3690,20.0,1048.7
47913,14.3690,20.0,1048.8
47914,14.3690,20.0,1048.8
47915,14.3690,20.0,1048.8
47916,14.3690,20.0,1048.8
47917,14.3690,20.0,1048.8
47918,14.3690,20.0,1048.9
47919,14.3690,20.0,1048.9
47920,14.3690,20.0,1048.9
47921,14.3492,20.0,1048.9
47922,14.3492,20.0,1048.9
47923,14.3492,20.0,1049.0
47924,14.3492,20.0,1049.0
47925,14.3492,20.0,1049.0
47926,14.3492,20.0,1049.0
47927,14.3492,20.0,1049.1
47928,14.3492,20.0,1049.1
47929,14.3492,20.0,1049.1
47930,14.3492,20.0,1049.1
47931,14.3492,20.0,1049.1
47932,14.3492,20.0,1049.2
47933,14.3492,20.0,1049.2
47934,14.3492,20.0,1049.2
47935,14.3492,20.0,1049.2
47936,14.3492,20.0,1049.2
47937,14.3492,20.0,1049.3
47938,14.3492,20.0,1049.3
47939,14.3492,20.0,1049.3
47940,14.3492,20.0,1049.3
47941,14.3295,20.0,1049.4
47942,14.3295,20.0,1049.4
47943,14.3295,20.0,1049.4
47944,14.3295,20.0,1049.4
47945,14.3295,20.0,1049.5
47946,14.3295,20.0,1049.5
47947,14.3295,20.0,1049.5
47948,14.3295,20.0,1049.5
47949,14.3295,20.0,1049.6
47950,14.3295,20.0,1049.6
47951,14.3295,20.0,1049.6
47952,14.3295,20.0,1049.6
47953,14.3295,20.0,1049.6
47954,14.3295,20.0,1049.7
47955,14.3295,20.0,1049.7
47956,14.3295,20.0,1049.7
47957,14.3295,20.0,1049.8
47958,14.3295,20.0,1049.8
47959,14.3295,20.0,1049.8
47960,14.3295,20.0,1049.9
47961,14.3098,20.0,1049.9
47962,14.3098,20.0,1049.9
47963,14.3098,20.0,1050.0
47964,14.3098,20.0,1050.0
47965,14.3098,20.0,1050.0
47966,14.3098,20.0,1050.0
47967,14.3098,20.0,1050.1
47968,14.3098,20.0,1050.1
47969,14.3098,20.0,1050.1
47970,14.3098,20.0,1050.1
47971,14.3098,20.0,1050.2
47972,14.3098,20.0,1050.2
47973,14.3098,20.0,1050.2
47974,14.3098,20.0,1050.2
47975,14.3098,20.0,1050.2
47976,14.3098,20.0,1050.3
47977,14.3098,20.0,1050.3
47978,14.3098,20.0,1050.3
47979,14.3098,20.0,1050.3
47980,14.3098,20.0,1050.4
47981,14.2901,20.0,1050.4
47982,14.2901,20.0,1050.4
47983,14.2901,20.0,1050.4
47984,14.2901,20.0,1050.5
47985,14.2901,20.0,1050.5
47986,14.2901,20.0,1050.5
47987,14.2901,20.0,1050.5
47988,14.2901,20.0,1050.6
47989,14.2901,20.0,1050.6
47990,14.2901,20.0,1050.6
47991,14.2901,20.0,1050.6
47992,14.2901,20.0,1050.6
47993,14.2901,20.0,1050.7
47994,14.2901,20.0,1050.7
47995,14.2901,20.0,1050.7
47996,14.2901,20.0,1050.7
47997,14.2901,20.0,1050.8
47998,14.2901,20.0,1050.8
47999,14.2901,20.0,1050.8
48000,14.2901,20.0,1050.8
48001,14.2704,20.0,1050.8
48002,14.2704,20.0,1050.9
48003,14.2704,20.0,1050.9
48004,14.2704,20.0,1050.9
48005,14.2704,20.0,1050.9
48006,14.2704,20.0,1051.0
48007,14.2704,20.0,1051.0
48008,14.2704,20.0,1051.0
48009,14.2704,20.0,1051.0
48010,14.2704,20.0,1051.1
48011,14.2704,20.0,1051.1
48012,14.2704,20.0,1051.1
48013,14.2704,20.0,1051.1
48014,14.2704,20.0,1051.1
48015,14.2704,20.0,1051.2
48016,14.2704,20.0,1051.2
48017,14.2704,20.0,1051.2
48018,14.2704,20.0,1051.2
48019,14.2704,20.0,1051.2
48020,14.2704,20.0,1051.3
48021,14.2507,20.0,1051.3
48022,14.2507,20.0,1051.3
48023,14.2507,20.0,1051.3
48024,14.2507,20.0,1051.4
48025,14.2507,20.0,1051.4
48026,14.2507,20.0,1051.4
48027,14.2507,20.0,1051.4
48028,14.2507,20.0,1051.4
48029,14.2507,20.0,1051.5
48030,14.2507,20.0,1051.5
48031,14.2507,20.0,1051.5
48032,14.2507,20.0,1051.5
48033,14.2507,20.0,1051.6
48034,14.2507,20.0,1051.6
48035,14.2507,20.0,1051.6
48036,14.2507,20.0,1051.6
48037,14.2507,20.0,1051.6
48038,14.2507,20.0,1051.7
48039,14.2507,20.0,1051.7
48040,14.2507,20.0,1051.7
48041,14.2309,20.0,1051.7
48042,14.2309,20.0,1051.8
48043,14.2309,20.0,1051.8
48044,14.2309,20.0,1051.8
48045,14.2309,20.0,1051.8
48046,14.2309,20.0,1051.8
48047,14.2309,20.0,1051.9
48048,14.2309,20.0,1051.9
48049,14.2309,20.0,1051.9
48050,14.2309,20.0,1051.9
48051,14.2309,20.0,1051.9
48052,14.2309,20.0,1052.0
48053,14.2309,20.0,1052.0
48054,14.2309,20.0,1052.0
48055,14.2309,20.0,1052.0
48056,14.2309,20.0,1052.0
48057,14.2309,20.0,1052.1
48058,14.2309,20.0,1052.1
48059,14.2309,20.0,1052.1
48060,14.2309,20.0,1052.1
48061,14.2112,20.0,1052.2
48062,14.2112,20.0,1052.2
48063,14.2112,20.0,1052.2
48064,14.2112,20.0,1052.2
48065,14.2112,20.0,1052.2
48066,14.2112,20.0,1052.3
48067,14.2112,20.0,1052.3
48068,14.2112,20.0,1052.3
48069,14.2112,20.0,1052.3
48070,14.2112,20.0,1052.3
48071,14.2112,20.0,1052.4
48072,14.2112,20.0,1052.4
48073,14.2112,20.0,1052.4
48074,14.2112,20.0,1052.4
48075,14.2112,20.0,1052.4
48076,14.2112,20.0,1052.5
48077,14.2112,20.0,1052.5
48078,14.2112,20.0,1052.5
48079,14.2112,20.0,1052.5
48080,14.2112,20.0,1052.6
48081,14.1915,20.0,1052.6
48082,14.1915,20.0,1052.6
48083,14.1915,20.0,1052.6
48084,14.1915,20.0,1052.6
48085,14.1915,20.0,1052.7
48086,14.1915,20.0,1052.7
48087,14.1915,20.0,1052.7
48088,14.1915,20.0,1052.7
48089,14.1915,20.0,1052.8
48090,14.1915,20.0,1052.8
48091,14.1915,20.0,1052.8
48092,14.1915,20.0,1052.8
48093,14.1915,20.0,1052.8
48094,14.1915,20.0,1052.9
48095,14.1915,20.0,1052.9
48096,14.1915,20.0,1052.9
48097,14.1915,20.0,1052.9
48098,14.1915,20.0,1052.9
48099,14.1915,20.0,1053.0
48100,14.1915,20.0,1053.0
48101,14.1720,20.0,1053.0
48102,14.1720,20.0,1053.0
48103,14.1720,20.0,1053.1
48104,14.1720,20.0,1053.1
48105,14.1720,20.0,1053.1
48106,14.1720,20.0,1053.1
48107,14.1720,20.0,1053.1
48108,14.1720,20.0,1053.2
48109,14.1720,20.0,1053.2
48110,14.1720,20.0,1053.2
48111,14.1720,20.0,1053.2
48112,14.1720,20.0,1053.3
48113,14.1720,20.0,1053.3
48114,14.1720,20.0,1053.3
48115,14.1720,20.0,1053.3
48116,14.1720,20.0,1053.3
48117,14.1720,20.0,1053.3
48118,14.1720,20.0,1053.4
48119,14.1720,20.0,1053.4
48120,14.1720,20.0,1053.4
48121,14.1525,20.0,1053.4
48122,14.1525,20.0,1053.5
48123,14.1525,20.0,1053.5
48124,14.1525,20.0,1053.5
48125,14.1525,20.0,1053.5
48126,14.1525,20.0,1053.5
48127,14.1525,20.0,1053.6
48128,14.1525,20.0,1053.6
48129,14.1525,20.0,1053.9
48130,14.1525,20.0,1053.9
48131,14.1525,20.0,1053.9
48132,14.1525,20.0,1053.9
48133,14.1525,20.0,1054.0
48134,14.1525,20.0,1054.0
48135,14.1525,20.0,1054.0
48136,14.1525,20.0,1054.0
48137,14.1525,20.0,1054.0
48138,14.1525,20.0,1054.1
48139,14.1525,20.0,1054.1
48140,14.1525,20.0,1054.1
48141,14.1330,20.0,1054.1
48142,14.1330,20.0,1054.2
48143,14.1330,20.0,1054.2
48144,14.1330,20.0,1054.2
48145,14.1330,20.0,1054.2
48146,14.1330,20.0,1054.3
48147,14.1330,20.0,1054.3
48148,14.1330,20.0,1054.3
48149,14.1330,20.0,1054.3
48150,14.1330,20.0,1054.3
48151,14.1330,20.0,1054.4
48152,14.1330,20.0,1054.4
48153,14.1330,20.0,1054.4
48154,14.1330,20.0,1054.4
48155,14.1330,20.0,1054.5
48156,14.1330,20.0,1054.5
48157,14.1330,20.0,1054.6
48158,14.1330,20.0,1054.6
48159,14.1330,20.0,1054.6
48160,14.1330,20.0,1054.7
48161,14.1135,20.0,1054.7
48162,14.1135,20.0,1054.7
48163,14.1135,20.0,1054.7
48164,14.1135,20.0,1054.7
48165,14.1135,20.0,1054.8
48166,14.1135,20.0,1054.8
48167,14.1135,20.0,1054.8
48168,14.1135,20.0,1054.8
48169,14.1135,20.0,1054.9
48170,14.1135,20.0,1054.9
48171,14.1135,20.0,1054.9
48172,14.1135,20.0,1054.9
48173,14.1135,20.0,1054.9
48174,14.1135,20.0,1055.0
48175,14.1135,20.0,1055.0
48176,14.1135,20.0,1055.0
48177,14.1135,20.0,1055.0
48178,14.1135,20.0,1055.1
48179,14.1135,20.0,1055.1
48180,14.1135,20.0,1055.1
48181,14.0939,20.0,1055.1
48182,14.0939,20.0,1055.1
48183,14.0939,20.0,1055.2
48184,14.0939,20.0,1055.2
48185,14.0939,20.0,1055.2
48186,14.0939,20.0,1055.2
48187,14.0939,20.0,1055.3
48188,14.0939,20.0,1055.3
48189,14.0939,20.0,1055.3
48190,14.0939,20.0,1055.3
48191,14.0939,20.0,1055.4
48192,14.0939,20.0,1055.4
48193,14.0939,20.0,1055.4
48194,14.0939,20.0,1055.4
48195,14.0939,20.0,1055.5
48196,14.0939,20.0,1055.5
48197,14.0939,20.0,1055.5
48198,14.0939,20.0,1055.5
48199,14.0939,20.0,1055.6
48200,14.0939,20.0,1055.6
48201,14.0744,20.0,1055.6
48202,14.0744,20.0,1055.6
48203,14.0744,20.0,1055.6
48204,14.0744,20.0,1055.7
48205,14.0744,20.0,1055.7
48206,14.0744,20.0,1055.7
48207,14.0744,20.0,1055.7
48208,14.0744,20.0,1055.7
48209,14.0744,20.0,1055.8
48210,14.0744,20.0,1055.8
48211,14.0744,20.0,1055.8
48212,14.0744,20.0,1055.8
48213,14.0744,20.0,1055.8
48214,14.0744,20.0,1055.9
48215,14.0744,20.0,1055.9
48216,14.0744,20.0,1055.9
48217,14.0744,20.0,1055.9
48218,14.0744,20.0,1055.9
48219,14.0744,20.0,1056.0
48220,14.0744,20.0,1056.0
48221,14.0549,20.0,1056.0
48222,14.0549,20.0,1056.0
48223,14.0549,20.0,1056.0
48224,14.0549,20.0,1056.1
48225,14.0549,20.0,1056.1
48226,14.0549,20.0,1056.1
48227,14.0549,20.0,1056.1
48228,14.0549,20.0,1056.2
48229,14.0549,20.0,1056.2
48230,14.0549,20.0,1056.2
48231,14.0549,20.0,1056.2
48232,14.0549,20.0,1056.2
48233,14.0549,20.0,1056.3
48234,14.0549,20.0,1056.3
48235,14.0549,20.0,1056.3
48236,14.0549,20.0,1056.3
48237,14.0549,20.0,1056.3
48238,14.0549,20.0,1056.4
48239,14.0549,20.0,1056.4
48240,14.0549,20.0,1056.4
48241,14.0354,20.0,1056.4
48242,14.0354,20.0,1056.4
48243,14.0354,20.0,1056.5
48244,14.0354,20.0,1056.5
48245,14.0354,20.0,1056.5
48246,14.0354,20.0,1056.5
48247,14.0354,20.0,1056.6
48248,14.0354,20.0,1056.6
48249,14.0354,20.0,1056.6
48250,14.0354,20.0,1056.6
48251,14.0354,20.0,1056.6
48252,14.0354,20.0,1056.7
48253,14.0354,20.0,1056.7
48254,14.0354,20.0,1056.7
48255,14.0354,20.0,1056.7
48256,14.0354,20.0,1056.7
48257,14.0354,20.0,1056.8
48258,14.0354,20.0,1056.8
48259,14.0354,20.0,1056.8
48260,14.0354,20.0,1056.8
48261,14.0159,20.0,1056.9
48262,14.0159,20.0,1056.9
48263,14.0159,20.0,1056.9
48264,14.0159,20.0,1056.9
48265,14.0159,20.0,1056.9
48266,14.0159,20.0,1057.0
48267,14.0159,20.0,1057.0
48268,14.0159,20.0,1057.0
48269,14.0159,20.0,1057.0
48270,14.0159,20.0,1057.0
48271,14.0159,20.0,1057.1
48272,14.0159,20.0,1057.1
48273,14.0159,20.0,1057.1
48274,14.0159,20.0,1057.1
48275,14.0159,20.0,1057.2
48276,14.0159,20.0,1057.2
48277,14.0159,20.0,1057.2
48278,14.0159,20.0,1057.2
48279,14.0159,20.0,1057.2
48280,14.0159,20.0,1057.3
48281,13.9964,20.0,1057.3
48282,13.9964,20.0,1057.3
48283,13.9964,20.0,1057.3
48284,13.9964,20.0,1057.4
48285,13.9964,20.0,1057.4
48286,13.9964,20.0,1057.4
48287,13.9964,20.0,1057.4
48288,13.9964,20.0,1057.4
48289,13.9964,20.0,1057.5
48290,13.9964,20.0,1057.5
48291,13.9964,20.0,1057.5
48292,13.9964,20.0,1057.5
48293,13.9964,20.0,1057.5
48294,13.9964,20.0,1057.6
48295,13.9964,20.0,1057.6
48296,13.9964,20.0,1057.6
48297,13.9964,20.0,1057.6
48298,13.9964,20.0,1057.7
48299,13.9964,20.0,1057.7
48300,13.9964,20.0,1057.7
48301,13.9769,20.0,1057.7
48302,13.9769,20.0,1057.8
48303,13.9769,20.0,1057.8
48304,13.9769,20.0,1057.8
48305,13.9769,20.0,1057.8
48306,13.9769,20.0,1057.8
48307,13.9769,20.0,1057.9
48308,13.9769,20.0,1057.9
48309,13.9769,20.0,1057.9
48310,13.9769,20.0,1057.9
48311,13.9769,20.0,1058.0
48312,13.9769,20.0,1058.0
48313,13.9769,20.0,1058.0
48314,13.9769,20.0,1058.0
48315,13.9769,20.0,1058.1
48316,13.9769,20.0,1058.1
48317,13.9769,20.0,1058.1
48318,13.9769,20.0,1058.1
48319,13.9769,20.0,1058.1
48320,13.9769,20.0,1058.2
48321,13.9573,20.0,1058.2
48322,13.9573,20.0,1058.2
48323,13.9573,20.0,1058.2
48324,13.9573,20.0,1058.3
48325,13.9573,20.0,1058.3
48326,13.9573,20.0,1058.3
48327,13.9573,20.0,1058.3
48328,13.9573,20.0,1058.3
48329,13.9573,20.0,1058.4
48330,13.9573,20.0,1058.4
48331,13.9573,20.0,1058.4
48332,13.9573,20.0,1058.4
48333,13.9573,20.0,1058.4
48334,13.9573,20.0,1058.5
48335,13.9573,20.0,1058.5
48336,13.9573,20.0,1058.5
48337,13.9573,20.0,1058.5
48338,13.9573,20.0,1058.5
48339,13.9573,20.0,1058.6
48340,13.9573,20.0,1058.6
48341,13.9378,20.0,1058.6
48342,13.9378,20.0,1058.6
48343,13.9378,20.0,1058.7
48344,13.9378,20.0,1058.7
48345,13.9378,20.0,1058.7
48346,13.9378,20.0,1058.7
48347,13.9378,20.0,1058.8
48348,13.9378,20.0,1058.8
48349,13.9378,20.0,1058.8
48350,13.9378,20.0,1058.8
48351,13.9378,20.0,1058.9
48352,13.9378,20.0,1058.9
48353,13.9378,20.0,1058.9
48354,13.9378,20.0,1058.9
48355,13.9378,20.0,1059.0
48356,13.9378,20.0,1059.0
48357,13.9378,20.0,1059.0
48358,13.9378,20.0,1059.0
48359,13.9378,20.0,1059.0
48360,13.9378,20.0,1059.1
48361,13.9183,20.0,1059.1
48362,13.9183,20.0,1059.1
48363,13.9183,20.0,1059.2
48364,13.9183,20.0,1059.2
48365,13.9183,20.0,1059.2
48366,13.9183,20.0,1059.2
48367,13.9183,20.0,1059.3
48368,13.9183,20.0,1059.3
48369,13.9183,20.0,1059.3
48370,13.9183,20.0,1059.3
48371,13.9183,20.0,1059.3
48372,13.9183,20.0,1059.4
48373,13.9183,20.0,1059.4
48374,13.9183,20.0,1059.4
48375,13.9183,20.0,1059.4
48376,13.9183,20.0,1059.5
48377,13.9183,20.0,1059.5
48378,13.9183,20.0,1059.5
48379,13.9183,20.0,1059.5
48380,13.9183,20.0,1059.6
48381,13.8988,20.0,1059.6
48382,13.8988,20.0,1059.6
48383,13.8988,20.0,1059.6
48384,13.8988,20.0,1059.6
48385,13.8988,20.0,1059.7
48386,13.8988,20.0,1059.7
48387,13.8988,20.0,1059.8
48388,13.8988,20.0,1059.8
48389,13.8988,20.0,1059.8
48390,13.8988,20.0,1059.9
48391,13.8988,20.0,1059.9
48392,13.8988,20.0,1059.9
48393,13.8988,20.0,1059.9
48394,13.8988,20.0,1060.0
48395,13.8988,20.0,1060.0
48396,13.8988,20.0,1060.0
48397,13.8988,20.0,1060.0
48398,13.8988,20.0,1060.1
48399,13.8988,20.0,1060.1
48400,13.8988,20.0,1060.1
48401,13.8793,20.0,1060.1
48402,13.8793,20.0,1060.1
48403,13.8793,20.0,1060.2
48404,13.8793,20.0,1060.2
48405,13.8793,20.0,1060.2
48406,13.8793,20.0,1060.2
48407,13.8793,20.0,1060.3
48408,13.8793,20.0,1060.3
48409,13.8793,20.0,1060.3
48410,13.8793,20.0,1060.3
48411,13.8793,20.0,1060.4
48412,13.8793,20.0,1060.4
48413,13.8793,20.0,1060.4
48414,13.8793,20.0,1060.4
48415,13.8793,20.0,1060.4
48416,13.8793,20.0,1060.4
48417,13.8793,20.0,1060.5
48418,13.8793,20.0,1060.5
48419,13.8793,20.0,1060.5
48420,13.8793,20.0,1060.5
48421,13.8598,20.0,1060.6
48422,13.8598,20.0,1060.6
48423,13.8598,20.0,1060.6
48424,13.8598,20.0,1060.6
48425,13.8598,20.0,1060.6
48426,13.8598,20.0,1060.7
48427,13.8598,20.0,1060.7
48428,13.8598,20.0,1060.7
48429,13.8598,20.0,1060.7
48430,13.8598,20.0,1060.8
48431,13.8598,20.0,1060.8
48432,13.8598,20.0,1060.8
48433,13.8598,20.0,1060.8
48434,13.8598,20.0,1060.8
48435,13.8598,20.0,1060.9
48436,13.8598,20.0,1060.9
48437,13.8598,20.0,1060.9
48438,13.8598,20.0,1060.9
48439,13.8598,20.0,1061.0
48440,13.8598,20.0,1061.0
48441,13.8403,20.0,1061.0
48442,13.8403,20.0,1061.0
48443,13.8403,20.0,1061.0
48444,13.8403,20.0,1061.1
48445,13.8403,20.0,1061.1
48446,13.8403,20.0,1061.1
48447,13.8403,20.0,1061.1
48448,13.8403,20.0,1061.1
48449,13.8403,20.0,1061.2
48450,13.8403,20.0,1061.2
48451,13.8403,20.0,1061.2
48452,13.8403,20.0,1061.2
48453,13.8403,20.0,1061.2
48454,13.8403,20.0,1061.3
48455,13.8403,20.0,1061.3
48456,13.8403,20.0,1061.3
48457,13.8403,20.0,1061.3
48458,13.8403,20.0,1061.3
48459,13.8403,20.0,1061.4
48460,13.8403,20.0,1061.4
48461,13.8208,20.0,1061.4
48462,13.8208,20.0,1061.4
48463,13.8208,20.0,1061.5
48464,13.8208,20.0,1061.5
48465,13.8208,20.0,1061.5
48466,13.8208,20.0,1061.5
48467,13.8208,20.0,1061.5
48468,13.8208,20.0,1061.6
48469,13.8208,20.0,1061.6
48470,13.8208,20.0,1061.6
48471,13.8208,20.0,1061.6
48472,13.8208,20.0,1061.7
48473,13.8208,20.0,1061.7
48474,13.8208,20.0,1061.7
48475,13.8208,20.0,1061.7
48476,13.8208,20.0,1061.7
48477,13.8208,20.0,1061.8
48478,13.8208,20.0,1061.8
48479,13.8208,20.0,1061.8
48480,13.8208,20.0,1061.8
48481,13.8012,20.0,1061.8
48482,13.8012,20.0,1061.9
48483,13.8012,20.0,1061.9
48484,13.8012,20.0,1061.9
48485,13.8012,20.0,1061.9
48486,13.8012,20.0,1062.0
48487,13.8012,20.0,1062.0
48488,13.8012,20.0,1062.0
48489,13.8012,20.0,1062.0
48490,13.8012,20.0,1062.1
48491,13.8012,20.0,1062.1
48492,13.8012,20.0,1062.1
48493,13.8012,20.0,1062.1
48494,13.8012,20.0,1062.2
48495,13.8012,20.0,1062.2
48496,13.8012,20.0,1062.2
48497,13.8012,20.0,1062.2
48498,13.8012,20.0,1062.2
48499,13.8012,20.0,1062.2
48500,13.8012,20.0,1062.3
48501,13.7817,20.0,1062.3
48502,13.7817,20.0,1062.3
48503,13.7817,20.0,1062.3
48504,13.7817,20.0,1062.4
48505,13.7817,20.0,1062.4
48506,13.7817,20.0,1062.4
48507,13.7817,20.0,1062.4
48508,13.7817,20.0,1062.5
48509,13.7817,20.0,1062.5
48510,13.7817,20.0,1062.5
48511,13.7817,20.0,1062.5
48512,13.7817,20.0,1062.5
48513,13.7817,20.0,1062.6
48514,13.7817,20.0,1062.6
48515,13.7817,20.0,1062.6
48516,13.7817,20.0,1062.6
48517,13.7817,20.0,1062.7
48518,13.7817,20.0,1062.7
48519,13.7817,20.0,1062.7
48520,13.7817,20.0,1062.7
48521,13.7622,20.0,1062.7
48522,13.7622,20.0,1062.8
48523,13.7622,20.0,1062.8
48524,13.7622,20.0,1062.8
48525,13.7622,20.0,1062.8
48526,13.7622,20.0,1062.9
48527,13.7622,20.0,1062.9
48528,13.7622,20.0,1062.9
48529,13.7622,20.0,1062.9
48530,13.7622,20.0,1062.9
48531,13.7622,20.0,1063.0
48532,13.7622,20.0,1063.0
48533,13.7622,20.0,1063.0
48534,13.7622,20.0,1063.0
48535,13.7622,20.0,1063.0
48536,13.7622,20.0,1063.1
48537,13.7622,20.0,1063.1
48538,13.7622,20.0,1063.1
48539,13.7622,20.0,1063.1
48540,13.7622,20.0,1063.2
48541,13.7427,20.0,1063.2
48542,13.7427,20.0,1063.2
48543,13.7427,20.0,1063.2
48544,13.7427,20.0,1063.2
48545,13.7427,20.0,1063.3
48546,13.7427,20.0,1063.3
48547,13.7427,20.0,1063.3
48548,13.7427,20.0,1063.3
48549,13.7427,20.0,1063.3
48550,13.7427,20.0,1063.4
48551,13.7427,20.0,1063.4
48552,13.7427,20.0,1063.4
48553,13.7427,20.0,1063.4
48554,13.7427,20.0,1063.5
48555,13.7427,20.0,1063.5
48556,13.7427,20.0,1063.5
48557,13.7427,20.0,1063.5
48558,13.7427,20.0,1063.5
48559,13.7427,20.0,1063.6
48560,13.7427,20.0,1063.6
48561,13.7232,20.0,1063.6
48562,13.7232,20.0,1063.6
48563,13.7232,20.0,1063.6
48564,13.7232,20.0,1063.7
48565,13.7232,20.0,1063.7
48566,13.7232,20.0,1063.7
48567,13.7232,20.0,1063.7
48568,13.7232,20.0,1063.8
48569,13.7232,20.0,1063.8
48570,13.7232,20.0,1063.8
48571,13.7232,20.0,1063.8
48572,13.7232,20.0,1063.9
48573,13.7232,20.0,1063.9
48574,13.7232,20.0,1063.9
48575,13.7232,20.0,1063.9
48576,13.7232,20.0,1063.9
48577,13.7232,20.0,1064.0
48578,13.7232,20.0,1064.0
48579,13.7232,20.0,1064.0
48580,13.7232,20.0,1064.0
48581,13.7037,20.0,1064.1
48582,13.7037,20.0,1064.1
48583,13.7037,20.0,1064.1
48584,13.7037,20.0,1064.1
48585,13.7037,20.0,1064.1
48586,13.7037,20.0,1064.2
48587,13.7037,20.0,1064.2
48588,13.7037,20.0,1064.2
48589,13.7037,20.0,1064.2
48590,13.7037,20.0,1064.3
48591,13.7037,20.0,1064.3
48592,13.7037,20.0,1064.3
48593,13.7037,20.0,1064.3
48594,13.7037,20.0,1064.3
48595,13.7037,20.0,1064.3
48596,13.7037,20.0,1064.4
48597,13.7037,20.0,1064.4
48598,13.7037,20.0,1064.4
48599,13.7037,20.0,1064.4
48600,13.7037,20.0,1064.5
48601,13.7043,20.0,1064.5
48602,13.7043,20.0,1064.5
48603,13.7043,20.0,1064.5
48604,13.7043,20.0,1064.5
48605,13.7043,20.0,1064.6
48606,13.7043,20.0,1064.6
48607,13.7043,20.0,1064.6
48608,13.7043,20.0,1064.6
48609,13.7043,20.0,1064.7
48610,13.7043,20.0,1064.7
48611,13.7043,20.0,1064.7
48612,13.7043,20.0,1064.7
48613,13.7043,20.0,1064.7
48614,13.7043,20.0,1064.8
48615,13.7043,20.0,1064.8
48616,13.7043,20.0,1064.8
48617,13.7043,20.0,1064.8
48618,13.7043,20.0,1064.8
48619,13.7043,20.0,1064.9
48620,13.7043,20.0,1064.9
48621,13.7049,20.0,1064.9
48622,13.7049,20.0,1064.9
48623,13.7049,20.0,1064.9
48624,13.7049,20.0,1065.0
48625,13.7049,20.0,1065.0
48626,13.7049,20.0,1065.0
48627,13.7049,20.0,1065.0
48628,13.7049,20.0,1065.0
48629,13.7049,20.0,1065.1
48630,13.7049,20.0,1065.1
48631,13.7049,20.0,1065.1
48632,13.7049,20.0,1065.1
48633,13.7049,20.0,1065.2
48634,13.7049,20.0,1065.2
48635,13.7049,20.0,1065.2
48636,13.7049,20.0,1065.2
48637,13.7049,20.0,1065.2
48638,13.7049,20.0,1065.3
48639,13.7049,20.0,1065.3
48640,13.7049,20.0,1065.3
48641,13.7055,20.0,1065.6
48642,13.7055,20.0,1065.7
48643,13.7055,20.0,1065.7
48644,13.7055,20.0,1065.7
48645,13.7055,20.0,1065.7
48646,13.7055,20.0,1065.8
48647,13.7055,20.0,1065.8
48648,13.7055,20.0,1065.8
48649,13.7055,20.0,1065.8
48650,13.7055,20.0,1065.8
48651,13.7055,20.0,1065.8
48652,13.7055,20.0,1065.9
48653,13.7055,20.0,1065.9
48654,13.7055,20.0,1065.9
48655,13.7055,20.0,1065.9
48656,13.7055,20.0,1066.0
48657,13.7055,20.0,1066.0
48658,13.7055,20.0,1066.0
48659,13.7055,20.0,1066.0
48660,13.7055,20.0,1066.1
48661,13.6663,20.0,1066.1
48662,13.6663,20.0,1066.1
48663,13.6663,20.0,1066.1
48664,13.6663,20.0,1066.1
48665,13.6663,20.0,1066.2
48666,13.6663,20.0,1066.2
48667,13.6663,20.0,1066.2
48668,13.6663,20.0,1066.2
48669,13.6663,20.0,1066.2
48670,13.6663,20.0,1066.3
48671,13.6663,20.0,1066.3
48672,13.6663,20.0,1066.3
48673,13.6663,20.0,1066.3
48674,13.6663,20.0,1066.4
48675,13.6663,20.0,1066.4
48676,13.6663,20.0,1066.4
48677,13.6663,20.0,1066.4
48678,13.6663,20.0,1066.4
48679,13.6663,20.0,1066.5
48680,13.6663,20.0,1066.5
48681,13.6271,20.0,1066.5
48682,13.6271,20.0,1066.5
48683,13.6271,20.0,1066.5
48684,13.6271,20.0,1066.6
48685,13.6271,20.0,1066.6
48686,13.6271,20.0,1066.6
48687,13.6271,20.0,1066.6
48688,13.6271,20.0,1066.7
48689,13.6271,20.0,1066.7
48690,13.6271,20.0,1066.7
48691,13.6271,20.0,1066.7
48692,13.6271,20.0,1066.7
48693,13.6271,20.0,1066.8
48694,13.6271,20.0,1066.8
48695,13.6271,20.0,1066.8
48696,13.6271,20.0,1066.8
48697,13.6271,20.0,1066.8
48698,13.6271,20.0,1066.9
48699,13.6271,20.0,1066.9
48700,13.6271,20.0,1066.9
48701,13.5879,20.0,1066.9
48702,13.5879,20.0,1067.0
48703,13.5879,20.0,1067.0
48704,13.5879,20.0,1067.0
48705,13.5879,20.0,1067.0
48706,13.5879,20.0,1067.0
48707,13.5879,20.0,1067.0
48708,13.5879,20.0,1067.1
48709,13.5879,20.0,1067.1
48710,13.5879,20.0,1067.1
48711,13.5879,20.0,1067.1
48712,13.5879,20.0,1067.2
48713,13.5879,20.0,1067.2
48714,13.5879,20.0,1067.2
48715,13.5879,20.0,1067.2
48716,13.5879,20.0,1067.3
48717,13.5879,20.0,1067.3
48718,13.5879,20.0,1067.3
48719,13.5879,20.0,1067.3
48720,13.5879,20.0,1067.3
48721,13.5488,20.0,1067.4
48722,13.5488,20.0,1067.4
48723,13.5488,20.0,1067.4
48724,13.5488,20.0,1067.4
48725,13.5488,20.0,1067.4
48726,13.5488,20.0,1067.5
48727,13.5488,20.0,1067.5
48728,13.5488,20.0,1067.6
48729,13.5488,20.0,1067.6
48730,13.5488,20.0,1067.6
48731,13.5488,20.0,1067.6
48732,13.5488,20.0,1067.7
48733,13.5488,20.0,1067.7
48734,13.5488,20.0,1067.7
48735,13.5488,20.0,1067.7
48736,13.5488,20.0,1067.8
48737,13.5488,20.0,1067.8
48738,13.5488,20.0,1067.8
48739,13.5488,20.0,1067.8
48740,13.5488,20.0,1067.8
48741,13.5096,20.0,1067.9
48742,13.5096,20.0,1067.9
48743,13.5096,20.0,1067.9
48744,13.5096,20.0,1067.9
48745,13.5096,20.0,1068.0
48746,13.5096,20.0,1068.0
48747,13.5096,20.0,1068.0
48748,13.5096,20.0,1068.0
48749,13.5096,20.0,1068.0
48750,13.5096,20.0,1068.1
48751,13.5096,20.0,1068.1
48752,13.5096,20.0,1068.1
48753,13.5096,20.0,1068.1
48754,13.5096,20.0,1068.2
48755,13.5096,20.0,1068.2
48756,13.5096,20.0,1068.2
48757,13.5096,20.0,1068.2
48758,13.5096,20.0,1068.3
48759,13.5096,20.0,1068.3
48760,13.5096,20.0,1068.3
48761,13.4704,20.0,1068.3
48762,13.4704,20.0,1068.3
48763,13.4704,20.0,1068.4
48764,13.4704,20.0,1068.4
48765,13.4704,20.0,1068.4
48766,13.4704,20.0,1068.4
48767,13.4704,20.0,1068.5
48768,13.4704,20.0,1068.5
48769,13.4704,20.0,1068.5
48770,13.4704,20.0,1068.5
48771,13.4704,20.0,1068.6
48772,13.4704,20.0,1068.6
48773,13.4704,20.0,1068.6
48774,13.4704,20.0,1068.6
48775,13.4704,20.0,1068.7
48776,13.4704,20.0,1068.7
48777,13.4704,20.0,1068.8
48778,13.4704,20.0,1068.8
48779,13.4704,20.0,1068.8
48780,13.4704,20.0,1068.9
48781,13.4312,20.0,1068.9
48782,13.4312,20.0,1068.9
48783,13.4312,20.0,1068.9
48784,13.4312,20.0,1068.9
48785,13.4312,20.0,1069.0
48786,13.4312,20.0,1069.0
48787,13.4312,20.0,1069.0
48788,13.4312,20.0,1069.0
48789,13.4312,20.0,1069.1
48790,13.4312,20.0,1069.1
48791,13.4312,20.0,1069.1
48792,13.4312,20.0,1069.1
48793,13.4312,20.0,1069.1
48794,13.4312,20.0,1069.2
48795,13.4312,20.0,1069.2
48796,13.4312,20.0,1069.2
48797,13.4312,20.0,1069.2
48798,13.4312,20.0,1069.3
48799,13.4312,20.0,1069.3
48800,13.4312,20.0,1069.3
48801,13.3920,20.0,1069.3
48802,13.3920,20.0,1069.4
48803,13.3920,20.0,1069.4
48804,13.3920,20.0,1069.4
48805,13.3920,20.0,1069.4
48806,13.3920,20.0,1069.5
48807,13.3920,20.0,1069.5
48808,13.3920,20.0,1069.5
48809,13.3920,20.0,1069.5
48810,13.3920,20.0,1069.5
48811,13.3920,20.0,1069.6
48812,13.3920,20.0,1069.6
48813,13.3920,20.0,1069.6
48814,13.3920,20.0,1069.6
48815,13.3920,20.0,1069.7
48816,13.3920,20.0,1069.7
48817,13.3920,20.0,1069.7
48818,13.3920,20.0,1069.7
48819,13.3920,20.0,1069.7
48820,13.3920,20.0,1069.8
48821,13.3529,20.0,1069.8
48822,13.3529,20.0,1069.8
48823,13.3529,20.0,1069.8
48824,13.3529,20.0,1069.9
48825,13.3529,20.0,1069.9
48826,13.3529,20.0,1069.9
48827,13.3529,20.0,1069.9
48828,13.3529,20.0,1069.9
48829,13.3529,20.0,1070.0
48830,13.3529,20.0,1070.0
48831,13.3529,20.0,1070.0
48832,13.3529,20.0,1070.0
48833,13.3529,20.0,1070.1
48834,13.3529,20.0,1070.1
48835,13.3529,20.0,1070.1
48836,13.3529,20.0,1070.1
48837,13.3529,20.0,1070.1
48838,13.3529,20.0,1070.2
48839,13.3529,20.0,1070.2
48840,13.3529,20.0,1070.2
48841,13.3137,20.0,1070.2
48842,13.3137,20.0,1070.3
48843,13.3137,20.0,1070.3
48844,13.3137,20.0,1070.3
48845,13.3137,20.0,1070.3
48846,13.3137,20.0,1070.4
48847,13.3137,20.0,1070.4
48848,13.3137,20.0,1070.4
48849,13.3137,20.0,1070.4
48850,13.3137,20.0,1070.4
48851,13.3137,20.0,1070.5
48852,13.3137,20.0,1070.5
48853,13.3137,20.0,1070.5
48854,13.3137,20.0,1070.5
48855,13.3137,20.0,1070.5
48856,13.3137,20.0,1070.6
48857,13.3137,20.0,1070.6
48858,13.3137,20.0,1070.6
48859,13.3137,20.0,1070.6
48860,13.3137,20.0,1070.7
48861,13.2745,20.0,1070.7
48862,13.2745,20.0,1070.7
48863,13.2745,20.0,1070.7
48864,13.2745,20.0,1070.7
48865,13.2745,20.0,1070.8
48866,13.2745,20.0,1070.8
48867,13.2745,20.0,1070.8
48868,13.2745,20.0,1070.8
48869,13.2745,20.0,1070.8
48870,13.2745,20.0,1070.9
48871,13.2745,20.0,1070.9
48872,13.2745,20.0,1070.9
48873,13.2745,20.0,1070.9
48874,13.2745,20.0,1071.0
48875,13.2745,20.0,1071.0
48876,13.2745,20.0,1071.0
48877,13.2745,20.0,1071.0
48878,13.2745,20.0,1071.0
48879,13.2745,20.0,1071.1
48880,13.2745,20.0,1071.1
48881,13.2353,20.0,1071.1
48882,13.2353,20.0,1071.1
48883,13.2353,20.0,1071.2
48884,13.2353,20.0,1071.2
48885,13.2353,20.0,1071.2
48886,13.2353,20.0,1071.2
48887,13.2353,20.0,1071.3
48888,13.2353,20.0,1071.3
48889,13.2353,20.0,1071.3
48890,13.2353,20.0,1071.3
48891,13.2353,20.0,1071.3
48892,13.2353,20.0,1071.4
48893,13.2353,20.0,1071.4
48894,13.2353,20.0,1071.4
48895,13.2353,20.0,1071.4
48896,13.2353,20.0,1071.5
48897,13.2353,20.0,1071.5
48898,13.2353,20.0,1071.5
48899,13.2353,20.0,1071.5
48900,13.2353,20.0,1071.5
48901,13.1961,20.0,1071.6
48902,13.1961,20.0,1071.6
48903,13.1961,20.0,1071.6
48904,13.1961,20.0,1071.7
48905,13.1961,20.0,1071.7
48906,13.1961,20.0,1071.8
48907,13.1961,20.0,1071.8
48908,13.1961,20.0,1071.8
48909,13.1961,20.0,1071.9
48910,13.1961,20.0,1071.9
48911,13.1961,20.0,1071.9
48912,13.1961,20.0,1071.9
48913,13.1961,20.0,1072.0
48914,13.1961,20.0,1072.0
48915,13.1961,20.0,1072.0
48916,13.1961,20.0,1072.0
48917,13.1961,20.0,1072.1
48918,13.1961,20.0,1072.1
48919,13.1961,20.0,1072.1
48920,13.1961,20.0,1072.1
48921,13.1569,20.0,1072.2
48922,13.1569,20.0,1072.2
48923,13.1569,20.0,1072.2
48924,13.1569,20.0,1072.2
48925,13.1569,20.0,1072.2
48926,13.1569,20.0,1072.3
48927,13.1569,20.0,1072.3
48928,13.1569,20.0,1072.3
48929,13.1569,20.0,1072.3
48930,13.1569,20.0,1072.3
48931,13.1569,20.0,1072.4
48932,13.1569,20.0,1072.4
48933,13.1569,20.0,1072.4
48934,13.1569,20.0,1072.4
48935,13.1569,20.0,1072.4
48936,13.1569,20.0,1072.4
48937,13.1569,20.0,1072.5
48938,13.1569,20.0,1072.5
48939,13.1569,20.0,1072.5
48940,13.1569,20.0,1072.5
48941,13.1178,20.0,1072.5
48942,13.1178,20.0,1072.6
48943,13.1178,20.0,1072.6
48944,13.1178,20.0,1072.6
48945,13.1178,20.0,1072.6
48946,13.1178,20.0,1072.7
48947,13.1178,20.0,1072.7
48948,13.1178,20.0,1072.7
48949,13.1178,20.0,1072.7
48950,13.1178,20.0,1072.8
48951,13.1178,20.0,1072.8
48952,13.1178,20.0,1072.8
48953,13.1178,20.0,1072.8
48954,13.1178,20.0,1072.8
48955,13.1178,20.0,1072.9
48956,13.1178,20.0,1072.9
48957,13.1178,20.0,1072.9
48958,13.1178,20.0,1072.9
48959,13.1178,20.0,1073.0
48960,13.1178,20.0,1073.0
48961,13.0786,20.0,1073.0
48962,13.0786,20.0,1073.0
48963,13.0786,20.0,1073.0
48964,13.0786,20.0,1073.1
48965,13.0786,20.0,1073.1
48966,13.0786,20.0,1073.1
48967,13.0786,20.0,1073.1
48968,13.0786,20.0,1073.2
48969,13.0786,20.0,1073.2
48970,13.0786,20.0,1073.2
48971,13.0786,20.0,1073.2
48972,13.0786,20.0,1073.3
48973,13.0786,20.0,1073.3
48974,13.0786,20.0,1073.3
48975,13.0786,20.0,1073.3
48976,13.0786,20.0,1073.3
48977,13.0786,20.0,1073.4
48978,13.0786,20.0,1073.4
48979,13.0786,20.0,1073.4
48980,13.0786,20.0,1073.4
48981,13.0394,20.0,1073.5
48982,13.0394,20.0,1073.5
48983,13.0394,20.0,1073.5
48984,13.0394,20.0,1073.5
48985,13.0394,20.0,1073.5
48986,13.0394,20.0,1073.6
48987,13.0394,20.0,1073.6
48988,13.0394,20.0,1073.6
48989,13.0394,20.0,1073.6
48990,13.0394,20.0,1073.6
48991,13.0394,20.0,1073.7
48992,13.0394,20.0,1073.7
48993,13.0394,20.0,1073.7
48994,13.0394,20.0,1073.7
48995,13.0394,20.0,1073.8
48996,13.0394,20.0,1073.8
48997,13.0394,20.0,1073.8
48998,13.0394,20.0,1073.8
48999,13.0394,20.0,1073.8
49000,13.0394,20.0,1073.8
49001,13.0002,20.0,1073.9
49002,13.0002,20.0,1073.9
49003,13.0002,20.0,1073.9
49004,13.0002,20.0,1073.9
49005,13.0002,20.0,1073.9
49006,13.0002,20.0,1074.0
49007,13.0002,20.0,1074.0
49008,13.0002,20.0,1074.0
49009,13.0002,20.0,1074.0
49010,13.0002,20.0,1074.0
49011,13.0002,20.0,1074.1
49012,13.0002,20.0,1074.1
49013,13.0002,20.0,1074.1
49014,13.0002,20.0,1074.1
49015,13.0002,20.0,1074.2
49016,13.0002,20.0,1074.2
49017,13.0002,20.0,1074.2
49018,13.0002,20.0,1074.2
49019,13.0002,20.0,1074.2
49020,13.0002,20.0,1074.3
49021,12.9610,20.0,1074.3
49022,12.9610,20.0,1074.3
49023,12.9610,20.0,1074.3
49024,12.9610,20.0,1074.4
49025,12.9610,20.0,1074.4
49026,12.9610,20.0,1074.4
49027,12.9610,20.0,1074.4
49028,12.9610,20.0,1074.4
49029,12.9610,20.0,1074.5
49030,12.9610,20.0,1074.5
49031,12.9610,20.0,1074.5
49032,12.9610,20.0,1074.5
49033,12.9610,20.0,1074.5
49034,12.9610,20.0,1074.6
49035,12.9610,20.0,1074.6
49036,12.9610,20.0,1074.6
49037,12.9610,20.0,1074.6
49038,12.9610,20.0,1074.6
49039,12.9610,20.0,1074.7
49040,12.9610,20.0,1074.7
49041,12.9219,20.0,1074.7
49042,12.9219,20.0,1074.7
49043,12.9219,20.0,1074.7
49044,12.9219,20.0,1074.8
49045,12.9219,20.0,1074.8
49046,12.9219,20.0,1074.8
49047,12.9219,20.0,1074.8
49048,12.9219,20.0,1074.9
49049,12.9219,20.0,1074.9
49050,12.9219,20.0,1074.9
49051,12.9219,20.0,1074.9
49052,12.9219,20.0,1074.9
49053,12.9219,20.0,1075.0
49054,12.9219,20.0,1075.0
49055,12.9219,20.0,1075.0
49056,12.9219,20.0,1075.0
49057,12.9219,20.0,1075.0
49058,12.9219,20.0,1075.0
49059,12.9219,20.0,1075.1
49060,12.9219,20.0,1075.1
49061,12.8827,20.0,1075.1
49062,12.8827,20.0,1075.1
49063,12.8827,20.0,1075.2
49064,12.8827,20.0,1075.2
49065,12.8827,20.0,1075.2
49066,12.8827,20.0,1075.2
49067,12.8827,20.0,1075.3
49068,12.8827,20.0,1075.3
49069,12.8827,20.0,1075.3
49070,12.8827,20.0,1075.3
49071,12.8827,20.0,1075.3
49072,12.8827,20.0,1075.4
49073,12.8827,20.0,1075.4
49074,12.8827,20.0,1075.4
49075,12.8827,20.0,1075.4
49076,12.8827,20.0,1075.4
49077,12.8827,20.0,1075.5
49078,12.8827,20.0,1075.5
49079,12.8827,20.0,1075.5
49080,12.8827,20.0,1075.5
49081,12.8435,20.0,1075.6
49082,12.8435,20.0,1075.6
49083,12.8435,20.0,1075.6
49084,12.8435,20.0,1075.6
49085,12.8435,20.0,1075.6
49086,12.8435,20.0,1075.6
49087,12.8435,20.0,1075.7
49088,12.8435,20.0,1075.7
49089,12.8435,20.0,1075.7
49090,12.8435,20.0,1075.7
49091,12.8435,20.0,1075.8
49092,12.8435,20.0,1075.8
49093,12.8435,20.0,1075.8
49094,12.8435,20.0,1075.8
49095,12.8435,20.0,1075.8
49096,12.8435,20.0,1075.9
49097,12.8435,20.0,1075.9
49098,12.8435,20.0,1075.9
49099,12.8435,20.0,1075.9
49100,12.8435,20.0,1076.0
49101,12.8043,20.0,1076.0
49102,12.8043,20.0,1076.0
49103,12.8043,20.0,1076.0
49104,12.8043,20.0,1076.0
49105,12.8043,20.0,1076.1
49106,12.8043,20.0,1076.1
49107,12.8043,20.0,1076.1
49108,12.8043,20.0,1076.1
49109,12.8043,20.0,1076.1
49110,12.8043,20.0,1076.2
49111,12.8043,20.0,1076.2
49112,12.8043,20.0,1076.2
49113,12.8043,20.0,1076.2
49114,12.8043,20.0,1076.3
49115,12.8043,20.0,1076.3
49116,12.8043,20.0,1076.3
49117,12.8043,20.0,1076.3
49118,12.8043,20.0,1076.3
49119,12.8043,20.0,1076.4
49120,12.8043,20.0,1076.4
49121,12.7842,20.0,1076.4
49122,12.7842,20.0,1076.4
49123,12.7842,20.0,1076.5
49124,12.7842,20.0,1076.5
49125,12.7842,20.0,1076.5
49126,12.7842,20.0,1076.5
49127,12.7842,20.0,1076.6
49128,12.7842,20.0,1076.6
49129,12.7842,20.0,1076.6
49130,12.7842,20.0,1076.6
49131,12.7842,20.0,1076.7
49132,12.7842,20.0,1076.7
49133,12.7842,20.0,1076.7
49134,12.7842,20.0,1076.7
49135,12.7842,20.0,1076.8
49136,12.7842,20.0,1076.8
49137,12.7842,20.0,1076.8
49138,12.7842,20.0,1076.8
49139,12.7842,20.0,1076.8
49140,12.7842,20.0,1076.9
49141,12.7642,20.0,1076.9
49142,12.7642,20.0,1077.0
49143,12.7642,20.0,1077.0
49144,12.7642,20.0,1077.0
49145,12.7642,20.0,1077.0
49146,12.7642,20.0,1077.1
49147,12.7642,20.0,1077.1
49148,12.7642,20.0,1077.1
49149,12.7642,20.0,1077.1
49150,12.7642,20.0,1077.2
49151,12.7642,20.0,1077.2
49152,12.7642,20.0,1077.2
49153,12.7642,20.0,1077.6
49154,12.7642,20.0,1077.6
49155,12.7642,20.0,1077.6
49156,12.7642,20.0,1077.6
49157,12.7642,20.0,1077.7
49158,12.7642,20.0,1077.7
49159,12.7642,20.0,1077.7
49160,12.7642,20.0,1077.7
49161,12.7640,20.0,1077.8
49162,12.7640,20.0,1077.8
49163,12.7640,20.0,1077.8
49164,12.7640,20.0,1077.8
49165,12.7640,20.0,1077.8
49166,12.7640,20.0,1077.9
49167,12.7640,20.0,1077.9
49168,12.7640,20.0,1077.9
49169,12.7640,20.0,1077.9
49170,12.7640,20.0,1078.0
49171,12.7640,20.0,1078.0
49172,12.7640,20.0,1078.0
49173,12.7640,20.0,1078.0
49174,12.7640,20.0,1078.1
49175,12.7640,20.0,1078.1
49176,12.7640,20.0,1078.1
49177,12.7640,20.0,1078.1
49178,12.7640,20.0,1078.2
49179,12.7640,20.0,1078.2
49180,12.7640,20.0,1078.2
49181,12.7639,20.0,1078.2
49182,12.7639,20.0,1078.3
49183,12.7639,20.0,1078.3
49184,12.7639,20.0,1078.3
49185,12.7639,20.0,1078.3
49186,12.7639,20.0,1078.4
49187,12.7639,20.0,1078.4
49188,12.7639,20.0,1078.5
49189,12.7639,20.0,1078.5
49190,12.7639,20.0,1078.5
49191,12.7639,20.0,1078.5
49192,12.7639,20.0,1078.6
49193,12.7639,20.0,1078.6
49194,12.7639,20.0,1078.6
49195,12.7639,20.0,1078.6
49196,12.7639,20.0,1078.7
49197,12.7639,20.0,1078.7
49198,12.7639,20.0,1078.7
49199,12.7639,20.0,1078.7
49200,12.7639,20.0,1078.8
49201,12.7637,20.0,1078.8
49202,12.7637,20.0,1078.8
49203,12.7637,20.0,1078.8
49204,12.7637,20.0,1078.9
49205,12.7637,20.0,1078.9
49206,12.7637,20.0,1078.9
49207,12.7637,20.0,1079.0
49208,12.7637,20.0,1079.0
49209,12.7637,20.0,1079.1
49210,12.7637,20.0,1079.1
49211,12.7637,20.0,1079.1
49212,12.7637,20.0,1079.1
49213,12.7637,20.0,1079.2
49214,12.7637,20.0,1079.2
49215,12.7637,20.0,1079.2
49216,12.7637,20.0,1079.2
49217,12.7637,20.0,1079.3
49218,12.7637,20.0,1079.3
49219,12.7637,20.0,1079.3
49220,12.7637,20.0,1079.3
49221,12.7636,20.0,1079.4
49222,12.7636,20.0,1079.4
49223,12.7636,20.0,1079.4
49224,12.7636,20.0,1079.4
49225,12.7636,20.0,1079.5
49226,12.7636,20.0,1079.5
49227,12.7636,20.0,1079.5
49228,12.7636,20.0,1079.5
49229,12.7636,20.0,1079.6
49230,12.7636,20.0,1079.6
49231,12.7636,20.0,1079.6
49232,12.7636,20.0,1079.6
49233,12.7636,20.0,1079.7
49234,12.7636,20.0,1079.7
49235,12.7636,20.0,1079.7
49236,12.7636,20.0,1079.8
49237,12.7636,20.0,1079.8
49238,12.7636,20.0,1079.8
49239,12.7636,20.0,1079.8
49240,12.7636,20.0,1079.9
49241,12.7634,20.0,1079.9
49242,12.7634,20.0,1080.0
49243,12.7634,20.0,1080.0
49244,12.7634,20.0,1080.0
49245,12.7634,20.0,1080.0
49246,12.7634,20.0,1080.0
49247,12.7634,20.0,1080.1
49248,12.7634,20.0,1080.1
49249,12.7634,20.0,1080.1
49250,12.7634,20.0,1080.1
49251,12.7634,20.0,1080.2
49252,12.7634,20.0,1080.2
49253,12.7634,20.0,1080.2
49254,12.7634,20.0,1080.2
49255,12.7634,20.0,1080.3
49256,12.7634,20.0,1080.3
49257,12.7634,20.0,1080.3
49258,12.7634,20.0,1080.3
49259,12.7634,20.0,1080.4
49260,12.7634,20.0,1080.4
49261,12.7633,20.0,1080.4
49262,12.7633,20.0,1080.4
49263,12.7633,20.0,1080.5
49264,12.7633,20.0,1080.5
49265,12.7633,20.0,1080.5
49266,12.7633,20.0,1080.5
49267,12.7633,20.0,1080.6
49268,12.7633,20.0,1080.6
49269,12.7633,20.0,1080.6
49270,12.7633,20.0,1080.7
49271,12.7633,20.0,1080.7
49272,12.7633,20.0,1080.7
49273,12.7633,20.0,1080.7
49274,12.7633,20.0,1080.7
49275,12.7633,20.0,1080.8
49276,12.7633,20.0,1080.8
49277,12.7633,20.0,1080.8
49278,12.7633,20.0,1080.8
49279,12.7633,20.0,1080.9
49280,12.7633,20.0,1080.9
49281,12.7631,20.0,1080.9
49282,12.7631,20.0,1081.0
49283,12.7631,20.0,1081.0
49284,12.7631,20.0,1081.0
49285,12.7631,20.0,1081.0
49286,12.7631,20.0,1081.1
49287,12.7631,20.0,1081.1
49288,12.7631,20.0,1081.1
49289,12.7631,20.0,1081.1
49290,12.7631,20.0,1081.2
49291,12.7631,20.0,1081.2
49292,12.7631,20.0,1081.2
49293,12.7631,20.0,1081.2
49294,12.7631,20.0,1081.3
49295,12.7631,20.0,1081.3
49296,12.7631,20.0,1081.3
49297,12.7631,20.0,1081.3
49298,12.7631,20.0,1081.4
49299,12.7631,20.0,1081.4
49300,12.7631,20.0,1081.4
49301,12.7629,20.0,1081.5
49302,12.7629,20.0,1081.5
49303,12.7629,20.0,1081.5
49304,12.7629,20.0,1081.5
49305,12.7629,20.0,1081.6
49306,12.7629,20.0,1081.6
49307,12.7629,20.0,1081.6
49308,12.7629,20.0,1081.7
49309,12.7629,20.0,1081.7
49310,12.7629,20.0,1081.7
49311,12.7629,20.0,1081.8
49312,12.7629,20.0,1081.8
49313,12.7629,20.0,1081.8
49314,12.7629,20.0,1081.9
49315,12.7629,20.0,1081.9
49316,12.7629,20.0,1081.9
49317,12.7629,20.0,1081.9
49318,12.7629,20.0,1081.9
49319,12.7629,20.0,1082.0
49320,12.7629,20.0,1082.0
49321,12.7628,20.0,1082.0
49322,12.7628,20.0,1082.0
49323,12.7628,20.0,1082.0
49324,12.7628,20.0,1082.1
49325,12.7628,20.0,1082.1
49326,12.7628,20.0,1082.1
49327,12.7628,20.0,1082.1
49328,12.7628,20.0,1082.2
49329,12.7628,20.0,1082.2
49330,12.7628,20.0,1082.2
49331,12.7628,20.0,1082.2
49332,12.7628,20.0,1082.2
49333,12.7628,20.0,1082.2
49334,12.7628,20.0,1082.3
49335,12.7628,20.0,1082.3
49336,12.7628,20.0,1082.3
49337,12.7628,20.0,1082.3
49338,12.7628,20.0,1082.4
49339,12.7628,20.0,1082.4
49340,12.7628,20.0,1082.4
49341,12.7626,20.0,1082.4
49342,12.7626,20.0,1082.5
49343,12.7626,20.0,1082.5
49344,12.7626,20.0,1082.5
49345,12.7626,20.0,1082.5
49346,12.7626,20.0,1082.5
49347,12.7626,20.0,1082.6
49348,12.7626,20.0,1082.6
49349,12.7626,20.0,1082.6
49350,12.7626,20.0,1082.6
49351,12.7626,20.0,1082.6
49352,12.7626,20.0,1082.7
49353,12.7626,20.0,1082.7
49354,12.7626,20.0,1082.7
49355,12.7626,20.0,1082.7
49356,12.7626,20.0,1082.8
49357,12.7626,20.0,1082.8
49358,12.7626,20.0,1082.8
49359,12.7626,20.0,1082.8
49360,12.7626,20.0,1082.8
49361,12.7625,20.0,1082.9
49362,12.7625,20.0,1082.9
49363,12.7625,20.0,1082.9
49364,12.7625,20.0,1082.9
49365,12.7625,20.0,1082.9
49366,12.7625,20.0,1083.0
49367,12.7625,20.0,1083.0
49368,12.7625,20.0,1083.0
49369,12.7625,20.0,1083.0
49370,12.7625,20.0,1083.0
49371,12.7625,20.0,1083.0
49372,12.7625,20.0,1083.1
49373,12.7625,20.0,1083.1
49374,12.7625,20.0,1083.1
49375,12.7625,20.0,1083.1
49376,12.7625,20.0,1083.1
49377,12.7625,20.0,1083.2
49378,12.7625,20.0,1083.2
49379,12.7625,20.0,1083.2
49380,12.7625,20.0,1083.2
49381,12.7623,20.0,1083.3
49382,12.7623,20.0,1083.3
49383,12.7623,20.0,1083.3
49384,12.7623,20.0,1083.3
49385,12.7623,20.0,1083.4
49386,12.7623,20.0,1083.4
49387,12.7623,20.0,1083.4
49388,12.7623,20.0,1083.4
49389,12.7623,20.0,1083.5
49390,12.7623,20.0,1083.5
49391,12.7623,20.0,1083.5
49392,12.7623,20.0,1083.5
49393,12.7623,20.0,1083.5
49394,12.7623,20.0,1083.6
49395,12.7623,20.0,1083.6
49396,12.7623,20.0,1083.6
49397,12.7623,20.0,1083.6
49398,12.7623,20.0,1083.7
49399,12.7623,20.0,1083.7
49400,12.7623,20.0,1083.7
49401,12.7622,20.0,1083.7
49402,12.7622,20.0,1083.7
49403,12.7622,20.0,1083.8
49404,12.7622,20.0,1083.8
49405,12.7622,20.0,1083.8
49406,12.7622,20.0,1083.8
49407,12.7622,20.0,1083.8
49408,12.7622,20.0,1083.9
49409,12.7622,20.0,1083.9
49410,12.7622,20.0,1083.9
49411,12.7622,20.0,1083.9
49412,12.7622,20.0,1084.0
49413,12.7622,20.0,1084.0
49414,12.7622,20.0,1084.0
49415,12.7622,20.0,1084.0
49416,12.7622,20.0,1084.0
49417,12.7622,20.0,1084.1
49418,12.7622,20.0,1084.1
49419,12.7622,20.0,1084.1
49420,12.7622,20.0,1084.1
49421,12.7620,20.0,1084.2
49422,12.7620,20.0,1084.2
49423,12.7620,20.0,1084.2
49424,12.7620,20.0,1084.2
49425,12.7620,20.0,1084.3
49426,12.7620,20.0,1084.3
49427,12.7620,20.0,1084.3
49428,12.7620,20.0,1084.3
49429,12.7620,20.0,1084.3
49430,12.7620,20.0,1084.4
49431,12.7620,20.0,1084.4
49432,12.7620,20.0,1084.4
49433,12.7620,20.0,1084.4
49434,12.7620,20.0,1084.4
49435,12.7620,20.0,1084.5
49436,12.7620,20.0,1084.5
49437,12.7620,20.0,1084.5
49438,12.7620,20.0,1084.5
49439,12.7620,20.0,1084.5
49440,12.7620,20.0,1084.6
49441,12.7619,20.0,1084.6
49442,12.7619,20.0,1084.6
49443,12.7619,20.0,1084.6
49444,12.7619,20.0,1084.7
49445,12.7619,20.0,1084.7
49446,12.7619,20.0,1084.7
49447,12.7619,20.0,1084.7
49448,12.7619,20.0,1084.7
49449,12.7619,20.0,1084.8
49450,12.7619,20.0,1084.8
49451,12.7619,20.0,1084.8
49452,12.7619,20.0,1084.8
49453,12.7619,20.0,1084.8
49454,12.7619,20.0,1084.9
49455,12.7619,20.0,1084.9
49456,12.7619,20.0,1084.9
49457,12.7619,20.0,1084.9
49458,12.7619,20.0,1084.9
49459,12.7619,20.0,1085.0
49460,12.7619,20.0,1085.0
49461,12.7617,20.0,1085.0
49462,12.7617,20.0,1085.0
49463,12.7617,20.0,1085.0
49464,12.7617,20.0,1085.1
49465,12.7617,20.0,1085.1
49466,12.7617,20.0,1085.1
49467,12.7617,20.0,1085.1
49468,12.7617,20.0,1085.1
49469,12.7617,20.0,1085.2
49470,12.7617,20.0,1085.2
49471,12.7617,20.0,1085.2
49472,12.7617,20.0,1085.2
49473,12.7617,20.0,1085.3
49474,12.7617,20.0,1085.3
49475,12.7617,20.0,1085.3
49476,12.7617,20.0,1085.3
49477,12.7617,20.0,1085.4
49478,12.7617,20.0,1085.4
49479,12.7617,20.0,1085.4
49480,12.7617,20.0,1085.4
49481,12.7616,20.0,1085.4
49482,12.7616,20.0,1085.5
49483,12.7616,20.0,1085.5
49484,12.7616,20.0,1085.5
49485,12.7616,20.0,1085.5
49486,12.7616,20.0,1085.5
49487,12.7616,20.0,1085.6
49488,12.7616,20.0,1085.6
49489,12.7616,20.0,1085.6
49490,12.7616,20.0,1085.6
49491,12.7616,20.0,1085.6
49492,12.7616,20.0,1085.7
49493,12.7616,20.0,1085.7
49494,12.7616,20.0,1085.7
49495,12.7616,20.0,1085.7
49496,12.7616,20.0,1085.8
49497,12.7616,20.0,1085.8
49498,12.7616,20.0,1085.8
49499,12.7616,20.0,1085.8
49500,12.7616,20.0,1085.8
49501,12.7614,20.0,1085.9
49502,12.7614,20.0,1085.9
49503,12.7614,20.0,1085.9
49504,12.7614,20.0,1085.9
49505,12.7614,20.0,1086.0
49506,12.7614,20.0,1086.0
49507,12.7614,20.0,1086.0
49508,12.7614,20.0,1086.0
49509,12.7614,20.0,1086.0
49510,12.7614,20.0,1086.1
49511,12.7614,20.0,1086.1
49512,12.7614,20.0,1086.1
49513,12.7614,20.0,1086.1
49514,12.7614,20.0,1086.1
49515,12.7614,20.0,1086.2
49516,12.7614,20.0,1086.2
49517,12.7614,20.0,1086.2
49518,12.7614,20.0,1086.2
49519,12.7614,20.0,1086.2
49520,12.7614,20.0,1086.3
49521,12.7613,20.0,1086.3
49522,12.7613,20.0,1086.3
49523,12.7613,20.0,1086.3
49524,12.7613,20.0,1086.4
49525,12.7613,20.0,1086.4
49526,12.7613,20.0,1086.4
49527,12.7613,20.0,1086.4
49528,12.7613,20.0,1086.4
49529,12.7613,20.0,1086.5
49530,12.7613,20.0,1086.5
49531,12.7613,20.0,1086.5
49532,12.7613,20.0,1086.5
49533,12.7613,20.0,1086.5
49534,12.7613,20.0,1086.6
49535,12.7613,20.0,1086.6
49536,12.7613,20.0,1086.6
49537,12.7613,20.0,1086.6
49538,12.7613,20.0,1086.6
49539,12.7613,20.0,1086.7
49540,12.7613,20.0,1086.7
49541,12.7611,20.0,1086.7
49542,12.7611,20.0,1086.7
49543,12.7611,20.0,1086.8
49544,12.7611,20.0,1086.8
49545,12.7611,20.0,1086.8
49546,12.7611,20.0,1086.8
49547,12.7611,20.0,1086.8
49548,12.7611,20.0,1086.9
49549,12.7611,20.0,1086.9
49550,12.7611,20.0,1086.9
49551,12.7611,20.0,1086.9
49552,12.7611,20.0,1086.9
49553,12.7611,20.0,1087.0
49554,12.7611,20.0,1087.0
49555,12.7611,20.0,1087.0
49556,12.7611,20.0,1087.0
49557,12.7611,20.0,1087.1
49558,12.7611,20.0,1087.1
49559,12.7611,20.0,1087.1
49560,12.7611,20.0,1087.1
49561,12.7610,20.0,1087.1
49562,12.7610,20.0,1087.2
49563,12.7610,20.0,1087.2
49564,12.7610,20.0,1087.2
49565,12.7610,20.0,1087.2
49566,12.7610,20.0,1087.3
49567,12.7610,20.0,1087.3
49568,12.7610,20.0,1087.3
49569,12.7610,20.0,1087.3
49570,12.7610,20.0,1087.3
49571,12.7610,20.0,1087.4
49572,12.7610,20.0,1087.4
49573,12.7610,20.0,1087.4
49574,12.7610,20.0,1087.4
49575,12.7610,20.0,1087.5
49576,12.7610,20.0,1087.5
49577,12.7610,20.0,1087.5
49578,12.7610,20.0,1087.5
49579,12.7610,20.0,1087.6
49580,12.7610,20.0,1087.6
49581,12.7608,20.0,1087.6
49582,12.7608,20.0,1087.6
49583,12.7608,20.0,1087.7
49584,12.7608,20.0,1087.7
49585,12.7608,20.0,1087.7
49586,12.7608,20.0,1087.7
49587,12.7608,20.0,1087.7
49588,12.7608,20.0,1087.8
49589,12.7608,20.0,1087.8
49590,12.7608,20.0,1087.8
49591,12.7608,20.0,1087.8
49592,12.7608,20.0,1087.9
49593,12.7608,20.0,1087.9
49594,12.7608,20.0,1087.9
49595,12.7608,20.0,1087.9
49596,12.7608,20.0,1087.9
49597,12.7608,20.0,1088.0
49598,12.7608,20.0,1088.0
49599,12.7608,20.0,1088.0
49600,12.7608,20.0,1088.0
49601,12.7607,20.0,1088.1
49602,12.7607,20.0,1088.1
49603,12.7607,20.0,1088.1
49604,12.7607,20.0,1088.1
49605,12.7607,20.0,1088.1
49606,12.7607,20.0,1088.2
49607,12.7607,20.0,1088.2
49608,12.7607,20.0,1088.2
49609,12.7607,20.0,1088.2
49610,12.7607,20.0,1088.2
49611,12.7607,20.0,1088.3
49612,12.7607,20.0,1088.3
49613,12.7607,20.0,1088.3
49614,12.7607,20.0,1088.3
49615,12.7607,20.0,1088.4
49616,12.7607,20.0,1088.4
49617,12.7607,20.0,1088.4
49618,12.7607,20.0,1088.4
49619,12.7607,20.0,1088.4
49620,12.7607,20.0,1088.5
49621,12.7605,20.0,1088.5
49622,12.7605,20.0,1088.5
49623,12.7605,20.0,1088.5
49624,12.7605,20.0,1088.6
49625,12.7605,20.0,1088.6
49626,12.7605,20.0,1088.6
49627,12.7605,20.0,1088.6
49628,12.7605,20.0,1088.7
49629,12.7605,20.0,1088.7
49630,12.7605,20.0,1088.7
49631,12.7605,20.0,1088.7
49632,12.7605,20.0,1088.7
49633,12.7605,20.0,1088.8
49634,12.7605,20.0,1088.8
49635,12.7605,20.0,1088.8
49636,12.7605,20.0,1088.8
49637,12.7605,20.0,1088.8
49638,12.7605,20.0,1088.9
49639,12.7605,20.0,1088.9
49640,12.7605,20.0,1088.9
49641,12.7406,20.0,1088.9
49642,12.7406,20.0,1088.9
49643,12.7406,20.0,1089.0
49644,12.7406,20.0,1089.0
49645,12.7406,20.0,1089.0
49646,12.7406,20.0,1089.0
49647,12.7406,20.0,1089.0
49648,12.7406,20.0,1089.1
49649,12.7406,20.0,1089.1
49650,12.7406,20.0,1089.1
49651,12.7406,20.0,1089.1
49652,12.7406,20.0,1089.1
49653,12.7406,20.0,1089.2
49654,12.7406,20.0,1089.2
49655,12.7406,20.0,1089.2
49656,12.7406,20.0,1089.2
49657,12.7406,20.0,1089.2
49658,12.7406,20.0,1089.3
49659,12.7406,20.0,1089.3
49660,12.7406,20.0,1089.3
49661,12.7208,20.0,1089.3
49662,12.7208,20.0,1089.4
49663,12.7208,20.0,1089.4
49664,12.7208,20.0,1089.4
49665,12.7208,20.0,1089.7
49666,12.7208,20.0,1089.7
49667,12.7208,20.0,1089.7
49668,12.7208,20.0,1089.8
49669,12.7208,20.0,1089.8
49670,12.7208,20.0,1089.8
49671,12.7208,20.0,1089.8
49672,12.7208,20.0,1089.9
49673,12.7208,20.0,1089.9
49674,12.7208,20.0,1089.9
49675,12.7208,20.0,1089.9
49676,12.7208,20.0,1089.9
49677,12.7208,20.0,1090.0
49678,12.7208,20.0,1090.0
49679,12.7208,20.0,1090.0
49680,12.7208,20.0,1090.0
49681,12.7010,20.0,1090.1
49682,12.7010,20.0,1090.1
49683,12.7010,20.0,1090.1
49684,12.7010,20.0,1090.1
49685,12.7010,20.0,1090.2
49686,12.7010,20.0,1090.2
49687,12.7010,20.0,1090.2
49688,12.7010,20.0,1090.2
49689,12.7010,20.0,1090.3
49690,12.7010,20.0,1090.3
49691,12.7010,20.0,1090.3
49692,12.7010,20.0,1090.3
49693,12.7010,20.0,1090.3
49694,12.7010,20.0,1090.4
49695,12.7010,20.0,1090.4
49696,12.7010,20.0,1090.4
49697,12.7010,20.0,1090.4
49698,12.7010,20.0,1090.4
49699,12.7010,20.0,1090.5
49700,12.7010,20.0,1090.5
49701,12.6813,20.0,1090.5
49702,12.6813,20.0,1090.5
49703,12.6813,20.0,1090.6
49704,12.6813,20.0,1090.6
49705,12.6813,20.0,1090.6
49706,12.6813,20.0,1090.6
49707,12.6813,20.0,1090.6
49708,12.6813,20.0,1090.7
49709,12.6813,20.0,1090.7
49710,12.6813,20.0,1090.7
49711,12.6813,20.0,1090.7
49712,12.6813,20.0,1090.7
49713,12.6813,20.0,1090.8
49714,12.6813,20.0,1090.8
49715,12.6813,20.0,1090.8
49716,12.6813,20.0,1090.8
49717,12.6813,20.0,1090.9
49718,12.6813,20.0,1090.9
49719,12.6813,20.0,1090.9
49720,12.6813,20.0,1090.9
49721,12.6616,20.0,1090.9
49722,12.6616,20.0,1091.0
49723,12.6616,20.0,1091.0
49724,12.6616,20.0,1091.0
49725,12.6616,20.0,1091.1
49726,12.6616,20.0,1091.1
49727,12.6616,20.0,1091.1
49728,12.6616,20.0,1091.1
49729,12.6616,20.0,1091.1
49730,12.6616,20.0,1091.2
49731,12.6616,20.0,1091.2
49732,12.6616,20.0,1091.2
49733,12.6616,20.0,1091.2
49734,12.6616,20.0,1091.3
49735,12.6616,20.0,1091.3
49736,12.6616,20.0,1091.3
49737,12.6616,20.0,1091.3
49738,12.6616,20.0,1091.4
49739,12.6616,20.0,1091.4
49740,12.6616,20.0,1091.4
49741,12.6419,20.0,1091.4
49742,12.6419,20.0,1091.5
49743,12.6419,20.0,1091.5
49744,12.6419,20.0,1091.5
49745,12.6419,20.0,1091.5
49746,12.6419,20.0,1091.6
49747,12.6419,20.0,1091.6
49748,12.6419,20.0,1091.6
49749,12.6419,20.0,1091.6
49750,12.6419,20.0,1091.6
49751,12.6419,20.0,1091.6
49752,12.6419,20.0,1091.7
49753,12.6419,20.0,1091.7
49754,12.6419,20.0,1091.7
49755,12.6419,20.0,1091.7
49756,12.6419,20.0,1091.8
49757,12.6419,20.0,1091.8
49758,12.6419,20.0,1091.8
49759,12.6419,20.0,1091.8
49760,12.6419,20.0,1091.8
49761,12.6222,20.0,1091.9
49762,12.6222,20.0,1091.9
49763,12.6222,20.0,1091.9
49764,12.6222,20.0,1091.9
49765,12.6222,20.0,1092.0
49766,12.6222,20.0,1092.0
49767,12.6222,20.0,1092.0
49768,12.6222,20.0,1092.0
49769,12.6222,20.0,1092.0
49770,12.6222,20.0,1092.1
49771,12.6222,20.0,1092.1
49772,12.6222,20.0,1092.1
49773,12.6222,20.0,1092.1
49774,12.6222,20.0,1092.1
49775,12.6222,20.0,1092.2
49776,12.6222,20.0,1092.2
49777,12.6222,20.0,1092.2
49778,12.6222,20.0,1092.2
49779,12.6222,20.0,1092.3
49780,12.6222,20.0,1092.3
49781,12.6024,20.0,1092.3
49782,12.6024,20.0,1092.3
49783,12.6024,20.0,1092.3
49784,12.6024,20.0,1092.4
49785,12.6024,20.0,1092.4
49786,12.6024,20.0,1092.4
49787,12.6024,20.0,1092.4
49788,12.6024,20.0,1092.4
49789,12.6024,20.0,1092.5
49790,12.6024,20.0,1092.5
49791,12.6024,20.0,1092.5
49792,12.6024,20.0,1092.5
49793,12.6024,20.0,1092.5
49794,12.6024,20.0,1092.6
49795,12.6024,20.0,1092.6
49796,12.6024,20.0,1092.6
49797,12.6024,20.0,1092.6
49798,12.6024,20.0,1092.6
49799,12.6024,20.0,1092.7
49800,12.6024,20.0,1092.7
49801,12.5827,20.0,1092.7
49802,12.5827,20.0,1092.7
49803,12.5827,20.0,1092.8
49804,12.5827,20.0,1092.8
49805,12.5827,20.0,1092.8
49806,12.5827,20.0,1092.8
49807,12.5827,20.0,1092.8
49808,12.5827,20.0,1092.9
49809,12.5827,20.0,1092.9
49810,12.5827,20.0,1092.9
49811,12.5827,20.0,1092.9
49812,12.5827,20.0,1092.9
49813,12.5827,20.0,1093.0
49814,12.5827,20.0,1093.0
49815,12.5827,20.0,1093.0
49816,12.5827,20.0,1093.0
49817,12.5827,20.0,1093.1
49818,12.5827,20.0,1093.1
49819,12.5827,20.0,1093.1
49820,12.5827,20.0,1093.1
49821,12.5630,20.0,1093.2
49822,12.5630,20.0,1093.2
49823,12.5630,20.0,1093.2
49824,12.5630,20.0,1093.2
49825,12.5630,20.0,1093.2
49826,12.5630,20.0,1093.3
49827,12.5630,20.0,1093.3
49828,12.5630,20.0,1093.3
49829,12.5630,20.0,1093.3
49830,12.5630,20.0,1093.3
49831,12.5630,20.0,1093.4
49832,12.5630,20.0,1093.4
49833,12.5630,20.0,1093.4
49834,12.5630,20.0,1093.4
49835,12.5630,20.0,1093.5
49836,12.5630,20.0,1093.5
49837,12.5630,20.0,1093.5
49838,12.5630,20.0,1093.5
49839,12.5630,20.0,1093.5
49840,12.5630,20.0,1093.6
49841,12.5433,20.0,1093.6
49842,12.5433,20.0,1093.6
49843,12.5433,20.0,1093.6
49844,12.5433,20.0,1093.6
49845,12.5433,20.0,1093.7
49846,12.5433,20.0,1093.7
49847,12.5433,20.0,1093.7
49848,12.5433,20.0,1093.7
49849,12.5433,20.0,1093.7
49850,12.5433,20.0,1093.8
49851,12.5433,20.0,1093.8
49852,12.5433,20.0,1093.8
49853,12.5433,20.0,1093.8
49854,12.5433,20.0,1093.8
49855,12.5433,20.0,1093.9
49856,12.5433,20.0,1093.9
49857,12.5433,20.0,1093.9
49858,12.5433,20.0,1093.9
49859,12.5433,20.0,1093.9
49860,12.5433,20.0,1094.0
49861,12.5236,20.0,1094.0
49862,12.5236,20.0,1094.0
49863,12.5236,20.0,1094.0
49864,12.5236,20.0,1094.0
49865,12.5236,20.0,1094.1
49866,12.5236,20.0,1094.1
49867,12.5236,20.0,1094.1
49868,12.5236,20.0,1094.1
49869,12.5236,20.0,1094.2
49870,12.5236,20.0,1094.2
49871,12.5236,20.0,1094.2
49872,12.5236,20.0,1094.2
49873,12.5236,20.0,1094.2
49874,12.5236,20.0,1094.3
49875,12.5236,20.0,1094.3
49876,12.5236,20.0,1094.3
49877,12.5236,20.0,1094.3
49878,12.5236,20.0,1094.3
49879,12.5236,20.0,1094.4
49880,12.5236,20.0,1094.4
49881,12.5038,20.0,1094.4
49882,12.5038,20.0,1094.4
49883,12.5038,20.0,1094.4
49884,12.5038,20.0,1094.5
49885,12.5038,20.0,1094.5
49886,12.5038,20.0,1094.5
49887,12.5038,20.0,1094.5
49888,12.5038,20.0,1094.6
49889,12.5038,20.0,1094.6
49890,12.5038,20.0,1094.6
49891,12.5038,20.0,1094.6
49892,12.5038,20.0,1094.6
49893,12.5038,20.0,1094.7
49894,12.5038,20.0,1094.7
49895,12.5038,20.0,1094.7
49896,12.5038,20.0,1094.7
49897,12.5038,20.0,1094.7
49898,12.5038,20.0,1094.8
49899,12.5038,20.0,1094.8
49900,12.5038,20.0,1094.8
49901,12.4841,20.0,1094.8
49902,12.4841,20.0,1094.9
49903,12.4841,20.0,1094.9
49904,12.4841,20.0,1094.9
49905,12.4841,20.0,1094.9
49906,12.4841,20.0,1094.9
49907,12.4841,20.0,1095.0
49908,12.4841,20.0,1095.0
49909,12.4841,20.0,1095.0
49910,12.4841,20.0,1095.0
49911,12.4841,20.0,1095.0
49912,12.4841,20.0,1095.1
49913,12.4841,20.0,1095.1
49914,12.4841,20.0,1095.1
49915,12.4841,20.0,1095.1
49916,12.4841,20.0,1095.1
49917,12.4841,20.0,1095.2
49918,12.4841,20.0,1095.2
49919,12.4841,20.0,1095.2
49920,12.4841,20.0,1095.2
49921,12.4644,20.0,1095.3
49922,12.4644,20.0,1095.3
49923,12.4644,20.0,1095.3
49924,12.4644,20.0,1095.3
49925,12.4644,20.0,1095.4
49926,12.4644,20.0,1095.4
49927,12.4644,20.0,1095.4
49928,12.4644,20.0,1095.4
49929,12.4644,20.0,1095.4
49930,12.4644,20.0,1095.5
49931,12.4644,20.0,1095.5
49932,12.4644,20.0,1095.5
49933,12.4644,20.0,1095.6
49934,12.4644,20.0,1095.6
49935,12.4644,20.0,1095.6
49936,12.4644,20.0,1095.6
49937,12.4644,20.0,1095.7
49938,12.4644,20.0,1095.7
49939,12.4644,20.0,1095.7
49940,12.4644,20.0,1095.7
49941,12.4447,20.0,1095.8
49942,12.4447,20.0,1095.8
49943,12.4447,20.0,1095.8
49944,12.4447,20.0,1095.8
49945,12.4447,20.0,1095.9
49946,12.4447,20.0,1095.9
49947,12.4447,20.0,1095.9
49948,12.4447,20.0,1095.9
49949,12.4447,20.0,1096.0
49950,12.4447,20.0,1096.0
49951,12.4447,20.0,1096.0
49952,12.4447,20.0,1096.0
49953,12.4447,20.0,1096.1
49954,12.4447,20.0,1096.1
49955,12.4447,20.0,1096.1
49956,12.4447,20.0,1096.1
49957,12.4447,20.0,1096.1
49958,12.4447,20.0,1096.2
49959,12.4447,20.0,1096.2
49960,12.4447,20.0,1096.2
49961,12.4250,20.0,1096.2
49962,12.4250,20.0,1096.2
49963,12.4250,20.0,1096.3
49964,12.4250,20.0,1096.3
49965,12.4250,20.0,1096.3
49966,12.4250,20.0,1096.3
49967,12.4250,20.0,1096.4
49968,12.4250,20.0,1096.4
49969,12.4250,20.0,1096.4
49970,12.4250,20.0,1096.4
49971,12.4250,20.0,1096.4
49972,12.4250,20.0,1096.5
49973,12.4250,20.0,1096.5
49974,12.4250,20.0,1096.5
49975,12.4250,20.0,1096.5
49976,12.4250,20.0,1096.5
49977,12.4250,20.0,1096.6
49978,12.4250,20.0,1096.6
49979,12.4250,20.0,1096.6
49980,12.4250,20.0,1096.6
49981,12.4052,20.0,1096.7
49982,12.4052,20.0,1096.7
49983,12.4052,20.0,1096.7
49984,12.4052,20.0,1096.7
49985,12.4052,20.0,1096.7
49986,12.4052,20.0,1096.8
49987,12.4052,20.0,1096.8
49988,12.4052,20.0,1096.8
49989,12.4052,20.0,1096.8
49990,12.4052,20.0,1096.8
49991,12.4052,20.0,1096.9
49992,12.4052,20.0,1096.9
49993,12.4052,20.0,1096.9
49994,12.4052,20.0,1096.9
49995,12.4052,20.0,1097.0
49996,12.4052,20.0,1097.0
49997,12.4052,20.0,1097.0
49998,12.4052,20.0,1097.0
49999,12.4052,20.0,1097.0
50000,12.4052,20.0,1097.1
50001,12.3855,20.0,1097.2
50002,12.3855,20.0,1097.2
50003,12.3855,20.0,1097.3
50004,12.3855,20.0,1097.3
50005,12.3855,20.0,1097.3
50006,12.3855,20.0,1097.4
50007,12.3855,20.0,1097.4
50008,12.3855,20.0,1097.5
50009,12.3855,20.0,1097.5
50010,12.3855,20.0,1097.5
50011,12.3855,20.0,1097.6
50012,12.3855,20.0,1097.6
50013,12.3855,20.0,1097.6
50014,12.3855,20.0,1097.6
50015,12.3855,20.0,1097.7
50016,12.3855,20.0,1097.7
50017,12.3855,20.0,1097.7
50018,12.3855,20.0,1097.8
50019,12.3855,20.0,1097.8
50020,12.3855,20.0,1097.8
50021,12.3658,20.0,1097.8
50022,12.3658,20.0,1097.9
50023,12.3658,20.0,1097.9
50024,12.3658,20.0,1097.9
50025,12.3658,20.0,1097.9
50026,12.3658,20.0,1098.0
50027,12.3658,20.0,1098.0
50028,12.3658,20.0,1098.0
50029,12.3658,20.0,1098.1
50030,12.3658,20.0,1098.1
50031,12.3658,20.0,1098.1
50032,12.3658,20.0,1098.1
50033,12.3658,20.0,1098.1
50034,12.3658,20.0,1098.2
50035,12.3658,20.0,1098.2
50036,12.3658,20.0,1098.2
50037,12.3658,20.0,1098.3
50038,12.3658,20.0,1098.3
50039,12.3658,20.0,1098.4
50040,12.3658,20.0,1098.4
50041,12.3461,20.0,1098.4
50042,12.3461,20.0,1098.5
50043,12.3461,20.0,1098.5
50044,12.3461,20.0,1098.5
50045,12.3461,20.0,1098.5
50046,12.3461,20.0,1098.6
50047,12.3461,20.0,1098.6
50048,12.3461,20.0,1098.7
50049,12.3461,20.0,1098.8
50050,12.3461,20.0,1098.9
50051,12.3461,20.0,1099.0
50052,12.3461,20.0,1099.0
50053,12.3461,20.0,1099.1
50054,12.3461,20.0,1099.1
50055,12.3461,20.0,1099.1
50056,12.3461,20.0,1099.2
50057,12.3461,20.0,1099.2
50058,12.3461,20.0,1099.2
50059,12.3461,20.0,1099.2
50060,12.3461,20.0,1099.3
50061,12.3264,20.0,1099.3
50062,12.3264,20.0,1099.3
50063,12.3264,20.0,1099.4
50064,12.3264,20.0,1099.5
50065,12.3264,20.0,1099.6
50066,12.3264,20.0,1099.7
50067,12.3264,20.0,1099.7
50068,12.3264,20.0,1099.9
50069,12.3264,20.0,1100.0
50070,12.3264,20.0,1100.0
50071,12.3264,20.0,1100.0
50072,12.3264,20.0,1100.1
50073,12.3264,20.0,1100.1
50074,12.3264,20.0,1100.1
50075,12.3264,20.0,1100.2
50076,12.3264,20.0,1100.2
50077,12.3264,20.0,1100.2
50078,12.3264,20.0,1100.2
50079,12.3264,20.0,1100.3
50080,12.3264,20.0,1100.3
50081,12.3067,20.0,1100.3
50082,12.3067,20.0,1100.4
50083,12.3067,20.0,1100.4
50084,12.3067,20.0,1100.4
50085,12.3067,20.0,1100.4
50086,12.3067,20.0,1100.4
50087,12.3067,20.0,1100.5
50088,12.3067,20.0,1100.5
50089,12.3067,20.0,1100.5
50090,12.3067,20.0,1100.5
50091,12.3067,20.0,1100.5
50092,12.3067,20.0,1100.6
50093,12.3067,20.0,1100.6
50094,12.3067,20.0,1100.6
50095,12.3067,20.0,1100.6
50096,12.3067,20.0,1100.7
50097,12.3067,20.0,1100.7
50098,12.3067,20.0,1100.7
50099,12.3067,20.0,1100.7
50100,12.3067,20.0,1100.7
50101,12.2869,20.0,1100.8
50102,12.2869,20.0,1100.8
50103,12.2869,20.0,1100.8
50104,12.2869,20.0,1100.8
50105,12.2869,20.0,1100.8
50106,12.2869,20.0,1100.8
50107,12.2869,20.0,1100.9
50108,12.2869,20.0,1100.9
50109,12.2869,20.0,1100.9
50110,12.2869,20.0,1100.9
50111,12.2869,20.0,1100.9
50112,12.2869,20.0,1101.0
50113,12.2869,20.0,1101.0
50114,12.2869,20.0,1101.0
50115,12.2869,20.0,1101.0
50116,12.2869,20.0,1101.0
50117,12.2869,20.0,1101.1
50118,12.2869,20.0,1101.1
50119,12.2869,20.0,1101.1
50120,12.2869,20.0,1101.1
50121,12.2672,20.0,1101.2
50122,12.2672,20.0,1101.2
50123,12.2672,20.0,1101.2
50124,12.2672,20.0,1101.2
50125,12.2672,20.0,1101.2
50126,12.2672,20.0,1101.3
50127,12.2672,20.0,1101.3
50128,12.2672,20.0,1101.3
50129,12.2672,20.0,1101.3
50130,12.2672,20.0,1101.4
50131,12.2672,20.0,1101.4
50132,12.2672,20.0,1101.4
50133,12.2672,20.0,1101.4
50134,12.2672,20.0,1101.4
50135,12.2672,20.0,1101.5
50136,12.2672,20.0,1101.5
50137,12.2672,20.0,1101.5
50138,12.2672,20.0,1101.5
50139,12.2672,20.0,1101.5
50140,12.2672,20.0,1101.6
50141,12.2475,20.0,1101.6
50142,12.2475,20.0,1101.6
50143,12.2475,20.0,1101.6
50144,12.2475,20.0,1101.7
50145,12.2475,20.0,1101.7
50146,12.2475,20.0,1101.8
50147,12.2475,20.0,1101.8
50148,12.2475,20.0,1101.9
50149,12.2475,20.0,1101.9
50150,12.2475,20.0,1101.9
50151,12.2475,20.0,1102.0
50152,12.2475,20.0,1102.0
50153,12.2475,20.0,1102.0
50154,12.2475,20.0,1102.1
50155,12.2475,20.0,1102.1
50156,12.2475,20.0,1102.1
50157,12.2475,20.0,1102.2
50158,12.2475,20.0,1102.2
50159,12.2475,20.0,1102.3
50160,12.2475,20.0,1102.3
50161,12.2278,20.0,1102.4
50162,12.2278,20.0,1102.4
50163,12.2278,20.0,1102.4
50164,12.2278,20.0,1102.5
50165,12.2278,20.0,1102.5
50166,12.2278,20.0,1102.6
50167,12.2278,20.0,1102.6
50168,12.2278,20.0,1102.7
50169,12.2278,20.0,1102.7
50170,12.2278,20.0,1102.8
50171,12.2278,20.0,1102.8
50172,12.2278,20.0,1102.9
50173,12.2278,20.0,1102.9
50174,12.2278,20.0,1102.9
50175,12.2278,20.0,1103.0
50176,12.2278,20.0,1103.0
50177,12.2278,20.0,1103.3
50178,12.2278,20.0,1103.4
50179,12.2278,20.0,1103.4
50180,12.2278,20.0,1103.4
50181,12.2077,20.0,1103.4
50182,12.2077,20.0,1103.4
50183,12.2077,20.0,1103.4
50184,12.2077,20.0,1103.5
50185,12.2077,20.0,1103.5
50186,12.2077,20.0,1103.5
50187,12.2077,20.0,1103.5
50188,12.2077,20.0,1103.5
50189,12.2077,20.0,1103.6
50190,12.2077,20.0,1103.6
50191,12.2077,20.0,1103.6
50192,12.2077,20.0,1103.6
50193,12.2077,20.0,1103.6
50194,12.2077,20.0,1103.7
50195,12.2077,20.0,1103.7
50196,12.2077,20.0,1103.7
50197,12.2077,20.0,1103.7
50198,12.2077,20.0,1103.8
50199,12.2077,20.0,1103.8
50200,12.2077,20.0,1103.8
50201,12.2069,20.0,1103.8
50202,12.2069,20.0,1103.9
50203,12.2069,20.0,1103.9
50204,12.2069,20.0,1103.9
50205,12.2069,20.0,1103.9
50206,12.2069,20.0,1104.0
50207,12.2069,20.0,1104.0
50208,12.2069,20.0,1104.0
50209,12.2069,20.0,1104.0
50210,12.2069,20.0,1104.1
50211,12.2069,20.0,1104.1
50212,12.2069,20.0,1104.1
50213,12.2069,20.0,1104.1
50214,12.2069,20.0,1104.2
50215,12.2069,20.0,1104.2
50216,12.2069,20.0,1104.2
50217,12.2069,20.0,1104.3
50218,12.2069,20.0,1104.3
50219,12.2069,20.0,1104.4
50220,12.2069,20.0,1104.4
50221,12.2061,20.0,1104.4
50222,12.2061,20.0,1104.4
50223,12.2061,20.0,1104.5
50224,12.2061,20.0,1104.5
50225,12.2061,20.0,1104.5
50226,12.2061,20.0,1104.5
50227,12.2061,20.0,1104.5
50228,12.2061,20.0,1104.6
50229,12.2061,20.0,1104.6
50230,12.2061,20.0,1104.6
50231,12.2061,20.0,1104.6
50232,12.2061,20.0,1104.7
50233,12.2061,20.0,1104.7
50234,12.2061,20.0,1104.7
50235,12.2061,20.0,1104.7
50236,12.2061,20.0,1104.7
50237,12.2061,20.0,1104.8
50238,12.2061,20.0,1104.8
50239,12.2061,20.0,1104.8
50240,12.2061,20.0,1104.8
50241,12.2054,20.0,1104.8
50242,12.2054,20.0,1104.9
50243,12.2054,20.0,1104.9
50244,12.2054,20.0,1104.9
50245,12.2054,20.0,1104.9
50246,12.2054,20.0,1104.9
50247,12.2054,20.0,1105.0
50248,12.2054,20.0,1105.0
50249,12.2054,20.0,1105.0
50250,12.2054,20.0,1105.0
50251,12.2054,20.0,1105.0
50252,12.2054,20.0,1105.1
50253,12.2054,20.0,1105.1
50254,12.2054,20.0,1105.1
50255,12.2054,20.0,1105.1
50256,12.2054,20.0,1105.1
50257,12.2054,20.0,1105.1
50258,12.2054,20.0,1105.2
50259,12.2054,20.0,1105.2
50260,12.2054,20.0,1105.2
50261,12.2046,20.0,1105.2
50262,12.2046,20.0,1105.3
50263,12.2046,20.0,1105.3
50264,12.2046,20.0,1105.3
50265,12.2046,20.0,1105.3
50266,12.2046,20.0,1105.4
50267,12.2046,20.0,1105.4
50268,12.2046,20.0,1105.4
50269,12.2046,20.0,1105.4
50270,12.2046,20.0,1105.5
50271,12.2046,20.0,1105.5
50272,12.2046,20.0,1105.5
50273,12.2046,20.0,1105.5
50274,12.2046,20.0,1105.6
50275,12.2046,20.0,1105.6
50276,12.2046,20.0,1105.6
50277,12.2046,20.0,1105.6
50278,12.2046,20.0,1105.6
50279,12.2046,20.0,1105.7
50280,12.2046,20.0,1105.7
50281,12.2039,20.0,1105.7
50282,12.2039,20.0,1105.7
50283,12.2039,20.0,1105.8
50284,12.2039,20.0,1105.8
50285,12.2039,20.0,1105.8
50286,12.2039,20.0,1105.8
50287,12.2039,20.0,1105.8
50288,12.2039,20.0,1105.9
50289,12.2039,20.0,1105.9
50290,12.2039,20.0,1105.9
50291,12.2039,20.0,1105.9
50292,12.2039,20.0,1106.0
50293,12.2039,20.0,1106.0
50294,12.2039,20.0,1106.0
50295,12.2039,20.0,1106.0
50296,12.2039,20.0,1106.0
50297,12.2039,20.0,1106.1
50298,12.2039,20.0,1106.1
50299,12.2039,20.0,1106.1
50300,12.2039,20.0,1106.1
50301,12.2031,20.0,1106.2
50302,12.2031,20.0,1106.2
50303,12.2031,20.0,1106.2
50304,12.2031,20.0,1106.2
50305,12.2031,20.0,1106.2
50306,12.2031,20.0,1106.3
50307,12.2031,20.0,1106.3
50308,12.2031,20.0,1106.3
50309,12.2031,20.0,1106.3
50310,12.2031,20.0,1106.4
50311,12.2031,20.0,1106.4
50312,12.2031,20.0,1106.4
50313,12.2031,20.0,1106.4
50314,12.2031,20.0,1106.4
50315,12.2031,20.0,1106.5
50316,12.2031,20.0,1106.5
50317,12.2031,20.0,1106.5
50318,12.2031,20.0,1106.5
50319,12.2031,20.0,1106.5
50320,12.2031,20.0,1106.6
50321,12.2023,20.0,1106.6
50322,12.2023,20.0,1106.6
50323,12.2023,20.0,1106.7
50324,12.2023,20.0,1106.7
50325,12.2023,20.0,1106.7
50326,12.2023,20.0,1106.8
50327,12.2023,20.0,1106.8
50328,12.2023,20.0,1106.8
50329,12.2023,20.0,1106.8
50330,12.2023,20.0,1106.8
50331,12.2023,20.0,1106.9
50332,12.2023,20.0,1106.9
50333,12.2023,20.0,1106.9
50334,12.2023,20.0,1106.9
50335,12.2023,20.0,1107.0
50336,12.2023,20.0,1107.0
50337,12.2023,20.0,1107.0
50338,12.2023,20.0,1107.0
50339,12.2023,20.0,1107.0
50340,12.2023,20.0,1107.1
50341,12.2016,20.0,1107.1
50342,12.2016,20.0,1107.1
50343,12.2016,20.0,1107.1
50344,12.2016,20.0,1107.1
50345,12.2016,20.0,1107.2
50346,12.2016,20.0,1107.2
50347,12.2016,20.0,1107.2
50348,12.2016,20.0,1107.2
50349,12.2016,20.0,1107.3
50350,12.2016,20.0,1107.3
50351,12.2016,20.0,1107.4
50352,12.2016,20.0,1107.4
50353,12.2016,20.0,1107.4
50354,12.2016,20.0,1107.4
50355,12.2016,20.0,1107.4
50356,12.2016,20.0,1107.5
50357,12.2016,20.0,1107.5
50358,12.2016,20.0,1107.5
50359,12.2016,20.0,1107.5
50360,12.2016,20.0,1107.6
50361,12.2008,20.0,1107.6
50362,12.2008,20.0,1107.6
50363,12.2008,20.0,1107.6
50364,12.2008,20.0,1107.6
50365,12.2008,20.0,1107.7
50366,12.2008,20.0,1107.7
50367,12.2008,20.0,1107.7
50368,12.2008,20.0,1107.7
50369,12.2008,20.0,1107.7
50370,12.2008,20.0,1107.8
50371,12.2008,20.0,1107.8
50372,12.2008,20.0,1107.8
50373,12.2008,20.0,1107.9
50374,12.2008,20.0,1107.9
50375,12.2008,20.0,1107.9
50376,12.2008,20.0,1107.9
50377,12.2008,20.0,1108.0
50378,12.2008,20.0,1108.0
50379,12.2008,20.0,1108.0
50380,12.2008,20.0,1108.0
50381,12.2001,20.0,1108.1
50382,12.2001,20.0,1108.1
50383,12.2001,20.0,1108.1
50384,12.2001,20.0,1108.1
50385,12.2001,20.0,1108.1
50386,12.2001,20.0,1108.2
50387,12.2001,20.0,1108.2
50388,12.2001,20.0,1108.2
50389,12.2001,20.0,1108.2
50390,12.2001,20.0,1108.3
50391,12.2001,20.0,1108.3
50392,12.2001,20.0,1108.3
50393,12.2001,20.0,1108.3
50394,12.2001,20.0,1108.4
50395,12.2001,20.0,1108.4
50396,12.2001,20.0,1108.4
50397,12.2001,20.0,1108.4
50398,12.2001,20.0,1108.4
50399,12.2001,20.0,1108.5
50400,12.2001,20.0,1108.5
50401,12.1993,20.0,1108.5
50402,12.1993,20.0,1108.5
50403,12.1993,20.0,1108.6
50404,12.1993,20.0,1108.6
50405,12.1993,20.0,1108.6
50406,12.1993,20.0,1108.6
50407,12.1993,20.0,1108.6
50408,12.1993,20.0,1108.7
50409,12.1993,20.0,1108.7
50410,12.1993,20.0,1108.7
50411,12.1993,20.0,1108.8
50412,12.1993,20.0,1108.8
50413,12.1993,20.0,1108.8
50414,12.1993,20.0,1108.8
50415,12.1993,20.0,1108.9
50416,12.1993,20.0,1108.9
50417,12.1993,20.0,1108.9
50418,12.1993,20.0,1108.9
50419,12.1993,20.0,1109.0
50420,12.1993,20.0,1109.0
50421,12.1985,20.0,1109.0
50422,12.1985,20.0,1109.1
50423,12.1985,20.0,1109.1
50424,12.1985,20.0,1109.1
50425,12.1985,20.0,1109.1
50426,12.1985,20.0,1109.2
50427,12.1985,20.0,1109.2
50428,12.1985,20.0,1109.2
50429,12.1985,20.0,1109.3
50430,12.1985,20.0,1109.3
50431,12.1985,20.0,1109.3
50432,12.1985,20.0,1109.3
50433,12.1985,20.0,1109.4
50434,12.1985,20.0,1109.4
50435,12.1985,20.0,1109.4
50436,12.1985,20.0,1109.5
50437,12.1985,20.0,1109.5
50438,12.1985,20.0,1109.5
50439,12.1985,20.0,1109.5
50440,12.1985,20.0,1109.6
50441,12.1978,20.0,1109.6
50442,12.1978,20.0,1109.6
50443,12.1978,20.0,1109.6
50444,12.1978,20.0,1109.6
50445,12.1978,20.0,1109.7
50446,12.1978,20.0,1109.7
50447,12.1978,20.0,1109.7
50448,12.1978,20.0,1109.7
50449,12.1978,20.0,1109.7
50450,12.1978,20.0,1109.8
50451,12.1978,20.0,1109.8
50452,12.1978,20.0,1109.8
50453,12.1978,20.0,1109.8
50454,12.1978,20.0,1109.9
50455,12.1978,20.0,1109.9
50456,12.1978,20.0,1109.9
50457,12.1978,20.0,1109.9
50458,12.1978,20.0,1109.9
50459,12.1978,20.0,1110.0
50460,12.1978,20.0,1110.0
50461,12.1970,20.0,1110.0
50462,12.1970,20.0,1110.0
50463,12.1970,20.0,1110.1
50464,12.1970,20.0,1110.1
50465,12.1970,20.0,1110.1
50466,12.1970,20.0,1110.1
50467,12.1970,20.0,1110.1
50468,12.1970,20.0,1110.2
50469,12.1970,20.0,1110.2
50470,12.1970,20.0,1110.2
50471,12.1970,20.0,1110.2
50472,12.1970,20.0,1110.2
50473,12.1970,20.0,1110.3
50474,12.1970,20.0,1110.3
50475,12.1970,20.0,1110.3
50476,12.1970,20.0,1110.3
50477,12.1970,20.0,1110.3
50478,12.1970,20.0,1110.4
50479,12.1970,20.0,1110.4
50480,12.1970,20.0,1110.4
50481,12.1963,20.0,1110.4
50482,12.1963,20.0,1110.5
50483,12.1963,20.0,1110.5
50484,12.1963,20.0,1110.5
50485,12.1963,20.0,1110.5
50486,12.1963,20.0,1110.6
50487,12.1963,20.0,1110.6
50488,12.1963,20.0,1110.6
50489,12.1963,20.0,1110.6
50490,12.1963,20.0,1110.6
50491,12.1963,20.0,1110.7
50492,12.1963,20.0,1110.7
50493,12.1963,20.0,1110.7
50494,12.1963,20.0,1110.7
50495,12.1963,20.0,1110.8
50496,12.1963,20.0,1110.8
50497,12.1963,20.0,1110.8
50498,12.1963,20.0,1110.8
50499,12.1963,20.0,1110.8
50500,12.1963,20.0,1110.9
50501,12.1955,20.0,1110.9
50502,12.1955,20.0,1110.9
50503,12.1955,20.0,1110.9
50504,12.1955,20.0,1111.0
50505,12.1955,20.0,1111.0
50506,12.1955,20.0,1111.0
50507,12.1955,20.0,1111.0
50508,12.1955,20.0,1111.0
50509,12.1955,20.0,1111.1
50510,12.1955,20.0,1111.1
50511,12.1955,20.0,1111.1
50512,12.1955,20.0,1111.1
50513,12.1955,20.0,1111.2
50514,12.1955,20.0,1111.2
50515,12.1955,20.0,1111.2
50516,12.1955,20.0,1111.2
50517,12.1955,20.0,1111.3
50518,12.1955,20.0,1111.3
50519,12.1955,20.0,1111.3
50520,12.1955,20.0,1111.3
50521,12.1947,20.0,1111.3
50522,12.1947,20.0,1111.4
50523,12.1947,20.0,1111.4
50524,12.1947,20.0,1111.4
50525,12.1947,20.0,1111.4
50526,12.1947,20.0,1111.5
50527,12.1947,20.0,1111.5
50528,12.1947,20.0,1111.5
50529,12.1947,20.0,1111.5
50530,12.1947,20.0,1111.6
50531,12.1947,20.0,1111.6
50532,12.1947,20.0,1111.6
50533,12.1947,20.0,1111.6
50534,12.1947,20.0,1111.6
50535,12.1947,20.0,1111.7
50536,12.1947,20.0,1111.7
50537,12.1947,20.0,1111.7
50538,12.1947,20.0,1111.7
50539,12.1947,20.0,1111.7
50540,12.1947,20.0,1111.8
50541,12.1940,20.0,1111.8
50542,12.1940,20.0,1111.8
50543,12.1940,20.0,1111.9
50544,12.1940,20.0,1111.9
50545,12.1940,20.0,1111.9
50546,12.1940,20.0,1111.9
50547,12.1940,20.0,1111.9
50548,12.1940,20.0,1112.0
50549,12.1940,20.0,1112.0
50550,12.1940,20.0,1112.0
50551,12.1940,20.0,1112.0
50552,12.1940,20.0,1112.0
50553,12.1940,20.0,1112.1
50554,12.1940,20.0,1112.1
50555,12.1940,20.0,1112.1
50556,12.1940,20.0,1112.1
50557,12.1940,20.0,1112.1
50558,12.1940,20.0,1112.2
50559,12.1940,20.0,1112.2
50560,12.1940,20.0,1112.2
50561,12.1932,20.0,1112.2
50562,12.1932,20.0,1112.2
50563,12.1932,20.0,1112.3
50564,12.1932,20.0,1112.3
50565,12.1932,20.0,1112.3
50566,12.1932,20.0,1112.4
50567,12.1932,20.0,1112.4
50568,12.1932,20.0,1112.4
50569,12.1932,20.0,1112.5
50570,12.1932,20.0,1112.5
50571,12.1932,20.0,1112.5
50572,12.1932,20.0,1112.5
50573,12.1932,20.0,1112.6
50574,12.1932,20.0,1112.6
50575,12.1932,20.0,1112.6
50576,12.1932,20.0,1112.6
50577,12.1932,20.0,1112.6
50578,12.1932,20.0,1112.7
50579,12.1932,20.0,1112.7
50580,12.1932,20.0,1112.7
50581,12.1925,20.0,1112.7
50582,12.1925,20.0,1112.8
50583,12.1925,20.0,1112.8
50584,12.1925,20.0,1112.8
50585,12.1925,20.0,1112.8
50586,12.1925,20.0,1112.8
50587,12.1925,20.0,1112.9
50588,12.1925,20.0,1112.9
50589,12.1925,20.0,1112.9
50590,12.1925,20.0,1112.9
50591,12.1925,20.0,1112.9
50592,12.1925,20.0,1113.0
50593,12.1925,20.0,1113.0
50594,12.1925,20.0,1113.0
50595,12.1925,20.0,1113.0
50596,12.1925,20.0,1113.1
50597,12.1925,20.0,1113.1
50598,12.1925,20.0,1113.1
50599,12.1925,20.0,1113.1
50600,12.1925,20.0,1113.1
50601,12.1917,20.0,1113.2
50602,12.1917,20.0,1113.2
50603,12.1917,20.0,1113.2
50604,12.1917,20.0,1113.2
50605,12.1917,20.0,1113.3
50606,12.1917,20.0,1113.3
50607,12.1917,20.0,1113.3
50608,12.1917,20.0,1113.3
50609,12.1917,20.0,1113.4
50610,12.1917,20.0,1113.4
50611,12.1917,20.0,1113.4
50612,12.1917,20.0,1113.4
50613,12.1917,20.0,1113.5
50614,12.1917,20.0,1113.5
50615,12.1917,20.0,1113.5
50616,12.1917,20.0,1113.5
50617,12.1917,20.0,1113.5
50618,12.1917,20.0,1113.6
50619,12.1917,20.0,1113.6
50620,12.1917,20.0,1113.6
50621,12.1909,20.0,1113.6
50622,12.1909,20.0,1113.7
50623,12.1909,20.0,1113.7
50624,12.1909,20.0,1113.7
50625,12.1909,20.0,1113.7
50626,12.1909,20.0,1113.7
50627,12.1909,20.0,1113.8
50628,12.1909,20.0,1113.8
50629,12.1909,20.0,1113.8
50630,12.1909,20.0,1113.8
50631,12.1909,20.0,1113.8
50632,12.1909,20.0,1113.8
50633,12.1909,20.0,1113.9
50634,12.1909,20.0,1113.9
50635,12.1909,20.0,1113.9
50636,12.1909,20.0,1113.9
50637,12.1909,20.0,1114.0
50638,12.1909,20.0,1114.0
50639,12.1909,20.0,1114.0
50640,12.1909,20.0,1114.0
50641,12.1902,20.0,1114.1
50642,12.1902,20.0,1114.1
50643,12.1902,20.0,1114.1
50644,12.1902,20.0,1114.1
50645,12.1902,20.0,1114.2
50646,12.1902,20.0,1114.2
50647,12.1902,20.0,1114.2
50648,12.1902,20.0,1114.2
50649,12.1902,20.0,1114.2
50650,12.1902,20.0,1114.3
50651,12.1902,20.0,1114.3
50652,12.1902,20.0,1114.3
50653,12.1902,20.0,1114.3
50654,12.1902,20.0,1114.4
50655,12.1902,20.0,1114.4
50656,12.1902,20.0,1114.4
50657,12.1902,20.0,1114.4
50658,12.1902,20.0,1114.4
50659,12.1902,20.0,1114.5
50660,12.1902,20.0,1114.5
50661,12.2292,20.0,1114.5
50662,12.2292,20.0,1114.6
50663,12.2292,20.0,1114.6
50664,12.2292,20.0,1114.6
50665,12.2292,20.0,1114.6
50666,12.2292,20.0,1114.7
50667,12.2292,20.0,1114.7
50668,12.2292,20.0,1114.7
50669,12.2292,20.0,1114.7
50670,12.2292,20.0,1114.7
50671,12.2292,20.0,1114.8
50672,12.2292,20.0,1114.8
50673,12.2292,20.0,1114.8
50674,12.2292,20.0,1114.8
50675,12.2292,20.0,1114.8
50676,12.2292,20.0,1114.9
50677,12.2292,20.0,1114.9
50678,12.2292,20.0,1114.9
50679,12.2292,20.0,1114.9
50680,12.2292,20.0,1115.0
50681,12.2683,20.0,1115.0
50682,12.2683,20.0,1115.0
50683,12.2683,20.0,1115.0
50684,12.2683,20.0,1115.0
50685,12.2683,20.0,1115.0
50686,12.2683,20.0,1115.1
50687,12.2683,20.0,1115.1
50688,12.2683,20.0,1115.1
50689,12.2683,20.0,1115.4
50690,12.2683,20.0,1115.4
50691,12.2683,20.0,1115.4
50692,12.2683,20.0,1115.4
50693,12.2683,20.0,1115.5
50694,12.2683,20.0,1115.5
50695,12.2683,20.0,1115.5
50696,12.2683,20.0,1115.5
50697,12.2683,20.0,1115.5
50698,12.2683,20.0,1115.6
50699,12.2683,20.0,1115.6
50700,12.2683,20.0,1115.6
50701,12.3074,20.0,1115.6
50702,12.3074,20.0,1115.6
50703,12.3074,20.0,1115.6
50704,12.3074,20.0,1115.7
50705,12.3074,20.0,1115.7
50706,12.3074,20.0,1115.7
50707,12.3074,20.0,1115.7
50708,12.3074,20.0,1115.8
50709,12.3074,20.0,1115.8
50710,12.3074,20.0,1115.8
50711,12.3074,20.0,1115.8
50712,12.3074,20.0,1115.8
50713,12.3074,20.0,1115.9
50714,12.3074,20.0,1115.9
50715,12.3074,20.0,1115.9
50716,12.3074,20.0,1115.9
50717,12.3074,20.0,1115.9
50718,12.3074,20.0,1115.9
50719,12.3074,20.0,1116.0
50720,12.3074,20.0,1116.0
50721,12.3466,20.0,1116.1
50722,12.3466,20.0,1116.1
50723,12.3466,20.0,1116.1
50724,12.3466,20.0,1116.2
50725,12.3466,20.0,1116.2
50726,12.3466,20.0,1116.2
50727,12.3466,20.0,1116.2
50728,12.3466,20.0,1116.3
50729,12.3466,20.0,1116.3
50730,12.3466,20.0,1116.3
50731,12.3466,20.0,1116.3
50732,12.3466,20.0,1116.3
50733,12.3466,20.0,1116.4
50734,12.3466,20.0,1116.4
50735,12.3466,20.0,1116.4
50736,12.3466,20.0,1116.4
50737,12.3466,20.0,1116.4
50738,12.3466,20.0,1116.5
50739,12.3466,20.0,1116.5
50740,12.3466,20.0,1116.5
50741,12.3858,20.0,1116.5
50742,12.3858,20.0,1116.5
50743,12.3858,20.0,1116.6
50744,12.3858,20.0,1116.6
50745,12.3858,20.0,1116.6
50746,12.3858,20.0,1116.6
50747,12.3858,20.0,1116.6
50748,12.3858,20.0,1116.7
50749,12.3858,20.0,1116.7
50750,12.3858,20.0,1116.7
50751,12.3858,20.0,1116.7
50752,12.3858,20.0,1116.7
50753,12.3858,20.0,1116.8
50754,12.3858,20.0,1116.8
50755,12.3858,20.0,1116.8
50756,12.3858,20.0,1116.8
50757,12.3858,20.0,1116.9
50758,12.3858,20.0,1116.9
50759,12.3858,20.0,1117.0
50760,12.3858,20.0,1117.0
50761,12.4250,20.0,1117.0
50762,12.4250,20.0,1117.0
50763,12.4250,20.0,1117.1
50764,12.4250,20.0,1117.1
50765,12.4250,20.0,1117.1
50766,12.4250,20.0,1117.1
50767,12.4250,20.0,1117.2
50768,12.4250,20.0,1117.2
50769,12.4250,20.0,1117.2
50770,12.4250,20.0,1117.3
50771,12.4250,20.0,1117.3
50772,12.4250,20.0,1117.3
50773,12.4250,20.0,1117.3
50774,12.4250,20.0,1117.4
50775,12.4250,20.0,1117.4
50776,12.4250,20.0,1117.4
50777,12.4250,20.0,1117.5
50778,12.4250,20.0,1117.5
50779,12.4250,20.0,1117.5
50780,12.4250,20.0,1117.6
50781,12.4642,20.0,1117.6
50782,12.4642,20.0,1117.6
50783,12.4642,20.0,1117.6
50784,12.4642,20.0,1117.6
50785,12.4642,20.0,1117.7
50786,12.4642,20.0,1117.7
50787,12.4642,20.0,1117.7
50788,12.4642,20.0,1117.7
50789,12.4642,20.0,1117.8
50790,12.4642,20.0,1117.8
50791,12.4642,20.0,1117.8
50792,12.4642,20.0,1117.8
50793,12.4642,20.0,1117.8
50794,12.4642,20.0,1117.9
50795,12.4642,20.0,1117.9
50796,12.4642,20.0,1117.9
50797,12.4642,20.0,1117.9
50798,12.4642,20.0,1117.9
50799,12.4642,20.0,1118.0
50800,12.4642,20.0,1118.0
50801,12.5034,20.0,1118.0
50802,12.5034,20.0,1118.0
50803,12.5034,20.0,1118.1
50804,12.5034,20.0,1118.1
50805,12.5034,20.0,1118.1
50806,12.5034,20.0,1118.1
50807,12.5034,20.0,1118.1
50808,12.5034,20.0,1118.2
50809,12.5034,20.0,1118.2
50810,12.5034,20.0,1118.2
50811,12.5034,20.0,1118.2
50812,12.5034,20.0,1118.3
50813,12.5034,20.0,1118.3
50814,12.5034,20.0,1118.3
50815,12.5034,20.0,1118.4
50816,12.5034,20.0,1118.4
50817,12.5034,20.0,1118.4
50818,12.5034,20.0,1118.4
50819,12.5034,20.0,1118.5
50820,12.5034,20.0,1118.5
50821,12.5425,20.0,1118.5
50822,12.5425,20.0,1118.5
50823,12.5425,20.0,1118.5
50824,12.5425,20.0,1118.6
50825,12.5425,20.0,1118.6
50826,12.5425,20.0,1118.6
50827,12.5425,20.0,1118.7
50828,12.5425,20.0,1118.7
50829,12.5425,20.0,1118.7
50830,12.5425,20.0,1118.7
50831,12.5425,20.0,1118.8
50832,12.5425,20.0,1118.8
50833,12.5425,20.0,1118.8
50834,12.5425,20.0,1118.9
50835,12.5425,20.0,1118.9
50836,12.5425,20.0,1118.9
50837,12.5425,20.0,1118.9
50838,12.5425,20.0,1118.9
50839,12.5425,20.0,1119.0
50840,12.5425,20.0,1119.0
50841,12.5817,20.0,1119.0
50842,12.5817,20.0,1119.1
50843,12.5817,20.0,1119.1
50844,12.5817,20.0,1119.1
50845,12.5817,20.0,1119.1
50846,12.5817,20.0,1119.2
50847,12.5817,20.0,1119.2
50848,12.5817,20.0,1119.2
50849,12.5817,20.0,1119.3
50850,12.5817,20.0,1119.3
50851,12.5817,20.0,1119.3
50852,12.5817,20.0,1119.3
50853,12.5817,20.0,1119.4
50854,12.5817,20.0,1119.4
50855,12.5817,20.0,1119.4
50856,12.5817,20.0,1119.4
50857,12.5817,20.0,1119.5
50858,12.5817,20.0,1119.5
50859,12.5817,20.0,1119.5
50860,12.5817,20.0,1119.6
50861,12.6209,20.0,1119.6
50862,12.6209,20.0,1119.6
50863,12.6209,20.0,1119.6
50864,12.6209,20.0,1119.6
50865,12.6209,20.0,1119.7
50866,12.6209,20.0,1119.7
50867,12.6209,20.0,1119.7
50868,12.6209,20.0,1119.7
50869,12.6209,20.0,1119.8
50870,12.6209,20.0,1119.8
50871,12.6209,20.0,1119.8
50872,12.6209,20.0,1119.9
50873,12.6209,20.0,1119.9
50874,12.6209,20.0,1119.9
50875,12.6209,20.0,1119.9
50876,12.6209,20.0,1120.0
50877,12.6209,20.0,1120.0
50878,12.6209,20.0,1120.0
50879,12.6209,20.0,1120.0
50880,12.6209,20.0,1120.0
50881,12.6601,20.0,1120.1
50882,12.6601,20.0,1120.1
50883,12.6601,20.0,1120.1
50884,12.6601,20.0,1120.1
50885,12.6601,20.0,1120.1
50886,12.6601,20.0,1120.2
50887,12.6601,20.0,1120.2
50888,12.6601,20.0,1120.2
50889,12.6601,20.0,1120.2
50890,12.6601,20.0,1120.3
50891,12.6601,20.0,1120.3
50892,12.6601,20.0,1120.3
50893,12.6601,20.0,1120.3
50894,12.6601,20.0,1120.3
50895,12.6601,20.0,1120.4
50896,12.6601,20.0,1120.4
50897,12.6601,20.0,1120.4
50898,12.6601,20.0,1120.4
50899,12.6601,20.0,1120.5
50900,12.6601,20.0,1120.5
50901,12.6993,20.0,1120.5
50902,12.6993,20.0,1120.5
50903,12.6993,20.0,1120.5
50904,12.6993,20.0,1120.6
50905,12.6993,20.0,1120.6
50906,12.6993,20.0,1120.6
50907,12.6993,20.0,1120.6
50908,12.6993,20.0,1120.6
50909,12.6993,20.0,1120.7
50910,12.6993,20.0,1120.7
50911,12.6993,20.0,1120.7
50912,12.6993,20.0,1120.7
50913,12.6993,20.0,1120.7
50914,12.6993,20.0,1120.8
50915,12.6993,20.0,1120.8
50916,12.6993,20.0,1120.8
50917,12.6993,20.0,1120.8
50918,12.6993,20.0,1120.8
50919,12.6993,20.0,1120.9
50920,12.6993,20.0,1120.9
50921,12.7384,20.0,1120.9
50922,12.7384,20.0,1120.9
50923,12.7384,20.0,1120.9
50924,12.7384,20.0,1121.0
50925,12.7384,20.0,1121.0
50926,12.7384,20.0,1121.0
50927,12.7384,20.0,1121.0
50928,12.7384,20.0,1121.0
50929,12.7384,20.0,1121.1
50930,12.7384,20.0,1121.1
50931,12.7384,20.0,1121.1
50932,12.7384,20.0,1121.1
50933,12.7384,20.0,1121.1
50934,12.7384,20.0,1121.2
50935,12.7384,20.0,1121.2
50936,12.7384,20.0,1121.2
50937,12.7384,20.0,1121.2
50938,12.7384,20.0,1121.3
50939,12.7384,20.0,1121.3
50940,12.7384,20.0,1121.3
50941,12.7776,20.0,1121.3
50942,12.7776,20.0,1121.3
50943,12.7776,20.0,1121.3
50944,12.7776,20.0,1121.4
50945,12.7776,20.0,1121.4
50946,12.7776,20.0,1121.4
50947,12.7776,20.0,1121.4
50948,12.7776,20.0,1121.5
50949,12.7776,20.0,1121.5
50950,12.7776,20.0,1121.5
50951,12.7776,20.0,1121.5
50952,12.7776,20.0,1121.6
50953,12.7776,20.0,1121.6
50954,12.7776,20.0,1121.6
50955,12.7776,20.0,1121.6
50956,12.7776,20.0,1121.6
50957,12.7776,20.0,1121.7
50958,12.7776,20.0,1121.7
50959,12.7776,20.0,1121.7
50960,12.7776,20.0,1121.7
50961,12.8168,20.0,1121.8
50962,12.8168,20.0,1121.8
50963,12.8168,20.0,1121.8
50964,12.8168,20.0,1121.8
50965,12.8168,20.0,1121.8
50966,12.8168,20.0,1121.8
50967,12.8168,20.0,1121.9
50968,12.8168,20.0,1121.9
50969,12.8168,20.0,1121.9
50970,12.8168,20.0,1121.9
50971,12.8168,20.0,1121.9
50972,12.8168,20.0,1122.0
50973,12.8168,20.0,1122.0
50974,12.8168,20.0,1122.0
50975,12.8168,20.0,1122.0
50976,12.8168,20.0,1122.1
50977,12.8168,20.0,1122.1
50978,12.8168,20.0,1122.1
50979,12.8168,20.0,1122.1
50980,12.8168,20.0,1122.1
50981,12.8560,20.0,1122.2
50982,12.8560,20.0,1122.2
50983,12.8560,20.0,1122.2
50984,12.8560,20.0,1122.2
50985,12.8560,20.0,1122.2
50986,12.8560,20.0,1122.3
50987,12.8560,20.0,1122.3
50988,12.8560,20.0,1122.3
50989,12.8560,20.0,1122.3
50990,12.8560,20.0,1122.3
50991,12.8560,20.0,1122.4
50992,12.8560,20.0,1122.4
50993,12.8560,20.0,1122.4
50994,12.8560,20.0,1122.4
50995,12.8560,20.0,1122.5
50996,12.8560,20.0,1122.5
50997,12.8560,20.0,1122.5
50998,12.8560,20.0,1122.5
50999,12.8560,20.0,1122.5
51000,12.8560,20.0,1122.6
51001,12.8952,20.0,1122.6
51002,12.8952,20.0,1122.6
51003,12.8952,20.0,1122.6
51004,12.8952,20.0,1122.7
51005,12.8952,20.0,1122.7
51006,12.8952,20.0,1122.7
51007,12.8952,20.0,1122.7
51008,12.8952,20.0,1122.7
51009,12.8952,20.0,1122.8
51010,12.8952,20.0,1122.8
51011,12.8952,20.0,1122.8
51012,12.8952,20.0,1122.8
51013,12.8952,20.0,1122.8
51014,12.8952,20.0,1122.8
51015,12.8952,20.0,1122.9
51016,12.8952,20.0,1122.9
51017,12.8952,20.0,1122.9
51018,12.8952,20.0,1122.9
51019,12.8952,20.0,1123.0
51020,12.8952,20.0,1123.0
51021,12.9344,20.0,1123.0
51022,12.9344,20.0,1123.0
51023,12.9344,20.0,1123.0
51024,12.9344,20.0,1123.1
51025,12.9344,20.0,1123.1
51026,12.9344,20.0,1123.1
51027,12.9344,20.0,1123.1
51028,12.9344,20.0,1123.1
51029,12.9344,20.0,1123.2
51030,12.9344,20.0,1123.2
51031,12.9344,20.0,1123.2
51032,12.9344,20.0,1123.2
51033,12.9344,20.0,1123.2
51034,12.9344,20.0,1123.3
51035,12.9344,20.0,1123.3
51036,12.9344,20.0,1123.3
51037,12.9344,20.0,1123.3
51038,12.9344,20.0,1123.3
51039,12.9344,20.0,1123.3
51040,12.9344,20.0,1123.4
51041,12.9735,20.0,1123.4
51042,12.9735,20.0,1123.4
51043,12.9735,20.0,1123.4
51044,12.9735,20.0,1123.5
51045,12.9735,20.0,1123.5
51046,12.9735,20.0,1123.5
51047,12.9735,20.0,1123.5
51048,12.9735,20.0,1123.5
51049,12.9735,20.0,1123.6
51050,12.9735,20.0,1123.6
51051,12.9735,20.0,1123.6
51052,12.9735,20.0,1123.6
51053,12.9735,20.0,1123.6
51054,12.9735,20.0,1123.7
51055,12.9735,20.0,1123.7
51056,12.9735,20.0,1123.7
51057,12.9735,20.0,1123.7
51058,12.9735,20.0,1123.7
51059,12.9735,20.0,1123.8
51060,12.9735,20.0,1123.8
51061,13.0127,20.0,1123.8
51062,13.0127,20.0,1123.8
51063,13.0127,20.0,1123.8
51064,13.0127,20.0,1123.9
51065,13.0127,20.0,1123.9
51066,13.0127,20.0,1123.9
51067,13.0127,20.0,1123.9
51068,13.0127,20.0,1124.0
51069,13.0127,20.0,1124.0
51070,13.0127,20.0,1124.0
51071,13.0127,20.0,1124.0
51072,13.0127,20.0,1124.0
51073,13.0127,20.0,1124.0
51074,13.0127,20.0,1124.1
51075,13.0127,20.0,1124.1
51076,13.0127,20.0,1124.1
51077,13.0127,20.0,1124.1
51078,13.0127,20.0,1124.2
51079,13.0127,20.0,1124.2
51080,13.0127,20.0,1124.2
51081,13.0519,20.0,1124.2
51082,13.0519,20.0,1124.2
51083,13.0519,20.0,1124.3
51084,13.0519,20.0,1124.3
51085,13.0519,20.0,1124.3
51086,13.0519,20.0,1124.3
51087,13.0519,20.0,1124.3
51088,13.0519,20.0,1124.4
51089,13.0519,20.0,1124.4
51090,13.0519,20.0,1124.4
51091,13.0519,20.0,1124.4
51092,13.0519,20.0,1124.4
51093,13.0519,20.0,1124.4
51094,13.0519,20.0,1124.5
51095,13.0519,20.0,1124.5
51096,13.0519,20.0,1124.5
51097,13.0519,20.0,1124.5
51098,13.0519,20.0,1124.6
51099,13.0519,20.0,1124.6
51100,13.0519,20.0,1124.7
51101,13.0911,20.0,1124.7
51102,13.0911,20.0,1124.7
51103,13.0911,20.0,1124.8
51104,13.0911,20.0,1124.8
51105,13.0911,20.0,1124.8
51106,13.0911,20.0,1124.8
51107,13.0911,20.0,1124.8
51108,13.0911,20.0,1124.9
51109,13.0911,20.0,1124.9
51110,13.0911,20.0,1124.9
51111,13.0911,20.0,1124.9
51112,13.0911,20.0,1125.0
51113,13.0911,20.0,1125.0
51114,13.0911,20.0,1125.0
51115,13.0911,20.0,1125.1
51116,13.0911,20.0,1125.1
51117,13.0911,20.0,1125.1
51118,13.0911,20.0,1125.2
51119,13.0911,20.0,1125.2
51120,13.0911,20.0,1125.2
51121,13.1303,20.0,1125.2
51122,13.1303,20.0,1125.2
51123,13.1303,20.0,1125.3
51124,13.1303,20.0,1125.3
51125,13.1303,20.0,1125.3
51126,13.1303,20.0,1125.3
51127,13.1303,20.0,1125.3
51128,13.1303,20.0,1125.3
51129,13.1303,20.0,1125.4
51130,13.1303,20.0,1125.4
51131,13.1303,20.0,1125.4
51132,13.1303,20.0,1125.4
51133,13.1303,20.0,1125.5
51134,13.1303,20.0,1125.5
51135,13.1303,20.0,1125.6
51136,13.1303,20.0,1125.6
51137,13.1303,20.0,1125.6
51138,13.1303,20.0,1125.6
51139,13.1303,20.0,1125.7
51140,13.1303,20.0,1125.7
51141,13.1695,20.0,1125.7
51142,13.1695,20.0,1125.7
51143,13.1695,20.0,1125.7
51144,13.1695,20.0,1125.8
51145,13.1695,20.0,1125.8
51146,13.1695,20.0,1125.8
51147,13.1695,20.0,1125.8
51148,13.1695,20.0,1125.9
51149,13.1695,20.0,1125.9
51150,13.1695,20.0,1126.0
51151,13.1695,20.0,1126.0
51152,13.1695,20.0,1126.0
51153,13.1695,20.0,1126.0
51154,13.1695,20.0,1126.0
51155,13.1695,20.0,1126.1
51156,13.1695,20.0,1126.1
51157,13.1695,20.0,1126.1
51158,13.1695,20.0,1126.1
51159,13.1695,20.0,1126.1
51160,13.1695,20.0,1126.2
51161,13.1887,20.0,1126.2
51162,13.1887,20.0,1126.2
51163,13.1887,20.0,1126.2
51164,13.1887,20.0,1126.2
51165,13.1887,20.0,1126.3
51166,13.1887,20.0,1126.3
51167,13.1887,20.0,1126.3
51168,13.1887,20.0,1126.3
51169,13.1887,20.0,1126.3
51170,13.1887,20.0,1126.4
51171,13.1887,20.0,1126.4
51172,13.1887,20.0,1126.4
51173,13.1887,20.0,1126.4
51174,13.1887,20.0,1126.4
51175,13.1887,20.0,1126.5
51176,13.1887,20.0,1126.5
51177,13.1887,20.0,1126.5
51178,13.1887,20.0,1126.5
51179,13.1887,20.0,1126.6
51180,13.1887,20.0,1126.6
51181,13.2080,20.0,1126.6
51182,13.2080,20.0,1126.6
51183,13.2080,20.0,1126.7
51184,13.2080,20.0,1126.7
51185,13.2080,20.0,1126.7
51186,13.2080,20.0,1126.7
51187,13.2080,20.0,1126.7
51188,13.2080,20.0,1126.8
51189,13.2080,20.0,1126.8
51190,13.2080,20.0,1126.8
51191,13.2080,20.0,1126.9
51192,13.2080,20.0,1126.9
51193,13.2080,20.0,1126.9
51194,13.2080,20.0,1126.9
51195,13.2080,20.0,1127.0
51196,13.2080,20.0,1127.0
51197,13.2080,20.0,1127.0
51198,13.2080,20.0,1127.1
51199,13.2080,20.0,1127.1
51200,13.2080,20.0,1127.1
51201,13.2273,20.0,1127.6
51202,13.2273,20.0,1127.6
51203,13.2273,20.0,1127.6
51204,13.2273,20.0,1127.6
51205,13.2273,20.0,1127.7
51206,13.2273,20.0,1127.7
51207,13.2273,20.0,1127.7
51208,13.2273,20.0,1127.7
51209,13.2273,20.0,1127.7
51210,13.2273,20.0,1127.8
51211,13.2273,20.0,1127.8
51212,13.2273,20.0,1127.8
51213,13.2273,20.0,1127.8
51214,13.2273,20.0,1127.8
51215,13.2273,20.0,1127.9
51216,13.2273,20.0,1127.9
51217,13.2273,20.0,1127.9
51218,13.2273,20.0,1127.9
51219,13.2273,20.0,1127.9
51220,13.2273,20.0,1128.0
51221,13.2465,20.0,1128.0
51222,13.2465,20.0,1128.0
51223,13.2465,20.0,1128.0
51224,13.2465,20.0,1128.0
51225,13.2465,20.0,1128.1
51226,13.2465,20.0,1128.1
51227,13.2465,20.0,1128.1
51228,13.2465,20.0,1128.1
51229,13.2465,20.0,1128.2
51230,13.2465,20.0,1128.2
51231,13.2465,20.0,1128.2
51232,13.2465,20.0,1128.2
51233,13.2465,20.0,1128.3
51234,13.2465,20.0,1128.3
51235,13.2465,20.0,1128.3
51236,13.2465,20.0,1128.3
51237,13.2465,20.0,1128.4
51238,13.2465,20.0,1128.4
51239,13.2465,20.0,1128.4
51240,13.2465,20.0,1128.5
51241,13.2658,20.0,1128.5
51242,13.2658,20.0,1128.5
51243,13.2658,20.0,1128.5
51244,13.2658,20.0,1128.5
51245,13.2658,20.0,1128.6
51246,13.2658,20.0,1128.6
51247,13.2658,20.0,1128.6
51248,13.2658,20.0,1128.6
51249,13.2658,20.0,1128.7
51250,13.2658,20.0,1128.7
51251,13.2658,20.0,1128.7
51252,13.2658,20.0,1128.8
51253,13.2658,20.0,1128.8
51254,13.2658,20.0,1128.8
51255,13.2658,20.0,1128.9
51256,13.2658,20.0,1128.9
51257,13.2658,20.0,1128.9
51258,13.2658,20.0,1128.9
51259,13.2658,20.0,1128.9
51260,13.2658,20.0,1129.0
51261,13.2850,20.0,1129.0
51262,13.2850,20.0,1129.0
51263,13.2850,20.0,1129.0
51264,13.2850,20.0,1129.1
51265,13.2850,20.0,1129.1
51266,13.2850,20.0,1129.1
51267,13.2850,20.0,1129.1
51268,13.2850,20.0,1129.2
51269,13.2850,20.0,1129.2
51270,13.2850,20.0,1129.2
51271,13.2850,20.0,1129.2
51272,13.2850,20.0,1129.3
51273,13.2850,20.0,1129.3
51274,13.2850,20.0,1129.3
51275,13.2850,20.0,1129.4
51276,13.2850,20.0,1129.4
51277,13.2850,20.0,1129.4
51278,13.2850,20.0,1129.4
51279,13.2850,20.0,1129.4
51280,13.2850,20.0,1129.5
51281,13.3043,20.0,1129.5
51282,13.3043,20.0,1129.5
51283,13.3043,20.0,1129.5
51284,13.3043,20.0,1129.6
51285,13.3043,20.0,1129.6
51286,13.3043,20.0,1129.6
51287,13.3043,20.0,1129.6
51288,13.3043,20.0,1129.7
51289,13.3043,20.0,1129.7
51290,13.3043,20.0,1129.7
51291,13.3043,20.0,1129.7
51292,13.3043,20.0,1129.8
51293,13.3043,20.0,1129.8
51294,13.3043,20.0,1129.8
51295,13.3043,20.0,1129.8
51296,13.3043,20.0,1129.9
51297,13.3043,20.0,1129.9
51298,13.3043,20.0,1129.9
51299,13.3043,20.0,1129.9
51300,13.3043,20.0,1130.0
51301,13.3236,20.0,1130.0
51302,13.3236,20.0,1130.0
51303,13.3236,20.0,1130.0
51304,13.3236,20.0,1130.1
51305,13.3236,20.0,1130.1
51306,13.3236,20.0,1130.1
51307,13.3236,20.0,1130.1
51308,13.3236,20.0,1130.2
51309,13.3236,20.0,1130.2
51310,13.3236,20.0,1130.2
51311,13.3236,20.0,1130.2
51312,13.3236,20.0,1130.3
51313,13.3236,20.0,1130.3
51314,13.3236,20.0,1130.3
51315,13.3236,20.0,1130.3
51316,13.3236,20.0,1130.4
51317,13.3236,20.0,1130.4
51318,13.3236,20.0,1130.4
51319,13.3236,20.0,1130.4
51320,13.3236,20.0,1130.5
51321,13.3428,20.0,1130.5
51322,13.3428,20.0,1130.5
51323,13.3428,20.0,1130.6
51324,13.3428,20.0,1130.6
51325,13.3428,20.0,1130.6
51326,13.3428,20.0,1130.6
51327,13.3428,20.0,1130.7
51328,13.3428,20.0,1130.7
51329,13.3428,20.0,1130.7
51330,13.3428,20.0,1130.7
51331,13.3428,20.0,1130.8
51332,13.3428,20.0,1130.8
51333,13.3428,20.0,1130.8
51334,13.3428,20.0,1130.8
51335,13.3428,20.0,1130.9
51336,13.3428,20.0,1130.9
51337,13.3428,20.0,1130.9
51338,13.3428,20.0,1130.9
51339,13.3428,20.0,1131.0
51340,13.3428,20.0,1131.0
51341,13.3621,20.0,1131.0
51342,13.3621,20.0,1131.0
51343,13.3621,20.0,1131.1
51344,13.3621,20.0,1131.1
51345,13.3621,20.0,1131.1
51346,13.3621,20.0,1131.1
51347,13.3621,20.0,1131.1
51348,13.3621,20.0,1131.2
51349,13.3621,20.0,1131.2
51350,13.3621,20.0,1131.2
51351,13.3621,20.0,1131.2
51352,13.3621,20.0,1131.3
51353,13.3621,20.0,1131.3
51354,13.3621,20.0,1131.3
51355,13.3621,20.0,1131.3
51356,13.3621,20.0,1131.3
51357,13.3621,20.0,1131.3
51358,13.3621,20.0,1131.4
51359,13.3621,20.0,1131.4
51360,13.3621,20.0,1131.4
51361,13.3814,20.0,1131.4
51362,13.3814,20.0,1131.5
51363,13.3814,20.0,1131.5
51364,13.3814,20.0,1131.5
51365,13.3814,20.0,1131.5
51366,13.3814,20.0,1131.6
51367,13.3814,20.0,1131.6
51368,13.3814,20.0,1131.6
51369,13.3814,20.0,1131.6
51370,13.3814,20.0,1131.7
51371,13.3814,20.0,1131.7
51372,13.3814,20.0,1131.7
51373,13.3814,20.0,1131.8
51374,13.3814,20.0,1131.8
51375,13.3814,20.0,1131.8
51376,13.3814,20.0,1131.8
51377,13.3814,20.0,1131.8
51378,13.3814,20.0,1131.9
51379,13.3814,20.0,1131.9
51380,13.3814,20.0,1131.9
51381,13.4006,20.0,1131.9
51382,13.4006,20.0,1132.0
51383,13.4006,20.0,1132.0
51384,13.4006,20.0,1132.0
51385,13.4006,20.0,1132.0
51386,13.4006,20.0,1132.1
51387,13.4006,20.0,1132.1
51388,13.4006,20.0,1132.1
51389,13.4006,20.0,1132.1
51390,13.4006,20.0,1132.2
51391,13.4006,20.0,1132.2
51392,13.4006,20.0,1132.2
51393,13.4006,20.0,1132.2
51394,13.4006,20.0,1132.3
51395,13.4006,20.0,1132.3
51396,13.4006,20.0,1132.3
51397,13.4006,20.0,1132.3
51398,13.4006,20.0,1132.3
51399,13.4006,20.0,1132.4
51400,13.4006,20.0,1132.4
51401,13.4199,20.0,1132.4
51402,13.4199,20.0,1132.4
51403,13.4199,20.0,1132.5
51404,13.4199,20.0,1132.5
51405,13.4199,20.0,1132.5
51406,13.4199,20.0,1132.5
51407,13.4199,20.0,1132.6
51408,13.4199,20.0,1132.6
51409,13.4199,20.0,1132.6
51410,13.4199,20.0,1132.7
51411,13.4199,20.0,1132.7
51412,13.4199,20.0,1132.7
51413,13.4199,20.0,1132.7
51414,13.4199,20.0,1132.7
51415,13.4199,20.0,1132.8
51416,13.4199,20.0,1132.8
51417,13.4199,20.0,1132.8
51418,13.4199,20.0,1132.8
51419,13.4199,20.0,1132.9
51420,13.4199,20.0,1132.9
51421,13.4391,20.0,1132.9
51422,13.4391,20.0,1132.9
51423,13.4391,20.0,1132.9
51424,13.4391,20.0,1133.0
51425,13.4391,20.0,1133.0
51426,13.4391,20.0,1133.0
51427,13.4391,20.0,1133.0
51428,13.4391,20.0,1133.0
51429,13.4391,20.0,1133.1
51430,13.4391,20.0,1133.1
51431,13.4391,20.0,1133.1
51432,13.4391,20.0,1133.1
51433,13.4391,20.0,1133.1
51434,13.4391,20.0,1133.2
51435,13.4391,20.0,1133.2
51436,13.4391,20.0,1133.2
51437,13.4391,20.0,1133.2
51438,13.4391,20.0,1133.3
51439,13.4391,20.0,1133.3
51440,13.4391,20.0,1133.3
51441,13.4584,20.0,1133.3
51442,13.4584,20.0,1133.3
51443,13.4584,20.0,1133.4
51444,13.4584,20.0,1133.4
51445,13.4584,20.0,1133.4
51446,13.4584,20.0,1133.4
51447,13.4584,20.0,1133.5
51448,13.4584,20.0,1133.5
51449,13.4584,20.0,1133.5
51450,13.4584,20.0,1133.5
51451,13.4584,20.0,1133.6
51452,13.4584,20.0,1133.6
51453,13.4584,20.0,1133.6
51454,13.4584,20.0,1133.7
51455,13.4584,20.0,1133.7
51456,13.4584,20.0,1133.7
51457,13.4584,20.0,1133.7
51458,13.4584,20.0,1133.8
51459,13.4584,20.0,1133.8
51460,13.4584,20.0,1133.8
51461,13.4777,20.0,1133.8
51462,13.4777,20.0,1133.9
51463,13.4777,20.0,1133.9
51464,13.4777,20.0,1133.9
51465,13.4777,20.0,1133.9
51466,13.4777,20.0,1134.0
51467,13.4777,20.0,1134.0
51468,13.4777,20.0,1134.0
51469,13.4777,20.0,1134.0
51470,13.4777,20.0,1134.1
51471,13.4777,20.0,1134.1
51472,13.4777,20.0,1134.1
51473,13.4777,20.0,1134.1
51474,13.4777,20.0,1134.2
51475,13.4777,20.0,1134.2
51476,13.4777,20.0,1134.2
51477,13.4777,20.0,1134.2
51478,13.4777,20.0,1134.3
51479,13.4777,20.0,1134.3
51480,13.4777,20.0,1134.3
51481,13.4969,20.0,1134.3
51482,13.4969,20.0,1134.4
51483,13.4969,20.0,1134.4
51484,13.4969,20.0,1134.4
51485,13.4969,20.0,1134.4
51486,13.4969,20.0,1134.5
51487,13.4969,20.0,1134.5
51488,13.4969,20.0,1134.5
51489,13.4969,20.0,1134.5
51490,13.4969,20.0,1134.6
51491,13.4969,20.0,1134.6
51492,13.4969,20.0,1134.6
51493,13.4969,20.0,1134.6
51494,13.4969,20.0,1134.7
51495,13.4969,20.0,1134.7
51496,13.4969,20.0,1134.7
51497,13.4969,20.0,1134.7
51498,13.4969,20.0,1134.8
51499,13.4969,20.0,1134.8
51500,13.4969,20.0,1134.8
51501,13.5162,20.0,1134.8
51502,13.5162,20.0,1134.9
51503,13.5162,20.0,1134.9
51504,13.5162,20.0,1134.9
51505,13.5162,20.0,1134.9
51506,13.5162,20.0,1135.0
51507,13.5162,20.0,1135.0
51508,13.5162,20.0,1135.0
51509,13.5162,20.0,1135.0
51510,13.5162,20.0,1135.1
51511,13.5162,20.0,1135.1
51512,13.5162,20.0,1135.1
51513,13.5162,20.0,1135.1
51514,13.5162,20.0,1135.2
51515,13.5162,20.0,1135.2
51516,13.5162,20.0,1135.2
51517,13.5162,20.0,1135.2
51518,13.5162,20.0,1135.2
51519,13.5162,20.0,1135.3
51520,13.5162,20.0,1135.3
51521,13.5355,20.0,1135.3
51522,13.5355,20.0,1135.4
51523,13.5355,20.0,1135.4
51524,13.5355,20.0,1135.4
51525,13.5355,20.0,1135.4
51526,13.5355,20.0,1135.5
51527,13.5355,20.0,1135.5
51528,13.5355,20.0,1135.5
51529,13.5355,20.0,1135.5
51530,13.5355,20.0,1135.6
51531,13.5355,20.0,1135.6
51532,13.5355,20.0,1135.6
51533,13.5355,20.0,1135.6
51534,13.5355,20.0,1135.6
51535,13.5355,20.0,1135.7
51536,13.5355,20.0,1135.7
51537,13.5355,20.0,1135.7
51538,13.5355,20.0,1135.7
51539,13.5355,20.0,1135.7
51540,13.5355,20.0,1135.8
51541,13.5547,20.0,1135.8
51542,13.5547,20.0,1135.8
51543,13.5547,20.0,1135.8
51544,13.5547,20.0,1135.8
51545,13.5547,20.0,1135.9
51546,13.5547,20.0,1135.9
51547,13.5547,20.0,1135.9
51548,13.5547,20.0,1135.9
51549,13.5547,20.0,1136.0
51550,13.5547,20.0,1136.0
51551,13.5547,20.0,1136.0
51552,13.5547,20.0,1136.0
51553,13.5547,20.0,1136.1
51554,13.5547,20.0,1136.1
51555,13.5547,20.0,1136.1
51556,13.5547,20.0,1136.1
51557,13.5547,20.0,1136.2
51558,13.5547,20.0,1136.2
51559,13.5547,20.0,1136.2
51560,13.5547,20.0,1136.2
51561,13.5740,20.0,1136.3
51562,13.5740,20.0,1136.3
51563,13.5740,20.0,1136.3
51564,13.5740,20.0,1136.3
51565,13.5740,20.0,1136.3
51566,13.5740,20.0,1136.4
51567,13.5740,20.0,1136.4
51568,13.5740,20.0,1136.4
51569,13.5740,20.0,1136.4
51570,13.5740,20.0,1136.4
51571,13.5740,20.0,1136.5
51572,13.5740,20.0,1136.5
51573,13.5740,20.0,1136.5
51574,13.5740,20.0,1136.5
51575,13.5740,20.0,1136.5
51576,13.5740,20.0,1136.6
51577,13.5740,20.0,1136.6
51578,13.5740,20.0,1136.6
51579,13.5740,20.0,1136.6
51580,13.5740,20.0,1136.7
51581,13.5933,20.0,1136.7
51582,13.5933,20.0,1136.7
51583,13.5933,20.0,1136.7
51584,13.5933,20.0,1136.7
51585,13.5933,20.0,1136.8
51586,13.5933,20.0,1136.8
51587,13.5933,20.0,1136.8
51588,13.5933,20.0,1136.8
51589,13.5933,20.0,1136.9
51590,13.5933,20.0,1136.9
51591,13.5933,20.0,1136.9
51592,13.5933,20.0,1136.9
51593,13.5933,20.0,1136.9
51594,13.5933,20.0,1137.0
51595,13.5933,20.0,1137.0
51596,13.5933,20.0,1137.0
51597,13.5933,20.0,1137.0
51598,13.5933,20.0,1137.1
51599,13.5933,20.0,1137.1
51600,13.5933,20.0,1137.1
51601,13.6125,20.0,1137.1
51602,13.6125,20.0,1137.1
51603,13.6125,20.0,1137.2
51604,13.6125,20.0,1137.2
51605,13.6125,20.0,1137.2
51606,13.6125,20.0,1137.2
51607,13.6125,20.0,1137.3
51608,13.6125,20.0,1137.3
51609,13.6125,20.0,1137.3
51610,13.6125,20.0,1137.3
51611,13.6125,20.0,1137.3
51612,13.6125,20.0,1137.4
51613,13.6125,20.0,1137.4
51614,13.6125,20.0,1137.4
51615,13.6125,20.0,1137.4
51616,13.6125,20.0,1137.4
51617,13.6125,20.0,1137.5
51618,13.6125,20.0,1137.5
51619,13.6125,20.0,1137.5
51620,13.6125,20.0,1137.5
51621,13.6318,20.0,1137.5
51622,13.6318,20.0,1137.6
51623,13.6318,20.0,1137.6
51624,13.6318,20.0,1137.6
51625,13.6318,20.0,1137.6
51626,13.6318,20.0,1137.6
51627,13.6318,20.0,1137.7
51628,13.6318,20.0,1137.7
51629,13.6318,20.0,1137.7
51630,13.6318,20.0,1137.7
51631,13.6318,20.0,1137.7
51632,13.6318,20.0,1137.8
51633,13.6318,20.0,1137.8
51634,13.6318,20.0,1137.8
51635,13.6318,20.0,1137.8
51636,13.6318,20.0,1137.9
51637,13.6318,20.0,1137.9
51638,13.6318,20.0,1137.9
51639,13.6318,20.0,1137.9
51640,13.6318,20.0,1137.9
51641,13.6510,20.0,1138.0
51642,13.6510,20.0,1138.0
51643,13.6510,20.0,1138.0
51644,13.6510,20.0,1138.0
51645,13.6510,20.0,1138.1
51646,13.6510,20.0,1138.1
51647,13.6510,20.0,1138.1
51648,13.6510,20.0,1138.1
51649,13.6510,20.0,1138.1
51650,13.6510,20.0,1138.1
51651,13.6510,20.0,1138.2
51652,13.6510,20.0,1138.2
51653,13.6510,20.0,1138.2
51654,13.6510,20.0,1138.2
51655,13.6510,20.0,1138.2
51656,13.6510,20.0,1138.3
51657,13.6510,20.0,1138.3
51658,13.6510,20.0,1138.3
51659,13.6510,20.0,1138.3
51660,13.6510,20.0,1138.4
51661,13.6703,20.0,1138.4
51662,13.6703,20.0,1138.4
51663,13.6703,20.0,1138.4
51664,13.6703,20.0,1138.4
51665,13.6703,20.0,1138.5
51666,13.6703,20.0,1138.5
51667,13.6703,20.0,1138.5
51668,13.6703,20.0,1138.5
51669,13.6703,20.0,1138.5
51670,13.6703,20.0,1138.6
51671,13.6703,20.0,1138.6
51672,13.6703,20.0,1138.6
51673,13.6703,20.0,1138.6
51674,13.6703,20.0,1138.6
51675,13.6703,20.0,1138.7
51676,13.6703,20.0,1138.7
51677,13.6703,20.0,1138.7
51678,13.6703,20.0,1138.7
51679,13.6703,20.0,1138.7
51680,13.6703,20.0,1138.8
51681,13.6894,20.0,1138.8
51682,13.6894,20.0,1138.8
51683,13.6894,20.0,1138.8
51684,13.6894,20.0,1138.9
51685,13.6894,20.0,1138.9
51686,13.6894,20.0,1138.9
51687,13.6894,20.0,1138.9
51688,13.6894,20.0,1138.9
51689,13.6894,20.0,1139.0
51690,13.6894,20.0,1139.0
51691,13.6894,20.0,1139.0
51692,13.6894,20.0,1139.0
51693,13.6894,20.0,1139.1
51694,13.6894,20.0,1139.1
51695,13.6894,20.0,1139.1
51696,13.6894,20.0,1139.1
51697,13.6894,20.0,1139.1
51698,13.6894,20.0,1139.2
51699,13.6894,20.0,1139.2
51700,13.6894,20.0,1139.2
51701,13.7085,20.0,1139.2
51702,13.7085,20.0,1139.2
51703,13.7085,20.0,1139.3
51704,13.7085,20.0,1139.3
51705,13.7085,20.0,1139.3
51706,13.7085,20.0,1139.3
51707,13.7085,20.0,1139.3
51708,13.7085,20.0,1139.4
51709,13.7085,20.0,1139.4
51710,13.7085,20.0,1139.4
51711,13.7085,20.0,1139.4
51712,13.7085,20.0,1139.4
51713,13.7085,20.0,1139.7
51714,13.7085,20.0,1139.7
51715,13.7085,20.0,1139.8
51716,13.7085,20.0,1139.8
51717,13.7085,20.0,1139.8
51718,13.7085,20.0,1139.8
51719,13.7085,20.0,1139.9
51720,13.7085,20.0,1139.9
51721,13.7079,20.0,1139.9
51722,13.7079,20.0,1139.9
51723,13.7079,20.0,1139.9
51724,13.7079,20.0,1140.0
51725,13.7079,20.0,1140.0
51726,13.7079,20.0,1140.0
51727,13.7079,20.0,1140.0
51728,13.7079,20.0,1140.0
51729,13.7079,20.0,1140.1
51730,13.7079,20.0,1140.1
51731,13.7079,20.0,1140.1
51732,13.7079,20.0,1140.1
51733,13.7079,20.0,1140.1
51734,13.7079,20.0,1140.2
51735,13.7079,20.0,1140.2
51736,13.7079,20.0,1140.2
51737,13.7079,20.0,1140.2
51738,13.7079,20.0,1140.3
51739,13.7079,20.0,1140.3
51740,13.7079,20.0,1140.3
51741,13.7270,20.0,1140.3
51742,13.7270,20.0,1140.3
51743,13.7270,20.0,1140.3
51744,13.7270,20.0,1140.4
51745,13.7270,20.0,1140.4
51746,13.7270,20.0,1140.4
51747,13.7270,20.0,1140.4
51748,13.7270,20.0,1140.5
51749,13.7270,20.0,1140.5
51750,13.7270,20.0,1140.5
51751,13.7270,20.0,1140.5
51752,13.7270,20.0,1140.5
51753,13.7270,20.0,1140.6
51754,13.7270,20.0,1140.6
51755,13.7270,20.0,1140.6
51756,13.7270,20.0,1140.6
51757,13.7270,20.0,1140.6
51758,13.7270,20.0,1140.7
51759,13.7270,20.0,1140.7
51760,13.7270,20.0,1140.7
51761,13.7461,20.0,1140.7
51762,13.7461,20.0,1140.7
51763,13.7461,20.0,1140.8
51764,13.7461,20.0,1140.8
51765,13.7461,20.0,1140.8
51766,13.7461,20.0,1140.8
51767,13.7461,20.0,1140.8
51768,13.7461,20.0,1140.9
51769,13.7461,20.0,1140.9
51770,13.7461,20.0,1140.9
51771,13.7461,20.0,1140.9
51772,13.7461,20.0,1141.0
51773,13.7461,20.0,1141.0
51774,13.7461,20.0,1141.0
51775,13.7461,20.0,1141.0
51776,13.7461,20.0,1141.0
51777,13.7461,20.0,1141.1
51778,13.7461,20.0,1141.1
51779,13.7461,20.0,1141.1
51780,13.7461,20.0,1141.1
51781,13.7653,20.0,1141.2
51782,13.7653,20.0,1141.2
51783,13.7653,20.0,1141.2
51784,13.7653,20.0,1141.2
51785,13.7653,20.0,1141.2
51786,13.7653,20.0,1141.3
51787,13.7653,20.0,1141.3
51788,13.7653,20.0,1141.3
51789,13.7653,20.0,1141.3
51790,13.7653,20.0,1141.4
51791,13.7653,20.0,1141.4
51792,13.7653,20.0,1141.4
51793,13.7653,20.0,1141.4
51794,13.7653,20.0,1141.4
51795,13.7653,20.0,1141.5
51796,13.7653,20.0,1141.5
51797,13.7653,20.0,1141.5
51798,13.7653,20.0,1141.5
51799,13.7653,20.0,1141.5
51800,13.7653,20.0,1141.6
51801,13.7844,20.0,1141.6
51802,13.7844,20.0,1141.6
51803,13.7844,20.0,1141.6
51804,13.7844,20.0,1141.7
51805,13.7844,20.0,1141.7
51806,13.7844,20.0,1141.7
51807,13.7844,20.0,1141.7
51808,13.7844,20.0,1141.7
51809,13.7844,20.0,1141.7
51810,13.7844,20.0,1141.8
51811,13.7844,20.0,1141.8
51812,13.7844,20.0,1141.8
51813,13.7844,20.0,1141.9
51814,13.7844,20.0,1141.9
51815,13.7844,20.0,1141.9
51816,13.7844,20.0,1141.9
51817,13.7844,20.0,1142.0
51818,13.7844,20.0,1142.0
51819,13.7844,20.0,1142.0
51820,13.7844,20.0,1142.0
51821,13.8035,20.0,1142.1
51822,13.8035,20.0,1142.1
51823,13.8035,20.0,1142.1
51824,13.8035,20.0,1142.2
51825,13.8035,20.0,1142.2
51826,13.8035,20.0,1142.2
51827,13.8035,20.0,1142.3
51828,13.8035,20.0,1142.3
51829,13.8035,20.0,1142.3
51830,13.8035,20.0,1142.4
51831,13.8035,20.0,1142.4
51832,13.8035,20.0,1142.4
51833,13.8035,20.0,1142.4
51834,13.8035,20.0,1142.4
51835,13.8035,20.0,1142.5
51836,13.8035,20.0,1142.5
51837,13.8035,20.0,1142.5
51838,13.8035,20.0,1142.5
51839,13.8035,20.0,1142.6
51840,13.8035,20.0,1142.6
51841,13.8226,20.0,1142.6
51842,13.8226,20.0,1142.6
51843,13.8226,20.0,1142.6
51844,13.8226,20.0,1142.6
51845,13.8226,20.0,1142.7
51846,13.8226,20.0,1142.7
51847,13.8226,20.0,1142.7
51848,13.8226,20.0,1142.7
51849,13.8226,20.0,1142.7
51850,13.8226,20.0,1142.8
51851,13.8226,20.0,1142.8
51852,13.8226,20.0,1142.8
51853,13.8226,20.0,1142.8
51854,13.8226,20.0,1142.8
51855,13.8226,20.0,1142.9
51856,13.8226,20.0,1142.9
51857,13.8226,20.0,1142.9
51858,13.8226,20.0,1142.9
51859,13.8226,20.0,1142.9
51860,13.8226,20.0,1143.0
51861,13.8417,20.0,1143.0
51862,13.8417,20.0,1143.0
51863,13.8417,20.0,1143.0
51864,13.8417,20.0,1143.0
51865,13.8417,20.0,1143.1
51866,13.8417,20.0,1143.1
51867,13.8417,20.0,1143.1
51868,13.8417,20.0,1143.1
51869,13.8417,20.0,1143.2
51870,13.8417,20.0,1143.2
51871,13.8417,20.0,1143.2
51872,13.8417,20.0,1143.2
51873,13.8417,20.0,1143.2
51874,13.8417,20.0,1143.3
51875,13.8417,20.0,1143.3
51876,13.8417,20.0,1143.3
51877,13.8417,20.0,1143.3
51878,13.8417,20.0,1143.3
51879,13.8417,20.0,1143.4
51880,13.8417,20.0,1143.4
51881,13.8608,20.0,1143.4
51882,13.8608,20.0,1143.4
51883,13.8608,20.0,1143.4
51884,13.8608,20.0,1143.5
51885,13.8608,20.0,1143.5
51886,13.8608,20.0,1143.5
51887,13.8608,20.0,1143.5
51888,13.8608,20.0,1143.5
51889,13.8608,20.0,1143.6
51890,13.8608,20.0,1143.6
51891,13.8608,20.0,1143.6
51892,13.8608,20.0,1143.6
51893,13.8608,20.0,1143.6
51894,13.8608,20.0,1143.7
51895,13.8608,20.0,1143.7
51896,13.8608,20.0,1143.7
51897,13.8608,20.0,1143.7
51898,13.8608,20.0,1143.7
51899,13.8608,20.0,1143.8
51900,13.8608,20.0,1143.8
51901,13.8799,20.0,1143.8
51902,13.8799,20.0,1143.8
51903,13.8799,20.0,1143.9
51904,13.8799,20.0,1143.9
51905,13.8799,20.0,1143.9
51906,13.8799,20.0,1143.9
51907,13.8799,20.0,1143.9
51908,13.8799,20.0,1144.0
51909,13.8799,20.0,1144.0
51910,13.8799,20.0,1144.0
51911,13.8799,20.0,1144.0
51912,13.8799,20.0,1144.0
51913,13.8799,20.0,1144.1
51914,13.8799,20.0,1144.1
51915,13.8799,20.0,1144.1
51916,13.8799,20.0,1144.1
51917,13.8799,20.0,1144.1
51918,13.8799,20.0,1144.2
51919,13.8799,20.0,1144.2
51920,13.8799,20.0,1144.2
51921,13.8990,20.0,1144.2
51922,13.8990,20.0,1144.3
51923,13.8990,20.0,1144.3
51924,13.8990,20.0,1144.3
51925,13.8990,20.0,1144.3
51926,13.8990,20.0,1144.3
51927,13.8990,20.0,1144.4
51928,13.8990,20.0,1144.4
51929,13.8990,20.0,1144.4
51930,13.8990,20.0,1144.4
51931,13.8990,20.0,1144.4
51932,13.8990,20.0,1144.5
51933,13.8990,20.0,1144.5
51934,13.8990,20.0,1144.5
51935,13.8990,20.0,1144.5
51936,13.8990,20.0,1144.5
51937,13.8990,20.0,1144.6
51938,13.8990,20.0,1144.6
51939,13.8990,20.0,1144.6
51940,13.8990,20.0,1144.6
51941,13.9181,20.0,1144.6
51942,13.9181,20.0,1144.7
51943,13.9181,20.0,1144.7
51944,13.9181,20.0,1144.7
51945,13.9181,20.0,1144.7
51946,13.9181,20.0,1144.7
51947,13.9181,20.0,1144.8
51948,13.9181,20.0,1144.8
51949,13.9181,20.0,1144.8
51950,13.9181,20.0,1144.8
51951,13.9181,20.0,1144.8
51952,13.9181,20.0,1144.9
51953,13.9181,20.0,1144.9
51954,13.9181,20.0,1144.9
51955,13.9181,20.0,1144.9
51956,13.9181,20.0,1145.0
51957,13.9181,20.0,1145.0
51958,13.9181,20.0,1145.0
51959,13.9181,20.0,1145.0
51960,13.9181,20.0,1145.0
51961,13.9373,20.0,1145.1
51962,13.9373,20.0,1145.1
51963,13.9373,20.0,1145.1
51964,13.9373,20.0,1145.1
51965,13.9373,20.0,1145.2
51966,13.9373,20.0,1145.2
51967,13.9373,20.0,1145.2
51968,13.9373,20.0,1145.2
51969,13.9373,20.0,1145.2
51970,13.9373,20.0,1145.3
51971,13.9373,20.0,1145.3
51972,13.9373,20.0,1145.3
51973,13.9373,20.0,1145.3
51974,13.9373,20.0,1145.4
51975,13.9373,20.0,1145.4
51976,13.9373,20.0,1145.4
51977,13.9373,20.0,1145.4
51978,13.9373,20.0,1145.4
51979,13.9373,20.0,1145.4
51980,13.9373,20.0,1145.5
51981,13.9564,20.0,1145.5
51982,13.9564,20.0,1145.5
51983,13.9564,20.0,1145.5
51984,13.9564,20.0,1145.6
51985,13.9564,20.0,1145.6
51986,13.9564,20.0,1145.6
51987,13.9564,20.0,1145.6
51988,13.9564,20.0,1145.6
51989,13.9564,20.0,1145.6
51990,13.9564,20.0,1145.7
51991,13.9564,20.0,1145.7
51992,13.9564,20.0,1145.7
51993,13.9564,20.0,1145.7
51994,13.9564,20.0,1145.8
51995,13.9564,20.0,1145.8
51996,13.9564,20.0,1145.8
51997,13.9564,20.0,1145.8
51998,13.9564,20.0,1145.8
51999,13.9564,20.0,1145.9
52000,13.9564,20.0,1145.9
52001,13.9755,20.0,1145.9
52002,13.9755,20.0,1145.9
52003,13.9755,20.0,1145.9
52004,13.9755,20.0,1146.0
52005,13.9755,20.0,1146.0
52006,13.9755,20.0,1146.0
52007,13.9755,20.0,1146.0
52008,13.9755,20.0,1146.1
52009,13.9755,20.0,1146.1
52010,13.9755,20.0,1146.1
52011,13.9755,20.0,1146.1
52012,13.9755,20.0,1146.1
52013,13.9755,20.0,1146.2
52014,13.9755,20.0,1146.2
52015,13.9755,20.0,1146.2
52016,13.9755,20.0,1146.2
52017,13.9755,20.0,1146.3
52018,13.9755,20.0,1146.3
52019,13.9755,20.0,1146.3
52020,13.9755,20.0,1146.3
52021,13.9946,20.0,1146.4
52022,13.9946,20.0,1146.4
52023,13.9946,20.0,1146.4
52024,13.9946,20.0,1146.4
52025,13.9946,20.0,1146.5
52026,13.9946,20.0,1146.5
52027,13.9946,20.0,1146.5
52028,13.9946,20.0,1146.6
52029,13.9946,20.0,1146.6
52030,13.9946,20.0,1146.7
52031,13.9946,20.0,1146.7
52032,13.9946,20.0,1146.7
52033,13.9946,20.0,1146.7
52034,13.9946,20.0,1146.8
52035,13.9946,20.0,1146.8
52036,13.9946,20.0,1146.8
52037,13.9946,20.0,1146.9
52038,13.9946,20.0,1146.9
52039,13.9946,20.0,1146.9
52040,13.9946,20.0,1147.0
52041,14.0137,20.0,1147.0
52042,14.0137,20.0,1147.0
52043,14.0137,20.0,1147.0
52044,14.0137,20.0,1147.0
52045,14.0137,20.0,1147.1
52046,14.0137,20.0,1147.1
52047,14.0137,20.0,1147.1
52048,14.0137,20.0,1147.1
52049,14.0137,20.0,1147.2
52050,14.0137,20.0,1147.2
52051,14.0137,20.0,1147.2
52052,14.0137,20.0,1147.3
52053,14.0137,20.0,1147.3
52054,14.0137,20.0,1147.3
52055,14.0137,20.0,1147.3
52056,14.0137,20.0,1147.3
52057,14.0137,20.0,1147.4
52058,14.0137,20.0,1147.4
52059,14.0137,20.0,1147.4
52060,14.0137,20.0,1147.4
52061,14.0328,20.0,1147.5
52062,14.0328,20.0,1147.5
52063,14.0328,20.0,1147.5
52064,14.0328,20.0,1147.6
52065,14.0328,20.0,1147.6
52066,14.0328,20.0,1147.6
52067,14.0328,20.0,1147.6
52068,14.0328,20.0,1147.7
52069,14.0328,20.0,1147.7
52070,14.0328,20.0,1147.7
52071,14.0328,20.0,1147.7
52072,14.0328,20.0,1147.8
52073,14.0328,20.0,1147.8
52074,14.0328,20.0,1147.8
52075,14.0328,20.0,1147.8
52076,14.0328,20.0,1147.8
52077,14.0328,20.0,1147.9
52078,14.0328,20.0,1147.9
52079,14.0328,20.0,1147.9
52080,14.0328,20.0,1147.9
52081,14.0519,20.0,1148.0
52082,14.0519,20.0,1148.0
52083,14.0519,20.0,1148.0
52084,14.0519,20.0,1148.0
52085,14.0519,20.0,1148.1
52086,14.0519,20.0,1148.1
52087,14.0519,20.0,1148.1
52088,14.0519,20.0,1148.1
52089,14.0519,20.0,1148.1
52090,14.0519,20.0,1148.2
52091,14.0519,20.0,1148.2
52092,14.0519,20.0,1148.2
52093,14.0519,20.0,1148.2
52094,14.0519,20.0,1148.3
52095,14.0519,20.0,1148.3
52096,14.0519,20.0,1148.3
52097,14.0519,20.0,1148.3
52098,14.0519,20.0,1148.4
52099,14.0519,20.0,1148.4
52100,14.0519,20.0,1148.4
52101,14.0710,20.0,1148.4
52102,14.0710,20.0,1148.4
52103,14.0710,20.0,1148.5
52104,14.0710,20.0,1148.5
52105,14.0710,20.0,1148.5
52106,14.0710,20.0,1148.6
52107,14.0710,20.0,1148.6
52108,14.0710,20.0,1148.6
52109,14.0710,20.0,1148.6
52110,14.0710,20.0,1148.6
52111,14.0710,20.0,1148.7
52112,14.0710,20.0,1148.7
52113,14.0710,20.0,1148.7
52114,14.0710,20.0,1148.7
52115,14.0710,20.0,1148.8
52116,14.0710,20.0,1148.8
52117,14.0710,20.0,1148.8
52118,14.0710,20.0,1148.8
52119,14.0710,20.0,1148.9
52120,14.0710,20.0,1148.9
52121,14.0901,20.0,1148.9
52122,14.0901,20.0,1148.9
52123,14.0901,20.0,1148.9
52124,14.0901,20.0,1149.0
52125,14.0901,20.0,1149.0
52126,14.0901,20.0,1149.0
52127,14.0901,20.0,1149.0
52128,14.0901,20.0,1149.1
52129,14.0901,20.0,1149.1
52130,14.0901,20.0,1149.1
52131,14.0901,20.0,1149.1
52132,14.0901,20.0,1149.1
52133,14.0901,20.0,1149.2
52134,14.0901,20.0,1149.2
52135,14.0901,20.0,1149.2
52136,14.0901,20.0,1149.2
52137,14.0901,20.0,1149.3
52138,14.0901,20.0,1149.3
52139,14.0901,20.0,1149.3
52140,14.0901,20.0,1149.3
52141,14.1093,20.0,1149.3
52142,14.1093,20.0,1149.4
52143,14.1093,20.0,1149.4
52144,14.1093,20.0,1149.4
52145,14.1093,20.0,1149.4
52146,14.1093,20.0,1149.4
52147,14.1093,20.0,1149.5
52148,14.1093,20.0,1149.5
52149,14.1093,20.0,1149.5
52150,14.1093,20.0,1149.5
52151,14.1093,20.0,1149.6
52152,14.1093,20.0,1149.6
52153,14.1093,20.0,1149.6
52154,14.1093,20.0,1149.6
52155,14.1093,20.0,1149.6
52156,14.1093,20.0,1149.7
52157,14.1093,20.0,1149.7
52158,14.1093,20.0,1149.7
52159,14.1093,20.0,1149.7
52160,14.1093,20.0,1149.8
52161,14.1284,20.0,1149.8
52162,14.1284,20.0,1149.8
52163,14.1284,20.0,1149.8
52164,14.1284,20.0,1149.8
52165,14.1284,20.0,1149.9
52166,14.1284,20.0,1149.9
52167,14.1284,20.0,1149.9
52168,14.1284,20.0,1149.9
52169,14.1284,20.0,1150.0
52170,14.1284,20.0,1150.0
52171,14.1284,20.0,1150.0
52172,14.1284,20.0,1150.0
52173,14.1284,20.0,1150.0
52174,14.1284,20.0,1150.1
52175,14.1284,20.0,1150.1
52176,14.1284,20.0,1150.1
52177,14.1284,20.0,1150.1
52178,14.1284,20.0,1150.1
52179,14.1284,20.0,1150.2
52180,14.1284,20.0,1150.2
52181,14.1479,20.0,1150.2
52182,14.1479,20.0,1150.2
52183,14.1479,20.0,1150.2
52184,14.1479,20.0,1150.3
52185,14.1479,20.0,1150.3
52186,14.1479,20.0,1150.3
52187,14.1479,20.0,1150.3
52188,14.1479,20.0,1150.4
52189,14.1479,20.0,1150.4
52190,14.1479,20.0,1150.4
52191,14.1479,20.0,1150.4
52192,14.1479,20.0,1150.4
52193,14.1479,20.0,1150.5
52194,14.1479,20.0,1150.5
52195,14.1479,20.0,1150.5
52196,14.1479,20.0,1150.5
52197,14.1479,20.0,1150.6
52198,14.1479,20.0,1150.6
52199,14.1479,20.0,1150.6
52200,14.1479,20.0,1150.6
52201,14.1480,20.0,1150.6
52202,14.1480,20.0,1150.7
52203,14.1480,20.0,1150.7
52204,14.1480,20.0,1150.7
52205,14.1480,20.0,1150.7
52206,14.1480,20.0,1150.8
52207,14.1480,20.0,1150.8
52208,14.1480,20.0,1150.8
52209,14.1480,20.0,1150.8
52210,14.1480,20.0,1150.9
52211,14.1480,20.0,1150.9
52212,14.1480,20.0,1150.9
52213,14.1480,20.0,1150.9
52214,14.1480,20.0,1151.0
52215,14.1480,20.0,1151.0
52216,14.1480,20.0,1151.0
52217,14.1480,20.0,1151.0
52218,14.1480,20.0,1151.1
52219,14.1480,20.0,1151.1
52220,14.1480,20.0,1151.1
52221,14.1482,20.0,1151.1
52222,14.1482,20.0,1151.2
52223,14.1482,20.0,1151.2
52224,14.1482,20.0,1151.2
52225,14.1482,20.0,1151.5
52226,14.1482,20.0,1151.5
52227,14.1482,20.0,1151.6
52228,14.1482,20.0,1151.6
52229,14.1482,20.0,1151.6
52230,14.1482,20.0,1151.6
52231,14.1482,20.0,1151.7
52232,14.1482,20.0,1151.7
52233,14.1482,20.0,1151.7
52234,14.1482,20.0,1151.7
52235,14.1482,20.0,1151.7
52236,14.1482,20.0,1151.8
52237,14.1482,20.0,1151.8
52238,14.1482,20.0,1151.8
52239,14.1482,20.0,1151.8
52240,14.1482,20.0,1151.9
52241,14.1683,20.0,1151.9
52242,14.1683,20.0,1151.9
52243,14.1683,20.0,1151.9
52244,14.1683,20.0,1151.9
52245,14.1683,20.0,1152.0
52246,14.1683,20.0,1152.0
52247,14.1683,20.0,1152.0
52248,14.1683,20.0,1152.0
52249,14.1683,20.0,1152.0
52250,14.1683,20.0,1152.1
52251,14.1683,20.0,1152.1
52252,14.1683,20.0,1152.1
52253,14.1683,20.0,1152.1
52254,14.1683,20.0,1152.2
52255,14.1683,20.0,1152.2
52256,14.1683,20.0,1152.2
52257,14.1683,20.0,1152.2
52258,14.1683,20.0,1152.2
52259,14.1683,20.0,1152.3
52260,14.1683,20.0,1152.3
52261,14.1883,20.0,1152.3
52262,14.1883,20.0,1152.3
52263,14.1883,20.0,1152.4
52264,14.1883,20.0,1152.4
52265,14.1883,20.0,1152.4
52266,14.1883,20.0,1152.4
52267,14.1883,20.0,1152.4
52268,14.1883,20.0,1152.5
52269,14.1883,20.0,1152.5
52270,14.1883,20.0,1152.5
52271,14.1883,20.0,1152.5
52272,14.1883,20.0,1152.5
52273,14.1883,20.0,1152.6
52274,14.1883,20.0,1152.6
52275,14.1883,20.0,1152.6
52276,14.1883,20.0,1152.6
52277,14.1883,20.0,1152.7
52278,14.1883,20.0,1152.7
52279,14.1883,20.0,1152.7
52280,14.1883,20.0,1152.7
52281,14.2084,20.0,1152.8
52282,14.2084,20.0,1152.8
52283,14.2084,20.0,1152.8
52284,14.2084,20.0,1152.8
52285,14.2084,20.0,1152.8
52286,14.2084,20.0,1152.9
52287,14.2084,20.0,1152.9
52288,14.2084,20.0,1152.9
52289,14.2084,20.0,1152.9
52290,14.2084,20.0,1152.9
52291,14.2084,20.0,1153.0
52292,14.2084,20.0,1153.0
52293,14.2084,20.0,1153.0
52294,14.2084,20.0,1153.0
52295,14.2084,20.0,1153.1
52296,14.2084,20.0,1153.1
52297,14.2084,20.0,1153.1
52298,14.2084,20.0,1153.1
52299,14.2084,20.0,1153.1
52300,14.2084,20.0,1153.2
52301,14.2285,20.0,1153.2
52302,14.2285,20.0,1153.2
52303,14.2285,20.0,1153.2
52304,14.2285,20.0,1153.3
52305,14.2285,20.0,1153.3
52306,14.2285,20.0,1153.3
52307,14.2285,20.0,1153.3
52308,14.2285,20.0,1153.4
52309,14.2285,20.0,1153.4
52310,14.2285,20.0,1153.4
52311,14.2285,20.0,1153.4
52312,14.2285,20.0,1153.4
52313,14.2285,20.0,1153.4
52314,14.2285,20.0,1153.5
52315,14.2285,20.0,1153.5
52316,14.2285,20.0,1153.5
52317,14.2285,20.0,1153.5
52318,14.2285,20.0,1153.6
52319,14.2285,20.0,1153.6
52320,14.2285,20.0,1153.6
52321,14.2485,20.0,1153.6
52322,14.2485,20.0,1153.6
52323,14.2485,20.0,1153.7
52324,14.2485,20.0,1153.7
52325,14.2485,20.0,1153.7
52326,14.2485,20.0,1153.7
52327,14.2485,20.0,1153.7
52328,14.2485,20.0,1153.8
52329,14.2485,20.0,1153.8
52330,14.2485,20.0,1153.8
52331,14.2485,20.0,1153.8
52332,14.2485,20.0,1153.9
52333,14.2485,20.0,1153.9
52334,14.2485,20.0,1153.9
52335,14.2485,20.0,1153.9
52336,14.2485,20.0,1153.9
52337,14.2485,20.0,1154.0
52338,14.2485,20.0,1154.0
52339,14.2485,20.0,1154.0
52340,14.2485,20.0,1154.0
52341,14.2686,20.0,1154.1
52342,14.2686,20.0,1154.1
52343,14.2686,20.0,1154.1
52344,14.2686,20.0,1154.1
52345,14.2686,20.0,1154.1
52346,14.2686,20.0,1154.2
52347,14.2686,20.0,1154.2
52348,14.2686,20.0,1154.2
52349,14.2686,20.0,1154.2
52350,14.2686,20.0,1154.3
52351,14.2686,20.0,1154.3
52352,14.2686,20.0,1154.3
52353,14.2686,20.0,1154.3
52354,14.2686,20.0,1154.3
52355,14.2686,20.0,1154.4
52356,14.2686,20.0,1154.4
52357,14.2686,20.0,1154.4
52358,14.2686,20.0,1154.4
52359,14.2686,20.0,1154.5
52360,14.2686,20.0,1154.5
52361,14.2887,20.0,1154.5
52362,14.2887,20.0,1154.5
52363,14.2887,20.0,1154.5
52364,14.2887,20.0,1154.6
52365,14.2887,20.0,1154.6
52366,14.2887,20.0,1154.6
52367,14.2887,20.0,1154.6
52368,14.2887,20.0,1154.6
52369,14.2887,20.0,1154.7
52370,14.2887,20.0,1154.7
52371,14.2887,20.0,1154.7
52372,14.2887,20.0,1154.7
52373,14.2887,20.0,1154.7
52374,14.2887,20.0,1154.8
52375,14.2887,20.0,1154.8
52376,14.2887,20.0,1154.8
52377,14.2887,20.0,1154.8
52378,14.2887,20.0,1154.8
52379,14.2887,20.0,1154.9
52380,14.2887,20.0,1154.9
52381,14.3088,20.0,1154.9
52382,14.3088,20.0,1154.9
52383,14.3088,20.0,1154.9
52384,14.3088,20.0,1155.0
52385,14.3088,20.0,1155.0
52386,14.3088,20.0,1155.0
52387,14.3088,20.0,1155.0
52388,14.3088,20.0,1155.0
52389,14.3088,20.0,1155.1
52390,14.3088,20.0,1155.1
52391,14.3088,20.0,1155.1
52392,14.3088,20.0,1155.1
52393,14.3088,20.0,1155.1
52394,14.3088,20.0,1155.2
52395,14.3088,20.0,1155.2
52396,14.3088,20.0,1155.2
52397,14.3088,20.0,1155.2
52398,14.3088,20.0,1155.2
52399,14.3088,20.0,1155.3
52400,14.3088,20.0,1155.3
52401,14.3288,20.0,1155.3
52402,14.3288,20.0,1155.3
52403,14.3288,20.0,1155.4
52404,14.3288,20.0,1155.4
52405,14.3288,20.0,1155.4
52406,14.3288,20.0,1155.4
52407,14.3288,20.0,1155.5
52408,14.3288,20.0,1155.5
52409,14.3288,20.0,1155.5
52410,14.3288,20.0,1155.5
52411,14.3288,20.0,1155.5
52412,14.3288,20.0,1155.6
52413,14.3288,20.0,1155.6
52414,14.3288,20.0,1155.6
52415,14.3288,20.0,1155.6
52416,14.3288,20.0,1155.7
52417,14.3288,20.0,1155.7
52418,14.3288,20.0,1155.7
52419,14.3288,20.0,1155.7
52420,14.3288,20.0,1155.8
52421,14.3489,20.0,1155.8
52422,14.3489,20.0,1155.8
52423,14.3489,20.0,1155.9
52424,14.3489,20.0,1155.9
52425,14.3489,20.0,1155.9
52426,14.3489,20.0,1155.9
52427,14.3489,20.0,1156.0
52428,14.3489,20.0,1156.0
52429,14.3489,20.0,1156.0
52430,14.3489,20.0,1156.0
52431,14.3489,20.0,1156.0
52432,14.3489,20.0,1156.1
52433,14.3489,20.0,1156.1
52434,14.3489,20.0,1156.1
52435,14.3489,20.0,1156.1
52436,14.3489,20.0,1156.2
52437,14.3489,20.0,1156.2
52438,14.3489,20.0,1156.2
52439,14.3489,20.0,1156.3
52440,14.3489,20.0,1156.3
52441,14.3690,20.0,1156.3
52442,14.3690,20.0,1156.3
52443,14.3690,20.0,1156.4
52444,14.3690,20.0,1156.4
52445,14.3690,20.0,1156.4
52446,14.3690,20.0,1156.4
52447,14.3690,20.0,1156.5
52448,14.3690,20.0,1156.5
52449,14.3690,20.0,1156.5
52450,14.3690,20.0,1156.5
52451,14.3690,20.0,1156.6
52452,14.3690,20.0,1156.6
52453,14.3690,20.0,1156.6
52454,14.3690,20.0,1156.6
52455,14.3690,20.0,1156.7
52456,14.3690,20.0,1156.7
52457,14.3690,20.0,1156.7
52458,14.3690,20.0,1156.7
52459,14.3690,20.0,1156.8
52460,14.3690,20.0,1156.8
52461,14.3891,20.0,1156.8
52462,14.3891,20.0,1156.8
52463,14.3891,20.0,1156.9
52464,14.3891,20.0,1156.9
52465,14.3891,20.0,1156.9
52466,14.3891,20.0,1156.9
52467,14.3891,20.0,1157.0
52468,14.3891,20.0,1157.0
52469,14.3891,20.0,1157.0
52470,14.3891,20.0,1157.0
52471,14.3891,20.0,1157.0
52472,14.3891,20.0,1157.1
52473,14.3891,20.0,1157.1
52474,14.3891,20.0,1157.1
52475,14.3891,20.0,1157.1
52476,14.3891,20.0,1157.1
52477,14.3891,20.0,1157.2
52478,14.3891,20.0,1157.2
52479,14.3891,20.0,1157.2
52480,14.3891,20.0,1157.2
52481,14.4091,20.0,1157.3
52482,14.4091,20.0,1157.3
52483,14.4091,20.0,1157.3
52484,14.4091,20.0,1157.3
52485,14.4091,20.0,1157.3
52486,14.4091,20.0,1157.4
52487,14.4091,20.0,1157.4
52488,14.4091,20.0,1157.4
52489,14.4091,20.0,1157.4
52490,14.4091,20.0,1157.4
52491,14.4091,20.0,1157.5
52492,14.4091,20.0,1157.5
52493,14.4091,20.0,1157.5
52494,14.4091,20.0,1157.5
52495,14.4091,20.0,1157.5
52496,14.4091,20.0,1157.6
52497,14.4091,20.0,1157.6
52498,14.4091,20.0,1157.6
52499,14.4091,20.0,1157.6
52500,14.4091,20.0,1157.7
52501,14.4292,20.0,1157.7
52502,14.4292,20.0,1157.7
52503,14.4292,20.0,1157.7
52504,14.4292,20.0,1157.7
52505,14.4292,20.0,1157.8
52506,14.4292,20.0,1157.8
52507,14.4292,20.0,1157.8
52508,14.4292,20.0,1157.8
52509,14.4292,20.0,1157.9
52510,14.4292,20.0,1157.9
52511,14.4292,20.0,1157.9
52512,14.4292,20.0,1157.9
52513,14.4292,20.0,1158.0
52514,14.4292,20.0,1158.0
52515,14.4292,20.0,1158.0
52516,14.4292,20.0,1158.0
52517,14.4292,20.0,1158.1
52518,14.4292,20.0,1158.1
52519,14.4292,20.0,1158.1
52520,14.4292,20.0,1158.1
52521,14.4493,20.0,1158.1
52522,14.4493,20.0,1158.2
52523,14.4493,20.0,1158.2
52524,14.4493,20.0,1158.2
52525,14.4493,20.0,1158.2
52526,14.4493,20.0,1158.3
52527,14.4493,20.0,1158.3
52528,14.4493,20.0,1158.3
52529,14.4493,20.0,1158.3
52530,14.4493,20.0,1158.3
52531,14.4493,20.0,1158.4
52532,14.4493,20.0,1158.4
52533,14.4493,20.0,1158.4
52534,14.4493,20.0,1158.4
52535,14.4493,20.0,1158.4
52536,14.4493,20.0,1158.5
52537,14.4493,20.0,1158.5
52538,14.4493,20.0,1158.5
52539,14.4493,20.0,1158.5
52540,14.4493,20.0,1158.6
52541,14.4693,20.0,1158.6
52542,14.4693,20.0,1158.6
52543,14.4693,20.0,1158.6
52544,14.4693,20.0,1158.7
52545,14.4693,20.0,1158.7
52546,14.4693,20.0,1158.7
52547,14.4693,20.0,1158.7
52548,14.4693,20.0,1158.7
52549,14.4693,20.0,1158.7
52550,14.4693,20.0,1158.8
52551,14.4693,20.0,1158.8
52552,14.4693,20.0,1158.8
52553,14.4693,20.0,1158.8
52554,14.4693,20.0,1158.8
52555,14.4693,20.0,1158.9
52556,14.4693,20.0,1158.9
52557,14.4693,20.0,1158.9
52558,14.4693,20.0,1158.9
52559,14.4693,20.0,1158.9
52560,14.4693,20.0,1159.0
52561,14.4894,20.0,1159.0
52562,14.4894,20.0,1159.0
52563,14.4894,20.0,1159.0
52564,14.4894,20.0,1159.0
52565,14.4894,20.0,1159.1
52566,14.4894,20.0,1159.1
52567,14.4894,20.0,1159.1
52568,14.4894,20.0,1159.1
52569,14.4894,20.0,1159.1
52570,14.4894,20.0,1159.2
52571,14.4894,20.0,1159.2
52572,14.4894,20.0,1159.2
52573,14.4894,20.0,1159.2
52574,14.4894,20.0,1159.2
52575,14.4894,20.0,1159.3
52576,14.4894,20.0,1159.3
52577,14.4894,20.0,1159.3
52578,14.4894,20.0,1159.3
52579,14.4894,20.0,1159.4
52580,14.4894,20.0,1159.4
52581,14.5095,20.0,1159.4
52582,14.5095,20.0,1159.4
52583,14.5095,20.0,1159.4
52584,14.5095,20.0,1159.5
52585,14.5095,20.0,1159.5
52586,14.5095,20.0,1159.5
52587,14.5095,20.0,1159.6
52588,14.5095,20.0,1159.6
52589,14.5095,20.0,1159.6
52590,14.5095,20.0,1159.6
52591,14.5095,20.0,1159.6
52592,14.5095,20.0,1159.7
52593,14.5095,20.0,1159.7
52594,14.5095,20.0,1159.7
52595,14.5095,20.0,1159.7
52596,14.5095,20.0,1159.7
52597,14.5095,20.0,1159.7
52598,14.5095,20.0,1159.8
52599,14.5095,20.0,1159.8
52600,14.5095,20.0,1159.8
52601,14.5296,20.0,1159.8
52602,14.5296,20.0,1159.9
52603,14.5296,20.0,1159.9
52604,14.5296,20.0,1159.9
52605,14.5296,20.0,1159.9
52606,14.5296,20.0,1159.9
52607,14.5296,20.0,1160.0
52608,14.5296,20.0,1160.0
52609,14.5296,20.0,1160.0
52610,14.5296,20.0,1160.0
52611,14.5296,20.0,1160.0
52612,14.5296,20.0,1160.1
52613,14.5296,20.0,1160.1
52614,14.5296,20.0,1160.1
52615,14.5296,20.0,1160.1
52616,14.5296,20.0,1160.2
52617,14.5296,20.0,1160.2
52618,14.5296,20.0,1160.2
52619,14.5296,20.0,1160.2
52620,14.5296,20.0,1160.3
52621,14.5496,20.0,1160.3
52622,14.5496,20.0,1160.3
52623,14.5496,20.0,1160.3
52624,14.5496,20.0,1160.3
52625,14.5496,20.0,1160.4
52626,14.5496,20.0,1160.4
52627,14.5496,20.0,1160.4
52628,14.5496,20.0,1160.4
52629,14.5496,20.0,1160.5
52630,14.5496,20.0,1160.5
52631,14.5496,20.0,1160.5
52632,14.5496,20.0,1160.5
52633,14.5496,20.0,1160.6
52634,14.5496,20.0,1160.6
52635,14.5496,20.0,1160.6
52636,14.5496,20.0,1160.7
52637,14.5496,20.0,1160.7
52638,14.5496,20.0,1160.7
52639,14.5496,20.0,1160.7
52640,14.5496,20.0,1160.7
52641,14.5697,20.0,1160.8
52642,14.5697,20.0,1160.8
52643,14.5697,20.0,1160.8
52644,14.5697,20.0,1160.8
52645,14.5697,20.0,1160.9
52646,14.5697,20.0,1160.9
52647,14.5697,20.0,1160.9
52648,14.5697,20.0,1160.9
52649,14.5697,20.0,1161.0
52650,14.5697,20.0,1161.0
52651,14.5697,20.0,1161.0
52652,14.5697,20.0,1161.0
52653,14.5697,20.0,1161.1
52654,14.5697,20.0,1161.1
52655,14.5697,20.0,1161.1
52656,14.5697,20.0,1161.1
52657,14.5697,20.0,1161.2
52658,14.5697,20.0,1161.2
52659,14.5697,20.0,1161.2
52660,14.5697,20.0,1161.2
52661,14.5898,20.0,1161.3
52662,14.5898,20.0,1161.3
52663,14.5898,20.0,1161.3
52664,14.5898,20.0,1161.3
52665,14.5898,20.0,1161.3
52666,14.5898,20.0,1161.4
52667,14.5898,20.0,1161.4
52668,14.5898,20.0,1161.4
52669,14.5898,20.0,1161.4
52670,14.5898,20.0,1161.4
52671,14.5898,20.0,1161.5
52672,14.5898,20.0,1161.5
52673,14.5898,20.0,1161.5
52674,14.5898,20.0,1161.5
52675,14.5898,20.0,1161.5
52676,14.5898,20.0,1161.6
52677,14.5898,20.0,1161.6
52678,14.5898,20.0,1161.6
52679,14.5898,20.0,1161.6
52680,14.5898,20.0,1161.6
52681,14.6098,20.0,1161.7
52682,14.6098,20.0,1161.7
52683,14.6098,20.0,1161.7
52684,14.6098,20.0,1161.7
52685,14.6098,20.0,1161.8
52686,14.6098,20.0,1161.8
52687,14.6098,20.0,1161.8
52688,14.6098,20.0,1161.8
52689,14.6098,20.0,1161.8
52690,14.6098,20.0,1161.9
52691,14.6098,20.0,1161.9
52692,14.6098,20.0,1161.9
52693,14.6098,20.0,1161.9
52694,14.6098,20.0,1161.9
52695,14.6098,20.0,1162.0
52696,14.6098,20.0,1162.0
52697,14.6098,20.0,1162.0
52698,14.6098,20.0,1162.0
52699,14.6098,20.0,1162.1
52700,14.6098,20.0,1162.1
52701,14.6298,20.0,1162.1
52702,14.6298,20.0,1162.1
52703,14.6298,20.0,1162.1
52704,14.6298,20.0,1162.2
52705,14.6298,20.0,1162.2
52706,14.6298,20.0,1162.2
52707,14.6298,20.0,1162.2
52708,14.6298,20.0,1162.2
52709,14.6298,20.0,1162.3
52710,14.6298,20.0,1162.3
52711,14.6298,20.0,1162.3
52712,14.6298,20.0,1162.3
52713,14.6298,20.0,1162.3
52714,14.6298,20.0,1162.4
52715,14.6298,20.0,1162.4
52716,14.6298,20.0,1162.4
52717,14.6298,20.0,1162.4
52718,14.6298,20.0,1162.4
52719,14.6298,20.0,1162.5
52720,14.6298,20.0,1162.5
52721,14.6497,20.0,1162.5
52722,14.6497,20.0,1162.5
52723,14.6497,20.0,1162.5
52724,14.6497,20.0,1162.6
52725,14.6497,20.0,1162.6
52726,14.6497,20.0,1162.6
52727,14.6497,20.0,1162.6
52728,14.6497,20.0,1162.6
52729,14.6497,20.0,1162.7
52730,14.6497,20.0,1162.7
52731,14.6497,20.0,1162.7
52732,14.6497,20.0,1162.7
52733,14.6497,20.0,1162.7
52734,14.6497,20.0,1162.8
52735,14.6497,20.0,1162.8
52736,14.6497,20.0,1162.8
52737,14.6497,20.0,1163.1
52738,14.6497,20.0,1163.1
52739,14.6497,20.0,1163.1
52740,14.6497,20.0,1163.1
52741,14.6700,20.0,1163.2
52742,14.6700,20.0,1163.2
52743,14.6700,20.0,1163.2
52744,14.6700,20.0,1163.2
52745,14.6700,20.0,1163.3
52746,14.6700,20.0,1163.3
52747,14.6700,20.0,1163.3
52748,14.6700,20.0,1163.3
52749,14.6700,20.0,1163.3
52750,14.6700,20.0,1163.4
52751,14.6700,20.0,1163.4
52752,14.6700,20.0,1163.4
52753,14.6700,20.0,1163.4
52754,14.6700,20.0,1163.4
52755,14.6700,20.0,1163.5
52756,14.6700,20.0,1163.5
52757,14.6700,20.0,1163.5
52758,14.6700,20.0,1163.5
52759,14.6700,20.0,1163.6
52760,14.6700,20.0,1163.6
52761,14.6907,20.0,1163.6
52762,14.6907,20.0,1163.6
52763,14.6907,20.0,1163.7
52764,14.6907,20.0,1163.7
52765,14.6907,20.0,1163.7
52766,14.6907,20.0,1163.7
52767,14.6907,20.0,1163.7
52768,14.6907,20.0,1163.8
52769,14.6907,20.0,1163.8
52770,14.6907,20.0,1163.8
52771,14.6907,20.0,1163.8
52772,14.6907,20.0,1163.8
52773,14.6907,20.0,1163.9
52774,14.6907,20.0,1163.9
52775,14.6907,20.0,1163.9
52776,14.6907,20.0,1163.9
52777,14.6907,20.0,1164.0
52778,14.6907,20.0,1164.0
52779,14.6907,20.0,1164.0
52780,14.6907,20.0,1164.0
52781,14.7114,20.0,1164.0
52782,14.7114,20.0,1164.1
52783,14.7114,20.0,1164.1
52784,14.7114,20.0,1164.1
52785,14.7114,20.0,1164.1
52786,14.7114,20.0,1164.2
52787,14.7114,20.0,1164.2
52788,14.7114,20.0,1164.2
52789,14.7114,20.0,1164.2
52790,14.7114,20.0,1164.3
52791,14.7114,20.0,1164.3
52792,14.7114,20.0,1164.3
52793,14.7114,20.0,1164.3
52794,14.7114,20.0,1164.4
52795,14.7114,20.0,1164.4
52796,14.7114,20.0,1164.4
52797,14.7114,20.0,1164.4
52798,14.7114,20.0,1164.4
52799,14.7114,20.0,1164.5
52800,14.7114,20.0,1164.5
52801,14.7320,20.0,1164.5
52802,14.7320,20.0,1164.5
52803,14.7320,20.0,1164.5
52804,14.7320,20.0,1164.6
52805,14.7320,20.0,1164.6
52806,14.7320,20.0,1164.6
52807,14.7320,20.0,1164.6
52808,14.7320,20.0,1164.6
52809,14.7320,20.0,1164.7
52810,14.7320,20.0,1164.7
52811,14.7320,20.0,1164.7
52812,14.7320,20.0,1164.7
52813,14.7320,20.0,1164.7
52814,14.7320,20.0,1164.7
52815,14.7320,20.0,1164.8
52816,14.7320,20.0,1164.8
52817,14.7320,20.0,1164.8
52818,14.7320,20.0,1164.8
52819,14.7320,20.0,1164.8
52820,14.7320,20.0,1164.9
52821,14.7527,20.0,1164.9
52822,14.7527,20.0,1164.9
52823,14.7527,20.0,1164.9
52824,14.7527,20.0,1165.0
52825,14.7527,20.0,1165.0
52826,14.7527,20.0,1165.0
52827,14.7527,20.0,1165.0
52828,14.7527,20.0,1165.0
52829,14.7527,20.0,1165.0
52830,14.7527,20.0,1165.1
52831,14.7527,20.0,1165.1
52832,14.7527,20.0,1165.1
52833,14.7527,20.0,1165.1
52834,14.7527,20.0,1165.1
52835,14.7527,20.0,1165.2
52836,14.7527,20.0,1165.2
52837,14.7527,20.0,1165.2
52838,14.7527,20.0,1165.2
52839,14.7527,20.0,1165.2
52840,14.7527,20.0,1165.3
52841,14.7734,20.0,1165.3
52842,14.7734,20.0,1165.3
52843,14.7734,20.0,1165.3
52844,14.7734,20.0,1165.3
52845,14.7734,20.0,1165.4
52846,14.7734,20.0,1165.4
52847,14.7734,20.0,1165.4
52848,14.7734,20.0,1165.4
52849,14.7734,20.0,1165.5
52850,14.7734,20.0,1165.5
52851,14.7734,20.0,1165.5
52852,14.7734,20.0,1165.5
52853,14.7734,20.0,1165.5
52854,14.7734,20.0,1165.6
52855,14.7734,20.0,1165.6
52856,14.7734,20.0,1165.6
52857,14.7734,20.0,1165.6
52858,14.7734,20.0,1165.6
52859,14.7734,20.0,1165.7
52860,14.7734,20.0,1165.7
52861,14.7941,20.0,1165.7
52862,14.7941,20.0,1165.7
52863,14.7941,20.0,1165.8
52864,14.7941,20.0,1165.8
52865,14.7941,20.0,1165.8
52866,14.7941,20.0,1165.8
52867,14.7941,20.0,1165.8
52868,14.7941,20.0,1165.9
52869,14.7941,20.0,1165.9
52870,14.7941,20.0,1165.9
52871,14.7941,20.0,1165.9
52872,14.7941,20.0,1165.9
52873,14.7941,20.0,1165.9
52874,14.7941,20.0,1166.0
52875,14.7941,20.0,1166.0
52876,14.7941,20.0,1166.0
52877,14.7941,20.0,1166.0
52878,14.7941,20.0,1166.1
52879,14.7941,20.0,1166.1
52880,14.7941,20.0,1166.1
52881,14.8147,20.0,1166.1
52882,14.8147,20.0,1166.1
52883,14.8147,20.0,1166.2
52884,14.8147,20.0,1166.2
52885,14.8147,20.0,1166.2
52886,14.8147,20.0,1166.2
52887,14.8147,20.0,1166.3
52888,14.8147,20.0,1166.3
52889,14.8147,20.0,1166.3
52890,14.8147,20.0,1166.3
52891,14.8147,20.0,1166.3
52892,14.8147,20.0,1166.4
52893,14.8147,20.0,1166.4
52894,14.8147,20.0,1166.4
52895,14.8147,20.0,1166.4
52896,14.8147,20.0,1166.4
52897,14.8147,20.0,1166.5
52898,14.8147,20.0,1166.5
52899,14.8147,20.0,1166.5
52900,14.8147,20.0,1166.5
52901,14.8354,20.0,1166.6
52902,14.8354,20.0,1166.6
52903,14.8354,20.0,1166.6
52904,14.8354,20.0,1166.6
52905,14.8354,20.0,1166.6
52906,14.8354,20.0,1166.7
52907,14.8354,20.0,1166.7
52908,14.8354,20.0,1166.7
52909,14.8354,20.0,1166.7
52910,14.8354,20.0,1166.7
52911,14.8354,20.0,1166.8
52912,14.8354,20.0,1166.8
52913,14.8354,20.0,1166.8
52914,14.8354,20.0,1166.8
52915,14.8354,20.0,1166.9
52916,14.8354,20.0,1166.9
52917,14.8354,20.0,1166.9
52918,14.8354,20.0,1166.9
52919,14.8354,20.0,1166.9
52920,14.8354,20.0,1166.9
52921,14.8561,20.0,1167.0
52922,14.8561,20.0,1167.0
52923,14.8561,20.0,1167.0
52924,14.8561,20.0,1167.0
52925,14.8561,20.0,1167.0
52926,14.8561,20.0,1167.0
52927,14.8561,20.0,1167.1
52928,14.8561,20.0,1167.1
52929,14.8561,20.0,1167.1
52930,14.8561,20.0,1167.1
52931,14.8561,20.0,1167.2
52932,14.8561,20.0,1167.2
52933,14.8561,20.0,1167.2
52934,14.8561,20.0,1167.2
52935,14.8561,20.0,1167.2
52936,14.8561,20.0,1167.3
52937,14.8561,20.0,1167.3
52938,14.8561,20.0,1167.3
52939,14.8561,20.0,1167.3
52940,14.8561,20.0,1167.3
52941,14.8768,20.0,1167.4
52942,14.8768,20.0,1167.4
52943,14.8768,20.0,1167.4
52944,14.8768,20.0,1167.4
52945,14.8768,20.0,1167.4
52946,14.8768,20.0,1167.5
52947,14.8768,20.0,1167.5
52948,14.8768,20.0,1167.5
52949,14.8768,20.0,1167.5
52950,14.8768,20.0,1167.5
52951,14.8768,20.0,1167.6
52952,14.8768,20.0,1167.6
52953,14.8768,20.0,1167.6
52954,14.8768,20.0,1167.6
52955,14.8768,20.0,1167.6
52956,14.8768,20.0,1167.7
52957,14.8768,20.0,1167.7
52958,14.8768,20.0,1167.7
52959,14.8768,20.0,1167.7
52960,14.8768,20.0,1167.7
52961,14.8974,20.0,1167.8
52962,14.8974,20.0,1167.8
52963,14.8974,20.0,1167.8
52964,14.8974,20.0,1167.8
52965,14.8974,20.0,1167.8
52966,14.8974,20.0,1167.9
52967,14.8974,20.0,1167.9
52968,14.8974,20.0,1167.9
52969,14.8974,20.0,1167.9
52970,14.8974,20.0,1167.9
52971,14.8974,20.0,1168.0
52972,14.8974,20.0,1168.0
52973,14.8974,20.0,1168.0
52974,14.8974,20.0,1168.0
52975,14.8974,20.0,1168.0
52976,14.8974,20.0,1168.1
52977,14.8974,20.0,1168.1
52978,14.8974,20.0,1168.1
52979,14.8974,20.0,1168.1
52980,14.8974,20.0,1168.2
52981,14.9181,20.0,1168.2
52982,14.9181,20.0,1168.2
52983,14.9181,20.0,1168.2
52984,14.9181,20.0,1168.2
52985,14.9181,20.0,1168.3
52986,14.9181,20.0,1168.3
52987,14.9181,20.0,1168.3
52988,14.9181,20.0,1168.3
52989,14.9181,20.0,1168.3
52990,14.9181,20.0,1168.4
52991,14.9181,20.0,1168.4
52992,14.9181,20.0,1168.4
52993,14.9181,20.0,1168.4
52994,14.9181,20.0,1168.4
52995,14.9181,20.0,1168.5
52996,14.9181,20.0,1168.5
52997,14.9181,20.0,1168.5
52998,14.9181,20.0,1168.5
52999,14.9181,20.0,1168.5
53000,14.9181,20.0,1168.6
53001,14.9388,20.0,1168.6
53002,14.9388,20.0,1168.6
53003,14.9388,20.0,1168.6
53004,14.9388,20.0,1168.6
53005,14.9388,20.0,1168.7
53006,14.9388,20.0,1168.7
53007,14.9388,20.0,1168.7
53008,14.9388,20.0,1168.7
53009,14.9388,20.0,1168.8
53010,14.9388,20.0,1168.8
53011,14.9388,20.0,1168.8
53012,14.9388,20.0,1168.8
53013,14.9388,20.0,1168.8
53014,14.9388,20.0,1168.9
53015,14.9388,20.0,1168.9
53016,14.9388,20.0,1168.9
53017,14.9388,20.0,1168.9
53018,14.9388,20.0,1168.9
53019,14.9388,20.0,1169.0
53020,14.9388,20.0,1169.0
53021,14.9595,20.0,1169.0
53022,14.9595,20.0,1169.0
53023,14.9595,20.0,1169.0
53024,14.9595,20.0,1169.1
53025,14.9595,20.0,1169.1
53026,14.9595,20.0,1169.1
53027,14.9595,20.0,1169.1
53028,14.9595,20.0,1169.1
53029,14.9595,20.0,1169.2
53030,14.9595,20.0,1169.2
53031,14.9595,20.0,1169.2
53032,14.9595,20.0,1169.2
53033,14.9595,20.0,1169.2
53034,14.9595,20.0,1169.3
53035,14.9595,20.0,1169.3
53036,14.9595,20.0,1169.3
53037,14.9595,20.0,1169.3
53038,14.9595,20.0,1169.3
53039,14.9595,20.0,1169.4
53040,14.9595,20.0,1169.4
53041,14.9802,20.0,1169.4
53042,14.9802,20.0,1169.4
53043,14.9802,20.0,1169.4
53044,14.9802,20.0,1169.4
53045,14.9802,20.0,1169.5
53046,14.9802,20.0,1169.5
53047,14.9802,20.0,1169.5
53048,14.9802,20.0,1169.5
53049,14.9802,20.0,1169.5
53050,14.9802,20.0,1169.5
53051,14.9802,20.0,1169.6
53052,14.9802,20.0,1169.6
53053,14.9802,20.0,1169.6
53054,14.9802,20.0,1169.6
53055,14.9802,20.0,1169.7
53056,14.9802,20.0,1169.7
53057,14.9802,20.0,1169.7
53058,14.9802,20.0,1169.7
53059,14.9802,20.0,1169.7
53060,14.9802,20.0,1169.8
53061,15.0008,20.0,1169.8
53062,15.0008,20.0,1169.8
53063,15.0008,20.0,1169.8
53064,15.0008,20.0,1169.8
53065,15.0008,20.0,1169.8
53066,15.0008,20.0,1169.9
53067,15.0008,20.0,1169.9
53068,15.0008,20.0,1169.9
53069,15.0008,20.0,1169.9
53070,15.0008,20.0,1170.0
53071,15.0008,20.0,1170.0
53072,15.0008,20.0,1170.0
53073,15.0008,20.0,1170.0
53074,15.0008,20.0,1170.0
53075,15.0008,20.0,1170.1
53076,15.0008,20.0,1170.1
53077,15.0008,20.0,1170.1
53078,15.0008,20.0,1170.1
53079,15.0008,20.0,1170.1
53080,15.0008,20.0,1170.1
53081,15.0215,20.0,1170.2
53082,15.0215,20.0,1170.2
53083,15.0215,20.0,1170.2
53084,15.0215,20.0,1170.2
53085,15.0215,20.0,1170.3
53086,15.0215,20.0,1170.3
53087,15.0215,20.0,1170.3
53088,15.0215,20.0,1170.3
53089,15.0215,20.0,1170.3
53090,15.0215,20.0,1170.4
53091,15.0215,20.0,1170.4
53092,15.0215,20.0,1170.4
53093,15.0215,20.0,1170.4
53094,15.0215,20.0,1170.4
53095,15.0215,20.0,1170.5
53096,15.0215,20.0,1170.5
53097,15.0215,20.0,1170.5
53098,15.0215,20.0,1170.5
53099,15.0215,20.0,1170.6
53100,15.0215,20.0,1170.6
53101,15.0422,20.0,1170.6
53102,15.0422,20.0,1170.6
53103,15.0422,20.0,1170.7
53104,15.0422,20.0,1170.7
53105,15.0422,20.0,1170.7
53106,15.0422,20.0,1170.7
53107,15.0422,20.0,1170.7
53108,15.0422,20.0,1170.8
53109,15.0422,20.0,1170.8
53110,15.0422,20.0,1170.8
53111,15.0422,20.0,1170.8
53112,15.0422,20.0,1170.8
53113,15.0422,20.0,1170.9
53114,15.0422,20.0,1170.9
53115,15.0422,20.0,1170.9
53116,15.0422,20.0,1170.9
53117,15.0422,20.0,1171.0
53118,15.0422,20.0,1171.0
53119,15.0422,20.0,1171.0
53120,15.0422,20.0,1171.0
53121,15.0629,20.0,1171.0
53122,15.0629,20.0,1171.1
53123,15.0629,20.0,1171.1
53124,15.0629,20.0,1171.1
53125,15.0629,20.0,1171.1
53126,15.0629,20.0,1171.2
53127,15.0629,20.0,1171.2
53128,15.0629,20.0,1171.2
53129,15.0629,20.0,1171.2
53130,15.0629,20.0,1171.3
53131,15.0629,20.0,1171.3
53132,15.0629,20.0,1171.3
53133,15.0629,20.0,1171.3
53134,15.0629,20.0,1171.3
53135,15.0629,20.0,1171.4
53136,15.0629,20.0,1171.4
53137,15.0629,20.0,1171.4
53138,15.0629,20.0,1171.4
53139,15.0629,20.0,1171.4
53140,15.0629,20.0,1171.5
53141,15.0835,20.0,1171.5
53142,15.0835,20.0,1171.5
53143,15.0835,20.0,1171.5
53144,15.0835,20.0,1171.6
53145,15.0835,20.0,1171.6
53146,15.0835,20.0,1171.6
53147,15.0835,20.0,1171.6
53148,15.0835,20.0,1171.7
53149,15.0835,20.0,1171.7
53150,15.0835,20.0,1171.7
53151,15.0835,20.0,1171.7
53152,15.0835,20.0,1171.7
53153,15.0835,20.0,1171.8
53154,15.0835,20.0,1171.8
53155,15.0835,20.0,1171.8
53156,15.0835,20.0,1171.8
53157,15.0835,20.0,1171.8
53158,15.0835,20.0,1171.9
53159,15.0835,20.0,1171.9
53160,15.0835,20.0,1171.9
53161,15.1042,20.0,1171.9
53162,15.1042,20.0,1171.9
53163,15.1042,20.0,1172.0
53164,15.1042,20.0,1172.0
53165,15.1042,20.0,1172.0
53166,15.1042,20.0,1172.0
53167,15.1042,20.0,1172.0
53168,15.1042,20.0,1172.1
53169,15.1042,20.0,1172.1
53170,15.1042,20.0,1172.1
53171,15.1042,20.0,1172.1
53172,15.1042,20.0,1172.1
53173,15.1042,20.0,1172.2
53174,15.1042,20.0,1172.2
53175,15.1042,20.0,1172.2
53176,15.1042,20.0,1172.2
53177,15.1042,20.0,1172.2
53178,15.1042,20.0,1172.3
53179,15.1042,20.0,1172.3
53180,15.1042,20.0,1172.3
53181,15.1249,20.0,1172.3
53182,15.1249,20.0,1172.3
53183,15.1249,20.0,1172.4
53184,15.1249,20.0,1172.4
53185,15.1249,20.0,1172.4
53186,15.1249,20.0,1172.4
53187,15.1249,20.0,1172.4
53188,15.1249,20.0,1172.5
53189,15.1249,20.0,1172.5
53190,15.1249,20.0,1172.5
53191,15.1249,20.0,1172.5
53192,15.1249,20.0,1172.6
53193,15.1249,20.0,1172.6
53194,15.1249,20.0,1172.6
53195,15.1249,20.0,1172.6
53196,15.1249,20.0,1172.6
53197,15.1249,20.0,1172.7
53198,15.1249,20.0,1172.7
53199,15.1249,20.0,1172.7
53200,15.1249,20.0,1172.7
53201,15.1456,20.0,1172.8
53202,15.1456,20.0,1172.8
53203,15.1456,20.0,1172.8
53204,15.1456,20.0,1172.8
53205,15.1456,20.0,1172.8
53206,15.1456,20.0,1172.9
53207,15.1456,20.0,1172.9
53208,15.1456,20.0,1172.9
53209,15.1456,20.0,1172.9
53210,15.1456,20.0,1173.0
53211,15.1456,20.0,1173.0
53212,15.1456,20.0,1173.0
53213,15.1456,20.0,1173.0
53214,15.1456,20.0,1173.0
53215,15.1456,20.0,1173.1
53216,15.1456,20.0,1173.1
53217,15.1456,20.0,1173.1
53218,15.1456,20.0,1173.1
53219,15.1456,20.0,1173.1
53220,15.1456,20.0,1173.2
53221,15.1662,20.0,1173.2
53222,15.1662,20.0,1173.2
53223,15.1662,20.0,1173.2
53224,15.1662,20.0,1173.3
53225,15.1662,20.0,1173.3
53226,15.1662,20.0,1173.3
53227,15.1662,20.0,1173.3
53228,15.1662,20.0,1173.4
53229,15.1662,20.0,1173.4
53230,15.1662,20.0,1173.4
53231,15.1662,20.0,1173.4
53232,15.1662,20.0,1173.5
53233,15.1662,20.0,1173.5
53234,15.1662,20.0,1173.5
53235,15.1662,20.0,1173.5
53236,15.1662,20.0,1173.5
53237,15.1662,20.0,1173.6
53238,15.1662,20.0,1173.6
53239,15.1662,20.0,1173.6
53240,15.1662,20.0,1173.6
53241,15.1869,20.0,1173.7
53242,15.1869,20.0,1173.7
53243,15.1869,20.0,1173.7
53244,15.1869,20.0,1173.7
53245,15.1869,20.0,1173.8
53246,15.1869,20.0,1173.8
53247,15.1869,20.0,1173.8
53248,15.1869,20.0,1173.8
53249,15.1869,20.0,1174.1
53250,15.1869,20.0,1174.1
53251,15.1869,20.0,1174.2
53252,15.1869,20.0,1174.2
53253,15.1869,20.0,1174.2
53254,15.1869,20.0,1174.2
53255,15.1869,20.0,1174.2
53256,15.1869,20.0,1174.3
53257,15.1869,20.0,1174.3
53258,15.1869,20.0,1174.3
53259,15.1869,20.0,1174.3
53260,15.1869,20.0,1174.4
53261,15.2072,20.0,1174.4
53262,15.2072,20.0,1174.4
53263,15.2072,20.0,1174.4
53264,15.2072,20.0,1174.5
53265,15.2072,20.0,1174.5
53266,15.2072,20.0,1174.5
53267,15.2072,20.0,1174.5
53268,15.2072,20.0,1174.5
53269,15.2072,20.0,1174.6
53270,15.2072,20.0,1174.6
53271,15.2072,20.0,1174.6
53272,15.2072,20.0,1174.6
53273,15.2072,20.0,1174.6
53274,15.2072,20.0,1174.7
53275,15.2072,20.0,1174.7
53276,15.2072,20.0,1174.7
53277,15.2072,20.0,1174.7
53278,15.2072,20.0,1174.7
53279,15.2072,20.0,1174.8
53280,15.2072,20.0,1174.8
53281,15.2275,20.0,1174.8
53282,15.2275,20.0,1174.9
53283,15.2275,20.0,1174.9
53284,15.2275,20.0,1174.9
53285,15.2275,20.0,1174.9
53286,15.2275,20.0,1174.9
53287,15.2275,20.0,1175.0
53288,15.2275,20.0,1175.0
53289,15.2275,20.0,1175.0
53290,15.2275,20.0,1175.1
53291,15.2275,20.0,1175.1
53292,15.2275,20.0,1175.2
53293,15.2275,20.0,1175.2
53294,15.2275,20.0,1175.3
53295,15.2275,20.0,1175.3
53296,15.2275,20.0,1175.4
53297,15.2275,20.0,1175.4
53298,15.2275,20.0,1175.4
53299,15.2275,20.0,1175.4
53300,15.2275,20.0,1175.5
53301,15.2477,20.0,1175.5
53302,15.2477,20.0,1175.6
53303,15.2477,20.0,1175.6
53304,15.2477,20.0,1175.7
53305,15.2477,20.0,1175.8
53306,15.2477,20.0,1175.8
53307,15.2477,20.0,1175.8
53308,15.2477,20.0,1175.9
53309,15.2477,20.0,1175.9
53310,15.2477,20.0,1175.9
53311,15.2477,20.0,1176.0
53312,15.2477,20.0,1176.0
53313,15.2477,20.0,1176.0
53314,15.2477,20.0,1176.1
53315,15.2477,20.0,1176.1
53316,15.2477,20.0,1176.1
53317,15.2477,20.0,1176.2
53318,15.2477,20.0,1176.2
53319,15.2477,20.0,1176.3
53320,15.2477,20.0,1176.3
53321,15.2680,20.0,1176.3
53322,15.2680,20.0,1176.4
53323,15.2680,20.0,1176.4
53324,15.2680,20.0,1176.5
53325,15.2680,20.0,1176.5
53326,15.2680,20.0,1176.6
53327,15.2680,20.0,1176.6
53328,15.2680,20.0,1176.7
53329,15.2680,20.0,1176.7
53330,15.2680,20.0,1176.8
53331,15.2680,20.0,1176.8
53332,15.2680,20.0,1176.8
53333,15.2680,20.0,1176.9
53334,15.2680,20.0,1176.9
53335,15.2680,20.0,1177.0
53336,15.2680,20.0,1177.0
53337,15.2680,20.0,1177.0
53338,15.2680,20.0,1177.1
53339,15.2680,20.0,1177.1
53340,15.2680,20.0,1177.2
53341,15.2883,20.0,1177.3
53342,15.2883,20.0,1177.4
53343,15.2883,20.0,1177.4
53344,15.2883,20.0,1177.5
53345,15.2883,20.0,1177.5
53346,15.2883,20.0,1177.6
53347,15.2883,20.0,1177.6
53348,15.2883,20.0,1177.6
53349,15.2883,20.0,1177.7
53350,15.2883,20.0,1177.7
53351,15.2883,20.0,1177.7
53352,15.2883,20.0,1177.8
53353,15.2883,20.0,1177.8
53354,15.2883,20.0,1177.9
53355,15.2883,20.0,1177.9
53356,15.2883,20.0,1177.9
53357,15.2883,20.0,1178.0
53358,15.2883,20.0,1178.0
53359,15.2883,20.0,1178.0
53360,15.2883,20.0,1178.1
53361,15.3086,20.0,1178.1
53362,15.3086,20.0,1178.1
53363,15.3086,20.0,1178.2
53364,15.3086,20.0,1178.2
53365,15.3086,20.0,1178.3
53366,15.3086,20.0,1178.3
53367,15.3086,20.0,1178.3
53368,15.3086,20.0,1178.4
53369,15.3086,20.0,1178.4
53370,15.3086,20.0,1178.4
53371,15.3086,20.0,1178.4
53372,15.3086,20.0,1178.5
53373,15.3086,20.0,1178.5
53374,15.3086,20.0,1178.5
53375,15.3086,20.0,1178.6
53376,15.3086,20.0,1178.6
53377,15.3086,20.0,1178.6
53378,15.3086,20.0,1178.6
53379,15.3086,20.0,1178.7
53380,15.3086,20.0,1178.7
53381,15.3288,20.0,1178.7
53382,15.3288,20.0,1178.7
53383,15.3288,20.0,1178.7
53384,15.3288,20.0,1178.8
53385,15.3288,20.0,1178.8
53386,15.3288,20.0,1178.8
53387,15.3288,20.0,1178.8
53388,15.3288,20.0,1178.8
53389,15.3288,20.0,1178.9
53390,15.3288,20.0,1178.9
53391,15.3288,20.0,1178.9
53392,15.3288,20.0,1178.9
53393,15.3288,20.0,1179.0
53394,15.3288,20.0,1179.0
53395,15.3288,20.0,1179.0
53396,15.3288,20.0,1179.0
53397,15.3288,20.0,1179.0
53398,15.3288,20.0,1179.1
53399,15.3288,20.0,1179.1
53400,15.3288,20.0,1179.1
53401,15.3491,20.0,1179.1
53402,15.3491,20.0,1179.1
53403,15.3491,20.0,1179.2
53404,15.3491,20.0,1179.2
53405,15.3491,20.0,1179.2
53406,15.3491,20.0,1179.2
53407,15.3491,20.0,1179.3
53408,15.3491,20.0,1179.3
53409,15.3491,20.0,1179.3
53410,15.3491,20.0,1179.3
53411,15.3491,20.0,1179.3
53412,15.3491,20.0,1179.4
53413,15.3491,20.0,1179.4
53414,15.3491,20.0,1179.4
53415,15.3491,20.0,1179.4
53416,15.3491,20.0,1179.4
53417,15.3491,20.0,1179.5
53418,15.3491,20.0,1179.5
53419,15.3491,20.0,1179.5
53420,15.3491,20.0,1179.5
53421,15.3694,20.0,1179.5
53422,15.3694,20.0,1179.6
53423,15.3694,20.0,1179.6
53424,15.3694,20.0,1179.6
53425,15.3694,20.0,1179.6
53426,15.3694,20.0,1179.6
53427,15.3694,20.0,1179.7
53428,15.3694,20.0,1179.7
53429,15.3694,20.0,1179.7
53430,15.3694,20.0,1179.7
53431,15.3694,20.0,1179.7
53432,15.3694,20.0,1179.8
53433,15.3694,20.0,1179.8
53434,15.3694,20.0,1179.8
53435,15.3694,20.0,1179.8
53436,15.3694,20.0,1179.9
53437,15.3694,20.0,1179.9
53438,15.3694,20.0,1179.9
53439,15.3694,20.0,1179.9
53440,15.3694,20.0,1180.0
53441,15.3897,20.0,1180.0
53442,15.3897,20.0,1180.0
53443,15.3897,20.0,1180.0
53444,15.3897,20.0,1180.0
53445,15.3897,20.0,1180.1
53446,15.3897,20.0,1180.1
53447,15.3897,20.0,1180.1
53448,15.3897,20.0,1180.2
53449,15.3897,20.0,1180.2
53450,15.3897,20.0,1180.2
53451,15.3897,20.0,1180.3
53452,15.3897,20.0,1180.3
53453,15.3897,20.0,1180.3
53454,15.3897,20.0,1180.4
53455,15.3897,20.0,1180.4
53456,15.3897,20.0,1180.4
53457,15.3897,20.0,1180.4
53458,15.3897,20.0,1180.5
53459,15.3897,20.0,1180.5
53460,15.3897,20.0,1180.5
53461,15.4099,20.0,1180.5
53462,15.4099,20.0,1180.5
53463,15.4099,20.0,1180.6
53464,15.4099,20.0,1180.6
53465,15.4099,20.0,1180.6
53466,15.4099,20.0,1180.6
53467,15.4099,20.0,1180.7
53468,15.4099,20.0,1180.7
53469,15.4099,20.0,1180.7
53470,15.4099,20.0,1180.7
53471,15.4099,20.0,1180.8
53472,15.4099,20.0,1180.8
53473,15.4099,20.0,1180.8
53474,15.4099,20.0,1180.8
53475,15.4099,20.0,1180.8
53476,15.4099,20.0,1180.8
53477,15.4099,20.0,1180.9
53478,15.4099,20.0,1180.9
53479,15.4099,20.0,1180.9
53480,15.4099,20.0,1180.9
53481,15.4302,20.0,1180.9
53482,15.4302,20.0,1181.0
53483,15.4302,20.0,1181.0
53484,15.4302,20.0,1181.0
53485,15.4302,20.0,1181.0
53486,15.4302,20.0,1181.0
53487,15.4302,20.0,1181.1
53488,15.4302,20.0,1181.1
53489,15.4302,20.0,1181.1
53490,15.4302,20.0,1181.1
53491,15.4302,20.0,1181.1
53492,15.4302,20.0,1181.2
53493,15.4302,20.0,1181.2
53494,15.4302,20.0,1181.2
53495,15.4302,20.0,1181.2
53496,15.4302,20.0,1181.2
53497,15.4302,20.0,1181.3
53498,15.4302,20.0,1181.3
53499,15.4302,20.0,1181.3
53500,15.4302,20.0,1181.3
53501,15.4505,20.0,1181.4
53502,15.4505,20.0,1181.4
53503,15.4505,20.0,1181.4
53504,15.4505,20.0,1181.4
53505,15.4505,20.0,1181.5
53506,15.4505,20.0,1181.5
53507,15.4505,20.0,1181.5
53508,15.4505,20.0,1181.5
53509,15.4505,20.0,1181.5
53510,15.4505,20.0,1181.6
53511,15.4505,20.0,1181.6
53512,15.4505,20.0,1181.6
53513,15.4505,20.0,1181.6
53514,15.4505,20.0,1181.6
53515,15.4505,20.0,1181.7
53516,15.4505,20.0,1181.7
53517,15.4505,20.0,1181.7
53518,15.4505,20.0,1181.7
53519,15.4505,20.0,1181.7
53520,15.4505,20.0,1181.8
53521,15.4708,20.0,1181.8
53522,15.4708,20.0,1181.8
53523,15.4708,20.0,1181.8
53524,15.4708,20.0,1181.9
53525,15.4708,20.0,1181.9
53526,15.4708,20.0,1181.9
53527,15.4708,20.0,1181.9
53528,15.4708,20.0,1181.9
53529,15.4708,20.0,1182.0
53530,15.4708,20.0,1182.0
53531,15.4708,20.0,1182.0
53532,15.4708,20.0,1182.0
53533,15.4708,20.0,1182.0
53534,15.4708,20.0,1182.1
53535,15.4708,20.0,1182.1
53536,15.4708,20.0,1182.1
53537,15.4708,20.0,1182.1
53538,15.4708,20.0,1182.1
53539,15.4708,20.0,1182.2
53540,15.4708,20.0,1182.2
53541,15.4910,20.0,1182.2
53542,15.4910,20.0,1182.2
53543,15.4910,20.0,1182.2
53544,15.4910,20.0,1182.3
53545,15.4910,20.0,1182.3
53546,15.4910,20.0,1182.3
53547,15.4910,20.0,1182.3
53548,15.4910,20.0,1182.3
53549,15.4910,20.0,1182.4
53550,15.4910,20.0,1182.4
53551,15.4910,20.0,1182.4
53552,15.4910,20.0,1182.4
53553,15.4910,20.0,1182.5
53554,15.4910,20.0,1182.5
53555,15.4910,20.0,1182.5
53556,15.4910,20.0,1182.5
53557,15.4910,20.0,1182.5
53558,15.4910,20.0,1182.6
53559,15.4910,20.0,1182.6
53560,15.4910,20.0,1182.6
53561,15.5113,20.0,1182.6
53562,15.5113,20.0,1182.6
53563,15.5113,20.0,1182.7
53564,15.5113,20.0,1182.7
53565,15.5113,20.0,1182.7
53566,15.5113,20.0,1182.7
53567,15.5113,20.0,1182.8
53568,15.5113,20.0,1182.8
53569,15.5113,20.0,1182.8
53570,15.5113,20.0,1182.8
53571,15.5113,20.0,1182.8
53572,15.5113,20.0,1182.9
53573,15.5113,20.0,1182.9
53574,15.5113,20.0,1182.9
53575,15.5113,20.0,1182.9
53576,15.5113,20.0,1182.9
53577,15.5113,20.0,1183.0
53578,15.5113,20.0,1183.0
53579,15.5113,20.0,1183.0
53580,15.5113,20.0,1183.0
53581,15.5316,20.0,1183.0
53582,15.5316,20.0,1183.1
53583,15.5316,20.0,1183.1
53584,15.5316,20.0,1183.1
53585,15.5316,20.0,1183.1
53586,15.5316,20.0,1183.1
53587,15.5316,20.0,1183.2
53588,15.5316,20.0,1183.2
53589,15.5316,20.0,1183.2
53590,15.5316,20.0,1183.2
53591,15.5316,20.0,1183.3
53592,15.5316,20.0,1183.3
53593,15.5316,20.0,1183.3
53594,15.5316,20.0,1183.3
53595,15.5316,20.0,1183.3
53596,15.5316,20.0,1183.4
53597,15.5316,20.0,1183.4
53598,15.5316,20.0,1183.4
53599,15.5316,20.0,1183.4
53600,15.5316,20.0,1183.4
53601,15.5519,20.0,1183.5
53602,15.5519,20.0,1183.5
53603,15.5519,20.0,1183.5
53604,15.5519,20.0,1183.5
53605,15.5519,20.0,1183.5
53606,15.5519,20.0,1183.5
53607,15.5519,20.0,1183.6
53608,15.5519,20.0,1183.6
53609,15.5519,20.0,1183.6
53610,15.5519,20.0,1183.6
53611,15.5519,20.0,1183.7
53612,15.5519,20.0,1183.7
53613,15.5519,20.0,1183.7
53614,15.5519,20.0,1183.7
53615,15.5519,20.0,1183.7
53616,15.5519,20.0,1183.8
53617,15.5519,20.0,1183.8
53618,15.5519,20.0,1183.8
53619,15.5519,20.0,1183.8
53620,15.5519,20.0,1183.8
53621,15.5721,20.0,1183.9
53622,15.5721,20.0,1183.9
53623,15.5721,20.0,1183.9
53624,15.5721,20.0,1183.9
53625,15.5721,20.0,1183.9
53626,15.5721,20.0,1183.9
53627,15.5721,20.0,1184.0
53628,15.5721,20.0,1184.0
53629,15.5721,20.0,1184.0
53630,15.5721,20.0,1184.0
53631,15.5721,20.0,1184.0
53632,15.5721,20.0,1184.1
53633,15.5721,20.0,1184.1
53634,15.5721,20.0,1184.1
53635,15.5721,20.0,1184.1
53636,15.5721,20.0,1184.1
53637,15.5721,20.0,1184.2
53638,15.5721,20.0,1184.2
53639,15.5721,20.0,1184.2
53640,15.5721,20.0,1184.2
53641,15.5924,20.0,1184.2
53642,15.5924,20.0,1184.3
53643,15.5924,20.0,1184.3
53644,15.5924,20.0,1184.3
53645,15.5924,20.0,1184.3
53646,15.5924,20.0,1184.3
53647,15.5924,20.0,1184.4
53648,15.5924,20.0,1184.4
53649,15.5924,20.0,1184.4
53650,15.5924,20.0,1184.4
53651,15.5924,20.0,1184.5
53652,15.5924,20.0,1184.5
53653,15.5924,20.0,1184.5
53654,15.5924,20.0,1184.5
53655,15.5924,20.0,1184.5
53656,15.5924,20.0,1184.6
53657,15.5924,20.0,1184.6
53658,15.5924,20.0,1184.6
53659,15.5924,20.0,1184.6
53660,15.5924,20.0,1184.7
53661,15.6127,20.0,1184.7
53662,15.6127,20.0,1184.7
53663,15.6127,20.0,1184.8
53664,15.6127,20.0,1184.8
53665,15.6127,20.0,1184.8
53666,15.6127,20.0,1184.8
53667,15.6127,20.0,1184.9
53668,15.6127,20.0,1184.9
53669,15.6127,20.0,1184.9
53670,15.6127,20.0,1185.0
53671,15.6127,20.0,1185.0
53672,15.6127,20.0,1185.0
53673,15.6127,20.0,1185.0
53674,15.6127,20.0,1185.1
53675,15.6127,20.0,1185.1
53676,15.6127,20.0,1185.1
53677,15.6127,20.0,1185.1
53678,15.6127,20.0,1185.2
53679,15.6127,20.0,1185.2
53680,15.6127,20.0,1185.2
53681,15.6330,20.0,1185.2
53682,15.6330,20.0,1185.3
53683,15.6330,20.0,1185.3
53684,15.6330,20.0,1185.3
53685,15.6330,20.0,1185.3
53686,15.6330,20.0,1185.3
53687,15.6330,20.0,1185.4
53688,15.6330,20.0,1185.4
53689,15.6330,20.0,1185.4
53690,15.6330,20.0,1185.4
53691,15.6330,20.0,1185.5
53692,15.6330,20.0,1185.5
53693,15.6330,20.0,1185.5
53694,15.6330,20.0,1185.5
53695,15.6330,20.0,1185.5
53696,15.6330,20.0,1185.6
53697,15.6330,20.0,1185.6
53698,15.6330,20.0,1185.6
53699,15.6330,20.0,1185.6
53700,15.6330,20.0,1185.7
53701,15.6532,20.0,1185.7
53702,15.6532,20.0,1185.7
53703,15.6532,20.0,1185.7
53704,15.6532,20.0,1185.8
53705,15.6532,20.0,1185.8
53706,15.6532,20.0,1185.8
53707,15.6532,20.0,1185.8
53708,15.6532,20.0,1185.8
53709,15.6532,20.0,1185.9
53710,15.6532,20.0,1185.9
53711,15.6532,20.0,1185.9
53712,15.6532,20.0,1185.9
53713,15.6532,20.0,1185.9
53714,15.6532,20.0,1186.0
53715,15.6532,20.0,1186.0
53716,15.6532,20.0,1186.0
53717,15.6532,20.0,1186.0
53718,15.6532,20.0,1186.0
53719,15.6532,20.0,1186.1
53720,15.6532,20.0,1186.1
53721,15.6932,20.0,1186.1
53722,15.6932,20.0,1186.1
53723,15.6932,20.0,1186.1
53724,15.6932,20.0,1186.2
53725,15.6932,20.0,1186.3
53726,15.6932,20.0,1186.3
53727,15.6932,20.0,1186.3
53728,15.6932,20.0,1186.3
53729,15.6932,20.0,1186.4
53730,15.6932,20.0,1186.4
53731,15.6932,20.0,1186.4
53732,15.6932,20.0,1186.4
53733,15.6932,20.0,1186.5
53734,15.6932,20.0,1186.5
53735,15.6932,20.0,1186.5
53736,15.6932,20.0,1186.5
53737,15.6932,20.0,1186.5
53738,15.6932,20.0,1186.6
53739,15.6932,20.0,1186.6
53740,15.6932,20.0,1186.6
53741,15.7135,20.0,1186.6
53742,15.7135,20.0,1186.7
53743,15.7135,20.0,1186.7
53744,15.7135,20.0,1186.7
53745,15.7135,20.0,1186.7
53746,15.7135,20.0,1186.8
53747,15.7135,20.0,1186.8
53748,15.7135,20.0,1186.8
53749,15.7135,20.0,1186.8
53750,15.7135,20.0,1186.8
53751,15.7135,20.0,1186.9
53752,15.7135,20.0,1186.9
53753,15.7135,20.0,1186.9
53754,15.7135,20.0,1186.9
53755,15.7135,20.0,1186.9
53756,15.7135,20.0,1187.0
53757,15.7135,20.0,1187.0
53758,15.7135,20.0,1187.0
53759,15.7135,20.0,1187.0
53760,15.7135,20.0,1187.0
53761,15.7338,20.0,1187.3
53762,15.7338,20.0,1187.3
53763,15.7338,20.0,1187.4
53764,15.7338,20.0,1187.4
53765,15.7338,20.0,1187.4
53766,15.7338,20.0,1187.4
53767,15.7338,20.0,1187.4
53768,15.7338,20.0,1187.5
53769,15.7338,20.0,1187.5
53770,15.7338,20.0,1187.5
53771,15.7338,20.0,1187.5
53772,15.7338,20.0,1187.5
53773,15.7338,20.0,1187.6
53774,15.7338,20.0,1187.6
53775,15.7338,20.0,1187.6
53776,15.7338,20.0,1187.6
53777,15.7338,20.0,1187.6
53778,15.7338,20.0,1187.6
53779,15.7338,20.0,1187.7
53780,15.7338,20.0,1187.7
53781,15.7140,20.0,1187.7
53782,15.7140,20.0,1187.7
53783,15.7140,20.0,1187.8
53784,15.7140,20.0,1187.8
53785,15.7140,20.0,1187.8
53786,15.7140,20.0,1187.8
53787,15.7140,20.0,1187.8
53788,15.7140,20.0,1187.9
53789,15.7140,20.0,1187.9
53790,15.7140,20.0,1187.9
53791,15.7140,20.0,1187.9
53792,15.7140,20.0,1187.9
53793,15.7140,20.0,1188.0
53794,15.7140,20.0,1188.0
53795,15.7140,20.0,1188.0
53796,15.7140,20.0,1188.0
53797,15.7140,20.0,1188.1
53798,15.7140,20.0,1188.1
53799,15.7140,20.0,1188.1
53800,15.7140,20.0,1188.1
53801,15.6942,20.0,1188.1
53802,15.6942,20.0,1188.2
53803,15.6942,20.0,1188.2
53804,15.6942,20.0,1188.2
53805,15.6942,20.0,1188.2
53806,15.6942,20.0,1188.2
53807,15.6942,20.0,1188.3
53808,15.6942,20.0,1188.3
53809,15.6942,20.0,1188.3
53810,15.6942,20.0,1188.3
53811,15.6942,20.0,1188.3
53812,15.6942,20.0,1188.4
53813,15.6942,20.0,1188.4
53814,15.6942,20.0,1188.4
53815,15.6942,20.0,1188.4
53816,15.6942,20.0,1188.4
53817,15.6942,20.0,1188.5
53818,15.6942,20.0,1188.5
53819,15.6942,20.0,1188.5
53820,15.6942,20.0,1188.5
53821,15.6745,20.0,1188.5
53822,15.6745,20.0,1188.6
53823,15.6745,20.0,1188.6
53824,15.6745,20.0,1188.6
53825,15.6745,20.0,1188.6
53826,15.6745,20.0,1188.6
53827,15.6745,20.0,1188.7
53828,15.6745,20.0,1188.7
53829,15.6745,20.0,1188.7
53830,15.6745,20.0,1188.7
53831,15.6745,20.0,1188.8
53832,15.6745,20.0,1188.8
53833,15.6745,20.0,1188.8
53834,15.6745,20.0,1188.8
53835,15.6745,20.0,1188.8
53836,15.6745,20.0,1188.9
53837,15.6745,20.0,1188.9
53838,15.6745,20.0,1188.9
53839,15.6745,20.0,1188.9
53840,15.6745,20.0,1188.9
53841,15.6547,20.0,1189.0
53842,15.6547,20.0,1189.0
53843,15.6547,20.0,1189.0
53844,15.6547,20.0,1189.0
53845,15.6547,20.0,1189.1
53846,15.6547,20.0,1189.1
53847,15.6547,20.0,1189.1
53848,15.6547,20.0,1189.1
53849,15.6547,20.0,1189.1
53850,15.6547,20.0,1189.1
53851,15.6547,20.0,1189.2
53852,15.6547,20.0,1189.2
53853,15.6547,20.0,1189.2
53854,15.6547,20.0,1189.2
53855,15.6547,20.0,1189.3
53856,15.6547,20.0,1189.3
53857,15.6547,20.0,1189.3
53858,15.6547,20.0,1189.3
53859,15.6547,20.0,1189.3
53860,15.6547,20.0,1189.3
53861,15.6349,20.0,1189.4
53862,15.6349,20.0,1189.4
53863,15.6349,20.0,1189.4
53864,15.6349,20.0,1189.4
53865,15.6349,20.0,1189.4
53866,15.6349,20.0,1189.5
53867,15.6349,20.0,1189.5
53868,15.6349,20.0,1189.5
53869,15.6349,20.0,1189.5
53870,15.6349,20.0,1189.5
53871,15.6349,20.0,1189.6
53872,15.6349,20.0,1189.6
53873,15.6349,20.0,1189.6
53874,15.6349,20.0,1189.7
53875,15.6349,20.0,1189.7
53876,15.6349,20.0,1189.7
53877,15.6349,20.0,1189.7
53878,15.6349,20.0,1189.8
53879,15.6349,20.0,1189.8
53880,15.6349,20.0,1189.8
53881,15.6152,20.0,1189.9
53882,15.6152,20.0,1189.9
53883,15.6152,20.0,1190.0
53884,15.6152,20.0,1190.0
53885,15.6152,20.0,1190.0
53886,15.6152,20.0,1190.0
53887,15.6152,20.0,1190.1
53888,15.6152,20.0,1190.1
53889,15.6152,20.0,1190.1
53890,15.6152,20.0,1190.2
53891,15.6152,20.0,1190.2
53892,15.6152,20.0,1190.2
53893,15.6152,20.0,1190.3
53894,15.6152,20.0,1190.3
53895,15.6152,20.0,1190.3
53896,15.6152,20.0,1190.3
53897,15.6152,20.0,1190.3
53898,15.6152,20.0,1190.4
53899,15.6152,20.0,1190.4
53900,15.6152,20.0,1190.4
53901,15.5954,20.0,1190.4
53902,15.5954,20.0,1190.5
53903,15.5954,20.0,1190.5
53904,15.5954,20.0,1190.5
53905,15.5954,20.0,1190.5
53906,15.5954,20.0,1190.5
53907,15.5954,20.0,1190.6
53908,15.5954,20.0,1190.6
53909,15.5954,20.0,1190.6
53910,15.5954,20.0,1190.6
53911,15.5954,20.0,1190.6
53912,15.5954,20.0,1190.7
53913,15.5954,20.0,1190.7
53914,15.5954,20.0,1190.7
53915,15.5954,20.0,1190.7
53916,15.5954,20.0,1190.8
53917,15.5954,20.0,1190.8
53918,15.5954,20.0,1190.8
53919,15.5954,20.0,1190.8
53920,15.5954,20.0,1190.9
53921,15.5756,20.0,1190.9
53922,15.5756,20.0,1190.9
53923,15.5756,20.0,1190.9
53924,15.5756,20.0,1191.0
53925,15.5756,20.0,1191.0
53926,15.5756,20.0,1191.0
53927,15.5756,20.0,1191.0
53928,15.5756,20.0,1191.0
53929,15.5756,20.0,1191.1
53930,15.5756,20.0,1191.1
53931,15.5756,20.0,1191.1
53932,15.5756,20.0,1191.1
53933,15.5756,20.0,1191.1
53934,15.5756,20.0,1191.2
53935,15.5756,20.0,1191.2
53936,15.5756,20.0,1191.2
53937,15.5756,20.0,1191.2
53938,15.5756,20.0,1191.2
53939,15.5756,20.0,1191.3
53940,15.5756,20.0,1191.3
53941,15.5559,20.0,1191.3
53942,15.5559,20.0,1191.3
53943,15.5559,20.0,1191.3
53944,15.5559,20.0,1191.4
53945,15.5559,20.0,1191.4
53946,15.5559,20.0,1191.4
53947,15.5559,20.0,1191.4
53948,15.5559,20.0,1191.5
53949,15.5559,20.0,1191.5
53950,15.5559,20.0,1191.5
53951,15.5559,20.0,1191.5
53952,15.5559,20.0,1191.5
53953,15.5559,20.0,1191.6
53954,15.5559,20.0,1191.6
53955,15.5559,20.0,1191.6
53956,15.5559,20.0,1191.6
53957,15.5559,20.0,1191.6
53958,15.5559,20.0,1191.7
53959,15.5559,20.0,1191.7
53960,15.5559,20.0,1191.7
53961,15.5361,20.0,1191.7
53962,15.5361,20.0,1191.7
53963,15.5361,20.0,1191.8
53964,15.5361,20.0,1191.8
53965,15.5361,20.0,1191.8
53966,15.5361,20.0,1191.8
53967,15.5361,20.0,1191.8
53968,15.5361,20.0,1191.9
53969,15.5361,20.0,1191.9
53970,15.5361,20.0,1191.9
53971,15.5361,20.0,1191.9
53972,15.5361,20.0,1191.9
53973,15.5361,20.0,1192.0
53974,15.5361,20.0,1192.0
53975,15.5361,20.0,1192.0
53976,15.5361,20.0,1192.0
53977,15.5361,20.0,1192.0
53978,15.5361,20.0,1192.0
53979,15.5361,20.0,1192.1
53980,15.5361,20.0,1192.1
53981,15.5163,20.0,1192.1
53982,15.5163,20.0,1192.1
53983,15.5163,20.0,1192.1
53984,15.5163,20.0,1192.2
53985,15.5163,20.0,1192.2
53986,15.5163,20.0,1192.2
53987,15.5163,20.0,1192.2
53988,15.5163,20.0,1192.3
53989,15.5163,20.0,1192.3
53990,15.5163,20.0,1192.3
53991,15.5163,20.0,1192.3
53992,15.5163,20.0,1192.3
53993,15.5163,20.0,1192.4
53994,15.5163,20.0,1192.4
53995,15.5163,20.0,1192.4
53996,15.5163,20.0,1192.4
53997,15.5163,20.0,1192.4
53998,15.5163,20.0,1192.4
53999,15.5163,20.0,1192.5
54000,15.5163,20.0,1192.5
54001,15.4966,20.0,1192.5
54002,15.4966,20.0,1192.5
54003,15.4966,20.0,1192.5
54004,15.4966,20.0,1192.6
54005,15.4966,20.0,1192.6
54006,15.4966,20.0,1192.6
54007,15.4966,20.0,1192.6
54008,15.4966,20.0,1192.6
54009,15.4966,20.0,1192.7
54010,15.4966,20.0,1192.7
54011,15.4966,20.0,1192.7
54012,15.4966,20.0,1192.7
54013,15.4966,20.0,1192.7
54014,15.4966,20.0,1192.8
54015,15.4966,20.0,1192.8
54016,15.4966,20.0,1192.8
54017,15.4966,20.0,1192.8
54018,15.4966,20.0,1192.8
54019,15.4966,20.0,1192.9
54020,15.4966,20.0,1192.9
54021,15.4768,20.0,1192.9
54022,15.4768,20.0,1193.0
54023,15.4768,20.0,1193.0
54024,15.4768,20.0,1193.0
54025,15.4768,20.0,1193.1
54026,15.4768,20.0,1193.1
54027,15.4768,20.0,1193.1
54028,15.4768,20.0,1193.2
54029,15.4768,20.0,1193.2
54030,15.4768,20.0,1193.2
54031,15.4768,20.0,1193.2
54032,15.4768,20.0,1193.3
54033,15.4768,20.0,1193.3
54034,15.4768,20.0,1193.3
54035,15.4768,20.0,1193.3
54036,15.4768,20.0,1193.3
54037,15.4768,20.0,1193.4
54038,15.4768,20.0,1193.4
54039,15.4768,20.0,1193.4
54040,15.4768,20.0,1193.4
54041,15.4571,20.0,1193.5
54042,15.4571,20.0,1193.5
54043,15.4571,20.0,1193.5
54044,15.4571,20.0,1193.5
54045,15.4571,20.0,1193.5
54046,15.4571,20.0,1193.5
54047,15.4571,20.0,1193.6
54048,15.4571,20.0,1193.6
54049,15.4571,20.0,1193.6
54050,15.4571,20.0,1193.6
54051,15.4571,20.0,1193.6
54052,15.4571,20.0,1193.7
54053,15.4571,20.0,1193.7
54054,15.4571,20.0,1193.7
54055,15.4571,20.0,1193.7
54056,15.4571,20.0,1193.7
54057,15.4571,20.0,1193.8
54058,15.4571,20.0,1193.8
54059,15.4571,20.0,1193.8
54060,15.4571,20.0,1193.8
54061,15.4373,20.0,1193.8
54062,15.4373,20.0,1193.9
54063,15.4373,20.0,1193.9
54064,15.4373,20.0,1193.9
54065,15.4373,20.0,1193.9
54066,15.4373,20.0,1193.9
54067,15.4373,20.0,1194.0
54068,15.4373,20.0,1194.0
54069,15.4373,20.0,1194.0
54070,15.4373,20.0,1194.0
54071,15.4373,20.0,1194.1
54072,15.4373,20.0,1194.1
54073,15.4373,20.0,1194.1
54074,15.4373,20.0,1194.1
54075,15.4373,20.0,1194.1
54076,15.4373,20.0,1194.2
54077,15.4373,20.0,1194.2
54078,15.4373,20.0,1194.2
54079,15.4373,20.0,1194.2
54080,15.4373,20.0,1194.3
54081,15.4175,20.0,1194.3
54082,15.4175,20.0,1194.3
54083,15.4175,20.0,1194.3
54084,15.4175,20.0,1194.3
54085,15.4175,20.0,1194.4
54086,15.4175,20.0,1194.4
54087,15.4175,20.0,1194.4
54088,15.4175,20.0,1194.4
54089,15.4175,20.0,1194.5
54090,15.4175,20.0,1194.5
54091,15.4175,20.0,1194.5
54092,15.4175,20.0,1194.5
54093,15.4175,20.0,1194.5
54094,15.4175,20.0,1194.5
54095,15.4175,20.0,1194.6
54096,15.4175,20.0,1194.6
54097,15.4175,20.0,1194.6
54098,15.4175,20.0,1194.6
54099,15.4175,20.0,1194.7
54100,15.4175,20.0,1194.7
54101,15.3978,20.0,1194.7
54102,15.3978,20.0,1194.7
54103,15.3978,20.0,1194.7
54104,15.3978,20.0,1194.7
54105,15.3978,20.0,1194.8
54106,15.3978,20.0,1194.8
54107,15.3978,20.0,1194.8
54108,15.3978,20.0,1194.8
54109,15.3978,20.0,1194.8
54110,15.3978,20.0,1194.9
54111,15.3978,20.0,1194.9
54112,15.3978,20.0,1194.9
54113,15.3978,20.0,1194.9
54114,15.3978,20.0,1195.0
54115,15.3978,20.0,1195.0
54116,15.3978,20.0,1195.0
54117,15.3978,20.0,1195.0
54118,15.3978,20.0,1195.0
54119,15.3978,20.0,1195.1
54120,15.3978,20.0,1195.1
54121,15.3780,20.0,1195.1
54122,15.3780,20.0,1195.1
54123,15.3780,20.0,1195.1
54124,15.3780,20.0,1195.2
54125,15.3780,20.0,1195.2
54126,15.3780,20.0,1195.2
54127,15.3780,20.0,1195.2
54128,15.3780,20.0,1195.2
54129,15.3780,20.0,1195.3
54130,15.3780,20.0,1195.3
54131,15.3780,20.0,1195.3
54132,15.3780,20.0,1195.3
54133,15.3780,20.0,1195.4
54134,15.3780,20.0,1195.4
54135,15.3780,20.0,1195.4
54136,15.3780,20.0,1195.4
54137,15.3780,20.0,1195.4
54138,15.3780,20.0,1195.4
54139,15.3780,20.0,1195.5
54140,15.3780,20.0,1195.5
54141,15.3582,20.0,1195.5
54142,15.3582,20.0,1195.5
54143,15.3582,20.0,1195.6
54144,15.3582,20.0,1195.6
54145,15.3582,20.0,1195.6
54146,15.3582,20.0,1195.6
54147,15.3582,20.0,1195.6
54148,15.3582,20.0,1195.6
54149,15.3582,20.0,1195.7
54150,15.3582,20.0,1195.7
54151,15.3582,20.0,1195.7
54152,15.3582,20.0,1195.7
54153,15.3582,20.0,1195.8
54154,15.3582,20.0,1195.8
54155,15.3582,20.0,1195.8
54156,15.3582,20.0,1195.8
54157,15.3582,20.0,1195.9
54158,15.3582,20.0,1195.9
54159,15.3582,20.0,1195.9
54160,15.3582,20.0,1195.9
54161,15.3385,20.0,1195.9
54162,15.3385,20.0,1196.0
54163,15.3385,20.0,1196.0
54164,15.3385,20.0,1196.0
54165,15.3385,20.0,1196.0
54166,15.3385,20.0,1196.0
54167,15.3385,20.0,1196.1
54168,15.3385,20.0,1196.1
54169,15.3385,20.0,1196.1
54170,15.3385,20.0,1196.1
54171,15.3385,20.0,1196.1
54172,15.3385,20.0,1196.2
54173,15.3385,20.0,1196.2
54174,15.3385,20.0,1196.2
54175,15.3385,20.0,1196.2
54176,15.3385,20.0,1196.3
54177,15.3385,20.0,1196.3
54178,15.3385,20.0,1196.3
54179,15.3385,20.0,1196.3
54180,15.3385,20.0,1196.3
54181,15.3187,20.0,1196.4
54182,15.3187,20.0,1196.4
54183,15.3187,20.0,1196.4
54184,15.3187,20.0,1196.4
54185,15.3187,20.0,1196.4
54186,15.3187,20.0,1196.5
54187,15.3187,20.0,1196.5
54188,15.3187,20.0,1196.5
54189,15.3187,20.0,1196.5
54190,15.3187,20.0,1196.6
54191,15.3187,20.0,1196.6
54192,15.3187,20.0,1196.6
54193,15.3187,20.0,1196.6
54194,15.3187,20.0,1196.6
54195,15.3187,20.0,1196.7
54196,15.3187,20.0,1196.7
54197,15.3187,20.0,1196.7
54198,15.3187,20.0,1196.7
54199,15.3187,20.0,1196.8
54200,15.3187,20.0,1196.8
54201,15.2989,20.0,1196.8
54202,15.2989,20.0,1196.8
54203,15.2989,20.0,1196.9
54204,15.2989,20.0,1196.9
54205,15.2989,20.0,1196.9
54206,15.2989,20.0,1196.9
54207,15.2989,20.0,1196.9
54208,15.2989,20.0,1197.0
54209,15.2989,20.0,1197.0
54210,15.2989,20.0,1197.0
54211,15.2989,20.0,1197.0
54212,15.2989,20.0,1197.0
54213,15.2989,20.0,1197.1
54214,15.2989,20.0,1197.1
54215,15.2989,20.0,1197.1
54216,15.2989,20.0,1197.1
54217,15.2989,20.0,1197.1
54218,15.2989,20.0,1197.2
54219,15.2989,20.0,1197.2
54220,15.2989,20.0,1197.2
54221,15.2792,20.0,1197.2
54222,15.2792,20.0,1197.3
54223,15.2792,20.0,1197.3
54224,15.2792,20.0,1197.3
54225,15.2792,20.0,1197.3
54226,15.2792,20.0,1197.3
54227,15.2792,20.0,1197.4
54228,15.2792,20.0,1197.4
54229,15.2792,20.0,1197.4
54230,15.2792,20.0,1197.4
54231,15.2792,20.0,1197.4
54232,15.2792,20.0,1197.5
54233,15.2792,20.0,1197.5
54234,15.2792,20.0,1197.5
54235,15.2792,20.0,1197.5
54236,15.2792,20.0,1197.5
54237,15.2792,20.0,1197.6
54238,15.2792,20.0,1197.6
54239,15.2792,20.0,1197.6
54240,15.2792,20.0,1197.6
54241,15.2395,20.0,1197.7
54242,15.2395,20.0,1197.7
54243,15.2395,20.0,1197.7
54244,15.2395,20.0,1197.7
54245,15.2395,20.0,1197.8
54246,15.2395,20.0,1197.8
54247,15.2395,20.0,1197.8
54248,15.2395,20.0,1197.8
54249,15.2395,20.0,1197.8
54250,15.2395,20.0,1197.9
54251,15.2395,20.0,1197.9
54252,15.2395,20.0,1197.9
54253,15.2395,20.0,1197.9
54254,15.2395,20.0,1198.0
54255,15.2395,20.0,1198.0
54256,15.2395,20.0,1198.0
54257,15.2395,20.0,1198.0
54258,15.2395,20.0,1198.0
54259,15.2395,20.0,1198.1
54260,15.2395,20.0,1198.1
54261,15.1998,20.0,1198.1
54262,15.1998,20.0,1198.1
54263,15.1998,20.0,1198.1
54264,15.1998,20.0,1198.2
54265,15.1998,20.0,1198.2
54266,15.1998,20.0,1198.2
54267,15.1998,20.0,1198.2
54268,15.1998,20.0,1198.3
54269,15.1998,20.0,1198.3
54270,15.1998,20.0,1198.3
54271,15.1998,20.0,1198.3
54272,15.1998,20.0,1198.3
54273,15.1998,20.0,1198.6
54274,15.1998,20.0,1198.6
54275,15.1998,20.0,1198.7
54276,15.1998,20.0,1198.7
54277,15.1998,20.0,1198.7
54278,15.1998,20.0,1198.7
54279,15.1998,20.0,1198.7
54280,15.1998,20.0,1198.8
54281,15.1800,20.0,1198.8
54282,15.1800,20.0,1198.8
54283,15.1800,20.0,1198.8
54284,15.1800,20.0,1198.8
54285,15.1800,20.0,1198.9
54286,15.1800,20.0,1198.9
54287,15.1800,20.0,1198.9
54288,15.1800,20.0,1198.9
54289,15.1800,20.0,1198.9
54290,15.1800,20.0,1199.0
54291,15.1800,20.0,1199.0
54292,15.1800,20.0,1199.0
54293,15.1800,20.0,1199.0
54294,15.1800,20.0,1199.0
54295,15.1800,20.0,1199.1
54296,15.1800,20.0,1199.1
54297,15.1800,20.0,1199.1
54298,15.1800,20.0,1199.1
54299,15.1800,20.0,1199.1
54300,15.1800,20.0,1199.2
54301,15.1407,20.0,1199.2
54302,15.1407,20.0,1199.2
54303,15.1407,20.0,1199.2
54304,15.1407,20.0,1199.2
54305,15.1407,20.0,1199.3
54306,15.1407,20.0,1199.3
54307,15.1407,20.0,1199.3
54308,15.1407,20.0,1199.3
54309,15.1407,20.0,1199.3
54310,15.1407,20.0,1199.4
54311,15.1407,20.0,1199.4
54312,15.1407,20.0,1199.4
54313,15.1407,20.0,1199.4
54314,15.1407,20.0,1199.4
54315,15.1407,20.0,1199.5
54316,15.1407,20.0,1199.5
54317,15.1407,20.0,1199.5
54318,15.1407,20.0,1199.5
54319,15.1407,20.0,1199.5
54320,15.1407,20.0,1199.6
54321,15.1014,20.0,1199.6
54322,15.1014,20.0,1199.6
54323,15.1014,20.0,1199.6
54324,15.1014,20.0,1199.6
54325,15.1014,20.0,1199.7
54326,15.1014,20.0,1199.7
54327,15.1014,20.0,1199.7
54328,15.1014,20.0,1199.7
54329,15.1014,20.0,1199.7
54330,15.1014,20.0,1199.8
54331,15.1014,20.0,1199.8
54332,15.1014,20.0,1199.8
54333,15.1014,20.0,1199.8
54334,15.1014,20.0,1199.9
54335,15.1014,20.0,1199.9
54336,15.1014,20.0,1199.9
54337,15.1014,20.0,1199.9
54338,15.1014,20.0,1200.0
54339,15.1014,20.0,1200.0
54340,15.1014,20.0,1200.0
54341,15.0622,20.0,1200.0
54342,15.0622,20.0,1200.0
54343,15.0622,20.0,1200.1
54344,15.0622,20.0,1200.1
54345,15.0622,20.0,1200.1
54346,15.0622,20.0,1200.1
54347,15.0622,20.0,1200.1
54348,15.0622,20.0,1200.2
54349,15.0622,20.0,1200.2
54350,15.0622,20.0,1200.2
54351,15.0622,20.0,1200.2
54352,15.0622,20.0,1200.3
54353,15.0622,20.0,1200.3
54354,15.0622,20.0,1200.3
54355,15.0622,20.0,1200.3
54356,15.0622,20.0,1200.3
54357,15.0622,20.0,1200.4
54358,15.0622,20.0,1200.4
54359,15.0622,20.0,1200.4
54360,15.0622,20.0,1200.4
54361,15.0229,20.0,1200.4
54362,15.0229,20.0,1200.5
54363,15.0229,20.0,1200.5
54364,15.0229,20.0,1200.5
54365,15.0229,20.0,1200.5
54366,15.0229,20.0,1200.6
54367,15.0229,20.0,1200.6
54368,15.0229,20.0,1200.6
54369,15.0229,20.0,1200.6
54370,15.0229,20.0,1200.6
54371,15.0229,20.0,1200.6
54372,15.0229,20.0,1200.7
54373,15.0229,20.0,1200.7
54374,15.0229,20.0,1200.7
54375,15.0229,20.0,1200.7
54376,15.0229,20.0,1200.8
54377,15.0229,20.0,1200.8
54378,15.0229,20.0,1200.8
54379,15.0229,20.0,1200.8
54380,15.0229,20.0,1200.8
54381,14.9836,20.0,1200.9
54382,14.9836,20.0,1200.9
54383,14.9836,20.0,1200.9
54384,14.9836,20.0,1200.9
54385,14.9836,20.0,1200.9
54386,14.9836,20.0,1201.0
54387,14.9836,20.0,1201.0
54388,14.9836,20.0,1201.0
54389,14.9836,20.0,1201.0
54390,14.9836,20.0,1201.0
54391,14.9836,20.0,1201.1
54392,14.9836,20.0,1201.1
54393,14.9836,20.0,1201.1
54394,14.9836,20.0,1201.1
54395,14.9836,20.0,1201.1
54396,14.9836,20.0,1201.2
54397,14.9836,20.0,1201.2
54398,14.9836,20.0,1201.2
54399,14.9836,20.0,1201.2
54400,14.9836,20.0,1201.3
54401,14.9443,20.0,1201.3
54402,14.9443,20.0,1201.3
54403,14.9443,20.0,1201.3
54404,14.9443,20.0,1201.3
54405,14.9443,20.0,1201.4
54406,14.9443,20.0,1201.4
54407,14.9443,20.0,1201.4
54408,14.9443,20.0,1201.4
54409,14.9443,20.0,1201.4
54410,14.9443,20.0,1201.5
54411,14.9443,20.0,1201.5
54412,14.9443,20.0,1201.5
54413,14.9443,20.0,1201.5
54414,14.9443,20.0,1201.5
54415,14.9443,20.0,1201.6
54416,14.9443,20.0,1201.6
54417,14.9443,20.0,1201.6
54418,14.9443,20.0,1201.6
54419,14.9443,20.0,1201.6
54420,14.9443,20.0,1201.6
54421,14.9050,20.0,1201.7
54422,14.9050,20.0,1201.7
54423,14.9050,20.0,1201.7
54424,14.9050,20.0,1201.7
54425,14.9050,20.0,1201.7
54426,14.9050,20.0,1201.8
54427,14.9050,20.0,1201.8
54428,14.9050,20.0,1201.8
54429,14.9050,20.0,1201.8
54430,14.9050,20.0,1201.8
54431,14.9050,20.0,1201.9
54432,14.9050,20.0,1201.9
54433,14.9050,20.0,1201.9
54434,14.9050,20.0,1201.9
54435,14.9050,20.0,1201.9
54436,14.9050,20.0,1202.0
54437,14.9050,20.0,1202.0
54438,14.9050,20.0,1202.0
54439,14.9050,20.0,1202.0
54440,14.9050,20.0,1202.1
54441,14.8658,20.0,1202.1
54442,14.8658,20.0,1202.1
54443,14.8658,20.0,1202.1
54444,14.8658,20.0,1202.2
54445,14.8658,20.0,1202.2
54446,14.8658,20.0,1202.2
54447,14.8658,20.0,1202.2
54448,14.8658,20.0,1202.2
54449,14.8658,20.0,1202.3
54450,14.8658,20.0,1202.3
54451,14.8658,20.0,1202.3
54452,14.8658,20.0,1202.3
54453,14.8658,20.0,1202.3
54454,14.8658,20.0,1202.4
54455,14.8658,20.0,1202.4
54456,14.8658,20.0,1202.4
54457,14.8658,20.0,1202.4
54458,14.8658,20.0,1202.4
54459,14.8658,20.0,1202.5
54460,14.8658,20.0,1202.5
54461,14.8265,20.0,1202.5
54462,14.8265,20.0,1202.5
54463,14.8265,20.0,1202.5
54464,14.8265,20.0,1202.6
54465,14.8265,20.0,1202.6
54466,14.8265,20.0,1202.6
54467,14.8265,20.0,1202.6
54468,14.8265,20.0,1202.6
54469,14.8265,20.0,1202.7
54470,14.8265,20.0,1202.7
54471,14.8265,20.0,1202.7
54472,14.8265,20.0,1202.7
54473,14.8265,20.0,1202.7
54474,14.8265,20.0,1202.7
54475,14.8265,20.0,1202.8
54476,14.8265,20.0,1202.8
54477,14.8265,20.0,1202.8
54478,14.8265,20.0,1202.9
54479,14.8265,20.0,1202.9
54480,14.8265,20.0,1202.9
54481,14.7872,20.0,1202.9
54482,14.7872,20.0,1202.9
54483,14.7872,20.0,1203.0
54484,14.7872,20.0,1203.0
54485,14.7872,20.0,1203.0
54486,14.7872,20.0,1203.0
54487,14.7872,20.0,1203.0
54488,14.7872,20.0,1203.1
54489,14.7872,20.0,1203.1
54490,14.7872,20.0,1203.1
54491,14.7872,20.0,1203.1
54492,14.7872,20.0,1203.2
54493,14.7872,20.0,1203.2
54494,14.7872,20.0,1203.2
54495,14.7872,20.0,1203.2
54496,14.7872,20.0,1203.2
54497,14.7872,20.0,1203.3
54498,14.7872,20.0,1203.3
54499,14.7872,20.0,1203.3
54500,14.7872,20.0,1203.3
54501,14.7479,20.0,1203.3
54502,14.7479,20.0,1203.3
54503,14.7479,20.0,1203.4
54504,14.7479,20.0,1203.4
54505,14.7479,20.0,1203.4
54506,14.7479,20.0,1203.4
54507,14.7479,20.0,1203.4
54508,14.7479,20.0,1203.5
54509,14.7479,20.0,1203.5
54510,14.7479,20.0,1203.5
54511,14.7479,20.0,1203.5
54512,14.7479,20.0,1203.5
54513,14.7479,20.0,1203.6
54514,14.7479,20.0,1203.6
54515,14.7479,20.0,1203.6
54516,14.7479,20.0,1203.6
54517,14.7479,20.0,1203.7
54518,14.7479,20.0,1203.7
54519,14.7479,20.0,1203.7
54520,14.7479,20.0,1203.7
54521,14.7086,20.0,1203.7
54522,14.7086,20.0,1203.7
54523,14.7086,20.0,1203.8
54524,14.7086,20.0,1203.8
54525,14.7086,20.0,1203.8
54526,14.7086,20.0,1203.8
54527,14.7086,20.0,1203.9
54528,14.7086,20.0,1203.9
54529,14.7086,20.0,1203.9
54530,14.7086,20.0,1203.9
54531,14.7086,20.0,1204.0
54532,14.7086,20.0,1204.0
54533,14.7086,20.0,1204.0
54534,14.7086,20.0,1204.0
54535,14.7086,20.0,1204.0
54536,14.7086,20.0,1204.0
54537,14.7086,20.0,1204.1
54538,14.7086,20.0,1204.1
54539,14.7086,20.0,1204.1
54540,14.7086,20.0,1204.1
54541,14.6693,20.0,1204.2
54542,14.6693,20.0,1204.2
54543,14.6693,20.0,1204.2
54544,14.6693,20.0,1204.2
54545,14.6693,20.0,1204.2
54546,14.6693,20.0,1204.3
54547,14.6693,20.0,1204.3
54548,14.6693,20.0,1204.3
54549,14.6693,20.0,1204.3
54550,14.6693,20.0,1204.3
54551,14.6693,20.0,1204.4
54552,14.6693,20.0,1204.4
54553,14.6693,20.0,1204.4
54554,14.6693,20.0,1204.4
54555,14.6693,20.0,1204.5
54556,14.6693,20.0,1204.5
54557,14.6693,20.0,1204.5
54558,14.6693,20.0,1204.5
54559,14.6693,20.0,1204.6
54560,14.6693,20.0,1204.6
54561,14.6301,20.0,1204.6
54562,14.6301,20.0,1204.6
54563,14.6301,20.0,1204.6
54564,14.6301,20.0,1204.7
54565,14.6301,20.0,1204.7
54566,14.6301,20.0,1204.7
54567,14.6301,20.0,1204.7
54568,14.6301,20.0,1204.8
54569,14.6301,20.0,1204.8
54570,14.6301,20.0,1204.8
54571,14.6301,20.0,1204.8
54572,14.6301,20.0,1204.8
54573,14.6301,20.0,1204.9
54574,14.6301,20.0,1204.9
54575,14.6301,20.0,1204.9
54576,14.6301,20.0,1204.9
54577,14.6301,20.0,1204.9
54578,14.6301,20.0,1205.0
54579,14.6301,20.0,1205.0
54580,14.6301,20.0,1205.0
54581,14.5908,20.0,1205.0
54582,14.5908,20.0,1205.1
54583,14.5908,20.0,1205.1
54584,14.5908,20.0,1205.1
54585,14.5908,20.0,1205.1
54586,14.5908,20.0,1205.1
54587,14.5908,20.0,1205.2
54588,14.5908,20.0,1205.2
54589,14.5908,20.0,1205.2
54590,14.5908,20.0,1205.2
54591,14.5908,20.0,1205.2
54592,14.5908,20.0,1205.3
54593,14.5908,20.0,1205.3
54594,14.5908,20.0,1205.3
54595,14.5908,20.0,1205.3
54596,14.5908,20.0,1205.4
54597,14.5908,20.0,1205.4
54598,14.5908,20.0,1205.4
54599,14.5908,20.0,1205.4
54600,14.5908,20.0,1205.5
54601,14.5515,20.0,1205.5
54602,14.5515,20.0,1205.5
54603,14.5515,20.0,1205.5
54604,14.5515,20.0,1205.5
54605,14.5515,20.0,1205.6
54606,14.5515,20.0,1205.6
54607,14.5515,20.0,1205.6
54608,14.5515,20.0,1205.6
54609,14.5515,20.0,1205.6
54610,14.5515,20.0,1205.7
54611,14.5515,20.0,1205.7
54612,14.5515,20.0,1205.7
54613,14.5515,20.0,1205.7
54614,14.5515,20.0,1205.7
54615,14.5515,20.0,1205.8
54616,14.5515,20.0,1205.8
54617,14.5515,20.0,1205.8
54618,14.5515,20.0,1205.8
54619,14.5515,20.0,1205.8
54620,14.5515,20.0,1205.9
54621,14.5122,20.0,1205.9
54622,14.5122,20.0,1205.9
54623,14.5122,20.0,1205.9
54624,14.5122,20.0,1206.0
54625,14.5122,20.0,1206.0
54626,14.5122,20.0,1206.0
54627,14.5122,20.0,1206.0
54628,14.5122,20.0,1206.1
54629,14.5122,20.0,1206.1
54630,14.5122,20.0,1206.1
54631,14.5122,20.0,1206.1
54632,14.5122,20.0,1206.1
54633,14.5122,20.0,1206.2
54634,14.5122,20.0,1206.2
54635,14.5122,20.0,1206.2
54636,14.5122,20.0,1206.2
54637,14.5122,20.0,1206.3
54638,14.5122,20.0,1206.3
54639,14.5122,20.0,1206.3
54640,14.5122,20.0,1206.3
54641,14.4729,20.0,1206.4
54642,14.4729,20.0,1206.4
54643,14.4729,20.0,1206.4
54644,14.4729,20.0,1206.4
54645,14.4729,20.0,1206.4
54646,14.4729,20.0,1206.5
54647,14.4729,20.0,1206.5
54648,14.4729,20.0,1206.5
54649,14.4729,20.0,1206.5
54650,14.4729,20.0,1206.6
54651,14.4729,20.0,1206.6
54652,14.4729,20.0,1206.6
54653,14.4729,20.0,1206.6
54654,14.4729,20.0,1206.6
54655,14.4729,20.0,1206.7
54656,14.4729,20.0,1206.7
54657,14.4729,20.0,1206.7
54658,14.4729,20.0,1206.7
54659,14.4729,20.0,1206.8
54660,14.4729,20.0,1206.8
54661,14.4336,20.0,1206.8
54662,14.4336,20.0,1206.8
54663,14.4336,20.0,1206.9
54664,14.4336,20.0,1206.9
54665,14.4336,20.0,1206.9
54666,14.4336,20.0,1206.9
54667,14.4336,20.0,1206.9
54668,14.4336,20.0,1207.0
54669,14.4336,20.0,1207.0
54670,14.4336,20.0,1207.0
54671,14.4336,20.0,1207.0
54672,14.4336,20.0,1207.1
54673,14.4336,20.0,1207.1
54674,14.4336,20.0,1207.1
54675,14.4336,20.0,1207.1
54676,14.4336,20.0,1207.2
54677,14.4336,20.0,1207.2
54678,14.4336,20.0,1207.2
54679,14.4336,20.0,1207.2
54680,14.4336,20.0,1207.3
54681,14.3944,20.0,1207.3
54682,14.3944,20.0,1207.3
54683,14.3944,20.0,1207.3
54684,14.3944,20.0,1207.3
54685,14.3944,20.0,1207.4
54686,14.3944,20.0,1207.4
54687,14.3944,20.0,1207.4
54688,14.3944,20.0,1207.4
54689,14.3944,20.0,1207.5
54690,14.3944,20.0,1207.5
54691,14.3944,20.0,1207.5
54692,14.3944,20.0,1207.5
54693,14.3944,20.0,1207.6
54694,14.3944,20.0,1207.6
54695,14.3944,20.0,1207.6
54696,14.3944,20.0,1207.6
54697,14.3944,20.0,1207.6
54698,14.3944,20.0,1207.7
54699,14.3944,20.0,1207.7
54700,14.3944,20.0,1207.7
54701,14.3551,20.0,1207.7
54702,14.3551,20.0,1207.8
54703,14.3551,20.0,1207.8
54704,14.3551,20.0,1207.8
54705,14.3551,20.0,1207.8
54706,14.3551,20.0,1207.8
54707,14.3551,20.0,1207.9
54708,14.3551,20.0,1207.9
54709,14.3551,20.0,1207.9
54710,14.3551,20.0,1207.9
54711,14.3551,20.0,1208.0
54712,14.3551,20.0,1208.0
54713,14.3551,20.0,1208.0
54714,14.3551,20.0,1208.0
54715,14.3551,20.0,1208.0
54716,14.3551,20.0,1208.1
54717,14.3551,20.0,1208.1
54718,14.3551,20.0,1208.1
54719,14.3551,20.0,1208.1
54720,14.3551,20.0,1208.2
54721,14.3158,20.0,1208.2
54722,14.3158,20.0,1208.2
54723,14.3158,20.0,1208.2
54724,14.3158,20.0,1208.3
54725,14.3158,20.0,1208.3
54726,14.3158,20.0,1208.3
54727,14.3158,20.0,1208.3
54728,14.3158,20.0,1208.3
54729,14.3158,20.0,1208.4
54730,14.3158,20.0,1208.4
54731,14.3158,20.0,1208.4
54732,14.3158,20.0,1208.4
54733,14.3158,20.0,1208.4
54734,14.3158,20.0,1208.5
54735,14.3158,20.0,1208.5
54736,14.3158,20.0,1208.5
54737,14.3158,20.0,1208.5
54738,14.3158,20.0,1208.5
54739,14.3158,20.0,1208.6
54740,14.3158,20.0,1208.6
54741,14.2761,20.0,1208.6
54742,14.2761,20.0,1208.6
54743,14.2761,20.0,1208.7
54744,14.2761,20.0,1208.7
54745,14.2761,20.0,1208.7
54746,14.2761,20.0,1208.7
54747,14.2761,20.0,1208.8
54748,14.2761,20.0,1208.8
54749,14.2761,20.0,1208.8
54750,14.2761,20.0,1208.8
54751,14.2761,20.0,1208.9
54752,14.2761,20.0,1208.9
54753,14.2761,20.0,1208.9
54754,14.2761,20.0,1208.9
54755,14.2761,20.0,1209.0
54756,14.2761,20.0,1209.0
54757,14.2761,20.0,1209.0
54758,14.2761,20.0,1209.0
54759,14.2761,20.0,1209.0
54760,14.2761,20.0,1209.1
54761,14.2361,20.0,1209.1
54762,14.2361,20.0,1209.1
54763,14.2361,20.0,1209.1
54764,14.2361,20.0,1209.2
54765,14.2361,20.0,1209.2
54766,14.2361,20.0,1209.2
54767,14.2361,20.0,1209.2
54768,14.2361,20.0,1209.2
54769,14.2361,20.0,1209.2
54770,14.2361,20.0,1209.3
54771,14.2361,20.0,1209.3
54772,14.2361,20.0,1209.3
54773,14.2361,20.0,1209.3
54774,14.2361,20.0,1209.4
54775,14.2361,20.0,1209.4
54776,14.2361,20.0,1209.4
54777,14.2361,20.0,1209.4
54778,14.2361,20.0,1209.5
54779,14.2361,20.0,1209.5
54780,14.2361,20.0,1209.5
54781,14.1960,20.0,1209.5
54782,14.1960,20.0,1209.6
54783,14.1960,20.0,1209.6
54784,14.1960,20.0,1209.6
54785,14.1960,20.0,1209.9
54786,14.1960,20.0,1210.0
54787,14.1960,20.0,1210.0
54788,14.1960,20.0,1210.0
54789,14.1960,20.0,1210.0
54790,14.1960,20.0,1210.0
54791,14.1960,20.0,1210.1
54792,14.1960,20.0,1210.1
54793,14.1960,20.0,1210.1
54794,14.1960,20.0,1210.1
54795,14.1960,20.0,1210.2
54796,14.1960,20.0,1210.2
54797,14.1960,20.0,1210.2
54798,14.1960,20.0,1210.2
54799,14.1960,20.0,1210.2
54800,14.1960,20.0,1210.3
54801,14.1759,20.0,1210.3
54802,14.1759,20.0,1210.3
54803,14.1759,20.0,1210.3
54804,14.1759,20.0,1210.3
54805,14.1759,20.0,1210.4
54806,14.1759,20.0,1210.4
54807,14.1759,20.0,1210.4
54808,14.1759,20.0,1210.4
54809,14.1759,20.0,1210.5
54810,14.1759,20.0,1210.5
54811,14.1759,20.0,1210.5
54812,14.1759,20.0,1210.5
54813,14.1759,20.0,1210.5
54814,14.1759,20.0,1210.6
54815,14.1759,20.0,1210.6
54816,14.1759,20.0,1210.6
54817,14.1759,20.0,1210.6
54818,14.1759,20.0,1210.7
54819,14.1759,20.0,1210.7
54820,14.1759,20.0,1210.7
54821,14.1558,20.0,1210.7
54822,14.1558,20.0,1210.8
54823,14.1558,20.0,1210.8
54824,14.1558,20.0,1210.8
54825,14.1558,20.0,1210.8
54826,14.1558,20.0,1210.9
54827,14.1558,20.0,1210.9
54828,14.1558,20.0,1210.9
54829,14.1558,20.0,1210.9
54830,14.1558,20.0,1211.0
54831,14.1558,20.0,1211.0
54832,14.1558,20.0,1211.0
54833,14.1558,20.0,1211.0
54834,14.1558,20.0,1211.1
54835,14.1558,20.0,1211.1
54836,14.1558,20.0,1211.1
54837,14.1558,20.0,1211.1
54838,14.1558,20.0,1211.2
54839,14.1558,20.0,1211.2
54840,14.1558,20.0,1211.2
54841,14.1357,20.0,1211.2
54842,14.1357,20.0,1211.3
54843,14.1357,20.0,1211.3
54844,14.1357,20.0,1211.3
54845,14.1357,20.0,1211.3
54846,14.1357,20.0,1211.4
54847,14.1357,20.0,1211.4
54848,14.1357,20.0,1211.4
54849,14.1357,20.0,1211.4
54850,14.1357,20.0,1211.5
54851,14.1357,20.0,1211.5
54852,14.1357,20.0,1211.5
54853,14.1357,20.0,1211.5
54854,14.1357,20.0,1211.6
54855,14.1357,20.0,1211.6
54856,14.1357,20.0,1211.6
54857,14.1357,20.0,1211.6
54858,14.1357,20.0,1211.7
54859,14.1357,20.0,1211.7
54860,14.1357,20.0,1211.7
54861,14.1155,20.0,1211.7
54862,14.1155,20.0,1211.7
54863,14.1155,20.0,1211.8
54864,14.1155,20.0,1211.8
54865,14.1155,20.0,1211.8
54866,14.1155,20.0,1211.8
54867,14.1155,20.0,1211.9
54868,14.1155,20.0,1211.9
54869,14.1155,20.0,1211.9
54870,14.1155,20.0,1211.9
54871,14.1155,20.0,1211.9
54872,14.1155,20.0,1212.0
54873,14.1155,20.0,1212.0
54874,14.1155,20.0,1212.0
54875,14.1155,20.0,1212.0
54876,14.1155,20.0,1212.1
54877,14.1155,20.0,1212.1
54878,14.1155,20.0,1212.1
54879,14.1155,20.0,1212.1
54880,14.1155,20.0,1212.1
54881,14.0954,20.0,1212.2
54882,14.0954,20.0,1212.2
54883,14.0954,20.0,1212.2
54884,14.0954,20.0,1212.2
54885,14.0954,20.0,1212.3
54886,14.0954,20.0,1212.3
54887,14.0954,20.0,1212.3
54888,14.0954,20.0,1212.3
54889,14.0954,20.0,1212.3
54890,14.0954,20.0,1212.4
54891,14.0954,20.0,1212.4
54892,14.0954,20.0,1212.4
54893,14.0954,20.0,1212.4
54894,14.0954,20.0,1212.4
54895,14.0954,20.0,1212.5
54896,14.0954,20.0,1212.5
54897,14.0954,20.0,1212.5
54898,14.0954,20.0,1212.5
54899,14.0954,20.0,1212.6
54900,14.0954,20.0,1212.6
54901,14.0753,20.0,1212.6
54902,14.0753,20.0,1212.6
54903,14.0753,20.0,1212.6
54904,14.0753,20.0,1212.7
54905,14.0753,20.0,1212.7
54906,14.0753,20.0,1212.7
54907,14.0753,20.0,1212.7
54908,14.0753,20.0,1212.7
54909,14.0753,20.0,1212.8
54910,14.0753,20.0,1212.8
54911,14.0753,20.0,1212.8
54912,14.0753,20.0,1212.9
54913,14.0753,20.0,1212.9
54914,14.0753,20.0,1212.9
54915,14.0753,20.0,1212.9
54916,14.0753,20.0,1212.9
54917,14.0753,20.0,1213.0
54918,14.0753,20.0,1213.0
54919,14.0753,20.0,1213.0
54920,14.0753,20.0,1213.0
54921,14.0552,20.0,1213.1
54922,14.0552,20.0,1213.1
54923,14.0552,20.0,1213.1
54924,14.0552,20.0,1213.1
54925,14.0552,20.0,1213.2
54926,14.0552,20.0,1213.2
54927,14.0552,20.0,1213.2
54928,14.0552,20.0,1213.2
54929,14.0552,20.0,1213.3
54930,14.0552,20.0,1213.3
54931,14.0552,20.0,1213.3
54932,14.0552,20.0,1213.3
54933,14.0552,20.0,1213.3
54934,14.0552,20.0,1213.3
54935,14.0552,20.0,1213.4
54936,14.0552,20.0,1213.4
54937,14.0552,20.0,1213.4
54938,14.0552,20.0,1213.4
54939,14.0552,20.0,1213.5
54940,14.0552,20.0,1213.5
54941,14.0351,20.0,1213.5
54942,14.0351,20.0,1213.5
54943,14.0351,20.0,1213.6
54944,14.0351,20.0,1213.6
54945,14.0351,20.0,1213.6
54946,14.0351,20.0,1213.6
54947,14.0351,20.0,1213.7
54948,14.0351,20.0,1213.7
54949,14.0351,20.0,1213.7
54950,14.0351,20.0,1213.7
54951,14.0351,20.0,1213.7
54952,14.0351,20.0,1213.8
54953,14.0351,20.0,1213.8
54954,14.0351,20.0,1213.8
54955,14.0351,20.0,1213.8
54956,14.0351,20.0,1213.9
54957,14.0351,20.0,1213.9
54958,14.0351,20.0,1213.9
54959,14.0351,20.0,1213.9
54960,14.0351,20.0,1214.0
54961,14.0149,20.0,1214.0
54962,14.0149,20.0,1214.0
54963,14.0149,20.0,1214.0
54964,14.0149,20.0,1214.1
54965,14.0149,20.0,1214.1
54966,14.0149,20.0,1214.1
54967,14.0149,20.0,1214.1
54968,14.0149,20.0,1214.1
54969,14.0149,20.0,1214.2
54970,14.0149,20.0,1214.2
54971,14.0149,20.0,1214.2
54972,14.0149,20.0,1214.2
54973,14.0149,20.0,1214.2
54974,14.0149,20.0,1214.3
54975,14.0149,20.0,1214.3
54976,14.0149,20.0,1214.3
54977,14.0149,20.0,1214.3
54978,14.0149,20.0,1214.4
54979,14.0149,20.0,1214.4
54980,14.0149,20.0,1214.4
54981,13.9948,20.0,1214.4
54982,13.9948,20.0,1214.4
54983,13.9948,20.0,1214.5
54984,13.9948,20.0,1214.5
54985,13.9948,20.0,1214.5
54986,13.9948,20.0,1214.5
54987,13.9948,20.0,1214.5
54988,13.9948,20.0,1214.6
54989,13.9948,20.0,1214.6
54990,13.9948,20.0,1214.6
54991,13.9948,20.0,1214.6
54992,13.9948,20.0,1214.6
54993,13.9948,20.0,1214.7
54994,13.9948,20.0,1214.7
54995,13.9948,20.0,1214.7
54996,13.9948,20.0,1214.7
54997,13.9948,20.0,1214.8
54998,13.9948,20.0,1214.8
54999,13.9948,20.0,1214.8
55000,13.9948,20.0,1214.8
55001,13.9747,20.0,1214.8
55002,13.9747,20.0,1214.9
55003,13.9747,20.0,1214.9
55004,13.9747,20.0,1214.9
55005,13.9747,20.0,1214.9
55006,13.9747,20.0,1214.9
55007,13.9747,20.0,1215.0
55008,13.9747,20.0,1215.0
55009,13.9747,20.0,1215.0
55010,13.9747,20.0,1215.0
55011,13.9747,20.0,1215.1
55012,13.9747,20.0,1215.1
55013,13.9747,20.0,1215.1
55014,13.9747,20.0,1215.1
55015,13.9747,20.0,1215.2
55016,13.9747,20.0,1215.2
55017,13.9747,20.0,1215.2
55018,13.9747,20.0,1215.2
55019,13.9747,20.0,1215.2
55020,13.9747,20.0,1215.3
55021,13.9546,20.0,1215.3
55022,13.9546,20.0,1215.3
55023,13.9546,20.0,1215.3
55024,13.9546,20.0,1215.4
55025,13.9546,20.0,1215.4
55026,13.9546,20.0,1215.4
55027,13.9546,20.0,1215.5
55028,13.9546,20.0,1215.5
55029,13.9546,20.0,1215.6
55030,13.9546,20.0,1215.6
55031,13.9546,20.0,1215.6
55032,13.9546,20.0,1215.6
55033,13.9546,20.0,1215.7
55034,13.9546,20.0,1215.7
55035,13.9546,20.0,1215.7
55036,13.9546,20.0,1215.7
55037,13.9546,20.0,1215.8
55038,13.9546,20.0,1215.8
55039,13.9546,20.0,1215.8
55040,13.9546,20.0,1215.9
55041,13.9345,20.0,1215.9
55042,13.9345,20.0,1215.9
55043,13.9345,20.0,1215.9
55044,13.9345,20.0,1215.9
55045,13.9345,20.0,1216.0
55046,13.9345,20.0,1216.0
55047,13.9345,20.0,1216.0
55048,13.9345,20.0,1216.0
55049,13.9345,20.0,1216.1
55050,13.9345,20.0,1216.1
55051,13.9345,20.0,1216.1
55052,13.9345,20.0,1216.1
55053,13.9345,20.0,1216.2
55054,13.9345,20.0,1216.2
55055,13.9345,20.0,1216.2
55056,13.9345,20.0,1216.2
55057,13.9345,20.0,1216.2
55058,13.9345,20.0,1216.3
55059,13.9345,20.0,1216.3
55060,13.9345,20.0,1216.3
55061,13.9143,20.0,1216.3
55062,13.9143,20.0,1216.4
55063,13.9143,20.0,1216.4
55064,13.9143,20.0,1216.4
55065,13.9143,20.0,1216.4
55066,13.9143,20.0,1216.4
55067,13.9143,20.0,1216.5
55068,13.9143,20.0,1216.5
55069,13.9143,20.0,1216.5
55070,13.9143,20.0,1216.5
55071,13.9143,20.0,1216.5
55072,13.9143,20.0,1216.6
55073,13.9143,20.0,1216.6
55074,13.9143,20.0,1216.6
55075,13.9143,20.0,1216.6
55076,13.9143,20.0,1216.7
55077,13.9143,20.0,1216.7
55078,13.9143,20.0,1216.7
55079,13.9143,20.0,1216.7
55080,13.9143,20.0,1216.7
55081,13.8942,20.0,1216.8
55082,13.8942,20.0,1216.8
55083,13.8942,20.0,1216.8
55084,13.8942,20.0,1216.8
55085,13.8942,20.0,1216.9
55086,13.8942,20.0,1216.9
55087,13.8942,20.0,1216.9
55088,13.8942,20.0,1216.9
55089,13.8942,20.0,1216.9
55090,13.8942,20.0,1217.0
55091,13.8942,20.0,1217.0
55092,13.8942,20.0,1217.0
55093,13.8942,20.0,1217.0
55094,13.8942,20.0,1217.0
55095,13.8942,20.0,1217.1
55096,13.8942,20.0,1217.1
55097,13.8942,20.0,1217.1
55098,13.8942,20.0,1217.1
55099,13.8942,20.0,1217.2
55100,13.8942,20.0,1217.2
55101,13.8741,20.0,1217.2
55102,13.8741,20.0,1217.2
55103,13.8741,20.0,1217.2
55104,13.8741,20.0,1217.3
55105,13.8741,20.0,1217.3
55106,13.8741,20.0,1217.3
55107,13.8741,20.0,1217.3
55108,13.8741,20.0,1217.4
55109,13.8741,20.0,1217.4
55110,13.8741,20.0,1217.4
55111,13.8741,20.0,1217.4
55112,13.8741,20.0,1217.5
55113,13.8741,20.0,1217.5
55114,13.8741,20.0,1217.5
55115,13.8741,20.0,1217.5
55116,13.8741,20.0,1217.6
55117,13.8741,20.0,1217.6
55118,13.8741,20.0,1217.6
55119,13.8741,20.0,1217.6
55120,13.8741,20.0,1217.7
55121,13.8540,20.0,1217.7
55122,13.8540,20.0,1217.7
55123,13.8540,20.0,1217.7
55124,13.8540,20.0,1217.7
55125,13.8540,20.0,1217.8
55126,13.8540,20.0,1217.8
55127,13.8540,20.0,1217.8
55128,13.8540,20.0,1217.8
55129,13.8540,20.0,1217.9
55130,13.8540,20.0,1217.9
55131,13.8540,20.0,1217.9
55132,13.8540,20.0,1217.9
55133,13.8540,20.0,1217.9
55134,13.8540,20.0,1218.0
55135,13.8540,20.0,1218.0
55136,13.8540,20.0,1218.0
55137,13.8540,20.0,1218.0
55138,13.8540,20.0,1218.1
55139,13.8540,20.0,1218.1
55140,13.8540,20.0,1218.1
55141,13.8339,20.0,1218.1
55142,13.8339,20.0,1218.1
55143,13.8339,20.0,1218.2
55144,13.8339,20.0,1218.2
55145,13.8339,20.0,1218.2
55146,13.8339,20.0,1218.2
55147,13.8339,20.0,1218.2
55148,13.8339,20.0,1218.3
55149,13.8339,20.0,1218.3
55150,13.8339,20.0,1218.3
55151,13.8339,20.0,1218.3
55152,13.8339,20.0,1218.3
55153,13.8339,20.0,1218.4
55154,13.8339,20.0,1218.4
55155,13.8339,20.0,1218.4
55156,13.8339,20.0,1218.4
55157,13.8339,20.0,1218.5
55158,13.8339,20.0,1218.5
55159,13.8339,20.0,1218.5
55160,13.8339,20.0,1218.5
55161,13.8137,20.0,1218.6
55162,13.8137,20.0,1218.6
55163,13.8137,20.0,1218.6
55164,13.8137,20.0,1218.6
55165,13.8137,20.0,1218.6
55166,13.8137,20.0,1218.6
55167,13.8137,20.0,1218.7
55168,13.8137,20.0,1218.7
55169,13.8137,20.0,1218.7
55170,13.8137,20.0,1218.7
55171,13.8137,20.0,1218.8
55172,13.8137,20.0,1218.8
55173,13.8137,20.0,1218.8
55174,13.8137,20.0,1218.8
55175,13.8137,20.0,1218.9
55176,13.8137,20.0,1218.9
55177,13.8137,20.0,1218.9
55178,13.8137,20.0,1218.9
55179,13.8137,20.0,1218.9
55180,13.8137,20.0,1219.0
55181,13.7936,20.0,1219.0
55182,13.7936,20.0,1219.0
55183,13.7936,20.0,1219.0
55184,13.7936,20.0,1219.1
55185,13.7936,20.0,1219.1
55186,13.7936,20.0,1219.1
55187,13.7936,20.0,1219.1
55188,13.7936,20.0,1219.2
55189,13.7936,20.0,1219.2
55190,13.7936,20.0,1219.2
55191,13.7936,20.0,1219.2
55192,13.7936,20.0,1219.3
55193,13.7936,20.0,1219.3
55194,13.7936,20.0,1219.3
55195,13.7936,20.0,1219.3
55196,13.7936,20.0,1219.4
55197,13.7936,20.0,1219.4
55198,13.7936,20.0,1219.4
55199,13.7936,20.0,1219.4
55200,13.7936,20.0,1219.5
55201,13.7735,20.0,1219.5
55202,13.7735,20.0,1219.5
55203,13.7735,20.0,1219.5
55204,13.7735,20.0,1219.6
55205,13.7735,20.0,1219.6
55206,13.7735,20.0,1219.6
55207,13.7735,20.0,1219.6
55208,13.7735,20.0,1219.7
55209,13.7735,20.0,1219.7
55210,13.7735,20.0,1219.7
55211,13.7735,20.0,1219.7
55212,13.7735,20.0,1219.8
55213,13.7735,20.0,1219.8
55214,13.7735,20.0,1219.8
55215,13.7735,20.0,1219.8
55216,13.7735,20.0,1219.9
55217,13.7735,20.0,1219.9
55218,13.7735,20.0,1219.9
55219,13.7735,20.0,1219.9
55220,13.7735,20.0,1220.0
55221,13.7534,20.0,1220.0
55222,13.7534,20.0,1220.0
55223,13.7534,20.0,1220.0
55224,13.7534,20.0,1220.0
55225,13.7534,20.0,1220.1
55226,13.7534,20.0,1220.1
55227,13.7534,20.0,1220.1
55228,13.7534,20.0,1220.1
55229,13.7534,20.0,1220.2
55230,13.7534,20.0,1220.2
55231,13.7534,20.0,1220.2
55232,13.7534,20.0,1220.2
55233,13.7534,20.0,1220.3
55234,13.7534,20.0,1220.3
55235,13.7534,20.0,1220.3
55236,13.7534,20.0,1220.3
55237,13.7534,20.0,1220.3
55238,13.7534,20.0,1220.4
55239,13.7534,20.0,1220.4
55240,13.7534,20.0,1220.4
55241,13.7333,20.0,1220.4
55242,13.7333,20.0,1220.5
55243,13.7333,20.0,1220.5
55244,13.7333,20.0,1220.5
55245,13.7333,20.0,1220.5
55246,13.7333,20.0,1220.5
55247,13.7333,20.0,1220.6
55248,13.7333,20.0,1220.6
55249,13.7333,20.0,1220.6
55250,13.7333,20.0,1220.6
55251,13.7333,20.0,1220.6
55252,13.7333,20.0,1220.7
55253,13.7333,20.0,1220.7
55254,13.7333,20.0,1220.7
55255,13.7333,20.0,1220.7
55256,13.7333,20.0,1220.8
55257,13.7333,20.0,1220.8
55258,13.7333,20.0,1220.8
55259,13.7333,20.0,1220.8
55260,13.7333,20.0,1220.9
55261,13.7135,20.0,1220.9
55262,13.7135,20.0,1220.9
55263,13.7135,20.0,1220.9
55264,13.7135,20.0,1221.0
55265,13.7135,20.0,1221.0
55266,13.7135,20.0,1221.0
55267,13.7135,20.0,1221.0
55268,13.7135,20.0,1221.0
55269,13.7135,20.0,1221.1
55270,13.7135,20.0,1221.1
55271,13.7135,20.0,1221.1
55272,13.7135,20.0,1221.1
55273,13.7135,20.0,1221.2
55274,13.7135,20.0,1221.2
55275,13.7135,20.0,1221.2
55276,13.7135,20.0,1221.2
55277,13.7135,20.0,1221.2
55278,13.7135,20.0,1221.3
55279,13.7135,20.0,1221.3
55280,13.7135,20.0,1221.3
55281,13.6938,20.0,1221.3
55282,13.6938,20.0,1221.4
55283,13.6938,20.0,1221.4
55284,13.6938,20.0,1221.4
55285,13.6938,20.0,1221.4
55286,13.6938,20.0,1221.4
55287,13.6938,20.0,1221.5
55288,13.6938,20.0,1221.5
55289,13.6938,20.0,1221.5
55290,13.6938,20.0,1221.5
55291,13.6938,20.0,1221.5
55292,13.6938,20.0,1221.6
55293,13.6938,20.0,1221.6
55294,13.6938,20.0,1221.6
55295,13.6938,20.0,1221.6
55296,13.6938,20.0,1221.6
55297,13.6938,20.0,1222.0
55298,13.6938,20.0,1222.0
55299,13.6938,20.0,1222.0
55300,13.6938,20.0,1222.0
55301,13.6739,20.0,1222.0
55302,13.6739,20.0,1222.1
55303,13.6739,20.0,1222.1
55304,13.6739,20.0,1222.1
55305,13.6739,20.0,1222.1
55306,13.6739,20.0,1222.1
55307,13.6739,20.0,1222.2
55308,13.6739,20.0,1222.2
55309,13.6739,20.0,1222.2
55310,13.6739,20.0,1222.2
55311,13.6739,20.0,1222.2
55312,13.6739,20.0,1222.3
55313,13.6739,20.0,1222.3
55314,13.6739,20.0,1222.3
55315,13.6739,20.0,1222.3
55316,13.6739,20.0,1222.4
55317,13.6739,20.0,1222.4
55318,13.6739,20.0,1222.4
55319,13.6739,20.0,1222.4
55320,13.6739,20.0,1222.4
55321,13.6540,20.0,1222.5
55322,13.6540,20.0,1222.5
55323,13.6540,20.0,1222.5
55324,13.6540,20.0,1222.5
55325,13.6540,20.0,1222.6
55326,13.6540,20.0,1222.6
55327,13.6540,20.0,1222.6
55328,13.6540,20.0,1222.6
55329,13.6540,20.0,1222.7
55330,13.6540,20.0,1222.7
55331,13.6540,20.0,1222.7
55332,13.6540,20.0,1222.7
55333,13.6540,20.0,1222.8
55334,13.6540,20.0,1222.8
55335,13.6540,20.0,1222.8
55336,13.6540,20.0,1222.8
55337,13.6540,20.0,1222.9
55338,13.6540,20.0,1222.9
55339,13.6540,20.0,1222.9
55340,13.6540,20.0,1222.9
55341,13.6341,20.0,1223.0
55342,13.6341,20.0,1223.0
55343,13.6341,20.0,1223.0
55344,13.6341,20.0,1223.0
55345,13.6341,20.0,1223.1
55346,13.6341,20.0,1223.1
55347,13.6341,20.0,1223.1
55348,13.6341,20.0,1223.1
55349,13.6341,20.0,1223.1
55350,13.6341,20.0,1223.2
55351,13.6341,20.0,1223.2
55352,13.6341,20.0,1223.2
55353,13.6341,20.0,1223.2
55354,13.6341,20.0,1223.3
55355,13.6341,20.0,1223.3
55356,13.6341,20.0,1223.3
55357,13.6341,20.0,1223.3
55358,13.6341,20.0,1223.3
55359,13.6341,20.0,1223.4
55360,13.6341,20.0,1223.4
55361,13.6142,20.0,1223.4
55362,13.6142,20.0,1223.4
55363,13.6142,20.0,1223.5
55364,13.6142,20.0,1223.5
55365,13.6142,20.0,1223.5
55366,13.6142,20.0,1223.5
55367,13.6142,20.0,1223.5
55368,13.6142,20.0,1223.6
55369,13.6142,20.0,1223.6
55370,13.6142,20.0,1223.6
55371,13.6142,20.0,1223.6
55372,13.6142,20.0,1223.6
55373,13.6142,20.0,1223.7
55374,13.6142,20.0,1223.7
55375,13.6142,20.0,1223.7
55376,13.6142,20.0,1223.7
55377,13.6142,20.0,1223.7
55378,13.6142,20.0,1223.8
55379,13.6142,20.0,1223.8
55380,13.6142,20.0,1223.8
55381,13.5942,20.0,1223.8
55382,13.5942,20.0,1223.9
55383,13.5942,20.0,1223.9
55384,13.5942,20.0,1223.9
55385,13.5942,20.0,1223.9
55386,13.5942,20.0,1223.9
55387,13.5942,20.0,1224.0
55388,13.5942,20.0,1224.0
55389,13.5942,20.0,1224.0
55390,13.5942,20.0,1224.0
55391,13.5942,20.0,1224.1
55392,13.5942,20.0,1224.1
55393,13.5942,20.0,1224.1
55394,13.5942,20.0,1224.1
55395,13.5942,20.0,1224.1
55396,13.5942,20.0,1224.2
55397,13.5942,20.0,1224.2
55398,13.5942,20.0,1224.2
55399,13.5942,20.0,1224.2
55400,13.5942,20.0,1224.3
55401,13.5743,20.0,1224.3
55402,13.5743,20.0,1224.3
55403,13.5743,20.0,1224.3
55404,13.5743,20.0,1224.3
55405,13.5743,20.0,1224.4
55406,13.5743,20.0,1224.4
55407,13.5743,20.0,1224.4
55408,13.5743,20.0,1224.4
55409,13.5743,20.0,1224.5
55410,13.5743,20.0,1224.5
55411,13.5743,20.0,1224.5
55412,13.5743,20.0,1224.5
55413,13.5743,20.0,1224.6
55414,13.5743,20.0,1224.6
55415,13.5743,20.0,1224.6
55416,13.5743,20.0,1224.6
55417,13.5743,20.0,1224.7
55418,13.5743,20.0,1224.7
55419,13.5743,20.0,1224.7
55420,13.5743,20.0,1224.7
55421,13.5544,20.0,1224.7
55422,13.5544,20.0,1224.8
55423,13.5544,20.0,1224.8
55424,13.5544,20.0,1224.8
55425,13.5544,20.0,1224.8
55426,13.5544,20.0,1224.8
55427,13.5544,20.0,1224.9
55428,13.5544,20.0,1224.9
55429,13.5544,20.0,1224.9
55430,13.5544,20.0,1224.9
55431,13.5544,20.0,1225.0
55432,13.5544,20.0,1225.0
55433,13.5544,20.0,1225.0
55434,13.5544,20.0,1225.0
55435,13.5544,20.0,1225.0
55436,13.5544,20.0,1225.1
55437,13.5544,20.0,1225.1
55438,13.5544,20.0,1225.1
55439,13.5544,20.0,1225.1
55440,13.5544,20.0,1225.1
55441,13.5345,20.0,1225.2
55442,13.5345,20.0,1225.2
55443,13.5345,20.0,1225.2
55444,13.5345,20.0,1225.2
55445,13.5345,20.0,1225.3
55446,13.5345,20.0,1225.3
55447,13.5345,20.0,1225.3
55448,13.5345,20.0,1225.3
55449,13.5345,20.0,1225.3
55450,13.5345,20.0,1225.4
55451,13.5345,20.0,1225.4
55452,13.5345,20.0,1225.4
55453,13.5345,20.0,1225.4
55454,13.5345,20.0,1225.4
55455,13.5345,20.0,1225.5
55456,13.5345,20.0,1225.5
55457,13.5345,20.0,1225.5
55458,13.5345,20.0,1225.5
55459,13.5345,20.0,1225.6
55460,13.5345,20.0,1225.6
55461,13.5146,20.0,1225.6
55462,13.5146,20.0,1225.6
55463,13.5146,20.0,1225.7
55464,13.5146,20.0,1225.7
55465,13.5146,20.0,1225.7
55466,13.5146,20.0,1225.7
55467,13.5146,20.0,1225.8
55468,13.5146,20.0,1225.8
55469,13.5146,20.0,1225.8
55470,13.5146,20.0,1225.8
55471,13.5146,20.0,1225.8
55472,13.5146,20.0,1225.9
55473,13.5146,20.0,1225.9
55474,13.5146,20.0,1225.9
55475,13.5146,20.0,1225.9
55476,13.5146,20.0,1226.0
55477,13.5146,20.0,1226.0
55478,13.5146,20.0,1226.0
55479,13.5146,20.0,1226.0
55480,13.5146,20.0,1226.0
55481,13.4946,20.0,1226.0
55482,13.4946,20.0,1226.1
55483,13.4946,20.0,1226.1
55484,13.4946,20.0,1226.1
55485,13.4946,20.0,1226.1
55486,13.4946,20.0,1226.2
55487,13.4946,20.0,1226.2
55488,13.4946,20.0,1226.2
55489,13.4946,20.0,1226.2
55490,13.4946,20.0,1226.3
55491,13.4946,20.0,1226.3
55492,13.4946,20.0,1226.3
55493,13.4946,20.0,1226.3
55494,13.4946,20.0,1226.4
55495,13.4946,20.0,1226.4
55496,13.4946,20.0,1226.4
55497,13.4946,20.0,1226.4
55498,13.4946,20.0,1226.5
55499,13.4946,20.0,1226.5
55500,13.4946,20.0,1226.5
55501,13.4747,20.0,1226.5
55502,13.4747,20.0,1226.5
55503,13.4747,20.0,1226.6
55504,13.4747,20.0,1226.6
55505,13.4747,20.0,1226.6
55506,13.4747,20.0,1226.6
55507,13.4747,20.0,1226.7
55508,13.4747,20.0,1226.7
55509,13.4747,20.0,1226.7
55510,13.4747,20.0,1226.7
55511,13.4747,20.0,1226.7
55512,13.4747,20.0,1226.8
55513,13.4747,20.0,1226.8
55514,13.4747,20.0,1226.8
55515,13.4747,20.0,1226.8
55516,13.4747,20.0,1226.8
55517,13.4747,20.0,1226.9
55518,13.4747,20.0,1226.9
55519,13.4747,20.0,1226.9
55520,13.4747,20.0,1226.9
55521,13.4548,20.0,1227.0
55522,13.4548,20.0,1227.0
55523,13.4548,20.0,1227.0
55524,13.4548,20.0,1227.0
55525,13.4548,20.0,1227.1
55526,13.4548,20.0,1227.1
55527,13.4548,20.0,1227.1
55528,13.4548,20.0,1227.1
55529,13.4548,20.0,1227.2
55530,13.4548,20.0,1227.2
55531,13.4548,20.0,1227.2
55532,13.4548,20.0,1227.2
55533,13.4548,20.0,1227.2
55534,13.4548,20.0,1227.3
55535,13.4548,20.0,1227.3
55536,13.4548,20.0,1227.3
55537,13.4548,20.0,1227.3
55538,13.4548,20.0,1227.3
55539,13.4548,20.0,1227.4
55540,13.4548,20.0,1227.4
55541,13.4349,20.0,1227.4
55542,13.4349,20.0,1227.4
55543,13.4349,20.0,1227.4
55544,13.4349,20.0,1227.5
55545,13.4349,20.0,1227.5
55546,13.4349,20.0,1227.5
55547,13.4349,20.0,1227.5
55548,13.4349,20.0,1227.6
55549,13.4349,20.0,1227.6
55550,13.4349,20.0,1227.6
55551,13.4349,20.0,1227.6
55552,13.4349,20.0,1227.6
55553,13.4349,20.0,1227.7
55554,13.4349,20.0,1227.7
55555,13.4349,20.0,1227.7
55556,13.4349,20.0,1227.7
55557,13.4349,20.0,1227.8
55558,13.4349,20.0,1227.8
55559,13.4349,20.0,1227.8
55560,13.4349,20.0,1227.8
55561,13.4150,20.0,1227.8
55562,13.4150,20.0,1227.9
55563,13.4150,20.0,1227.9
55564,13.4150,20.0,1227.9
55565,13.4150,20.0,1227.9
55566,13.4150,20.0,1227.9
55567,13.4150,20.0,1227.9
55568,13.4150,20.0,1228.0
55569,13.4150,20.0,1228.0
55570,13.4150,20.0,1228.0
55571,13.4150,20.0,1228.0
55572,13.4150,20.0,1228.1
55573,13.4150,20.0,1228.1
55574,13.4150,20.0,1228.1
55575,13.4150,20.0,1228.1
55576,13.4150,20.0,1228.1
55577,13.4150,20.0,1228.2
55578,13.4150,20.0,1228.2
55579,13.4150,20.0,1228.2
55580,13.4150,20.0,1228.2
55581,13.3950,20.0,1228.3
55582,13.3950,20.0,1228.3
55583,13.3950,20.0,1228.3
55584,13.3950,20.0,1228.3
55585,13.3950,20.0,1228.3
55586,13.3950,20.0,1228.4
55587,13.3950,20.0,1228.4
55588,13.3950,20.0,1228.4
55589,13.3950,20.0,1228.4
55590,13.3950,20.0,1228.4
55591,13.3950,20.0,1228.5
55592,13.3950,20.0,1228.5
55593,13.3950,20.0,1228.5
55594,13.3950,20.0,1228.5
55595,13.3950,20.0,1228.6
55596,13.3950,20.0,1228.6
55597,13.3950,20.0,1228.6
55598,13.3950,20.0,1228.6
55599,13.3950,20.0,1228.7
55600,13.3950,20.0,1228.7
55601,13.3751,20.0,1228.7
55602,13.3751,20.0,1228.7
55603,13.3751,20.0,1228.8
55604,13.3751,20.0,1228.8
55605,13.3751,20.0,1228.8
55606,13.3751,20.0,1228.8
55607,13.3751,20.0,1228.9
55608,13.3751,20.0,1228.9
55609,13.3751,20.0,1228.9
55610,13.3751,20.0,1228.9
55611,13.3751,20.0,1229.0
55612,13.3751,20.0,1229.0
55613,13.3751,20.0,1229.0
55614,13.3751,20.0,1229.0
55615,13.3751,20.0,1229.1
55616,13.3751,20.0,1229.1
55617,13.3751,20.0,1229.1
55618,13.3751,20.0,1229.1
55619,13.3751,20.0,1229.1
55620,13.3751,20.0,1229.1
55621,13.3552,20.0,1229.2
55622,13.3552,20.0,1229.2
55623,13.3552,20.0,1229.2
55624,13.3552,20.0,1229.2
55625,13.3552,20.0,1229.3
55626,13.3552,20.0,1229.3
55627,13.3552,20.0,1229.3
55628,13.3552,20.0,1229.3
55629,13.3552,20.0,1229.3
55630,13.3552,20.0,1229.4
55631,13.3552,20.0,1229.4
55632,13.3552,20.0,1229.4
55633,13.3552,20.0,1229.4
55634,13.3552,20.0,1229.5
55635,13.3552,20.0,1229.5
55636,13.3552,20.0,1229.5
55637,13.3552,20.0,1229.5
55638,13.3552,20.0,1229.5
55639,13.3552,20.0,1229.6
55640,13.3552,20.0,1229.6
55641,13.3353,20.0,1229.6
55642,13.3353,20.0,1229.6
55643,13.3353,20.0,1229.7
55644,13.3353,20.0,1229.7
55645,13.3353,20.0,1229.7
55646,13.3353,20.0,1229.7
55647,13.3353,20.0,1229.7
55648,13.3353,20.0,1229.8
55649,13.3353,20.0,1229.8
55650,13.3353,20.0,1229.8
55651,13.3353,20.0,1229.8
55652,13.3353,20.0,1229.8
55653,13.3353,20.0,1229.9
55654,13.3353,20.0,1229.9
55655,13.3353,20.0,1229.9
55656,13.3353,20.0,1229.9
55657,13.3353,20.0,1229.9
55658,13.3353,20.0,1230.0
55659,13.3353,20.0,1230.0
55660,13.3353,20.0,1230.0
55661,13.3154,20.0,1230.0
55662,13.3154,20.0,1230.1
55663,13.3154,20.0,1230.1
55664,13.3154,20.0,1230.1
55665,13.3154,20.0,1230.1
55666,13.3154,20.0,1230.2
55667,13.3154,20.0,1230.2
55668,13.3154,20.0,1230.2
55669,13.3154,20.0,1230.2
55670,13.3154,20.0,1230.2
55671,13.3154,20.0,1230.3
55672,13.3154,20.0,1230.3
55673,13.3154,20.0,1230.3
55674,13.3154,20.0,1230.3
55675,13.3154,20.0,1230.4
55676,13.3154,20.0,1230.4
55677,13.3154,20.0,1230.4
55678,13.3154,20.0,1230.4
55679,13.3154,20.0,1230.4
55680,13.3154,20.0,1230.5
55681,13.2955,20.0,1230.5
55682,13.2955,20.0,1230.5
55683,13.2955,20.0,1230.5
55684,13.2955,20.0,1230.6
55685,13.2955,20.0,1230.6
55686,13.2955,20.0,1230.6
55687,13.2955,20.0,1230.6
55688,13.2955,20.0,1230.6
55689,13.2955,20.0,1230.7
55690,13.2955,20.0,1230.7
55691,13.2955,20.0,1230.7
55692,13.2955,20.0,1230.8
55693,13.2955,20.0,1230.8
55694,13.2955,20.0,1230.8
55695,13.2955,20.0,1230.8
55696,13.2955,20.0,1230.8
55697,13.2955,20.0,1230.9
55698,13.2955,20.0,1230.9
55699,13.2955,20.0,1230.9
55700,13.2955,20.0,1230.9
55701,13.2755,20.0,1231.0
55702,13.2755,20.0,1231.0
55703,13.2755,20.0,1231.0
55704,13.2755,20.0,1231.0
55705,13.2755,20.0,1231.0
55706,13.2755,20.0,1231.1
55707,13.2755,20.0,1231.1
55708,13.2755,20.0,1231.1
55709,13.2755,20.0,1231.1
55710,13.2755,20.0,1231.1
55711,13.2755,20.0,1231.2
55712,13.2755,20.0,1231.2
55713,13.2755,20.0,1231.2
55714,13.2755,20.0,1231.2
55715,13.2755,20.0,1231.3
55716,13.2755,20.0,1231.3
55717,13.2755,20.0,1231.3
55718,13.2755,20.0,1231.3
55719,13.2755,20.0,1231.4
55720,13.2755,20.0,1231.4
55721,13.2556,20.0,1231.4
55722,13.2556,20.0,1231.4
55723,13.2556,20.0,1231.5
55724,13.2556,20.0,1231.5
55725,13.2556,20.0,1231.5
55726,13.2556,20.0,1231.6
55727,13.2556,20.0,1231.6
55728,13.2556,20.0,1231.7
55729,13.2556,20.0,1231.7
55730,13.2556,20.0,1231.7
55731,13.2556,20.0,1231.7
55732,13.2556,20.0,1231.7
55733,13.2556,20.0,1231.8
55734,13.2556,20.0,1231.8
55735,13.2556,20.0,1231.8
55736,13.2556,20.0,1231.8
55737,13.2556,20.0,1231.9
55738,13.2556,20.0,1231.9
55739,13.2556,20.0,1231.9
55740,13.2556,20.0,1231.9
55741,13.2357,20.0,1232.0
55742,13.2357,20.0,1232.0
55743,13.2357,20.0,1232.0
55744,13.2357,20.0,1232.0
55745,13.2357,20.0,1232.1
55746,13.2357,20.0,1232.1
55747,13.2357,20.0,1232.1
55748,13.2357,20.0,1232.1
55749,13.2357,20.0,1232.1
55750,13.2357,20.0,1232.2
55751,13.2357,20.0,1232.2
55752,13.2357,20.0,1232.2
55753,13.2357,20.0,1232.3
55754,13.2357,20.0,1232.3
55755,13.2357,20.0,1232.3
55756,13.2357,20.0,1232.3
55757,13.2357,20.0,1232.4
55758,13.2357,20.0,1232.4
55759,13.2357,20.0,1232.4
55760,13.2357,20.0,1232.4
55761,13.2158,20.0,1232.5
55762,13.2158,20.0,1232.5
55763,13.2158,20.0,1232.6
55764,13.2158,20.0,1232.7
55765,13.2158,20.0,1232.7
55766,13.2158,20.0,1232.7
55767,13.2158,20.0,1232.7
55768,13.2158,20.0,1232.8
55769,13.2158,20.0,1232.8
55770,13.2158,20.0,1232.8
55771,13.2158,20.0,1232.9
55772,13.2158,20.0,1232.9
55773,13.2158,20.0,1232.9
55774,13.2158,20.0,1233.0
55775,13.2158,20.0,1233.0
55776,13.2158,20.0,1233.1
55777,13.2158,20.0,1233.1
55778,13.2158,20.0,1233.1
55779,13.2158,20.0,1233.2
55780,13.2158,20.0,1233.2
55781,13.2359,20.0,1233.2
55782,13.2359,20.0,1233.2
55783,13.2359,20.0,1233.3
55784,13.2359,20.0,1233.3
55785,13.2359,20.0,1233.3
55786,13.2359,20.0,1233.3
55787,13.2359,20.0,1233.4
55788,13.2359,20.0,1233.4
55789,13.2359,20.0,1233.4
55790,13.2359,20.0,1233.4
55791,13.2359,20.0,1233.4
55792,13.2359,20.0,1233.5
55793,13.2359,20.0,1233.5
55794,13.2359,20.0,1233.6
55795,13.2359,20.0,1233.6
55796,13.2359,20.0,1233.6
55797,13.2359,20.0,1233.7
55798,13.2359,20.0,1233.7
55799,13.2359,20.0,1233.8
55800,13.2359,20.0,1233.8
55801,13.2560,20.0,1233.8
55802,13.2560,20.0,1233.8
55803,13.2560,20.0,1233.9
55804,13.2560,20.0,1233.9
55805,13.2560,20.0,1233.9
55806,13.2560,20.0,1233.9
55807,13.2560,20.0,1234.0
55808,13.2560,20.0,1234.0
55809,13.2560,20.0,1234.5
55810,13.2560,20.0,1234.5
55811,13.2560,20.0,1234.6
55812,13.2560,20.0,1234.6
55813,13.2560,20.0,1234.6
55814,13.2560,20.0,1234.6
55815,13.2560,20.0,1234.7
55816,13.2560,20.0,1234.7
55817,13.2560,20.0,1234.7
55818,13.2560,20.0,1234.7
55819,13.2560,20.0,1234.8
55820,13.2560,20.0,1234.8
55821,13.2953,20.0,1234.8
55822,13.2953,20.0,1234.8
55823,13.2953,20.0,1234.9
55824,13.2953,20.0,1234.9
55825,13.2953,20.0,1234.9
55826,13.2953,20.0,1234.9
55827,13.2953,20.0,1234.9
55828,13.2953,20.0,1235.0
55829,13.2953,20.0,1235.0
55830,13.2953,20.0,1235.0
55831,13.2953,20.0,1235.0
55832,13.2953,20.0,1235.1
55833,13.2953,20.0,1235.1
55834,13.2953,20.0,1235.1
55835,13.2953,20.0,1235.1
55836,13.2953,20.0,1235.2
55837,13.2953,20.0,1235.2
55838,13.2953,20.0,1235.2
55839,13.2953,20.0,1235.2
55840,13.2953,20.0,1235.3
55841,13.3346,20.0,1235.3
55842,13.3346,20.0,1235.3
55843,13.3346,20.0,1235.3
55844,13.3346,20.0,1235.4
55845,13.3346,20.0,1235.4
55846,13.3346,20.0,1235.4
55847,13.3346,20.0,1235.4
55848,13.3346,20.0,1235.5
55849,13.3346,20.0,1235.5
55850,13.3346,20.0,1235.5
55851,13.3346,20.0,1235.5
55852,13.3346,20.0,1235.6
55853,13.3346,20.0,1235.6
55854,13.3346,20.0,1235.6
55855,13.3346,20.0,1235.6
55856,13.3346,20.0,1235.7
55857,13.3346,20.0,1235.7
55858,13.3346,20.0,1235.7
55859,13.3346,20.0,1235.7
55860,13.3346,20.0,1235.8
55861,13.3739,20.0,1235.8
55862,13.3739,20.0,1235.8
55863,13.3739,20.0,1235.8
55864,13.3739,20.0,1235.9
55865,13.3739,20.0,1235.9
55866,13.3739,20.0,1235.9
55867,13.3739,20.0,1235.9
55868,13.3739,20.0,1236.0
55869,13.3739,20.0,1236.0
55870,13.3739,20.0,1236.0
55871,13.3739,20.0,1236.0
55872,13.3739,20.0,1236.1
55873,13.3739,20.0,1236.1
55874,13.3739,20.0,1236.1
55875,13.3739,20.0,1236.1
55876,13.3739,20.0,1236.2
55877,13.3739,20.0,1236.2
55878,13.3739,20.0,1236.2
55879,13.3739,20.0,1236.2
55880,13.3739,20.0,1236.3
55881,13.4132,20.0,1236.3
55882,13.4132,20.0,1236.3
55883,13.4132,20.0,1236.4
55884,13.4132,20.0,1236.4
55885,13.4132,20.0,1236.4
55886,13.4132,20.0,1236.5
55887,13.4132,20.0,1236.5
55888,13.4132,20.0,1236.5
55889,13.4132,20.0,1236.5
55890,13.4132,20.0,1236.5
55891,13.4132,20.0,1236.6
55892,13.4132,20.0,1236.6
55893,13.4132,20.0,1236.6
55894,13.4132,20.0,1236.6
55895,13.4132,20.0,1236.7
55896,13.4132,20.0,1236.7
55897,13.4132,20.0,1236.7
55898,13.4132,20.0,1236.7
55899,13.4132,20.0,1236.8
55900,13.4132,20.0,1236.8
55901,13.4524,20.0,1236.8
55902,13.4524,20.0,1236.8
55903,13.4524,20.0,1236.8
55904,13.4524,20.0,1236.9
55905,13.4524,20.0,1236.9
55906,13.4524,20.0,1236.9
55907,13.4524,20.0,1237.0
55908,13.4524,20.0,1237.0
55909,13.4524,20.0,1237.0
55910,13.4524,20.0,1237.0
55911,13.4524,20.0,1237.0
55912,13.4524,20.0,1237.1
55913,13.4524,20.0,1237.1
55914,13.4524,20.0,1237.1
55915,13.4524,20.0,1237.1
55916,13.4524,20.0,1237.1
55917,13.4524,20.0,1237.2
55918,13.4524,20.0,1237.2
55919,13.4524,20.0,1237.2
55920,13.4524,20.0,1237.2
55921,13.4917,20.0,1237.2
55922,13.4917,20.0,1237.3
55923,13.4917,20.0,1237.3
55924,13.4917,20.0,1237.3
55925,13.4917,20.0,1237.3
55926,13.4917,20.0,1237.3
55927,13.4917,20.0,1237.4
55928,13.4917,20.0,1237.4
55929,13.4917,20.0,1237.4
55930,13.4917,20.0,1237.4
55931,13.4917,20.0,1237.5
55932,13.4917,20.0,1237.5
55933,13.4917,20.0,1237.5
55934,13.4917,20.0,1237.5
55935,13.4917,20.0,1237.6
55936,13.4917,20.0,1237.6
55937,13.4917,20.0,1237.6
55938,13.4917,20.0,1237.6
55939,13.4917,20.0,1237.6
55940,13.4917,20.0,1237.7
55941,13.5310,20.0,1237.7
55942,13.5310,20.0,1237.7
55943,13.5310,20.0,1237.7
55944,13.5310,20.0,1237.7
55945,13.5310,20.0,1237.7
55946,13.5310,20.0,1237.8
55947,13.5310,20.0,1237.8
55948,13.5310,20.0,1237.8
55949,13.5310,20.0,1237.8
55950,13.5310,20.0,1237.8
55951,13.5310,20.0,1237.9
55952,13.5310,20.0,1237.9
55953,13.5310,20.0,1237.9
55954,13.5310,20.0,1237.9
55955,13.5310,20.0,1238.0
55956,13.5310,20.0,1238.0
55957,13.5310,20.0,1238.0
55958,13.5310,20.0,1238.0
55959,13.5310,20.0,1238.0
55960,13.5310,20.0,1238.1
55961,13.5703,20.0,1238.1
55962,13.5703,20.0,1238.1
55963,13.5703,20.0,1238.1
55964,13.5703,20.0,1238.2
55965,13.5703,20.0,1238.2
55966,13.5703,20.0,1238.2
55967,13.5703,20.0,1238.2
55968,13.5703,20.0,1238.2
55969,13.5703,20.0,1238.3
55970,13.5703,20.0,1238.3
55971,13.5703,20.0,1238.3
55972,13.5703,20.0,1238.3
55973,13.5703,20.0,1238.3
55974,13.5703,20.0,1238.4
55975,13.5703,20.0,1238.4
55976,13.5703,20.0,1238.4
55977,13.5703,20.0,1238.4
55978,13.5703,20.0,1238.4
55979,13.5703,20.0,1238.5
55980,13.5703,20.0,1238.5
55981,13.6096,20.0,1238.5
55982,13.6096,20.0,1238.5
55983,13.6096,20.0,1238.6
55984,13.6096,20.0,1238.6
55985,13.6096,20.0,1238.6
55986,13.6096,20.0,1238.6
55987,13.6096,20.0,1238.6
55988,13.6096,20.0,1238.7
55989,13.6096,20.0,1238.7
55990,13.6096,20.0,1238.7
55991,13.6096,20.0,1238.7
55992,13.6096,20.0,1238.7
55993,13.6096,20.0,1238.8
55994,13.6096,20.0,1238.8
55995,13.6096,20.0,1238.8
55996,13.6096,20.0,1238.8
55997,13.6096,20.0,1238.8
55998,13.6096,20.0,1238.9
55999,13.6096,20.0,1238.9
56000,13.6096,20.0,1238.9
56001,13.6488,20.0,1238.9
56002,13.6488,20.0,1238.9
56003,13.6488,20.0,1238.9
56004,13.6488,20.0,1239.0
56005,13.6488,20.0,1239.0
56006,13.6488,20.0,1239.0
56007,13.6488,20.0,1239.0
56008,13.6488,20.0,1239.1
56009,13.6488,20.0,1239.1
56010,13.6488,20.0,1239.1
56011,13.6488,20.0,1239.1
56012,13.6488,20.0,1239.1
56013,13.6488,20.0,1239.1
56014,13.6488,20.0,1239.2
56015,13.6488,20.0,1239.2
56016,13.6488,20.0,1239.2
56017,13.6488,20.0,1239.2
56018,13.6488,20.0,1239.2
56019,13.6488,20.0,1239.3
56020,13.6488,20.0,1239.3
56021,13.6881,20.0,1239.3
56022,13.6881,20.0,1239.3
56023,13.6881,20.0,1239.3
56024,13.6881,20.0,1239.3
56025,13.6881,20.0,1239.4
56026,13.6881,20.0,1239.4
56027,13.6881,20.0,1239.4
56028,13.6881,20.0,1239.4
56029,13.6881,20.0,1239.4
56030,13.6881,20.0,1239.5
56031,13.6881,20.0,1239.5
56032,13.6881,20.0,1239.5
56033,13.6881,20.0,1239.5
56034,13.6881,20.0,1239.5
56035,13.6881,20.0,1239.6
56036,13.6881,20.0,1239.6
56037,13.6881,20.0,1239.6
56038,13.6881,20.0,1239.6
56039,13.6881,20.0,1239.6
56040,13.6881,20.0,1239.7
56041,13.7274,20.0,1239.7
56042,13.7274,20.0,1239.7
56043,13.7274,20.0,1239.7
56044,13.7274,20.0,1239.7
56045,13.7274,20.0,1239.8
56046,13.7274,20.0,1239.8
56047,13.7274,20.0,1239.8
56048,13.7274,20.0,1239.8
56049,13.7274,20.0,1239.8
56050,13.7274,20.0,1239.9
56051,13.7274,20.0,1239.9
56052,13.7274,20.0,1239.9
56053,13.7274,20.0,1239.9
56054,13.7274,20.0,1240.0
56055,13.7274,20.0,1240.0
56056,13.7274,20.0,1240.0
56057,13.7274,20.0,1240.0
56058,13.7274,20.0,1240.0
56059,13.7274,20.0,1240.0
56060,13.7274,20.0,1240.1
56061,13.7667,20.0,1240.1
56062,13.7667,20.0,1240.1
56063,13.7667,20.0,1240.1
56064,13.7667,20.0,1240.2
56065,13.7667,20.0,1240.2
56066,13.7667,20.0,1240.2
56067,13.7667,20.0,1240.2
56068,13.7667,20.0,1240.2
56069,13.7667,20.0,1240.3
56070,13.7667,20.0,1240.3
56071,13.7667,20.0,1240.3
56072,13.7667,20.0,1240.3
56073,13.7667,20.0,1240.3
56074,13.7667,20.0,1240.4
56075,13.7667,20.0,1240.4
56076,13.7667,20.0,1240.4
56077,13.7667,20.0,1240.4
56078,13.7667,20.0,1240.4
56079,13.7667,20.0,1240.4
56080,13.7667,20.0,1240.5
56081,13.8060,20.0,1240.5
56082,13.8060,20.0,1240.5
56083,13.8060,20.0,1240.5
56084,13.8060,20.0,1240.5
56085,13.8060,20.0,1240.6
56086,13.8060,20.0,1240.6
56087,13.8060,20.0,1240.6
56088,13.8060,20.0,1240.6
56089,13.8060,20.0,1240.6
56090,13.8060,20.0,1240.7
56091,13.8060,20.0,1240.7
56092,13.8060,20.0,1240.7
56093,13.8060,20.0,1240.7
56094,13.8060,20.0,1240.7
56095,13.8060,20.0,1240.8
56096,13.8060,20.0,1240.8
56097,13.8060,20.0,1240.8
56098,13.8060,20.0,1240.8
56099,13.8060,20.0,1240.8
56100,13.8060,20.0,1240.9
56101,13.8453,20.0,1240.9
56102,13.8453,20.0,1240.9
56103,13.8453,20.0,1240.9
56104,13.8453,20.0,1241.0
56105,13.8453,20.0,1241.0
56106,13.8453,20.0,1241.0
56107,13.8453,20.0,1241.0
56108,13.8453,20.0,1241.0
56109,13.8453,20.0,1241.0
56110,13.8453,20.0,1241.1
56111,13.8453,20.0,1241.1
56112,13.8453,20.0,1241.1
56113,13.8453,20.0,1241.2
56114,13.8453,20.0,1241.2
56115,13.8453,20.0,1241.3
56116,13.8453,20.0,1241.3
56117,13.8453,20.0,1241.3
56118,13.8453,20.0,1241.3
56119,13.8453,20.0,1241.4
56120,13.8453,20.0,1241.4
56121,13.8845,20.0,1241.5
56122,13.8845,20.0,1241.5
56123,13.8845,20.0,1241.5
56124,13.8845,20.0,1241.5
56125,13.8845,20.0,1241.6
56126,13.8845,20.0,1241.6
56127,13.8845,20.0,1241.6
56128,13.8845,20.0,1241.7
56129,13.8845,20.0,1241.7
56130,13.8845,20.0,1241.7
56131,13.8845,20.0,1241.7
56132,13.8845,20.0,1241.8
56133,13.8845,20.0,1241.8
56134,13.8845,20.0,1241.8
56135,13.8845,20.0,1241.8
56136,13.8845,20.0,1241.9
56137,13.8845,20.0,1241.9
56138,13.8845,20.0,1241.9
56139,13.8845,20.0,1242.0
56140,13.8845,20.0,1242.0
56141,13.9238,20.0,1242.0
56142,13.9238,20.0,1242.1
56143,13.9238,20.0,1242.1
56144,13.9238,20.0,1242.1
56145,13.9238,20.0,1242.1
56146,13.9238,20.0,1242.2
56147,13.9238,20.0,1242.2
56148,13.9238,20.0,1242.2
56149,13.9238,20.0,1242.3
56150,13.9238,20.0,1242.3
56151,13.9238,20.0,1242.3
56152,13.9238,20.0,1242.3
56153,13.9238,20.0,1242.3
56154,13.9238,20.0,1242.4
56155,13.9238,20.0,1242.4
56156,13.9238,20.0,1242.4
56157,13.9238,20.0,1242.4
56158,13.9238,20.0,1242.5
56159,13.9238,20.0,1242.5
56160,13.9238,20.0,1242.5
56161,13.9631,20.0,1242.5
56162,13.9631,20.0,1242.6
56163,13.9631,20.0,1242.6
56164,13.9631,20.0,1242.6
56165,13.9631,20.0,1242.6
56166,13.9631,20.0,1242.7
56167,13.9631,20.0,1242.7
56168,13.9631,20.0,1242.7
56169,13.9631,20.0,1242.7
56170,13.9631,20.0,1242.7
56171,13.9631,20.0,1242.8
56172,13.9631,20.0,1242.8
56173,13.9631,20.0,1242.8
56174,13.9631,20.0,1242.8
56175,13.9631,20.0,1242.8
56176,13.9631,20.0,1242.9
56177,13.9631,20.0,1242.9
56178,13.9631,20.0,1242.9
56179,13.9631,20.0,1242.9
56180,13.9631,20.0,1243.0
56181,14.0024,20.0,1243.0
56182,14.0024,20.0,1243.1
56183,14.0024,20.0,1243.1
56184,14.0024,20.0,1243.1
56185,14.0024,20.0,1243.2
56186,14.0024,20.0,1243.2
56187,14.0024,20.0,1243.2
56188,14.0024,20.0,1243.2
56189,14.0024,20.0,1243.3
56190,14.0024,20.0,1243.3
56191,14.0024,20.0,1243.3
56192,14.0024,20.0,1243.3
56193,14.0024,20.0,1243.3
56194,14.0024,20.0,1243.4
56195,14.0024,20.0,1243.4
56196,14.0024,20.0,1243.4
56197,14.0024,20.0,1243.4
56198,14.0024,20.0,1243.5
56199,14.0024,20.0,1243.5
56200,14.0024,20.0,1243.5
56201,14.0417,20.0,1243.5
56202,14.0417,20.0,1243.5
56203,14.0417,20.0,1243.6
56204,14.0417,20.0,1243.6
56205,14.0417,20.0,1243.6
56206,14.0417,20.0,1243.6
56207,14.0417,20.0,1243.6
56208,14.0417,20.0,1243.7
56209,14.0417,20.0,1243.7
56210,14.0417,20.0,1243.7
56211,14.0417,20.0,1243.7
56212,14.0417,20.0,1243.8
56213,14.0417,20.0,1243.8
56214,14.0417,20.0,1243.8
56215,14.0417,20.0,1243.8
56216,14.0417,20.0,1243.9
56217,14.0417,20.0,1243.9
56218,14.0417,20.0,1243.9
56219,14.0417,20.0,1243.9
56220,14.0417,20.0,1243.9
56221,14.0810,20.0,1244.0
56222,14.0810,20.0,1244.0
56223,14.0810,20.0,1244.0
56224,14.0810,20.0,1244.0
56225,14.0810,20.0,1244.0
56226,14.0810,20.0,1244.1
56227,14.0810,20.0,1244.1
56228,14.0810,20.0,1244.1
56229,14.0810,20.0,1244.1
56230,14.0810,20.0,1244.1
56231,14.0810,20.0,1244.2
56232,14.0810,20.0,1244.2
56233,14.0810,20.0,1244.2
56234,14.0810,20.0,1244.2
56235,14.0810,20.0,1244.3
56236,14.0810,20.0,1244.3
56237,14.0810,20.0,1244.3
56238,14.0810,20.0,1244.3
56239,14.0810,20.0,1244.3
56240,14.0810,20.0,1244.4
56241,14.1202,20.0,1244.4
56242,14.1202,20.0,1244.4
56243,14.1202,20.0,1244.4
56244,14.1202,20.0,1244.4
56245,14.1202,20.0,1244.4
56246,14.1202,20.0,1244.5
56247,14.1202,20.0,1244.5
56248,14.1202,20.0,1244.5
56249,14.1202,20.0,1244.5
56250,14.1202,20.0,1244.5
56251,14.1202,20.0,1244.6
56252,14.1202,20.0,1244.6
56253,14.1202,20.0,1244.6
56254,14.1202,20.0,1244.6
56255,14.1202,20.0,1244.6
56256,14.1202,20.0,1244.7
56257,14.1202,20.0,1244.7
56258,14.1202,20.0,1244.7
56259,14.1202,20.0,1244.7
56260,14.1202,20.0,1244.7
56261,14.1595,20.0,1244.8
56262,14.1595,20.0,1244.8
56263,14.1595,20.0,1244.8
56264,14.1595,20.0,1244.8
56265,14.1595,20.0,1244.8
56266,14.1595,20.0,1244.9
56267,14.1595,20.0,1244.9
56268,14.1595,20.0,1244.9
56269,14.1595,20.0,1244.9
56270,14.1595,20.0,1244.9
56271,14.1595,20.0,1245.0
56272,14.1595,20.0,1245.0
56273,14.1595,20.0,1245.0
56274,14.1595,20.0,1245.0
56275,14.1595,20.0,1245.1
56276,14.1595,20.0,1245.1
56277,14.1595,20.0,1245.1
56278,14.1595,20.0,1245.1
56279,14.1595,20.0,1245.1
56280,14.1595,20.0,1245.1
56281,14.1789,20.0,1245.2
56282,14.1789,20.0,1245.2
56283,14.1789,20.0,1245.2
56284,14.1789,20.0,1245.2
56285,14.1789,20.0,1245.3
56286,14.1789,20.0,1245.3
56287,14.1789,20.0,1245.3
56288,14.1789,20.0,1245.3
56289,14.1789,20.0,1245.3
56290,14.1789,20.0,1245.3
56291,14.1789,20.0,1245.4
56292,14.1789,20.0,1245.4
56293,14.1789,20.0,1245.4
56294,14.1789,20.0,1245.4
56295,14.1789,20.0,1245.4
56296,14.1789,20.0,1245.4
56297,14.1789,20.0,1245.5
56298,14.1789,20.0,1245.5
56299,14.1789,20.0,1245.5
56300,14.1789,20.0,1245.5
56301,14.2178,20.0,1245.5
56302,14.2178,20.0,1245.6
56303,14.2178,20.0,1245.6
56304,14.2178,20.0,1245.6
56305,14.2178,20.0,1245.6
56306,14.2178,20.0,1245.6
56307,14.2178,20.0,1245.7
56308,14.2178,20.0,1245.7
56309,14.2178,20.0,1245.7
56310,14.2178,20.0,1245.7
56311,14.2178,20.0,1245.7
56312,14.2178,20.0,1245.8
56313,14.2178,20.0,1245.8
56314,14.2178,20.0,1245.8
56315,14.2178,20.0,1245.8
56316,14.2178,20.0,1245.8
56317,14.2178,20.0,1245.9
56318,14.2178,20.0,1245.9
56319,14.2178,20.0,1245.9
56320,14.2178,20.0,1245.9
56321,14.2566,20.0,1246.3
56322,14.2566,20.0,1246.3
56323,14.2566,20.0,1246.3
56324,14.2566,20.0,1246.3
56325,14.2566,20.0,1246.3
56326,14.2566,20.0,1246.4
56327,14.2566,20.0,1246.4
56328,14.2566,20.0,1246.4
56329,14.2566,20.0,1246.4
56330,14.2566,20.0,1246.5
56331,14.2566,20.0,1246.5
56332,14.2566,20.0,1246.5
56333,14.2566,20.0,1246.5
56334,14.2566,20.0,1246.5
56335,14.2566,20.0,1246.5
56336,14.2566,20.0,1246.6
56337,14.2566,20.0,1246.6
56338,14.2566,20.0,1246.6
56339,14.2566,20.0,1246.6
56340,14.2566,20.0,1246.6
56341,14.2758,20.0,1246.7
56342,14.2758,20.0,1246.7
56343,14.2758,20.0,1246.7
56344,14.2758,20.0,1246.7
56345,14.2758,20.0,1246.7
56346,14.2758,20.0,1246.8
56347,14.2758,20.0,1246.8
56348,14.2758,20.0,1246.8
56349,14.2758,20.0,1246.8
56350,14.2758,20.0,1246.8
56351,14.2758,20.0,1246.9
56352,14.2758,20.0,1246.9
56353,14.2758,20.0,1246.9
56354,14.2758,20.0,1246.9
56355,14.2758,20.0,1247.0
56356,14.2758,20.0,1247.0
56357,14.2758,20.0,1247.0
56358,14.2758,20.0,1247.0
56359,14.2758,20.0,1247.0
56360,14.2758,20.0,1247.1
56361,14.2950,20.0,1247.1
56362,14.2950,20.0,1247.1
56363,14.2950,20.0,1247.1
56364,14.2950,20.0,1247.1
56365,14.2950,20.0,1247.1
56366,14.2950,20.0,1247.2
56367,14.2950,20.0,1247.2
56368,14.2950,20.0,1247.2
56369,14.2950,20.0,1247.2
56370,14.2950,20.0,1247.2
56371,14.2950,20.0,1247.3
56372,14.2950,20.0,1247.3
56373,14.2950,20.0,1247.3
56374,14.2950,20.0,1247.3
56375,14.2950,20.0,1247.4
56376,14.2950,20.0,1247.4
56377,14.2950,20.0,1247.4
56378,14.2950,20.0,1247.4
56379,14.2950,20.0,1247.4
56380,14.2950,20.0,1247.5
56381,14.3141,20.0,1247.5
56382,14.3141,20.0,1247.5
56383,14.3141,20.0,1247.5
56384,14.3141,20.0,1247.6
56385,14.3141,20.0,1247.6
56386,14.3141,20.0,1247.6
56387,14.3141,20.0,1247.6
56388,14.3141,20.0,1247.6
56389,14.3141,20.0,1247.7
56390,14.3141,20.0,1247.7
56391,14.3141,20.0,1247.7
56392,14.3141,20.0,1247.7
56393,14.3141,20.0,1247.8
56394,14.3141,20.0,1247.8
56395,14.3141,20.0,1247.8
56396,14.3141,20.0,1247.8
56397,14.3141,20.0,1247.8
56398,14.3141,20.0,1247.9
56399,14.3141,20.0,1247.9
56400,14.3141,20.0,1247.9
56401,14.3333,20.0,1247.9
56402,14.3333,20.0,1247.9
56403,14.3333,20.0,1248.0
56404,14.3333,20.0,1248.0
56405,14.3333,20.0,1248.0
56406,14.3333,20.0,1248.0
56407,14.3333,20.0,1248.1
56408,14.3333,20.0,1248.1
56409,14.3333,20.0,1248.1
56410,14.3333,20.0,1248.1
56411,14.3333,20.0,1248.1
56412,14.3333,20.0,1248.2
56413,14.3333,20.0,1248.2
56414,14.3333,20.0,1248.2
56415,14.3333,20.0,1248.2
56416,14.3333,20.0,1248.2
56417,14.3333,20.0,1248.3
56418,14.3333,20.0,1248.3
56419,14.3333,20.0,1248.3
56420,14.3333,20.0,1248.3
56421,14.3525,20.0,1248.3
56422,14.3525,20.0,1248.4
56423,14.3525,20.0,1248.4
56424,14.3525,20.0,1248.4
56425,14.3525,20.0,1248.4
56426,14.3525,20.0,1248.4
56427,14.3525,20.0,1248.5
56428,14.3525,20.0,1248.5
56429,14.3525,20.0,1248.5
56430,14.3525,20.0,1248.5
56431,14.3525,20.0,1248.5
56432,14.3525,20.0,1248.5
56433,14.3525,20.0,1248.6
56434,14.3525,20.0,1248.6
56435,14.3525,20.0,1248.6
56436,14.3525,20.0,1248.6
56437,14.3525,20.0,1248.7
56438,14.3525,20.0,1248.7
56439,14.3525,20.0,1248.7
56440,14.3525,20.0,1248.7
56441,14.3716,20.0,1248.7
56442,14.3716,20.0,1248.8
56443,14.3716,20.0,1248.8
56444,14.3716,20.0,1248.8
56445,14.3716,20.0,1248.8
56446,14.3716,20.0,1248.8
56447,14.3716,20.0,1248.9
56448,14.3716,20.0,1248.9
56449,14.3716,20.0,1248.9
56450,14.3716,20.0,1248.9
56451,14.3716,20.0,1248.9
56452,14.3716,20.0,1248.9
56453,14.3716,20.0,1249.0
56454,14.3716,20.0,1249.0
56455,14.3716,20.0,1249.0
56456,14.3716,20.0,1249.0
56457,14.3716,20.0,1249.0
56458,14.3716,20.0,1249.1
56459,14.3716,20.0,1249.1
56460,14.3716,20.0,1249.1
56461,14.3908,20.0,1249.1
56462,14.3908,20.0,1249.2
56463,14.3908,20.0,1249.2
56464,14.3908,20.0,1249.2
56465,14.3908,20.0,1249.2
56466,14.3908,20.0,1249.2
56467,14.3908,20.0,1249.3
56468,14.3908,20.0,1249.3
56469,14.3908,20.0,1249.3
56470,14.3908,20.0,1249.3
56471,14.3908,20.0,1249.3
56472,14.3908,20.0,1249.3
56473,14.3908,20.0,1249.4
56474,14.3908,20.0,1249.4
56475,14.3908,20.0,1249.4
56476,14.3908,20.0,1249.4
56477,14.3908,20.0,1249.4
56478,14.3908,20.0,1249.5
56479,14.3908,20.0,1249.5
56480,14.3908,20.0,1249.5
56481,14.4099,20.0,1249.5
56482,14.4099,20.0,1249.5
56483,14.4099,20.0,1249.6
56484,14.4099,20.0,1249.6
56485,14.4099,20.0,1249.6
56486,14.4099,20.0,1249.6
56487,14.4099,20.0,1249.6
56488,14.4099,20.0,1249.6
56489,14.4099,20.0,1249.7
56490,14.4099,20.0,1249.7
56491,14.4099,20.0,1249.7
56492,14.4099,20.0,1249.7
56493,14.4099,20.0,1249.7
56494,14.4099,20.0,1249.8
56495,14.4099,20.0,1249.8
56496,14.4099,20.0,1249.8
56497,14.4099,20.0,1249.8
56498,14.4099,20.0,1249.8
56499,14.4099,20.0,1249.9
56500,14.4099,20.0,1249.9
56501,14.4291,20.0,1249.9
56502,14.4291,20.0,1249.9
56503,14.4291,20.0,1250.0
56504,14.4291,20.0,1250.0
56505,14.4291,20.0,1250.0
56506,14.4291,20.0,1250.0
56507,14.4291,20.0,1250.0
56508,14.4291,20.0,1250.1
56509,14.4291,20.0,1250.1
56510,14.4291,20.0,1250.1
56511,14.4291,20.0,1250.1
56512,14.4291,20.0,1250.1
56513,14.4291,20.0,1250.2
56514,14.4291,20.0,1250.2
56515,14.4291,20.0,1250.2
56516,14.4291,20.0,1250.2
56517,14.4291,20.0,1250.2
56518,14.4291,20.0,1250.2
56519,14.4291,20.0,1250.3
56520,14.4291,20.0,1250.3
56521,14.4483,20.0,1250.3
56522,14.4483,20.0,1250.3
56523,14.4483,20.0,1250.4
56524,14.4483,20.0,1250.4
56525,14.4483,20.0,1250.4
56526,14.4483,20.0,1250.4
56527,14.4483,20.0,1250.5
56528,14.4483,20.0,1250.5
56529,14.4483,20.0,1250.5
56530,14.4483,20.0,1250.5
56531,14.4483,20.0,1250.5
56532,14.4483,20.0,1250.6
56533,14.4483,20.0,1250.6
56534,14.4483,20.0,1250.6
56535,14.4483,20.0,1250.6
56536,14.4483,20.0,1250.6
56537,14.4483,20.0,1250.7
56538,14.4483,20.0,1250.7
56539,14.4483,20.0,1250.7
56540,14.4483,20.0,1250.7
56541,14.4674,20.0,1250.7
56542,14.4674,20.0,1250.8
56543,14.4674,20.0,1250.8
56544,14.4674,20.0,1250.8
56545,14.4674,20.0,1250.8
56546,14.4674,20.0,1250.8
56547,14.4674,20.0,1250.9
56548,14.4674,20.0,1250.9
56549,14.4674,20.0,1250.9
56550,14.4674,20.0,1250.9
56551,14.4674,20.0,1250.9
56552,14.4674,20.0,1251.0
56553,14.4674,20.0,1251.0
56554,14.4674,20.0,1251.0
56555,14.4674,20.0,1251.0
56556,14.4674,20.0,1251.0
56557,14.4674,20.0,1251.1
56558,14.4674,20.0,1251.1
56559,14.4674,20.0,1251.1
56560,14.4674,20.0,1251.1
56561,14.4866,20.0,1251.1
56562,14.4866,20.0,1251.2
56563,14.4866,20.0,1251.2
56564,14.4866,20.0,1251.2
56565,14.4866,20.0,1251.2
56566,14.4866,20.0,1251.2
56567,14.4866,20.0,1251.3
56568,14.4866,20.0,1251.3
56569,14.4866,20.0,1251.3
56570,14.4866,20.0,1251.3
56571,14.4866,20.0,1251.3
56572,14.4866,20.0,1251.4
56573,14.4866,20.0,1251.4
56574,14.4866,20.0,1251.4
56575,14.4866,20.0,1251.4
56576,14.4866,20.0,1251.4
56577,14.4866,20.0,1251.4
56578,14.4866,20.0,1251.5
56579,14.4866,20.0,1251.5
56580,14.4866,20.0,1251.5
56581,14.5057,20.0,1251.5
56582,14.5057,20.0,1251.5
56583,14.5057,20.0,1251.6
56584,14.5057,20.0,1251.6
56585,14.5057,20.0,1251.6
56586,14.5057,20.0,1251.6
56587,14.5057,20.0,1251.6
56588,14.5057,20.0,1251.7
56589,14.5057,20.0,1251.7
56590,14.5057,20.0,1251.7
56591,14.5057,20.0,1251.7
56592,14.5057,20.0,1251.8
56593,14.5057,20.0,1251.8
56594,14.5057,20.0,1251.8
56595,14.5057,20.0,1251.8
56596,14.5057,20.0,1251.8
56597,14.5057,20.0,1251.8
56598,14.5057,20.0,1251.9
56599,14.5057,20.0,1251.9
56600,14.5057,20.0,1251.9
56601,14.5249,20.0,1251.9
56602,14.5249,20.0,1252.0
56603,14.5249,20.0,1252.0
56604,14.5249,20.0,1252.0
56605,14.5249,20.0,1252.0
56606,14.5249,20.0,1252.0
56607,14.5249,20.0,1252.1
56608,14.5249,20.0,1252.1
56609,14.5249,20.0,1252.1
56610,14.5249,20.0,1252.1
56611,14.5249,20.0,1252.1
56612,14.5249,20.0,1252.2
56613,14.5249,20.0,1252.2
56614,14.5249,20.0,1252.2
56615,14.5249,20.0,1252.2
56616,14.5249,20.0,1252.2
56617,14.5249,20.0,1252.2
56618,14.5249,20.0,1252.3
56619,14.5249,20.0,1252.3
56620,14.5249,20.0,1252.3
56621,14.5441,20.0,1252.3
56622,14.5441,20.0,1252.3
56623,14.5441,20.0,1252.4
56624,14.5441,20.0,1252.4
56625,14.5441,20.0,1252.4
56626,14.5441,20.0,1252.4
56627,14.5441,20.0,1252.4
56628,14.5441,20.0,1252.4
56629,14.5441,20.0,1252.5
56630,14.5441,20.0,1252.5
56631,14.5441,20.0,1252.5
56632,14.5441,20.0,1252.5
56633,14.5441,20.0,1252.5
56634,14.5441,20.0,1252.6
56635,14.5441,20.0,1252.6
56636,14.5441,20.0,1252.6
56637,14.5441,20.0,1252.6
56638,14.5441,20.0,1252.7
56639,14.5441,20.0,1252.7
56640,14.5441,20.0,1252.7
56641,14.5632,20.0,1252.7
56642,14.5632,20.0,1252.7
56643,14.5632,20.0,1252.8
56644,14.5632,20.0,1252.8
56645,14.5632,20.0,1252.8
56646,14.5632,20.0,1252.8
56647,14.5632,20.0,1252.8
56648,14.5632,20.0,1252.9
56649,14.5632,20.0,1252.9
56650,14.5632,20.0,1252.9
56651,14.5632,20.0,1252.9
56652,14.5632,20.0,1252.9
56653,14.5632,20.0,1253.0
56654,14.5632,20.0,1253.0
56655,14.5632,20.0,1253.0
56656,14.5632,20.0,1253.0
56657,14.5632,20.0,1253.1
56658,14.5632,20.0,1253.1
56659,14.5632,20.0,1253.1
56660,14.5632,20.0,1253.1
56661,14.5824,20.0,1253.1
56662,14.5824,20.0,1253.2
56663,14.5824,20.0,1253.2
56664,14.5824,20.0,1253.2
56665,14.5824,20.0,1253.2
56666,14.5824,20.0,1253.3
56667,14.5824,20.0,1253.3
56668,14.5824,20.0,1253.3
56669,14.5824,20.0,1253.3
56670,14.5824,20.0,1253.3
56671,14.5824,20.0,1253.4
56672,14.5824,20.0,1253.4
56673,14.5824,20.0,1253.4
56674,14.5824,20.0,1253.4
56675,14.5824,20.0,1253.4
56676,14.5824,20.0,1253.5
56677,14.5824,20.0,1253.5
56678,14.5824,20.0,1253.5
56679,14.5824,20.0,1253.5
56680,14.5824,20.0,1253.5
56681,14.6015,20.0,1253.5
56682,14.6015,20.0,1253.6
56683,14.6015,20.0,1253.6
56684,14.6015,20.0,1253.6
56685,14.6015,20.0,1253.6
56686,14.6015,20.0,1253.6
56687,14.6015,20.0,1253.7
56688,14.6015,20.0,1253.7
56689,14.6015,20.0,1253.7
56690,14.6015,20.0,1253.7
56691,14.6015,20.0,1253.7
56692,14.6015,20.0,1253.8
56693,14.6015,20.0,1253.8
56694,14.6015,20.0,1253.8
56695,14.6015,20.0,1253.8
56696,14.6015,20.0,1253.8
56697,14.6015,20.0,1253.9
56698,14.6015,20.0,1253.9
56699,14.6015,20.0,1253.9
56700,14.6015,20.0,1253.9
56701,14.6207,20.0,1253.9
56702,14.6207,20.0,1254.0
56703,14.6207,20.0,1254.0
56704,14.6207,20.0,1254.0
56705,14.6207,20.0,1254.0
56706,14.6207,20.0,1254.0
56707,14.6207,20.0,1254.0
56708,14.6207,20.0,1254.1
56709,14.6207,20.0,1254.1
56710,14.6207,20.0,1254.1
56711,14.6207,20.0,1254.1
56712,14.6207,20.0,1254.1
56713,14.6207,20.0,1254.2
56714,14.6207,20.0,1254.2
56715,14.6207,20.0,1254.2
56716,14.6207,20.0,1254.2
56717,14.6207,20.0,1254.3
56718,14.6207,20.0,1254.3
56719,14.6207,20.0,1254.3
56720,14.6207,20.0,1254.3
56721,14.6399,20.0,1254.3
56722,14.6399,20.0,1254.3
56723,14.6399,20.0,1254.4
56724,14.6399,20.0,1254.4
56725,14.6399,20.0,1254.4
56726,14.6399,20.0,1254.4
56727,14.6399,20.0,1254.4
56728,14.6399,20.0,1254.5
56729,14.6399,20.0,1254.5
56730,14.6399,20.0,1254.5
56731,14.6399,20.0,1254.5
56732,14.6399,20.0,1254.5
56733,14.6399,20.0,1254.6
56734,14.6399,20.0,1254.6
56735,14.6399,20.0,1254.6
56736,14.6399,20.0,1254.6
56737,14.6399,20.0,1254.6
56738,14.6399,20.0,1254.7
56739,14.6399,20.0,1254.7
56740,14.6399,20.0,1254.7
56741,14.6590,20.0,1254.7
56742,14.6590,20.0,1254.7
56743,14.6590,20.0,1254.8
56744,14.6590,20.0,1254.8
56745,14.6590,20.0,1254.8
56746,14.6590,20.0,1254.8
56747,14.6590,20.0,1254.8
56748,14.6590,20.0,1254.9
56749,14.6590,20.0,1254.9
56750,14.6590,20.0,1254.9
56751,14.6590,20.0,1254.9
56752,14.6590,20.0,1254.9
56753,14.6590,20.0,1255.0
56754,14.6590,20.0,1255.0
56755,14.6590,20.0,1255.0
56756,14.6590,20.0,1255.0
56757,14.6590,20.0,1255.0
56758,14.6590,20.0,1255.1
56759,14.6590,20.0,1255.1
56760,14.6590,20.0,1255.1
56761,14.6782,20.0,1255.1
56762,14.6782,20.0,1255.1
56763,14.6782,20.0,1255.2
56764,14.6782,20.0,1255.2
56765,14.6782,20.0,1255.2
56766,14.6782,20.0,1255.2
56767,14.6782,20.0,1255.2
56768,14.6782,20.0,1255.3
56769,14.6782,20.0,1255.3
56770,14.6782,20.0,1255.3
56771,14.6782,20.0,1255.3
56772,14.6782,20.0,1255.3
56773,14.6782,20.0,1255.4
56774,14.6782,20.0,1255.4
56775,14.6782,20.0,1255.4
56776,14.6782,20.0,1255.4
56777,14.6782,20.0,1255.4
56778,14.6782,20.0,1255.5
56779,14.6782,20.0,1255.5
56780,14.6782,20.0,1255.5
56781,14.6974,20.0,1255.5
56782,14.6974,20.0,1255.5
56783,14.6974,20.0,1255.6
56784,14.6974,20.0,1255.6
56785,14.6974,20.0,1255.6
56786,14.6974,20.0,1255.6
56787,14.6974,20.0,1255.6
56788,14.6974,20.0,1255.7
56789,14.6974,20.0,1255.7
56790,14.6974,20.0,1255.7
56791,14.6974,20.0,1255.7
56792,14.6974,20.0,1255.7
56793,14.6974,20.0,1255.8
56794,14.6974,20.0,1255.8
56795,14.6974,20.0,1255.8
56796,14.6974,20.0,1255.8
56797,14.6974,20.0,1255.8
56798,14.6974,20.0,1255.9
56799,14.6974,20.0,1255.9
56800,14.6974,20.0,1255.9
56801,14.6966,20.0,1255.9
56802,14.6966,20.0,1255.9
56803,14.6966,20.0,1255.9
56804,14.6966,20.0,1256.0
56805,14.6966,20.0,1256.0
56806,14.6966,20.0,1256.0
56807,14.6966,20.0,1256.0
56808,14.6966,20.0,1256.1
56809,14.6966,20.0,1256.1
56810,14.6966,20.0,1256.1
56811,14.6966,20.0,1256.1
56812,14.6966,20.0,1256.1
56813,14.6966,20.0,1256.2
56814,14.6966,20.0,1256.2
56815,14.6966,20.0,1256.2
56816,14.6966,20.0,1256.2
56817,14.6966,20.0,1256.2
56818,14.6966,20.0,1256.3
56819,14.6966,20.0,1256.3
56820,14.6966,20.0,1256.3
56821,14.6958,20.0,1256.3
56822,14.6958,20.0,1256.3
56823,14.6958,20.0,1256.4
56824,14.6958,20.0,1256.4
56825,14.6958,20.0,1256.4
56826,14.6958,20.0,1256.4
56827,14.6958,20.0,1256.4
56828,14.6958,20.0,1256.5
56829,14.6958,20.0,1256.5
56830,14.6958,20.0,1256.5
56831,14.6958,20.0,1256.5
56832,14.6958,20.0,1256.5
56833,14.6958,20.0,1256.8
56834,14.6958,20.0,1256.8
56835,14.6958,20.0,1256.8
56836,14.6958,20.0,1256.8
56837,14.6958,20.0,1256.9
56838,14.6958,20.0,1256.9
56839,14.6958,20.0,1256.9
56840,14.6958,20.0,1256.9
56841,14.7149,20.0,1256.9
56842,14.7149,20.0,1257.0
56843,14.7149,20.0,1257.0
56844,14.7149,20.0,1257.0
56845,14.7149,20.0,1257.0
56846,14.7149,20.0,1257.0
56847,14.7149,20.0,1257.1
56848,14.7149,20.0,1257.1
56849,14.7149,20.0,1257.1
56850,14.7149,20.0,1257.1
56851,14.7149,20.0,1257.1
56852,14.7149,20.0,1257.2
56853,14.7149,20.0,1257.2
56854,14.7149,20.0,1257.2
56855,14.7149,20.0,1257.2
56856,14.7149,20.0,1257.2
56857,14.7149,20.0,1257.3
56858,14.7149,20.0,1257.3
56859,14.7149,20.0,1257.3
56860,14.7149,20.0,1257.3
56861,14.7341,20.0,1257.3
56862,14.7341,20.0,1257.4
56863,14.7341,20.0,1257.4
56864,14.7341,20.0,1257.4
56865,14.7341,20.0,1257.4
56866,14.7341,20.0,1257.4
56867,14.7341,20.0,1257.5
56868,14.7341,20.0,1257.5
56869,14.7341,20.0,1257.5
56870,14.7341,20.0,1257.5
56871,14.7341,20.0,1257.5
56872,14.7341,20.0,1257.5
56873,14.7341,20.0,1257.6
56874,14.7341,20.0,1257.6
56875,14.7341,20.0,1257.6
56876,14.7341,20.0,1257.6
56877,14.7341,20.0,1257.7
56878,14.7341,20.0,1257.7
56879,14.7341,20.0,1257.7
56880,14.7341,20.0,1257.7
56881,14.7532,20.0,1257.7
56882,14.7532,20.0,1257.8
56883,14.7532,20.0,1257.8
56884,14.7532,20.0,1257.8
56885,14.7532,20.0,1257.8
56886,14.7532,20.0,1257.8
56887,14.7532,20.0,1257.9
56888,14.7532,20.0,1257.9
56889,14.7532,20.0,1257.9
56890,14.7532,20.0,1257.9
56891,14.7532,20.0,1257.9
56892,14.7532,20.0,1258.0
56893,14.7532,20.0,1258.0
56894,14.7532,20.0,1258.0
56895,14.7532,20.0,1258.0
56896,14.7532,20.0,1258.0
56897,14.7532,20.0,1258.1
56898,14.7532,20.0,1258.1
56899,14.7532,20.0,1258.1
56900,14.7532,20.0,1258.1
56901,14.7723,20.0,1258.1
56902,14.7723,20.0,1258.2
56903,14.7723,20.0,1258.2
56904,14.7723,20.0,1258.2
56905,14.7723,20.0,1258.2
56906,14.7723,20.0,1258.2
56907,14.7723,20.0,1258.3
56908,14.7723,20.0,1258.3
56909,14.7723,20.0,1258.3
56910,14.7723,20.0,1258.3
56911,14.7723,20.0,1258.3
56912,14.7723,20.0,1258.3
56913,14.7723,20.0,1258.4
56914,14.7723,20.0,1258.4
56915,14.7723,20.0,1258.4
56916,14.7723,20.0,1258.4
56917,14.7723,20.0,1258.4
56918,14.7723,20.0,1258.5
56919,14.7723,20.0,1258.5
56920,14.7723,20.0,1258.5
56921,14.7914,20.0,1258.5
56922,14.7914,20.0,1258.6
56923,14.7914,20.0,1258.6
56924,14.7914,20.0,1258.6
56925,14.7914,20.0,1258.6
56926,14.7914,20.0,1258.7
56927,14.7914,20.0,1258.7
56928,14.7914,20.0,1258.7
56929,14.7914,20.0,1258.7
56930,14.7914,20.0,1258.8
56931,14.7914,20.0,1258.8
56932,14.7914,20.0,1258.8
56933,14.7914,20.0,1258.8
56934,14.7914,20.0,1258.9
56935,14.7914,20.0,1258.9
56936,14.7914,20.0,1258.9
56937,14.7914,20.0,1258.9
56938,14.7914,20.0,1259.0
56939,14.7914,20.0,1259.0
56940,14.7914,20.0,1259.0
56941,14.8105,20.0,1259.1
56942,14.8105,20.0,1259.1
56943,14.8105,20.0,1259.1
56944,14.8105,20.0,1259.1
56945,14.8105,20.0,1259.1
56946,14.8105,20.0,1259.2
56947,14.8105,20.0,1259.2
56948,14.8105,20.0,1259.2
56949,14.8105,20.0,1259.2
56950,14.8105,20.0,1259.2
56951,14.8105,20.0,1259.3
56952,14.8105,20.0,1259.3
56953,14.8105,20.0,1259.3
56954,14.8105,20.0,1259.3
56955,14.8105,20.0,1259.3
56956,14.8105,20.0,1259.4
56957,14.8105,20.0,1259.4
56958,14.8105,20.0,1259.4
56959,14.8105,20.0,1259.4
56960,14.8105,20.0,1259.4
56961,14.8296,20.0,1259.5
56962,14.8296,20.0,1259.5
56963,14.8296,20.0,1259.5
56964,14.8296,20.0,1259.5
56965,14.8296,20.0,1259.5
56966,14.8296,20.0,1259.5
56967,14.8296,20.0,1259.6
56968,14.8296,20.0,1259.6
56969,14.8296,20.0,1259.6
56970,14.8296,20.0,1259.6
56971,14.8296,20.0,1259.7
56972,14.8296,20.0,1259.7
56973,14.8296,20.0,1259.7
56974,14.8296,20.0,1259.7
56975,14.8296,20.0,1259.8
56976,14.8296,20.0,1259.8
56977,14.8296,20.0,1259.8
56978,14.8296,20.0,1259.8
56979,14.8296,20.0,1259.8
56980,14.8296,20.0,1259.9
56981,14.8487,20.0,1259.9
56982,14.8487,20.0,1259.9
56983,14.8487,20.0,1259.9
56984,14.8487,20.0,1259.9
56985,14.8487,20.0,1259.9
56986,14.8487,20.0,1260.0
56987,14.8487,20.0,1260.0
56988,14.8487,20.0,1260.0
56989,14.8487,20.0,1260.0
56990,14.8487,20.0,1260.0
56991,14.8487,20.0,1260.1
56992,14.8487,20.0,1260.1
56993,14.8487,20.0,1260.1
56994,14.8487,20.0,1260.1
56995,14.8487,20.0,1260.1
56996,14.8487,20.0,1260.2
56997,14.8487,20.0,1260.2
56998,14.8487,20.0,1260.2
56999,14.8487,20.0,1260.2
57000,14.8487,20.0,1260.2
57001,14.8678,20.0,1260.2
57002,14.8678,20.0,1260.3
57003,14.8678,20.0,1260.3
57004,14.8678,20.0,1260.3
57005,14.8678,20.0,1260.3
57006,14.8678,20.0,1260.4
57007,14.8678,20.0,1260.4
57008,14.8678,20.0,1260.4
57009,14.8678,20.0,1260.4
57010,14.8678,20.0,1260.4
57011,14.8678,20.0,1260.5
57012,14.8678,20.0,1260.5
57013,14.8678,20.0,1260.5
57014,14.8678,20.0,1260.5
57015,14.8678,20.0,1260.5
57016,14.8678,20.0,1260.5
57017,14.8678,20.0,1260.6
57018,14.8678,20.0,1260.6
57019,14.8678,20.0,1260.6
57020,14.8678,20.0,1260.6
57021,14.8869,20.0,1260.6
57022,14.8869,20.0,1260.7
57023,14.8869,20.0,1260.7
57024,14.8869,20.0,1260.7
57025,14.8869,20.0,1260.7
57026,14.8869,20.0,1260.7
57027,14.8869,20.0,1260.7
57028,14.8869,20.0,1260.8
57029,14.8869,20.0,1260.8
57030,14.8869,20.0,1260.8
57031,14.8869,20.0,1260.8
57032,14.8869,20.0,1260.8
57033,14.8869,20.0,1260.9
57034,14.8869,20.0,1260.9
57035,14.8869,20.0,1260.9
57036,14.8869,20.0,1260.9
57037,14.8869,20.0,1260.9
57038,14.8869,20.0,1261.0
57039,14.8869,20.0,1261.0
57040,14.8869,20.0,1261.0
57041,14.9060,20.0,1261.0
57042,14.9060,20.0,1261.1
57043,14.9060,20.0,1261.1
57044,14.9060,20.0,1261.1
57045,14.9060,20.0,1261.1
57046,14.9060,20.0,1261.1
57047,14.9060,20.0,1261.1
57048,14.9060,20.0,1261.2
57049,14.9060,20.0,1261.2
57050,14.9060,20.0,1261.2
57051,14.9060,20.0,1261.2
57052,14.9060,20.0,1261.2
57053,14.9060,20.0,1261.3
57054,14.9060,20.0,1261.3
57055,14.9060,20.0,1261.3
57056,14.9060,20.0,1261.3
57057,14.9060,20.0,1261.3
57058,14.9060,20.0,1261.3
57059,14.9060,20.0,1261.4
57060,14.9060,20.0,1261.4
57061,14.9252,20.0,1261.4
57062,14.9252,20.0,1261.4
57063,14.9252,20.0,1261.5
57064,14.9252,20.0,1261.5
57065,14.9252,20.0,1261.5
57066,14.9252,20.0,1261.5
57067,14.9252,20.0,1261.5
57068,14.9252,20.0,1261.6
57069,14.9252,20.0,1261.6
57070,14.9252,20.0,1261.6
57071,14.9252,20.0,1261.6
57072,14.9252,20.0,1261.6
57073,14.9252,20.0,1261.7
57074,14.9252,20.0,1261.7
57075,14.9252,20.0,1261.7
57076,14.9252,20.0,1261.7
57077,14.9252,20.0,1261.7
57078,14.9252,20.0,1261.8
57079,14.9252,20.0,1261.8
57080,14.9252,20.0,1261.8
57081,14.9443,20.0,1261.8
57082,14.9443,20.0,1261.8
57083,14.9443,20.0,1261.9
57084,14.9443,20.0,1261.9
57085,14.9443,20.0,1261.9
57086,14.9443,20.0,1261.9
57087,14.9443,20.0,1262.0
57088,14.9443,20.0,1262.0
57089,14.9443,20.0,1262.0
57090,14.9443,20.0,1262.0
57091,14.9443,20.0,1262.0
57092,14.9443,20.0,1262.1
57093,14.9443,20.0,1262.1
57094,14.9443,20.0,1262.1
57095,14.9443,20.0,1262.1
57096,14.9443,20.0,1262.1
57097,14.9443,20.0,1262.2
57098,14.9443,20.0,1262.2
57099,14.9443,20.0,1262.2
57100,14.9443,20.0,1262.2
57101,14.9634,20.0,1262.2
57102,14.9634,20.0,1262.3
57103,14.9634,20.0,1262.3
57104,14.9634,20.0,1262.3
57105,14.9634,20.0,1262.3
57106,14.9634,20.0,1262.3
57107,14.9634,20.0,1262.4
57108,14.9634,20.0,1262.4
57109,14.9634,20.0,1262.4
57110,14.9634,20.0,1262.4
57111,14.9634,20.0,1262.4
57112,14.9634,20.0,1262.4
57113,14.9634,20.0,1262.5
57114,14.9634,20.0,1262.5
57115,14.9634,20.0,1262.5
57116,14.9634,20.0,1262.5
57117,14.9634,20.0,1262.5
57118,14.9634,20.0,1262.6
57119,14.9634,20.0,1262.6
57120,14.9634,20.0,1262.6
57121,14.9825,20.0,1262.6
57122,14.9825,20.0,1262.6
57123,14.9825,20.0,1262.7
57124,14.9825,20.0,1262.7
57125,14.9825,20.0,1262.7
57126,14.9825,20.0,1262.7
57127,14.9825,20.0,1262.7
57128,14.9825,20.0,1262.7
57129,14.9825,20.0,1262.8
57130,14.9825,20.0,1262.8
57131,14.9825,20.0,1262.8
57132,14.9825,20.0,1262.8
57133,14.9825,20.0,1262.8
57134,14.9825,20.0,1262.9
57135,14.9825,20.0,1262.9
57136,14.9825,20.0,1262.9
57137,14.9825,20.0,1262.9
57138,14.9825,20.0,1262.9
57139,14.9825,20.0,1263.0
57140,14.9825,20.0,1263.0
57141,15.0016,20.0,1263.0
57142,15.0016,20.0,1263.0
57143,15.0016,20.0,1263.0
57144,15.0016,20.0,1263.1
57145,15.0016,20.0,1263.1
57146,15.0016,20.0,1263.1
57147,15.0016,20.0,1263.1
57148,15.0016,20.0,1263.1
57149,15.0016,20.0,1263.2
57150,15.0016,20.0,1263.2
57151,15.0016,20.0,1263.2
57152,15.0016,20.0,1263.2
57153,15.0016,20.0,1263.2
57154,15.0016,20.0,1263.3
57155,15.0016,20.0,1263.3
57156,15.0016,20.0,1263.3
57157,15.0016,20.0,1263.3
57158,15.0016,20.0,1263.3
57159,15.0016,20.0,1263.4
57160,15.0016,20.0,1263.4
57161,15.0207,20.0,1263.4
57162,15.0207,20.0,1263.4
57163,15.0207,20.0,1263.5
57164,15.0207,20.0,1263.5
57165,15.0207,20.0,1263.5
57166,15.0207,20.0,1263.5
57167,15.0207,20.0,1263.5
57168,15.0207,20.0,1263.5
57169,15.0207,20.0,1263.6
57170,15.0207,20.0,1263.6
57171,15.0207,20.0,1263.6
57172,15.0207,20.0,1263.6
57173,15.0207,20.0,1263.6
57174,15.0207,20.0,1263.7
57175,15.0207,20.0,1263.7
57176,15.0207,20.0,1263.7
57177,15.0207,20.0,1263.7
57178,15.0207,20.0,1263.7
57179,15.0207,20.0,1263.8
57180,15.0207,20.0,1263.8
57181,15.0398,20.0,1263.8
57182,15.0398,20.0,1263.8
57183,15.0398,20.0,1263.8
57184,15.0398,20.0,1263.8
57185,15.0398,20.0,1263.9
57186,15.0398,20.0,1263.9
57187,15.0398,20.0,1263.9
57188,15.0398,20.0,1263.9
57189,15.0398,20.0,1263.9
57190,15.0398,20.0,1264.0
57191,15.0398,20.0,1264.0
57192,15.0398,20.0,1264.0
57193,15.0398,20.0,1264.0
57194,15.0398,20.0,1264.1
57195,15.0398,20.0,1264.1
57196,15.0398,20.0,1264.1
57197,15.0398,20.0,1264.1
57198,15.0398,20.0,1264.1
57199,15.0398,20.0,1264.1
57200,15.0398,20.0,1264.2
57201,15.0589,20.0,1264.2
57202,15.0589,20.0,1264.2
57203,15.0589,20.0,1264.2
57204,15.0589,20.0,1264.3
57205,15.0589,20.0,1264.3
57206,15.0589,20.0,1264.3
57207,15.0589,20.0,1264.3
57208,15.0589,20.0,1264.3
57209,15.0589,20.0,1264.4
57210,15.0589,20.0,1264.4
57211,15.0589,20.0,1264.4
57212,15.0589,20.0,1264.4
57213,15.0589,20.0,1264.5
57214,15.0589,20.0,1264.5
57215,15.0589,20.0,1264.5
57216,15.0589,20.0,1264.5
57217,15.0589,20.0,1264.6
57218,15.0589,20.0,1264.6
57219,15.0589,20.0,1264.6
57220,15.0589,20.0,1264.6
57221,15.0780,20.0,1264.7
57222,15.0780,20.0,1264.7
57223,15.0780,20.0,1264.7
57224,15.0780,20.0,1264.7
57225,15.0780,20.0,1264.7
57226,15.0780,20.0,1264.8
57227,15.0780,20.0,1264.8
57228,15.0780,20.0,1264.8
57229,15.0780,20.0,1264.8
57230,15.0780,20.0,1264.9
57231,15.0780,20.0,1264.9
57232,15.0780,20.0,1264.9
57233,15.0780,20.0,1264.9
57234,15.0780,20.0,1265.0
57235,15.0780,20.0,1265.0
57236,15.0780,20.0,1265.0
57237,15.0780,20.0,1265.1
57238,15.0780,20.0,1265.1
57239,15.0780,20.0,1265.1
57240,15.0780,20.0,1265.1
57241,15.0971,20.0,1265.2
57242,15.0971,20.0,1265.2
57243,15.0971,20.0,1265.2
57244,15.0971,20.0,1265.2
57245,15.0971,20.0,1265.2
57246,15.0971,20.0,1265.3
57247,15.0971,20.0,1265.3
57248,15.0971,20.0,1265.3
57249,15.0971,20.0,1265.3
57250,15.0971,20.0,1265.3
57251,15.0971,20.0,1265.4
57252,15.0971,20.0,1265.4
57253,15.0971,20.0,1265.4
57254,15.0971,20.0,1265.4
57255,15.0971,20.0,1265.5
57256,15.0971,20.0,1265.5
57257,15.0971,20.0,1265.5
57258,15.0971,20.0,1265.5
57259,15.0971,20.0,1265.6
57260,15.0971,20.0,1265.6
57261,15.1163,20.0,1265.6
57262,15.1163,20.0,1265.6
57263,15.1163,20.0,1265.7
57264,15.1163,20.0,1265.7
57265,15.1163,20.0,1265.7
57266,15.1163,20.0,1265.7
57267,15.1163,20.0,1265.7
57268,15.1163,20.0,1265.8
57269,15.1163,20.0,1265.8
57270,15.1163,20.0,1265.8
57271,15.1163,20.0,1265.8
57272,15.1163,20.0,1265.9
57273,15.1163,20.0,1265.9
57274,15.1163,20.0,1265.9
57275,15.1163,20.0,1265.9
57276,15.1163,20.0,1266.0
57277,15.1163,20.0,1266.0
57278,15.1163,20.0,1266.0
57279,15.1163,20.0,1266.0
57280,15.1163,20.0,1266.1
57281,15.1354,20.0,1266.1
57282,15.1354,20.0,1266.1
57283,15.1354,20.0,1266.1
57284,15.1354,20.0,1266.2
57285,15.1354,20.0,1266.2
57286,15.1354,20.0,1266.2
57287,15.1354,20.0,1266.2
57288,15.1354,20.0,1266.3
57289,15.1354,20.0,1266.3
57290,15.1354,20.0,1266.3
57291,15.1354,20.0,1266.4
57292,15.1354,20.0,1266.4
57293,15.1354,20.0,1266.4
57294,15.1354,20.0,1266.4
57295,15.1354,20.0,1266.5
57296,15.1354,20.0,1266.5
57297,15.1354,20.0,1266.5
57298,15.1354,20.0,1266.5
57299,15.1354,20.0,1266.6
57300,15.1354,20.0,1266.6
57301,15.1547,20.0,1266.6
57302,15.1547,20.0,1266.6
57303,15.1547,20.0,1266.7
57304,15.1547,20.0,1266.7
57305,15.1547,20.0,1266.7
57306,15.1547,20.0,1266.7
57307,15.1547,20.0,1266.8
57308,15.1547,20.0,1266.8
57309,15.1547,20.0,1266.8
57310,15.1547,20.0,1266.8
57311,15.1547,20.0,1266.8
57312,15.1547,20.0,1266.9
57313,15.1547,20.0,1266.9
57314,15.1547,20.0,1266.9
57315,15.1547,20.0,1267.0
57316,15.1547,20.0,1267.0
57317,15.1547,20.0,1267.0
57318,15.1547,20.0,1267.0
57319,15.1547,20.0,1267.0
57320,15.1547,20.0,1267.1
57321,15.1740,20.0,1267.1
57322,15.1740,20.0,1267.1
57323,15.1740,20.0,1267.1
57324,15.1740,20.0,1267.1
57325,15.1740,20.0,1267.2
57326,15.1740,20.0,1267.2
57327,15.1740,20.0,1267.2
57328,15.1740,20.0,1267.2
57329,15.1740,20.0,1267.2
57330,15.1740,20.0,1267.3
57331,15.1740,20.0,1267.3
57332,15.1740,20.0,1267.3
57333,15.1740,20.0,1267.3
57334,15.1740,20.0,1267.3
57335,15.1740,20.0,1267.4
57336,15.1740,20.0,1267.4
57337,15.1740,20.0,1267.4
57338,15.1740,20.0,1267.4
57339,15.1740,20.0,1267.4
57340,15.1740,20.0,1267.5
57341,15.1933,20.0,1267.5
57342,15.1933,20.0,1267.5
57343,15.1933,20.0,1267.5
57344,15.1933,20.0,1267.5
57345,15.1933,20.0,1267.9
57346,15.1933,20.0,1267.9
57347,15.1933,20.0,1267.9
57348,15.1933,20.0,1267.9
57349,15.1933,20.0,1267.9
57350,15.1933,20.0,1268.0
57351,15.1933,20.0,1268.0
57352,15.1933,20.0,1268.0
57353,15.1933,20.0,1268.0
57354,15.1933,20.0,1268.0
57355,15.1933,20.0,1268.1
57356,15.1933,20.0,1268.1
57357,15.1933,20.0,1268.1
57358,15.1933,20.0,1268.1
57359,15.1933,20.0,1268.1
57360,15.1933,20.0,1268.2
57361,15.2126,20.0,1268.2
57362,15.2126,20.0,1268.2
57363,15.2126,20.0,1268.2
57364,15.2126,20.0,1268.2
57365,15.2126,20.0,1268.3
57366,15.2126,20.0,1268.3
57367,15.2126,20.0,1268.3
57368,15.2126,20.0,1268.3
57369,15.2126,20.0,1268.3
57370,15.2126,20.0,1268.3
57371,15.2126,20.0,1268.4
57372,15.2126,20.0,1268.4
57373,15.2126,20.0,1268.4
57374,15.2126,20.0,1268.4
57375,15.2126,20.0,1268.4
57376,15.2126,20.0,1268.5
57377,15.2126,20.0,1268.5
57378,15.2126,20.0,1268.5
57379,15.2126,20.0,1268.5
57380,15.2126,20.0,1268.6
57381,15.2319,20.0,1268.6
57382,15.2319,20.0,1268.6
57383,15.2319,20.0,1268.6
57384,15.2319,20.0,1268.6
57385,15.2319,20.0,1268.7
57386,15.2319,20.0,1268.7
57387,15.2319,20.0,1268.7
57388,15.2319,20.0,1268.7
57389,15.2319,20.0,1268.7
57390,15.2319,20.0,1268.8
57391,15.2319,20.0,1268.8
57392,15.2319,20.0,1268.8
57393,15.2319,20.0,1268.8
57394,15.2319,20.0,1268.8
57395,15.2319,20.0,1268.9
57396,15.2319,20.0,1268.9
57397,15.2319,20.0,1268.9
57398,15.2319,20.0,1268.9
57399,15.2319,20.0,1268.9
57400,15.2319,20.0,1269.0
57401,15.2512,20.0,1269.0
57402,15.2512,20.0,1269.0
57403,15.2512,20.0,1269.0
57404,15.2512,20.0,1269.0
57405,15.2512,20.0,1269.1
57406,15.2512,20.0,1269.1
57407,15.2512,20.0,1269.1
57408,15.2512,20.0,1269.1
57409,15.2512,20.0,1269.1
57410,15.2512,20.0,1269.2
57411,15.2512,20.0,1269.2
57412,15.2512,20.0,1269.2
57413,15.2512,20.0,1269.2
57414,15.2512,20.0,1269.3
57415,15.2512,20.0,1269.3
57416,15.2512,20.0,1269.3
57417,15.2512,20.0,1269.3
57418,15.2512,20.0,1269.3
57419,15.2512,20.0,1269.4
57420,15.2512,20.0,1269.4
57421,15.2706,20.0,1269.4
57422,15.2706,20.0,1269.4
57423,15.2706,20.0,1269.5
57424,15.2706,20.0,1269.5
57425,15.2706,20.0,1269.5
57426,15.2706,20.0,1269.5
57427,15.2706,20.0,1269.5
57428,15.2706,20.0,1269.6
57429,15.2706,20.0,1269.6
57430,15.2706,20.0,1269.6
57431,15.2706,20.0,1269.6
57432,15.2706,20.0,1269.7
57433,15.2706,20.0,1269.7
57434,15.2706,20.0,1269.7
57435,15.2706,20.0,1269.7
57436,15.2706,20.0,1269.8
57437,15.2706,20.0,1269.8
57438,15.2706,20.0,1269.8
57439,15.2706,20.0,1269.8
57440,15.2706,20.0,1269.8
57441,15.2899,20.0,1269.9
57442,15.2899,20.0,1269.9
57443,15.2899,20.0,1269.9
57444,15.2899,20.0,1269.9
57445,15.2899,20.0,1270.0
57446,15.2899,20.0,1270.0
57447,15.2899,20.0,1270.0
57448,15.2899,20.0,1270.0
57449,15.2899,20.0,1270.1
57450,15.2899,20.0,1270.1
57451,15.2899,20.0,1270.1
57452,15.2899,20.0,1270.1
57453,15.2899,20.0,1270.2
57454,15.2899,20.0,1270.2
57455,15.2899,20.0,1270.2
57456,15.2899,20.0,1270.2
57457,15.2899,20.0,1270.2
57458,15.2899,20.0,1270.2
57459,15.2899,20.0,1270.3
57460,15.2899,20.0,1270.3
57461,15.3092,20.0,1270.3
57462,15.3092,20.0,1270.3
57463,15.3092,20.0,1270.4
57464,15.3092,20.0,1270.4
57465,15.3092,20.0,1270.4
57466,15.3092,20.0,1270.4
57467,15.3092,20.0,1270.4
57468,15.3092,20.0,1270.5
57469,15.3092,20.0,1270.5
57470,15.3092,20.0,1270.5
57471,15.3092,20.0,1270.5
57472,15.3092,20.0,1270.6
57473,15.3092,20.0,1270.6
57474,15.3092,20.0,1270.6
57475,15.3092,20.0,1270.6
57476,15.3092,20.0,1270.6
57477,15.3092,20.0,1270.7
57478,15.3092,20.0,1270.7
57479,15.3092,20.0,1270.7
57480,15.3092,20.0,1270.7
57481,15.3285,20.0,1270.8
57482,15.3285,20.0,1270.8
57483,15.3285,20.0,1270.8
57484,15.3285,20.0,1270.8
57485,15.3285,20.0,1270.8
57486,15.3285,20.0,1270.8
57487,15.3285,20.0,1270.9
57488,15.3285,20.0,1270.9
57489,15.3285,20.0,1270.9
57490,15.3285,20.0,1270.9
57491,15.3285,20.0,1270.9
57492,15.3285,20.0,1271.0
57493,15.3285,20.0,1271.0
57494,15.3285,20.0,1271.0
57495,15.3285,20.0,1271.0
57496,15.3285,20.0,1271.0
57497,15.3285,20.0,1271.1
57498,15.3285,20.0,1271.1
57499,15.3285,20.0,1271.1
57500,15.3285,20.0,1271.1
57501,15.3478,20.0,1271.1
57502,15.3478,20.0,1271.1
57503,15.3478,20.0,1271.2
57504,15.3478,20.0,1271.2
57505,15.3478,20.0,1271.2
57506,15.3478,20.0,1271.2
57507,15.3478,20.0,1271.2
57508,15.3478,20.0,1271.3
57509,15.3478,20.0,1271.3
57510,15.3478,20.0,1271.3
57511,15.3478,20.0,1271.3
57512,15.3478,20.0,1271.3
57513,15.3478,20.0,1271.4
57514,15.3478,20.0,1271.4
57515,15.3478,20.0,1271.4
57516,15.3478,20.0,1271.4
57517,15.3478,20.0,1271.4
57518,15.3478,20.0,1271.4
57519,15.3478,20.0,1271.5
57520,15.3478,20.0,1271.5
57521,15.3671,20.0,1271.5
57522,15.3671,20.0,1271.5
57523,15.3671,20.0,1271.6
57524,15.3671,20.0,1271.6
57525,15.3671,20.0,1271.6
57526,15.3671,20.0,1271.6
57527,15.3671,20.0,1271.6
57528,15.3671,20.0,1271.7
57529,15.3671,20.0,1271.7
57530,15.3671,20.0,1271.7
57531,15.3671,20.0,1271.7
57532,15.3671,20.0,1271.7
57533,15.3671,20.0,1271.8
57534,15.3671,20.0,1271.8
57535,15.3671,20.0,1271.8
57536,15.3671,20.0,1271.8
57537,15.3671,20.0,1271.8
57538,15.3671,20.0,1271.9
57539,15.3671,20.0,1271.9
57540,15.3671,20.0,1271.9
57541,15.3864,20.0,1271.9
57542,15.3864,20.0,1271.9
57543,15.3864,20.0,1272.0
57544,15.3864,20.0,1272.0
57545,15.3864,20.0,1272.0
57546,15.3864,20.0,1272.0
57547,15.3864,20.0,1272.1
57548,15.3864,20.0,1272.1
57549,15.3864,20.0,1272.1
57550,15.3864,20.0,1272.1
57551,15.3864,20.0,1272.1
57552,15.3864,20.0,1272.2
57553,15.3864,20.0,1272.2
57554,15.3864,20.0,1272.2
57555,15.3864,20.0,1272.2
57556,15.3864,20.0,1272.2
57557,15.3864,20.0,1272.3
57558,15.3864,20.0,1272.3
57559,15.3864,20.0,1272.3
57560,15.3864,20.0,1272.3
57561,15.4057,20.0,1272.3
57562,15.4057,20.0,1272.4
57563,15.4057,20.0,1272.4
57564,15.4057,20.0,1272.4
57565,15.4057,20.0,1272.4
57566,15.4057,20.0,1272.4
57567,15.4057,20.0,1272.5
57568,15.4057,20.0,1272.5
57569,15.4057,20.0,1272.5
57570,15.4057,20.0,1272.5
57571,15.4057,20.0,1272.5
57572,15.4057,20.0,1272.6
57573,15.4057,20.0,1272.6
57574,15.4057,20.0,1272.6
57575,15.4057,20.0,1272.6
57576,15.4057,20.0,1272.6
57577,15.4057,20.0,1272.7
57578,15.4057,20.0,1272.7
57579,15.4057,20.0,1272.7
57580,15.4057,20.0,1272.7
57581,15.4251,20.0,1272.7
57582,15.4251,20.0,1272.8
57583,15.4251,20.0,1272.8
57584,15.4251,20.0,1272.8
57585,15.4251,20.0,1272.8
57586,15.4251,20.0,1272.8
57587,15.4251,20.0,1272.9
57588,15.4251,20.0,1272.9
57589,15.4251,20.0,1272.9
57590,15.4251,20.0,1272.9
57591,15.4251,20.0,1273.0
57592,15.4251,20.0,1273.0
57593,15.4251,20.0,1273.0
57594,15.4251,20.0,1273.0
57595,15.4251,20.0,1273.0
57596,15.4251,20.0,1273.1
57597,15.4251,20.0,1273.1
57598,15.4251,20.0,1273.1
57599,15.4251,20.0,1273.1
57600,15.4251,20.0,1273.1
57601,15.4444,20.0,1273.2
57602,15.4444,20.0,1273.2
57603,15.4444,20.0,1273.2
57604,15.4444,20.0,1273.2
57605,15.4444,20.0,1273.2
57606,15.4444,20.0,1273.3
57607,15.4444,20.0,1273.3
57608,15.4444,20.0,1273.3
57609,15.4444,20.0,1273.3
57610,15.4444,20.0,1273.3
57611,15.4444,20.0,1273.4
57612,15.4444,20.0,1273.4
57613,15.4444,20.0,1273.4
57614,15.4444,20.0,1273.4
57615,15.4444,20.0,1273.4
57616,15.4444,20.0,1273.5
57617,15.4444,20.0,1273.5
57618,15.4444,20.0,1273.5
57619,15.4444,20.0,1273.5
57620,15.4444,20.0,1273.5
57621,15.4637,20.0,1273.6
57622,15.4637,20.0,1273.6
57623,15.4637,20.0,1273.6
57624,15.4637,20.0,1273.6
57625,15.4637,20.0,1273.6
57626,15.4637,20.0,1273.7
57627,15.4637,20.0,1273.7
57628,15.4637,20.0,1273.7
57629,15.4637,20.0,1273.7
57630,15.4637,20.0,1273.7
57631,15.4637,20.0,1273.8
57632,15.4637,20.0,1273.8
57633,15.4637,20.0,1273.8
57634,15.4637,20.0,1273.8
57635,15.4637,20.0,1273.8
57636,15.4637,20.0,1273.9
57637,15.4637,20.0,1273.9
57638,15.4637,20.0,1273.9
57639,15.4637,20.0,1273.9
57640,15.4637,20.0,1273.9
57641,15.4830,20.0,1274.0
57642,15.4830,20.0,1274.0
57643,15.4830,20.0,1274.0
57644,15.4830,20.0,1274.0
57645,15.4830,20.0,1274.0
57646,15.4830,20.0,1274.0
57647,15.4830,20.0,1274.1
57648,15.4830,20.0,1274.1
57649,15.4830,20.0,1274.1
57650,15.4830,20.0,1274.1
57651,15.4830,20.0,1274.2
57652,15.4830,20.0,1274.2
57653,15.4830,20.0,1274.3
57654,15.4830,20.0,1274.3
57655,15.4830,20.0,1274.3
57656,15.4830,20.0,1274.3
57657,15.4830,20.0,1274.3
57658,15.4830,20.0,1274.4
57659,15.4830,20.0,1274.4
57660,15.4830,20.0,1274.4
57661,15.5023,20.0,1274.4
57662,15.5023,20.0,1274.4
57663,15.5023,20.0,1274.5
57664,15.5023,20.0,1274.5
57665,15.5023,20.0,1274.5
57666,15.5023,20.0,1274.5
57667,15.5023,20.0,1274.5
57668,15.5023,20.0,1274.6
57669,15.5023,20.0,1274.6
57670,15.5023,20.0,1274.6
57671,15.5023,20.0,1274.6
57672,15.5023,20.0,1274.6
57673,15.5023,20.0,1274.6
57674,15.5023,20.0,1274.7
57675,15.5023,20.0,1274.7
57676,15.5023,20.0,1274.7
57677,15.5023,20.0,1274.7
57678,15.5023,20.0,1274.7
57679,15.5023,20.0,1274.8
57680,15.5023,20.0,1274.8
57681,15.5216,20.0,1274.8
57682,15.5216,20.0,1274.8
57683,15.5216,20.0,1274.8
57684,15.5216,20.0,1274.9
57685,15.5216,20.0,1274.9
57686,15.5216,20.0,1274.9
57687,15.5216,20.0,1274.9
57688,15.5216,20.0,1274.9
57689,15.5216,20.0,1275.0
57690,15.5216,20.0,1275.0
57691,15.5216,20.0,1275.0
57692,15.5216,20.0,1275.0
57693,15.5216,20.0,1275.0
57694,15.5216,20.0,1275.1
57695,15.5216,20.0,1275.1
57696,15.5216,20.0,1275.1
57697,15.5216,20.0,1275.1
57698,15.5216,20.0,1275.1
57699,15.5216,20.0,1275.2
57700,15.5216,20.0,1275.2
57701,15.5409,20.0,1275.2
57702,15.5409,20.0,1275.2
57703,15.5409,20.0,1275.3
57704,15.5409,20.0,1275.3
57705,15.5409,20.0,1275.3
57706,15.5409,20.0,1275.3
57707,15.5409,20.0,1275.3
57708,15.5409,20.0,1275.3
57709,15.5409,20.0,1275.4
57710,15.5409,20.0,1275.4
57711,15.5409,20.0,1275.4
57712,15.5409,20.0,1275.4
57713,15.5409,20.0,1275.4
57714,15.5409,20.0,1275.5
57715,15.5409,20.0,1275.5
57716,15.5409,20.0,1275.5
57717,15.5409,20.0,1275.5
57718,15.5409,20.0,1275.5
57719,15.5409,20.0,1275.6
57720,15.5409,20.0,1275.6
57721,15.5602,20.0,1275.6
57722,15.5602,20.0,1275.6
57723,15.5602,20.0,1275.6
57724,15.5602,20.0,1275.7
57725,15.5602,20.0,1275.7
57726,15.5602,20.0,1275.7
57727,15.5602,20.0,1275.7
57728,15.5602,20.0,1275.7
57729,15.5602,20.0,1275.8
57730,15.5602,20.0,1275.8
57731,15.5602,20.0,1275.8
57732,15.5602,20.0,1275.8
57733,15.5602,20.0,1275.8
57734,15.5602,20.0,1275.9
57735,15.5602,20.0,1275.9
57736,15.5602,20.0,1275.9
57737,15.5602,20.0,1275.9
57738,15.5602,20.0,1276.0
57739,15.5602,20.0,1276.0
57740,15.5602,20.0,1276.0
57741,15.5796,20.0,1276.0
57742,15.5796,20.0,1276.0
57743,15.5796,20.0,1276.1
57744,15.5796,20.0,1276.1
57745,15.5796,20.0,1276.1
57746,15.5796,20.0,1276.2
57747,15.5796,20.0,1276.2
57748,15.5796,20.0,1276.2
57749,15.5796,20.0,1276.2
57750,15.5796,20.0,1276.3
57751,15.5796,20.0,1276.3
57752,15.5796,20.0,1276.3
57753,15.5796,20.0,1276.3
57754,15.5796,20.0,1276.4
57755,15.5796,20.0,1276.4
57756,15.5796,20.0,1276.4
57757,15.5796,20.0,1276.4
57758,15.5796,20.0,1276.4
57759,15.5796,20.0,1276.5
57760,15.5796,20.0,1276.5
57761,15.5989,20.0,1276.5
57762,15.5989,20.0,1276.5
57763,15.5989,20.0,1276.5
57764,15.5989,20.0,1276.6
57765,15.5989,20.0,1276.6
57766,15.5989,20.0,1276.6
57767,15.5989,20.0,1276.6
57768,15.5989,20.0,1276.6
57769,15.5989,20.0,1276.7
57770,15.5989,20.0,1276.7
57771,15.5989,20.0,1276.7
57772,15.5989,20.0,1276.7
57773,15.5989,20.0,1276.8
57774,15.5989,20.0,1276.8
57775,15.5989,20.0,1276.8
57776,15.5989,20.0,1276.8
57777,15.5989,20.0,1276.8
57778,15.5989,20.0,1276.8
57779,15.5989,20.0,1276.9
57780,15.5989,20.0,1276.9
57781,15.6182,20.0,1276.9
57782,15.6182,20.0,1276.9
57783,15.6182,20.0,1276.9
57784,15.6182,20.0,1277.0
57785,15.6182,20.0,1277.0
57786,15.6182,20.0,1277.0
57787,15.6182,20.0,1277.0
57788,15.6182,20.0,1277.0
57789,15.6182,20.0,1277.1
57790,15.6182,20.0,1277.1
57791,15.6182,20.0,1277.1
57792,15.6182,20.0,1277.1
57793,15.6182,20.0,1277.1
57794,15.6182,20.0,1277.2
57795,15.6182,20.0,1277.2
57796,15.6182,20.0,1277.2
57797,15.6182,20.0,1277.2
57798,15.6182,20.0,1277.2
57799,15.6182,20.0,1277.3
57800,15.6182,20.0,1277.3
57801,15.6375,20.0,1277.3
57802,15.6375,20.0,1277.3
57803,15.6375,20.0,1277.4
57804,15.6375,20.0,1277.4
57805,15.6375,20.0,1277.4
57806,15.6375,20.0,1277.4
57807,15.6375,20.0,1277.4
57808,15.6375,20.0,1277.5
57809,15.6375,20.0,1277.5
57810,15.6375,20.0,1277.5
57811,15.6375,20.0,1277.5
57812,15.6375,20.0,1277.5
57813,15.6375,20.0,1277.6
57814,15.6375,20.0,1277.6
57815,15.6375,20.0,1277.6
57816,15.6375,20.0,1277.6
57817,15.6375,20.0,1277.6
57818,15.6375,20.0,1277.6
57819,15.6375,20.0,1277.7
57820,15.6375,20.0,1277.7
57821,15.6376,20.0,1277.7
57822,15.6376,20.0,1277.7
57823,15.6376,20.0,1277.7
57824,15.6376,20.0,1277.8
57825,15.6376,20.0,1277.8
57826,15.6376,20.0,1277.8
57827,15.6376,20.0,1277.8
57828,15.6376,20.0,1277.9
57829,15.6376,20.0,1277.9
57830,15.6376,20.0,1277.9
57831,15.6376,20.0,1277.9
57832,15.6376,20.0,1277.9
57833,15.6376,20.0,1277.9
57834,15.6376,20.0,1278.0
57835,15.6376,20.0,1278.0
57836,15.6376,20.0,1278.0
57837,15.6376,20.0,1278.0
57838,15.6376,20.0,1278.0
57839,15.6376,20.0,1278.1
57840,15.6376,20.0,1278.1
57841,15.6378,20.0,1278.1
57842,15.6378,20.0,1278.1
57843,15.6378,20.0,1278.2
57844,15.6378,20.0,1278.2
57845,15.6378,20.0,1278.2
57846,15.6378,20.0,1278.2
57847,15.6378,20.0,1278.2
57848,15.6378,20.0,1278.3
57849,15.6378,20.0,1278.3
57850,15.6378,20.0,1278.3
57851,15.6378,20.0,1278.3
57852,15.6378,20.0,1278.4
57853,15.6378,20.0,1278.4
57854,15.6378,20.0,1278.4
57855,15.6378,20.0,1278.4
57856,15.6378,20.0,1278.5
57857,15.6378,20.0,1278.8
57858,15.6378,20.0,1278.8
57859,15.6378,20.0,1278.8
57860,15.6378,20.0,1278.8
57861,15.6379,20.0,1278.8
57862,15.6379,20.0,1278.9
57863,15.6379,20.0,1278.9
57864,15.6379,20.0,1278.9
57865,15.6379,20.0,1278.9
57866,15.6379,20.0,1278.9
57867,15.6379,20.0,1279.0
57868,15.6379,20.0,1279.0
57869,15.6379,20.0,1279.0
57870,15.6379,20.0,1279.0
57871,15.6379,20.0,1279.0
57872,15.6379,20.0,1279.0
57873,15.6379,20.0,1279.1
57874,15.6379,20.0,1279.1
57875,15.6379,20.0,1279.1
57876,15.6379,20.0,1279.1
57877,15.6379,20.0,1279.1
57878,15.6379,20.0,1279.2
57879,15.6379,20.0,1279.2
57880,15.6379,20.0,1279.2
57881,15.6182,20.0,1279.2
57882,15.6182,20.0,1279.3
57883,15.6182,20.0,1279.3
57884,15.6182,20.0,1279.3
57885,15.6182,20.0,1279.3
57886,15.6182,20.0,1279.3
57887,15.6182,20.0,1279.3
57888,15.6182,20.0,1279.4
57889,15.6182,20.0,1279.4
57890,15.6182,20.0,1279.4
57891,15.6182,20.0,1279.4
57892,15.6182,20.0,1279.4
57893,15.6182,20.0,1279.5
57894,15.6182,20.0,1279.5
57895,15.6182,20.0,1279.5
57896,15.6182,20.0,1279.5
57897,15.6182,20.0,1279.5
57898,15.6182,20.0,1279.6
57899,15.6182,20.0,1279.6
57900,15.6182,20.0,1279.6
57901,15.5985,20.0,1279.6
57902,15.5985,20.0,1279.7
57903,15.5985,20.0,1279.7
57904,15.5985,20.0,1279.7
57905,15.5985,20.0,1279.7
57906,15.5985,20.0,1279.7
57907,15.5985,20.0,1279.8
57908,15.5985,20.0,1279.8
57909,15.5985,20.0,1279.8
57910,15.5985,20.0,1279.8
57911,15.5985,20.0,1279.8
57912,15.5985,20.0,1279.9
57913,15.5985,20.0,1279.9
57914,15.5985,20.0,1279.9
57915,15.5985,20.0,1279.9
57916,15.5985,20.0,1280.0
57917,15.5985,20.0,1280.0
57918,15.5985,20.0,1280.0
57919,15.5985,20.0,1280.0
57920,15.5985,20.0,1280.0
57921,15.5788,20.0,1280.1
57922,15.5788,20.0,1280.1
57923,15.5788,20.0,1280.1
57924,15.5788,20.0,1280.1
57925,15.5788,20.0,1280.2
57926,15.5788,20.0,1280.2
57927,15.5788,20.0,1280.2
57928,15.5788,20.0,1280.2
57929,15.5788,20.0,1280.2
57930,15.5788,20.0,1280.3
57931,15.5788,20.0,1280.3
57932,15.5788,20.0,1280.3
57933,15.5788,20.0,1280.3
57934,15.5788,20.0,1280.3
57935,15.5788,20.0,1280.4
57936,15.5788,20.0,1280.4
57937,15.5788,20.0,1280.4
57938,15.5788,20.0,1280.4
57939,15.5788,20.0,1280.4
57940,15.5788,20.0,1280.5
57941,15.5591,20.0,1280.5
57942,15.5591,20.0,1280.5
57943,15.5591,20.0,1280.5
57944,15.5591,20.0,1280.6
57945,15.5591,20.0,1280.6
57946,15.5591,20.0,1280.6
57947,15.5591,20.0,1280.6
57948,15.5591,20.0,1280.6
57949,15.5591,20.0,1280.6
57950,15.5591,20.0,1280.7
57951,15.5591,20.0,1280.7
57952,15.5591,20.0,1280.7
57953,15.5591,20.0,1280.7
57954,15.5591,20.0,1280.8
57955,15.5591,20.0,1280.8
57956,15.5591,20.0,1280.8
57957,15.5591,20.0,1280.8
57958,15.5591,20.0,1280.8
57959,15.5591,20.0,1280.9
57960,15.5591,20.0,1280.9
57961,15.5394,20.0,1280.9
57962,15.5394,20.0,1280.9
57963,15.5394,20.0,1280.9
57964,15.5394,20.0,1281.0
57965,15.5394,20.0,1281.0
57966,15.5394,20.0,1281.0
57967,15.5394,20.0,1281.0
57968,15.5394,20.0,1281.0
57969,15.5394,20.0,1281.0
57970,15.5394,20.0,1281.1
57971,15.5394,20.0,1281.1
57972,15.5394,20.0,1281.1
57973,15.5394,20.0,1281.1
57974,15.5394,20.0,1281.2
57975,15.5394,20.0,1281.2
57976,15.5394,20.0,1281.2
57977,15.5394,20.0,1281.2
57978,15.5394,20.0,1281.2
57979,15.5394,20.0,1281.2
57980,15.5394,20.0,1281.2
57981,15.5196,20.0,1281.3
57982,15.5196,20.0,1281.3
57983,15.5196,20.0,1281.3
57984,15.5196,20.0,1281.3
57985,15.5196,20.0,1281.3
57986,15.5196,20.0,1281.4
57987,15.5196,20.0,1281.4
57988,15.5196,20.0,1281.4
57989,15.5196,20.0,1281.4
57990,15.5196,20.0,1281.4
57991,15.5196,20.0,1281.5
57992,15.5196,20.0,1281.5
57993,15.5196,20.0,1281.5
57994,15.5196,20.0,1281.5
57995,15.5196,20.0,1281.5
57996,15.5196,20.0,1281.6
57997,15.5196,20.0,1281.6
57998,15.5196,20.0,1281.6
57999,15.5196,20.0,1281.6
58000,15.5196,20.0,1281.6
58001,15.4999,20.0,1281.6
58002,15.4999,20.0,1281.7
58003,15.4999,20.0,1281.7
58004,15.4999,20.0,1281.7
58005,15.4999,20.0,1281.7
58006,15.4999,20.0,1281.8
58007,15.4999,20.0,1281.8
58008,15.4999,20.0,1281.8
58009,15.4999,20.0,1281.8
58010,15.4999,20.0,1281.8
58011,15.4999,20.0,1281.9
58012,15.4999,20.0,1281.9
58013,15.4999,20.0,1281.9
58014,15.4999,20.0,1281.9
58015,15.4999,20.0,1281.9
58016,15.4999,20.0,1281.9
58017,15.4999,20.0,1282.0
58018,15.4999,20.0,1282.0
58019,15.4999,20.0,1282.0
58020,15.4999,20.0,1282.0
58021,15.4802,20.0,1282.0
58022,15.4802,20.0,1282.1
58023,15.4802,20.0,1282.1
58024,15.4802,20.0,1282.1
58025,15.4802,20.0,1282.1
58026,15.4802,20.0,1282.1
58027,15.4802,20.0,1282.2
58028,15.4802,20.0,1282.2
58029,15.4802,20.0,1282.2
58030,15.4802,20.0,1282.2
58031,15.4802,20.0,1282.2
58032,15.4802,20.0,1282.3
58033,15.4802,20.0,1282.3
58034,15.4802,20.0,1282.3
58035,15.4802,20.0,1282.3
58036,15.4802,20.0,1282.3
58037,15.4802,20.0,1282.4
58038,15.4802,20.0,1282.4
58039,15.4802,20.0,1282.4
58040,15.4802,20.0,1282.4
58041,15.4605,20.0,1282.4
58042,15.4605,20.0,1282.4
58043,15.4605,20.0,1282.5
58044,15.4605,20.0,1282.5
58045,15.4605,20.0,1282.5
58046,15.4605,20.0,1282.5
58047,15.4605,20.0,1282.5
58048,15.4605,20.0,1282.6
58049,15.4605,20.0,1282.6
58050,15.4605,20.0,1282.6
58051,15.4605,20.0,1282.6
58052,15.4605,20.0,1282.6
58053,15.4605,20.0,1282.7
58054,15.4605,20.0,1282.7
58055,15.4605,20.0,1282.7
58056,15.4605,20.0,1282.7
58057,15.4605,20.0,1282.7
58058,15.4605,20.0,1282.8
58059,15.4605,20.0,1282.8
58060,15.4605,20.0,1282.8
58061,15.4408,20.0,1282.8
58062,15.4408,20.0,1282.8
58063,15.4408,20.0,1282.9
58064,15.4408,20.0,1282.9
58065,15.4408,20.0,1282.9
58066,15.4408,20.0,1282.9
58067,15.4408,20.0,1282.9
58068,15.4408,20.0,1283.0
58069,15.4408,20.0,1283.0
58070,15.4408,20.0,1283.0
58071,15.4408,20.0,1283.0
58072,15.4408,20.0,1283.0
58073,15.4408,20.0,1283.0
58074,15.4408,20.0,1283.0
58075,15.4408,20.0,1283.1
58076,15.4408,20.0,1283.1
58077,15.4408,20.0,1283.1
58078,15.4408,20.0,1283.1
58079,15.4408,20.0,1283.2
58080,15.4408,20.0,1283.2
58081,15.4210,20.0,1283.2
58082,15.4210,20.0,1283.2
58083,15.4210,20.0,1283.2
58084,15.4210,20.0,1283.3
58085,15.4210,20.0,1283.3
58086,15.4210,20.0,1283.3
58087,15.4210,20.0,1283.3
58088,15.4210,20.0,1283.3
58089,15.4210,20.0,1283.3
58090,15.4210,20.0,1283.4
58091,15.4210,20.0,1283.4
58092,15.4210,20.0,1283.4
58093,15.4210,20.0,1283.4
58094,15.4210,20.0,1283.5
58095,15.4210,20.0,1283.5
58096,15.4210,20.0,1283.5
58097,15.4210,20.0,1283.5
58098,15.4210,20.0,1283.5
58099,15.4210,20.0,1283.6
58100,15.4210,20.0,1283.6
58101,15.4013,20.0,1283.6
58102,15.4013,20.0,1283.6
58103,15.4013,20.0,1283.6
58104,15.4013,20.0,1283.7
58105,15.4013,20.0,1283.7
58106,15.4013,20.0,1283.7
58107,15.4013,20.0,1283.7
58108,15.4013,20.0,1283.7
58109,15.4013,20.0,1283.7
58110,15.4013,20.0,1283.8
58111,15.4013,20.0,1283.8
58112,15.4013,20.0,1283.8
58113,15.4013,20.0,1283.8
58114,15.4013,20.0,1283.8
58115,15.4013,20.0,1283.8
58116,15.4013,20.0,1283.9
58117,15.4013,20.0,1283.9
58118,15.4013,20.0,1283.9
58119,15.4013,20.0,1283.9
58120,15.4013,20.0,1284.0
58121,15.3816,20.0,1284.0
58122,15.3816,20.0,1284.0
58123,15.3816,20.0,1284.0
58124,15.3816,20.0,1284.0
58125,15.3816,20.0,1284.1
58126,15.3816,20.0,1284.1
58127,15.3816,20.0,1284.1
58128,15.3816,20.0,1284.1
58129,15.3816,20.0,1284.1
58130,15.3816,20.0,1284.2
58131,15.3816,20.0,1284.2
58132,15.3816,20.0,1284.2
58133,15.3816,20.0,1284.2
58134,15.3816,20.0,1284.2
58135,15.3816,20.0,1284.3
58136,15.3816,20.0,1284.3
58137,15.3816,20.0,1284.3
58138,15.3816,20.0,1284.3
58139,15.3816,20.0,1284.3
58140,15.3816,20.0,1284.4
58141,15.3619,20.0,1284.4
58142,15.3619,20.0,1284.4
58143,15.3619,20.0,1284.4
58144,15.3619,20.0,1284.4
58145,15.3619,20.0,1284.4
58146,15.3619,20.0,1284.5
58147,15.3619,20.0,1284.5
58148,15.3619,20.0,1284.5
58149,15.3619,20.0,1284.5
58150,15.3619,20.0,1284.5
58151,15.3619,20.0,1284.6
58152,15.3619,20.0,1284.6
58153,15.3619,20.0,1284.6
58154,15.3619,20.0,1284.6
58155,15.3619,20.0,1284.6
58156,15.3619,20.0,1284.7
58157,15.3619,20.0,1284.7
58158,15.3619,20.0,1284.7
58159,15.3619,20.0,1284.7
58160,15.3619,20.0,1284.7
58161,15.3422,20.0,1284.8
58162,15.3422,20.0,1284.8
58163,15.3422,20.0,1284.8
58164,15.3422,20.0,1284.8
58165,15.3422,20.0,1284.9
58166,15.3422,20.0,1284.9
58167,15.3422,20.0,1284.9
58168,15.3422,20.0,1284.9
58169,15.3422,20.0,1284.9
58170,15.3422,20.0,1285.0
58171,15.3422,20.0,1285.0
58172,15.3422,20.0,1285.0
58173,15.3422,20.0,1285.0
58174,15.3422,20.0,1285.1
58175,15.3422,20.0,1285.1
58176,15.3422,20.0,1285.1
58177,15.3422,20.0,1285.1
58178,15.3422,20.0,1285.1
58179,15.3422,20.0,1285.1
58180,15.3422,20.0,1285.2
58181,15.3225,20.0,1285.2
58182,15.3225,20.0,1285.2
58183,15.3225,20.0,1285.3
58184,15.3225,20.0,1285.3
58185,15.3225,20.0,1285.3
58186,15.3225,20.0,1285.3
58187,15.3225,20.0,1285.3
58188,15.3225,20.0,1285.3
58189,15.3225,20.0,1285.4
58190,15.3225,20.0,1285.4
58191,15.3225,20.0,1285.4
58192,15.3225,20.0,1285.4
58193,15.3225,20.0,1285.4
58194,15.3225,20.0,1285.5
58195,15.3225,20.0,1285.5
58196,15.3225,20.0,1285.5
58197,15.3225,20.0,1285.5
58198,15.3225,20.0,1285.5
58199,15.3225,20.0,1285.6
58200,15.3225,20.0,1285.6
58201,15.3027,20.0,1285.6
58202,15.3027,20.0,1285.6
58203,15.3027,20.0,1285.6
58204,15.3027,20.0,1285.7
58205,15.3027,20.0,1285.7
58206,15.3027,20.0,1285.7
58207,15.3027,20.0,1285.7
58208,15.3027,20.0,1285.7
58209,15.3027,20.0,1285.8
58210,15.3027,20.0,1285.8
58211,15.3027,20.0,1285.8
58212,15.3027,20.0,1285.8
58213,15.3027,20.0,1285.8
58214,15.3027,20.0,1285.9
58215,15.3027,20.0,1285.9
58216,15.3027,20.0,1285.9
58217,15.3027,20.0,1285.9
58218,15.3027,20.0,1285.9
58219,15.3027,20.0,1286.0
58220,15.3027,20.0,1286.0
58221,15.2830,20.0,1286.0
58222,15.2830,20.0,1286.0
58223,15.2830,20.0,1286.1
58224,15.2830,20.0,1286.1
58225,15.2830,20.0,1286.1
58226,15.2830,20.0,1286.1
58227,15.2830,20.0,1286.2
58228,15.2830,20.0,1286.2
58229,15.2830,20.0,1286.2
58230,15.2830,20.0,1286.2
58231,15.2830,20.0,1286.3
58232,15.2830,20.0,1286.3
58233,15.2830,20.0,1286.3
58234,15.2830,20.0,1286.3
58235,15.2830,20.0,1286.4
58236,15.2830,20.0,1286.4
58237,15.2830,20.0,1286.4
58238,15.2830,20.0,1286.4
58239,15.2830,20.0,1286.4
58240,15.2830,20.0,1286.5
58241,15.2633,20.0,1286.5
58242,15.2633,20.0,1286.5
58243,15.2633,20.0,1286.6
58244,15.2633,20.0,1286.6
58245,15.2633,20.0,1286.6
58246,15.2633,20.0,1286.6
58247,15.2633,20.0,1286.7
58248,15.2633,20.0,1286.7
58249,15.2633,20.0,1286.7
58250,15.2633,20.0,1286.8
58251,15.2633,20.0,1286.8
58252,15.2633,20.0,1286.8
58253,15.2633,20.0,1286.8
58254,15.2633,20.0,1286.9
58255,15.2633,20.0,1286.9
58256,15.2633,20.0,1286.9
58257,15.2633,20.0,1286.9
58258,15.2633,20.0,1286.9
58259,15.2633,20.0,1287.0
58260,15.2633,20.0,1287.0
58261,15.2436,20.0,1287.0
58262,15.2436,20.0,1287.0
58263,15.2436,20.0,1287.0
58264,15.2436,20.0,1287.1
58265,15.2436,20.0,1287.1
58266,15.2436,20.0,1287.1
58267,15.2436,20.0,1287.1
58268,15.2436,20.0,1287.2
58269,15.2436,20.0,1287.2
58270,15.2436,20.0,1287.2
58271,15.2436,20.0,1287.2
58272,15.2436,20.0,1287.2
58273,15.2436,20.0,1287.3
58274,15.2436,20.0,1287.3
58275,15.2436,20.0,1287.3
58276,15.2436,20.0,1287.3
58277,15.2436,20.0,1287.4
58278,15.2436,20.0,1287.4
58279,15.2436,20.0,1287.4
58280,15.2436,20.0,1287.4
58281,15.2239,20.0,1287.4
58282,15.2239,20.0,1287.4
58283,15.2239,20.0,1287.5
58284,15.2239,20.0,1287.5
58285,15.2239,20.0,1287.5
58286,15.2239,20.0,1287.5
58287,15.2239,20.0,1287.5
58288,15.2239,20.0,1287.6
58289,15.2239,20.0,1287.6
58290,15.2239,20.0,1287.6
58291,15.2239,20.0,1287.6
58292,15.2239,20.0,1287.7
58293,15.2239,20.0,1287.7
58294,15.2239,20.0,1287.7
58295,15.2239,20.0,1287.7
58296,15.2239,20.0,1287.7
58297,15.2239,20.0,1287.8
58298,15.2239,20.0,1287.8
58299,15.2239,20.0,1287.8
58300,15.2239,20.0,1287.8
58301,15.2042,20.0,1287.8
58302,15.2042,20.0,1287.9
58303,15.2042,20.0,1287.9
58304,15.2042,20.0,1287.9
58305,15.2042,20.0,1287.9
58306,15.2042,20.0,1287.9
58307,15.2042,20.0,1288.0
58308,15.2042,20.0,1288.0
58309,15.2042,20.0,1288.0
58310,15.2042,20.0,1288.0
58311,15.2042,20.0,1288.0
58312,15.2042,20.0,1288.1
58313,15.2042,20.0,1288.1
58314,15.2042,20.0,1288.1
58315,15.2042,20.0,1288.1
58316,15.2042,20.0,1288.1
58317,15.2042,20.0,1288.2
58318,15.2042,20.0,1288.2
58319,15.2042,20.0,1288.2
58320,15.2042,20.0,1288.2
58321,15.1844,20.0,1288.2
58322,15.1844,20.0,1288.3
58323,15.1844,20.0,1288.3
58324,15.1844,20.0,1288.3
58325,15.1844,20.0,1288.3
58326,15.1844,20.0,1288.3
58327,15.1844,20.0,1288.4
58328,15.1844,20.0,1288.4
58329,15.1844,20.0,1288.4
58330,15.1844,20.0,1288.4
58331,15.1844,20.0,1288.5
58332,15.1844,20.0,1288.5
58333,15.1844,20.0,1288.5
58334,15.1844,20.0,1288.5
58335,15.1844,20.0,1288.5
58336,15.1844,20.0,1288.6
58337,15.1844,20.0,1288.6
58338,15.1844,20.0,1288.6
58339,15.1844,20.0,1288.6
58340,15.1844,20.0,1288.7
58341,15.1844,20.0,1288.7
58342,15.1844,20.0,1288.7
58343,15.1844,20.0,1288.7
58344,15.1844,20.0,1288.7
58345,15.1844,20.0,1288.8
58346,15.1844,20.0,1288.8
58347,15.1844,20.0,1288.8
58348,15.1844,20.0,1288.8
58349,15.1844,20.0,1288.8
58350,15.1844,20.0,1288.9
58351,15.1844,20.0,1288.9
58352,15.1844,20.0,1288.9
58353,15.1844,20.0,1288.9
58354,15.1844,20.0,1288.9
58355,15.1844,20.0,1289.0
58356,15.1844,20.0,1289.0
58357,15.1844,20.0,1289.0
58358,15.1844,20.0,1289.0
58359,15.1844,20.0,1289.1
58360,15.1844,20.0,1289.1
58361,15.1844,20.0,1289.1
58362,15.1844,20.0,1289.1
58363,15.1844,20.0,1289.1
58364,15.1844,20.0,1289.2
58365,15.1844,20.0,1289.2
58366,15.1844,20.0,1289.2
58367,15.1844,20.0,1289.2
58368,15.1844,20.0,1289.2
58369,15.1844,20.0,1289.5
58370,15.1844,20.0,1289.5
58371,15.1844,20.0,1289.6
58372,15.1844,20.0,1289.6
58373,15.1844,20.0,1289.6
58374,15.1844,20.0,1289.6
58375,15.1844,20.0,1289.6
58376,15.1844,20.0,1289.7
58377,15.1844,20.0,1289.7
58378,15.1844,20.0,1289.7
58379,15.1844,20.0,1289.7
58380,15.1844,20.0,1289.8
58381,15.2042,20.0,1289.8
58382,15.2042,20.0,1289.8
58383,15.2042,20.0,1289.8
58384,15.2042,20.0,1289.8
58385,15.2042,20.0,1289.9
58386,15.2042,20.0,1289.9
58387,15.2042,20.0,1289.9
58388,15.2042,20.0,1289.9
58389,15.2042,20.0,1290.0
58390,15.2042,20.0,1290.0
58391,15.2042,20.0,1290.0
58392,15.2042,20.0,1290.0
58393,15.2042,20.0,1290.0
58394,15.2042,20.0,1290.0
58395,15.2042,20.0,1290.1
58396,15.2042,20.0,1290.1
58397,15.2042,20.0,1290.1
58398,15.2042,20.0,1290.1
58399,15.2042,20.0,1290.1
58400,15.2042,20.0,1290.2
58401,15.2239,20.0,1290.2
58402,15.2239,20.0,1290.2
58403,15.2239,20.0,1290.2
58404,15.2239,20.0,1290.3
58405,15.2239,20.0,1290.3
58406,15.2239,20.0,1290.3
58407,15.2239,20.0,1290.3
58408,15.2239,20.0,1290.3
58409,15.2239,20.0,1290.4
58410,15.2239,20.0,1290.4
58411,15.2239,20.0,1290.4
58412,15.2239,20.0,1290.4
58413,15.2239,20.0,1290.4
58414,15.2239,20.0,1290.5
58415,15.2239,20.0,1290.5
58416,15.2239,20.0,1290.5
58417,15.2239,20.0,1290.5
58418,15.2239,20.0,1290.5
58419,15.2239,20.0,1290.6
58420,15.2239,20.0,1290.6
58421,15.2436,20.0,1290.6
58422,15.2436,20.0,1290.6
58423,15.2436,20.0,1290.7
58424,15.2436,20.0,1290.7
58425,15.2436,20.0,1290.7
58426,15.2436,20.0,1290.7
58427,15.2436,20.0,1290.7
58428,15.2436,20.0,1290.8
58429,15.2436,20.0,1290.8
58430,15.2436,20.0,1290.8
58431,15.2436,20.0,1290.8
58432,15.2436,20.0,1290.8
58433,15.2436,20.0,1290.8
58434,15.2436,20.0,1290.9
58435,15.2436,20.0,1290.9
58436,15.2436,20.0,1290.9
58437,15.2436,20.0,1290.9
58438,15.2436,20.0,1291.0
58439,15.2436,20.0,1291.0
58440,15.2436,20.0,1291.0
58441,15.2633,20.0,1291.0
58442,15.2633,20.0,1291.0
58443,15.2633,20.0,1291.1
58444,15.2633,20.0,1291.1
58445,15.2633,20.0,1291.1
58446,15.2633,20.0,1291.1
58447,15.2633,20.0,1291.1
58448,15.2633,20.0,1291.2
58449,15.2633,20.0,1291.2
58450,15.2633,20.0,1291.2
58451,15.2633,20.0,1291.2
58452,15.2633,20.0,1291.3
58453,15.2633,20.0,1291.3
58454,15.2633,20.0,1291.3
58455,15.2633,20.0,1291.3
58456,15.2633,20.0,1291.4
58457,15.2633,20.0,1291.4
58458,15.2633,20.0,1291.4
58459,15.2633,20.0,1291.4
58460,15.2633,20.0,1291.5
58461,15.2830,20.0,1291.5
58462,15.2830,20.0,1291.5
58463,15.2830,20.0,1291.5
58464,15.2830,20.0,1291.6
58465,15.2830,20.0,1291.6
58466,15.2830,20.0,1291.6
58467,15.2830,20.0,1291.6
58468,15.2830,20.0,1291.7
58469,15.2830,20.0,1291.7
58470,15.2830,20.0,1291.7
58471,15.2830,20.0,1291.7
58472,15.2830,20.0,1291.7
58473,15.2830,20.0,1291.8
58474,15.2830,20.0,1291.8
58475,15.2830,20.0,1291.8
58476,15.2830,20.0,1291.8
58477,15.2830,20.0,1291.9
58478,15.2830,20.0,1291.9
58479,15.2830,20.0,1291.9
58480,15.2830,20.0,1291.9
58481,15.3027,20.0,1292.0
58482,15.3027,20.0,1292.0
58483,15.3027,20.0,1292.0
58484,15.3027,20.0,1292.1
58485,15.3027,20.0,1292.1
58486,15.3027,20.0,1292.1
58487,15.3027,20.0,1292.1
58488,15.3027,20.0,1292.2
58489,15.3027,20.0,1292.2
58490,15.3027,20.0,1292.2
58491,15.3027,20.0,1292.3
58492,15.3027,20.0,1292.3
58493,15.3027,20.0,1292.3
58494,15.3027,20.0,1292.3
58495,15.3027,20.0,1292.4
58496,15.3027,20.0,1292.4
58497,15.3027,20.0,1292.4
58498,15.3027,20.0,1292.4
58499,15.3027,20.0,1292.5
58500,15.3027,20.0,1292.5
58501,15.3225,20.0,1292.5
58502,15.3225,20.0,1292.5
58503,15.3225,20.0,1292.5
58504,15.3225,20.0,1292.6
58505,15.3225,20.0,1292.6
58506,15.3225,20.0,1292.6
58507,15.3225,20.0,1292.6
58508,15.3225,20.0,1292.6
58509,15.3225,20.0,1292.7
58510,15.3225,20.0,1292.7
58511,15.3225,20.0,1292.7
58512,15.3225,20.0,1292.7
58513,15.3225,20.0,1292.7
58514,15.3225,20.0,1292.8
58515,15.3225,20.0,1292.8
58516,15.3225,20.0,1292.8
58517,15.3225,20.0,1292.8
58518,15.3225,20.0,1292.8
58519,15.3225,20.0,1292.9
58520,15.3225,20.0,1292.9
58521,15.3422,20.0,1292.9
58522,15.3422,20.0,1292.9
58523,15.3422,20.0,1292.9
58524,15.3422,20.0,1293.0
58525,15.3422,20.0,1293.0
58526,15.3422,20.0,1293.0
58527,15.3422,20.0,1293.0
58528,15.3422,20.0,1293.0
58529,15.3422,20.0,1293.1
58530,15.3422,20.0,1293.1
58531,15.3422,20.0,1293.1
58532,15.3422,20.0,1293.1
58533,15.3422,20.0,1293.1
58534,15.3422,20.0,1293.2
58535,15.3422,20.0,1293.2
58536,15.3422,20.0,1293.2
58537,15.3422,20.0,1293.2
58538,15.3422,20.0,1293.3
58539,15.3422,20.0,1293.3
58540,15.3422,20.0,1293.3
58541,15.3619,20.0,1293.3
58542,15.3619,20.0,1293.4
58543,15.3619,20.0,1293.4
58544,15.3619,20.0,1293.4
58545,15.3619,20.0,1293.4
58546,15.3619,20.0,1293.5
58547,15.3619,20.0,1293.5
58548,15.3619,20.0,1293.5
58549,15.3619,20.0,1293.5
58550,15.3619,20.0,1293.5
58551,15.3619,20.0,1293.6
58552,15.3619,20.0,1293.6
58553,15.3619,20.0,1293.6
58554,15.3619,20.0,1293.6
58555,15.3619,20.0,1293.7
58556,15.3619,20.0,1293.7
58557,15.3619,20.0,1293.7
58558,15.3619,20.0,1293.7
58559,15.3619,20.0,1293.7
58560,15.3619,20.0,1293.7
58561,15.3816,20.0,1293.8
58562,15.3816,20.0,1293.8
58563,15.3816,20.0,1293.8
58564,15.3816,20.0,1293.8
58565,15.3816,20.0,1293.8
58566,15.3816,20.0,1293.9
58567,15.3816,20.0,1293.9
58568,15.3816,20.0,1293.9
58569,15.3816,20.0,1293.9
58570,15.3816,20.0,1293.9
58571,15.3816,20.0,1294.0
58572,15.3816,20.0,1294.0
58573,15.3816,20.0,1294.0
58574,15.3816,20.0,1294.0
58575,15.3816,20.0,1294.0
58576,15.3816,20.0,1294.1
58577,15.3816,20.0,1294.1
58578,15.3816,20.0,1294.1
58579,15.3816,20.0,1294.1
58580,15.3816,20.0,1294.1
58581,15.4013,20.0,1294.2
58582,15.4013,20.0,1294.2
58583,15.4013,20.0,1294.2
58584,15.4013,20.0,1294.2
58585,15.4013,20.0,1294.2
58586,15.4013,20.0,1294.2
58587,15.4013,20.0,1294.3
58588,15.4013,20.0,1294.3
58589,15.4013,20.0,1294.3
58590,15.4013,20.0,1294.3
58591,15.4013,20.0,1294.4
58592,15.4013,20.0,1294.4
58593,15.4013,20.0,1294.4
58594,15.4013,20.0,1294.4
58595,15.4013,20.0,1294.4
58596,15.4013,20.0,1294.4
58597,15.4013,20.0,1294.5
58598,15.4013,20.0,1294.5
58599,15.4013,20.0,1294.5
58600,15.4013,20.0,1294.5
58601,15.4210,20.0,1294.5
58602,15.4210,20.0,1294.6
58603,15.4210,20.0,1294.6
58604,15.4210,20.0,1294.6
58605,15.4210,20.0,1294.6
58606,15.4210,20.0,1294.7
58607,15.4210,20.0,1294.7
58608,15.4210,20.0,1294.7
58609,15.4210,20.0,1294.7
58610,15.4210,20.0,1294.7
58611,15.4210,20.0,1294.8
58612,15.4210,20.0,1294.8
58613,15.4210,20.0,1294.8
58614,15.4210,20.0,1294.8
58615,15.4210,20.0,1294.8
58616,15.4210,20.0,1294.9
58617,15.4210,20.0,1294.9
58618,15.4210,20.0,1294.9
58619,15.4210,20.0,1295.0
58620,15.4210,20.0,1295.0
58621,15.4408,20.0,1295.0
58622,15.4408,20.0,1295.0
58623,15.4408,20.0,1295.1
58624,15.4408,20.0,1295.1
58625,15.4408,20.0,1295.1
58626,15.4408,20.0,1295.1
58627,15.4408,20.0,1295.2
58628,15.4408,20.0,1295.2
58629,15.4408,20.0,1295.2
58630,15.4408,20.0,1295.2
58631,15.4408,20.0,1295.3
58632,15.4408,20.0,1295.3
58633,15.4408,20.0,1295.3
58634,15.4408,20.0,1295.3
58635,15.4408,20.0,1295.3
58636,15.4408,20.0,1295.3
58637,15.4408,20.0,1295.4
58638,15.4408,20.0,1295.4
58639,15.4408,20.0,1295.4
58640,15.4408,20.0,1295.4
58641,15.4605,20.0,1295.4
58642,15.4605,20.0,1295.5
58643,15.4605,20.0,1295.5
58644,15.4605,20.0,1295.5
58645,15.4605,20.0,1295.5
58646,15.4605,20.0,1295.5
58647,15.4605,20.0,1295.6
58648,15.4605,20.0,1295.6
58649,15.4605,20.0,1295.6
58650,15.4605,20.0,1295.6
58651,15.4605,20.0,1295.6
58652,15.4605,20.0,1295.7
58653,15.4605,20.0,1295.7
58654,15.4605,20.0,1295.7
58655,15.4605,20.0,1295.7
58656,15.4605,20.0,1295.7
58657,15.4605,20.0,1295.8
58658,15.4605,20.0,1295.8
58659,15.4605,20.0,1295.8
58660,15.4605,20.0,1295.8
58661,15.4802,20.0,1295.9
58662,15.4802,20.0,1295.9
58663,15.4802,20.0,1295.9
58664,15.4802,20.0,1295.9
58665,15.4802,20.0,1295.9
58666,15.4802,20.0,1296.0
58667,15.4802,20.0,1296.0
58668,15.4802,20.0,1296.0
58669,15.4802,20.0,1296.0
58670,15.4802,20.0,1296.0
58671,15.4802,20.0,1296.1
58672,15.4802,20.0,1296.1
58673,15.4802,20.0,1296.1
58674,15.4802,20.0,1296.1
58675,15.4802,20.0,1296.1
58676,15.4802,20.0,1296.2
58677,15.4802,20.0,1296.2
58678,15.4802,20.0,1296.2
58679,15.4802,20.0,1296.2
58680,15.4802,20.0,1296.3
58681,15.4999,20.0,1296.3
58682,15.4999,20.0,1296.3
58683,15.4999,20.0,1296.3
58684,15.4999,20.0,1296.3
58685,15.4999,20.0,1296.4
58686,15.4999,20.0,1296.4
58687,15.4999,20.0,1296.4
58688,15.4999,20.0,1296.4
58689,15.4999,20.0,1296.5
58690,15.4999,20.0,1296.5
58691,15.4999,20.0,1296.5
58692,15.4999,20.0,1296.6
58693,15.4999,20.0,1296.6
58694,15.4999,20.0,1296.6
58695,15.4999,20.0,1296.6
58696,15.4999,20.0,1296.7
58697,15.4999,20.0,1296.7
58698,15.4999,20.0,1296.7
58699,15.4999,20.0,1296.7
58700,15.4999,20.0,1296.8
58701,15.5196,20.0,1296.8
58702,15.5196,20.0,1296.8
58703,15.5196,20.0,1296.8
58704,15.5196,20.0,1296.9
58705,15.5196,20.0,1296.9
58706,15.5196,20.0,1296.9
58707,15.5196,20.0,1296.9
58708,15.5196,20.0,1297.0
58709,15.5196,20.0,1297.0
58710,15.5196,20.0,1297.0
58711,15.5196,20.0,1297.0
58712,15.5196,20.0,1297.0
58713,15.5196,20.0,1297.1
58714,15.5196,20.0,1297.1
58715,15.5196,20.0,1297.1
58716,15.5196,20.0,1297.1
58717,15.5196,20.0,1297.2
58718,15.5196,20.0,1297.2
58719,15.5196,20.0,1297.2
58720,15.5196,20.0,1297.2
58721,15.5394,20.0,1297.2
58722,15.5394,20.0,1297.3
58723,15.5394,20.0,1297.3
58724,15.5394,20.0,1297.3
58725,15.5394,20.0,1297.3
58726,15.5394,20.0,1297.3
58727,15.5394,20.0,1297.4
58728,15.5394,20.0,1297.4
58729,15.5394,20.0,1297.4
58730,15.5394,20.0,1297.4
58731,15.5394,20.0,1297.4
58732,15.5394,20.0,1297.5
58733,15.5394,20.0,1297.5
58734,15.5394,20.0,1297.5
58735,15.5394,20.0,1297.5
58736,15.5394,20.0,1297.5
58737,15.5394,20.0,1297.6
58738,15.5394,20.0,1297.6
58739,15.5394,20.0,1297.6
58740,15.5394,20.0,1297.6
58741,15.5591,20.0,1297.6
58742,15.5591,20.0,1297.7
58743,15.5591,20.0,1297.7
58744,15.5591,20.0,1297.7
58745,15.5591,20.0,1297.7
58746,15.5591,20.0,1297.8
58747,15.5591,20.0,1297.8
58748,15.5591,20.0,1297.8
58749,15.5591,20.0,1297.8
58750,15.5591,20.0,1297.9
58751,15.5591,20.0,1297.9
58752,15.5591,20.0,1297.9
58753,15.5591,20.0,1297.9
58754,15.5591,20.0,1297.9
58755,15.5591,20.0,1297.9
58756,15.5591,20.0,1298.0
58757,15.5591,20.0,1298.0
58758,15.5591,20.0,1298.0
58759,15.5591,20.0,1298.0
58760,15.5591,20.0,1298.0
58761,15.5788,20.0,1298.1
58762,15.5788,20.0,1298.1
58763,15.5788,20.0,1298.1
58764,15.5788,20.0,1298.1
58765,15.5788,20.0,1298.1
58766,15.5788,20.0,1298.2
58767,15.5788,20.0,1298.2
58768,15.5788,20.0,1298.2
58769,15.5788,20.0,1298.2
58770,15.5788,20.0,1298.2
58771,15.5788,20.0,1298.3
58772,15.5788,20.0,1298.3
58773,15.5788,20.0,1298.3
58774,15.5788,20.0,1298.3
58775,15.5788,20.0,1298.3
58776,15.5788,20.0,1298.4
58777,15.5788,20.0,1298.4
58778,15.5788,20.0,1298.4
58779,15.5788,20.0,1298.4
58780,15.5788,20.0,1298.4
58781,15.5985,20.0,1298.5
58782,15.5985,20.0,1298.5
58783,15.5985,20.0,1298.5
58784,15.5985,20.0,1298.5
58785,15.5985,20.0,1298.5
58786,15.5985,20.0,1298.5
58787,15.5985,20.0,1298.6
58788,15.5985,20.0,1298.6
58789,15.5985,20.0,1298.6
58790,15.5985,20.0,1298.6
58791,15.5985,20.0,1298.6
58792,15.5985,20.0,1298.7
58793,15.5985,20.0,1298.7
58794,15.5985,20.0,1298.7
58795,15.5985,20.0,1298.7
58796,15.5985,20.0,1298.7
58797,15.5985,20.0,1298.8
58798,15.5985,20.0,1298.8
58799,15.5985,20.0,1298.8
58800,15.5985,20.0,1298.8
58801,15.6182,20.0,1298.8
58802,15.6182,20.0,1298.8
58803,15.6182,20.0,1298.9
58804,15.6182,20.0,1298.9
58805,15.6182,20.0,1298.9
58806,15.6182,20.0,1298.9
58807,15.6182,20.0,1299.0
58808,15.6182,20.0,1299.0
58809,15.6182,20.0,1299.0
58810,15.6182,20.0,1299.0
58811,15.6182,20.0,1299.0
58812,15.6182,20.0,1299.1
58813,15.6182,20.0,1299.1
58814,15.6182,20.0,1299.1
58815,15.6182,20.0,1299.1
58816,15.6182,20.0,1299.1
58817,15.6182,20.0,1299.1
58818,15.6182,20.0,1299.2
58819,15.6182,20.0,1299.2
58820,15.6182,20.0,1299.2
58821,15.6379,20.0,1299.2
58822,15.6379,20.0,1299.2
58823,15.6379,20.0,1299.3
58824,15.6379,20.0,1299.3
58825,15.6379,20.0,1299.3
58826,15.6379,20.0,1299.3
58827,15.6379,20.0,1299.4
58828,15.6379,20.0,1299.4
58829,15.6379,20.0,1299.4
58830,15.6379,20.0,1299.4
58831,15.6379,20.0,1299.4
58832,15.6379,20.0,1299.5
58833,15.6379,20.0,1299.5
58834,15.6379,20.0,1299.5
58835,15.6379,20.0,1299.5
58836,15.6379,20.0,1299.6
58837,15.6379,20.0,1299.6
58838,15.6379,20.0,1299.6
58839,15.6379,20.0,1299.6
58840,15.6379,20.0,1299.6
58841,15.6378,20.0,1299.7
58842,15.6378,20.0,1299.7
58843,15.6378,20.0,1299.7
58844,15.6378,20.0,1299.7
58845,15.6378,20.0,1299.7
58846,15.6378,20.0,1299.8
58847,15.6378,20.0,1299.8
58848,15.6378,20.0,1299.8
58849,15.6378,20.0,1299.8
58850,15.6378,20.0,1299.8
58851,15.6378,20.0,1299.9
58852,15.6378,20.0,1299.9
58853,15.6378,20.0,1299.9
58854,15.6378,20.0,1299.9
58855,15.6378,20.0,1299.9
58856,15.6378,20.0,1300.0
58857,15.6378,20.0,1300.0
58858,15.6378,20.0,1300.0
58859,15.6378,20.0,1300.0
58860,15.6378,20.0,1300.0
58861,15.6376,20.0,1300.1
58862,15.6376,20.0,1300.1
58863,15.6376,20.0,1300.1
58864,15.6376,20.0,1300.1
58865,15.6376,20.0,1300.1
58866,15.6376,20.0,1300.1
58867,15.6376,20.0,1300.2
58868,15.6376,20.0,1300.2
58869,15.6376,20.0,1300.2
58870,15.6376,20.0,1300.2
58871,15.6376,20.0,1300.3
58872,15.6376,20.0,1300.3
58873,15.6376,20.0,1300.3
58874,15.6376,20.0,1300.3
58875,15.6376,20.0,1300.3
58876,15.6376,20.0,1300.4
58877,15.6376,20.0,1300.4
58878,15.6376,20.0,1300.4
58879,15.6376,20.0,1300.4
58880,15.6376,20.0,1300.4
58881,15.6375,20.0,1300.7
58882,15.6375,20.0,1300.7
58883,15.6375,20.0,1300.7
58884,15.6375,20.0,1300.8
58885,15.6375,20.0,1300.8
58886,15.6375,20.0,1300.8
58887,15.6375,20.0,1300.8
58888,15.6375,20.0,1300.8
58889,15.6375,20.0,1300.8
58890,15.6375,20.0,1300.9
58891,15.6375,20.0,1300.9
58892,15.6375,20.0,1300.9
58893,15.6375,20.0,1300.9
58894,15.6375,20.0,1300.9
58895,15.6375,20.0,1301.0
58896,15.6375,20.0,1301.0
58897,15.6375,20.0,1301.0
58898,15.6375,20.0,1301.0
58899,15.6375,20.0,1301.0
58900,15.6375,20.0,1301.1
58901,15.6373,20.0,1301.1
58902,15.6373,20.0,1301.1
58903,15.6373,20.0,1301.1
58904,15.6373,20.0,1301.1
58905,15.6373,20.0,1301.1
58906,15.6373,20.0,1301.1
58907,15.6373,20.0,1301.2
58908,15.6373,20.0,1301.2
58909,15.6373,20.0,1301.2
58910,15.6373,20.0,1301.2
58911,15.6373,20.0,1301.3
58912,15.6373,20.0,1301.3
58913,15.6373,20.0,1301.3
58914,15.6373,20.0,1301.3
58915,15.6373,20.0,1301.3
58916,15.6373,20.0,1301.4
58917,15.6373,20.0,1301.4
58918,15.6373,20.0,1301.4
58919,15.6373,20.0,1301.4
58920,15.6373,20.0,1301.4
58921,15.6372,20.0,1301.5
58922,15.6372,20.0,1301.5
58923,15.6372,20.0,1301.5
58924,15.6372,20.0,1301.5
58925,15.6372,20.0,1301.5
58926,15.6372,20.0,1301.5
58927,15.6372,20.0,1301.6
58928,15.6372,20.0,1301.6
58929,15.6372,20.0,1301.6
58930,15.6372,20.0,1301.6
58931,15.6372,20.0,1301.7
58932,15.6372,20.0,1301.7
58933,15.6372,20.0,1301.7
58934,15.6372,20.0,1301.7
58935,15.6372,20.0,1301.7
58936,15.6372,20.0,1301.8
58937,15.6372,20.0,1301.8
58938,15.6372,20.0,1301.8
58939,15.6372,20.0,1301.8
58940,15.6372,20.0,1301.8
58941,15.6370,20.0,1301.9
58942,15.6370,20.0,1301.9
58943,15.6370,20.0,1301.9
58944,15.6370,20.0,1301.9
58945,15.6370,20.0,1302.0
58946,15.6370,20.0,1302.0
58947,15.6370,20.0,1302.0
58948,15.6370,20.0,1302.0
58949,15.6370,20.0,1302.0
58950,15.6370,20.0,1302.1
58951,15.6370,20.0,1302.1
58952,15.6370,20.0,1302.1
58953,15.6370,20.0,1302.1
58954,15.6370,20.0,1302.2
58955,15.6370,20.0,1302.2
58956,15.6370,20.0,1302.2
58957,15.6370,20.0,1302.2
58958,15.6370,20.0,1302.2
58959,15.6370,20.0,1302.2
58960,15.6370,20.0,1302.3
58961,15.6369,20.0,1302.3
58962,15.6369,20.0,1302.3
58963,15.6369,20.0,1302.3
58964,15.6369,20.0,1302.4
58965,15.6369,20.0,1302.4
58966,15.6369,20.0,1302.4
58967,15.6369,20.0,1302.4
58968,15.6369,20.0,1302.4
58969,15.6369,20.0,1302.5
58970,15.6369,20.0,1302.5
58971,15.6369,20.0,1302.5
58972,15.6369,20.0,1302.5
58973,15.6369,20.0,1302.5
58974,15.6369,20.0,1302.6
58975,15.6369,20.0,1302.6
58976,15.6369,20.0,1302.6
58977,15.6369,20.0,1302.6
58978,15.6369,20.0,1302.6
58979,15.6369,20.0,1302.7
58980,15.6369,20.0,1302.7
58981,15.6367,20.0,1302.7
58982,15.6367,20.0,1302.7
58983,15.6367,20.0,1302.8
58984,15.6367,20.0,1302.8
58985,15.6367,20.0,1302.8
58986,15.6367,20.0,1302.8
58987,15.6367,20.0,1302.8
58988,15.6367,20.0,1302.9
58989,15.6367,20.0,1302.9
58990,15.6367,20.0,1302.9
58991,15.6367,20.0,1302.9
58992,15.6367,20.0,1302.9
58993,15.6367,20.0,1303.0
58994,15.6367,20.0,1303.0
58995,15.6367,20.0,1303.0
58996,15.6367,20.0,1303.0
58997,15.6367,20.0,1303.0
58998,15.6367,20.0,1303.1
58999,15.6367,20.0,1303.1
59000,15.6367,20.0,1303.1
59001,15.6366,20.0,1303.1
59002,15.6366,20.0,1303.1
59003,15.6366,20.0,1303.2
59004,15.6366,20.0,1303.2
59005,15.6366,20.0,1303.2
59006,15.6366,20.0,1303.2
59007,15.6366,20.0,1303.2
59008,15.6366,20.0,1303.3
59009,15.6366,20.0,1303.3
59010,15.6366,20.0,1303.3
59011,15.6366,20.0,1303.3
59012,15.6366,20.0,1303.3
59013,15.6366,20.0,1303.4
59014,15.6366,20.0,1303.4
59015,15.6366,20.0,1303.4
59016,15.6366,20.0,1303.4
59017,15.6366,20.0,1303.4
59018,15.6366,20.0,1303.5
59019,15.6366,20.0,1303.5
59020,15.6366,20.0,1303.5
59021,15.6364,20.0,1303.5
59022,15.6364,20.0,1303.5
59023,15.6364,20.0,1303.6
59024,15.6364,20.0,1303.6
59025,15.6364,20.0,1303.6
59026,15.6364,20.0,1303.6
59027,15.6364,20.0,1303.6
59028,15.6364,20.0,1303.7
59029,15.6364,20.0,1303.7
59030,15.6364,20.0,1303.7
59031,15.6364,20.0,1303.7
59032,15.6364,20.0,1303.7
59033,15.6364,20.0,1303.7
59034,15.6364,20.0,1303.8
59035,15.6364,20.0,1303.8
59036,15.6364,20.0,1303.8
59037,15.6364,20.0,1303.8
59038,15.6364,20.0,1303.9
59039,15.6364,20.0,1303.9
59040,15.6364,20.0,1303.9
59041,15.6363,20.0,1303.9
59042,15.6363,20.0,1304.0
59043,15.6363,20.0,1304.0
59044,15.6363,20.0,1304.0
59045,15.6363,20.0,1304.0
59046,15.6363,20.0,1304.1
59047,15.6363,20.0,1304.1
59048,15.6363,20.0,1304.1
59049,15.6363,20.0,1304.1
59050,15.6363,20.0,1304.2
59051,15.6363,20.0,1304.2
59052,15.6363,20.0,1304.3
59053,15.6363,20.0,1304.3
59054,15.6363,20.0,1304.4
59055,15.6363,20.0,1304.4
59056,15.6363,20.0,1304.5
59057,15.6363,20.0,1304.5
59058,15.6363,20.0,1304.5
59059,15.6363,20.0,1304.6
59060,15.6363,20.0,1304.6
59061,15.6362,20.0,1304.6
59062,15.6362,20.0,1304.7
59063,15.6362,20.0,1304.7
59064,15.6362,20.0,1304.7
59065,15.6362,20.0,1304.7
59066,15.6362,20.0,1304.8
59067,15.6362,20.0,1304.8
59068,15.6362,20.0,1304.9
59069,15.6362,20.0,1304.9
59070,15.6362,20.0,1304.9
59071,15.6362,20.0,1305.0
59072,15.6362,20.0,1305.0
59073,15.6362,20.0,1305.0
59074,15.6362,20.0,1305.0
59075,15.6362,20.0,1305.1
59076,15.6362,20.0,1305.1
59077,15.6362,20.0,1305.1
59078,15.6362,20.0,1305.2
59079,15.6362,20.0,1305.2
59080,15.6362,20.0,1305.2
59081,15.6360,20.0,1305.3
59082,15.6360,20.0,1305.3
59083,15.6360,20.0,1305.3
59084,15.6360,20.0,1305.4
59085,15.6360,20.0,1305.4
59086,15.6360,20.0,1305.4
59087,15.6360,20.0,1305.4
59088,15.6360,20.0,1305.4
59089,15.6360,20.0,1305.5
59090,15.6360,20.0,1305.5
59091,15.6360,20.0,1305.5
59092,15.6360,20.0,1305.6
59093,15.6360,20.0,1305.6
59094,15.6360,20.0,1305.6
59095,15.6360,20.0,1305.6
59096,15.6360,20.0,1305.7
59097,15.6360,20.0,1305.7
59098,15.6360,20.0,1305.7
59099,15.6360,20.0,1305.7
59100,15.6360,20.0,1305.8
59101,15.6359,20.0,1305.8
59102,15.6359,20.0,1305.8
59103,15.6359,20.0,1305.8
59104,15.6359,20.0,1305.9
59105,15.6359,20.0,1305.9
59106,15.6359,20.0,1305.9
59107,15.6359,20.0,1305.9
59108,15.6359,20.0,1306.0
59109,15.6359,20.0,1306.0
59110,15.6359,20.0,1306.0
59111,15.6359,20.0,1306.0
59112,15.6359,20.0,1306.1
59113,15.6359,20.0,1306.1
59114,15.6359,20.0,1306.1
59115,15.6359,20.0,1306.2
59116,15.6359,20.0,1306.2
59117,15.6359,20.0,1306.3
59118,15.6359,20.0,1306.3
59119,15.6359,20.0,1306.3
59120,15.6359,20.0,1306.3
59121,15.6357,20.0,1306.4
59122,15.6357,20.0,1306.4
59123,15.6357,20.0,1306.4
59124,15.6357,20.0,1306.4
59125,15.6357,20.0,1306.5
59126,15.6357,20.0,1306.5
59127,15.6357,20.0,1306.5
59128,15.6357,20.0,1306.5
59129,15.6357,20.0,1306.6
59130,15.6357,20.0,1306.6
59131,15.6357,20.0,1306.6
59132,15.6357,20.0,1306.6
59133,15.6357,20.0,1306.6
59134,15.6357,20.0,1306.7
59135,15.6357,20.0,1306.7
59136,15.6357,20.0,1306.7
59137,15.6357,20.0,1306.7
59138,15.6357,20.0,1306.7
59139,15.6357,20.0,1306.8
59140,15.6357,20.0,1306.8
59141,15.6356,20.0,1306.8
59142,15.6356,20.0,1306.8
59143,15.6356,20.0,1306.9
59144,15.6356,20.0,1306.9
59145,15.6356,20.0,1306.9
59146,15.6356,20.0,1306.9
59147,15.6356,20.0,1306.9
59148,15.6356,20.0,1306.9
59149,15.6356,20.0,1307.0
59150,15.6356,20.0,1307.0
59151,15.6356,20.0,1307.0
59152,15.6356,20.0,1307.0
59153,15.6356,20.0,1307.0
59154,15.6356,20.0,1307.1
59155,15.6356,20.0,1307.1
59156,15.6356,20.0,1307.1
59157,15.6356,20.0,1307.1
59158,15.6356,20.0,1307.2
59159,15.6356,20.0,1307.2
59160,15.6356,20.0,1307.2
59161,15.6354,20.0,1307.2
59162,15.6354,20.0,1307.2
59163,15.6354,20.0,1307.3
59164,15.6354,20.0,1307.3
59165,15.6354,20.0,1307.3
59166,15.6354,20.0,1307.3
59167,15.6354,20.0,1307.3
59168,15.6354,20.0,1307.4
59169,15.6354,20.0,1307.4
59170,15.6354,20.0,1307.4
59171,15.6354,20.0,1307.4
59172,15.6354,20.0,1307.4
59173,15.6354,20.0,1307.4
59174,15.6354,20.0,1307.5
59175,15.6354,20.0,1307.5
59176,15.6354,20.0,1307.5
59177,15.6354,20.0,1307.5
59178,15.6354,20.0,1307.5
59179,15.6354,20.0,1307.6
59180,15.6354,20.0,1307.6
59181,15.6353,20.0,1307.6
59182,15.6353,20.0,1307.6
59183,15.6353,20.0,1307.6
59184,15.6353,20.0,1307.7
59185,15.6353,20.0,1307.7
59186,15.6353,20.0,1307.7
59187,15.6353,20.0,1307.7
59188,15.6353,20.0,1307.7
59189,15.6353,20.0,1307.8
59190,15.6353,20.0,1307.8
59191,15.6353,20.0,1307.8
59192,15.6353,20.0,1307.8
59193,15.6353,20.0,1307.8
59194,15.6353,20.0,1307.9
59195,15.6353,20.0,1307.9
59196,15.6353,20.0,1307.9
59197,15.6353,20.0,1307.9
59198,15.6353,20.0,1307.9
59199,15.6353,20.0,1308.0
59200,15.6353,20.0,1308.0
59201,15.6351,20.0,1308.0
59202,15.6351,20.0,1308.0
59203,15.6351,20.0,1308.0
59204,15.6351,20.0,1308.1
59205,15.6351,20.0,1308.1
59206,15.6351,20.0,1308.1
59207,15.6351,20.0,1308.1
59208,15.6351,20.0,1308.1
59209,15.6351,20.0,1308.2
59210,15.6351,20.0,1308.2
59211,15.6351,20.0,1308.2
59212,15.6351,20.0,1308.2
59213,15.6351,20.0,1308.2
59214,15.6351,20.0,1308.3
59215,15.6351,20.0,1308.3
59216,15.6351,20.0,1308.3
59217,15.6351,20.0,1308.3
59218,15.6351,20.0,1308.4
59219,15.6351,20.0,1308.4
59220,15.6351,20.0,1308.4
59221,15.6350,20.0,1308.4
59222,15.6350,20.0,1308.4
59223,15.6350,20.0,1308.5
59224,15.6350,20.0,1308.5
59225,15.6350,20.0,1308.5
59226,15.6350,20.0,1308.5
59227,15.6350,20.0,1308.5
59228,15.6350,20.0,1308.5
59229,15.6350,20.0,1308.6
59230,15.6350,20.0,1308.6
59231,15.6350,20.0,1308.6
59232,15.6350,20.0,1308.6
59233,15.6350,20.0,1308.6
59234,15.6350,20.0,1308.7
59235,15.6350,20.0,1308.7
59236,15.6350,20.0,1308.7
59237,15.6350,20.0,1308.7
59238,15.6350,20.0,1308.7
59239,15.6350,20.0,1308.7
59240,15.6350,20.0,1308.8
59241,15.6348,20.0,1308.8
59242,15.6348,20.0,1308.8
59243,15.6348,20.0,1308.8
59244,15.6348,20.0,1308.9
59245,15.6348,20.0,1308.9
59246,15.6348,20.0,1308.9
59247,15.6348,20.0,1308.9
59248,15.6348,20.0,1308.9
59249,15.6348,20.0,1309.0
59250,15.6348,20.0,1309.0
59251,15.6348,20.0,1309.0
59252,15.6348,20.0,1309.0
59253,15.6348,20.0,1309.0
59254,15.6348,20.0,1309.0
59255,15.6348,20.0,1309.1
59256,15.6348,20.0,1309.1
59257,15.6348,20.0,1309.1
59258,15.6348,20.0,1309.1
59259,15.6348,20.0,1309.1
59260,15.6348,20.0,1309.2
59261,15.6347,20.0,1309.2
59262,15.6347,20.0,1309.2
59263,15.6347,20.0,1309.2
59264,15.6347,20.0,1309.2
59265,15.6347,20.0,1309.3
59266,15.6347,20.0,1309.3
59267,15.6347,20.0,1309.3
59268,15.6347,20.0,1309.3
59269,15.6347,20.0,1309.4
59270,15.6347,20.0,1309.4
59271,15.6347,20.0,1309.4
59272,15.6347,20.0,1309.4
59273,15.6347,20.0,1309.4
59274,15.6347,20.0,1309.5
59275,15.6347,20.0,1309.5
59276,15.6347,20.0,1309.5
59277,15.6347,20.0,1309.5
59278,15.6347,20.0,1309.5
59279,15.6347,20.0,1309.5
59280,15.6347,20.0,1309.6
59281,15.6345,20.0,1309.6
59282,15.6345,20.0,1309.6
59283,15.6345,20.0,1309.6
59284,15.6345,20.0,1309.6
59285,15.6345,20.0,1309.7
59286,15.6345,20.0,1309.7
59287,15.6345,20.0,1309.7
59288,15.6345,20.0,1309.7
59289,15.6345,20.0,1309.7
59290,15.6345,20.0,1309.8
59291,15.6345,20.0,1309.8
59292,15.6345,20.0,1309.8
59293,15.6345,20.0,1309.8
59294,15.6345,20.0,1309.8
59295,15.6345,20.0,1309.9
59296,15.6345,20.0,1309.9
59297,15.6345,20.0,1309.9
59298,15.6345,20.0,1309.9
59299,15.6345,20.0,1309.9
59300,15.6345,20.0,1310.0
59301,15.6344,20.0,1310.0
59302,15.6344,20.0,1310.0
59303,15.6344,20.0,1310.0
59304,15.6344,20.0,1310.0
59305,15.6344,20.0,1310.1
59306,15.6344,20.0,1310.1
59307,15.6344,20.0,1310.1
59308,15.6344,20.0,1310.1
59309,15.6344,20.0,1310.1
59310,15.6344,20.0,1310.1
59311,15.6344,20.0,1310.2
59312,15.6344,20.0,1310.2
59313,15.6344,20.0,1310.2
59314,15.6344,20.0,1310.2
59315,15.6344,20.0,1310.3
59316,15.6344,20.0,1310.3
59317,15.6344,20.0,1310.3
59318,15.6344,20.0,1310.3
59319,15.6344,20.0,1310.3
59320,15.6344,20.0,1310.4
59321,15.6342,20.0,1310.4
59322,15.6342,20.0,1310.4
59323,15.6342,20.0,1310.4
59324,15.6342,20.0,1310.4
59325,15.6342,20.0,1310.4
59326,15.6342,20.0,1310.5
59327,15.6342,20.0,1310.5
59328,15.6342,20.0,1310.5
59329,15.6342,20.0,1310.5
59330,15.6342,20.0,1310.5
59331,15.6342,20.0,1310.6
59332,15.6342,20.0,1310.6
59333,15.6342,20.0,1310.6
59334,15.6342,20.0,1310.6
59335,15.6342,20.0,1310.7
59336,15.6342,20.0,1310.7
59337,15.6342,20.0,1310.7
59338,15.6342,20.0,1310.7
59339,15.6342,20.0,1310.7
59340,15.6342,20.0,1310.8
59341,15.6341,20.0,1310.8
59342,15.6341,20.0,1310.8
59343,15.6341,20.0,1310.8
59344,15.6341,20.0,1310.8
59345,15.6341,20.0,1310.9
59346,15.6341,20.0,1310.9
59347,15.6341,20.0,1310.9
59348,15.6341,20.0,1310.9
59349,15.6341,20.0,1310.9
59350,15.6341,20.0,1311.0
59351,15.6341,20.0,1311.0
59352,15.6341,20.0,1311.0
59353,15.6341,20.0,1311.0
59354,15.6341,20.0,1311.0
59355,15.6341,20.0,1311.0
59356,15.6341,20.0,1311.1
59357,15.6341,20.0,1311.1
59358,15.6341,20.0,1311.1
59359,15.6341,20.0,1311.1
59360,15.6341,20.0,1311.1
59361,15.6339,20.0,1311.2
59362,15.6339,20.0,1311.2
59363,15.6339,20.0,1311.2
59364,15.6339,20.0,1311.2
59365,15.6339,20.0,1311.2
59366,15.6339,20.0,1311.3
59367,15.6339,20.0,1311.3
59368,15.6339,20.0,1311.3
59369,15.6339,20.0,1311.3
59370,15.6339,20.0,1311.3
59371,15.6339,20.0,1311.4
59372,15.6339,20.0,1311.4
59373,15.6339,20.0,1311.4
59374,15.6339,20.0,1311.4
59375,15.6339,20.0,1311.4
59376,15.6339,20.0,1311.5
59377,15.6339,20.0,1311.5
59378,15.6339,20.0,1311.5
59379,15.6339,20.0,1311.5
59380,15.6339,20.0,1311.6
59381,15.6338,20.0,1311.6
59382,15.6338,20.0,1311.6
59383,15.6338,20.0,1311.6
59384,15.6338,20.0,1311.6
59385,15.6338,20.0,1311.7
59386,15.6338,20.0,1311.7
59387,15.6338,20.0,1311.7
59388,15.6338,20.0,1311.7
59389,15.6338,20.0,1311.7
59390,15.6338,20.0,1311.7
59391,15.6338,20.0,1311.8
59392,15.6338,20.0,1311.8
59393,15.6338,20.0,1312.1
59394,15.6338,20.0,1312.1
59395,15.6338,20.0,1312.1
59396,15.6338,20.0,1312.1
59397,15.6338,20.0,1312.1
59398,15.6338,20.0,1312.2
59399,15.6338,20.0,1312.2
59400,15.6338,20.0,1312.2
59401,15.6338,20.0,1312.2
59402,15.6338,20.0,1312.3
59403,15.6338,20.0,1312.3
59404,15.6338,20.0,1312.3
59405,15.6338,20.0,1312.3
59406,15.6338,20.0,1312.3
59407,15.6338,20.0,1312.4
59408,15.6338,20.0,1312.4
59409,15.6338,20.0,1312.4
59410,15.6338,20.0,1312.4
59411,15.6338,20.0,1312.4
59412,15.6338,20.0,1312.5
59413,15.6338,20.0,1312.5
59414,15.6338,20.0,1312.5
59415,15.6338,20.0,1312.5
59416,15.6338,20.0,1312.5
59417,15.6338,20.0,1312.6
59418,15.6338,20.0,1312.6
59419,15.6338,20.0,1312.6
59420,15.6338,20.0,1312.6
59421,15.6338,20.0,1312.7
59422,15.6338,20.0,1312.7
59423,15.6338,20.0,1312.7
59424,15.6338,20.0,1312.7
59425,15.6338,20.0,1312.7
59426,15.6338,20.0,1312.8
59427,15.6338,20.0,1312.8
59428,15.6338,20.0,1312.8
59429,15.6338,20.0,1312.8
59430,15.6338,20.0,1312.8
59431,15.6338,20.0,1312.9
59432,15.6338,20.0,1312.9
59433,15.6338,20.0,1312.9
59434,15.6338,20.0,1312.9
59435,15.6338,20.0,1312.9
59436,15.6338,20.0,1313.0
59437,15.6338,20.0,1313.0
59438,15.6338,20.0,1313.0
59439,15.6338,20.0,1313.0
59440,15.6338,20.0,1313.0
59441,15.6338,20.0,1313.1
59442,15.6338,20.0,1313.1
59443,15.6338,20.0,1313.1
59444,15.6338,20.0,1313.1
59445,15.6338,20.0,1313.1
59446,15.6338,20.0,1313.2
59447,15.6338,20.0,1313.2
59448,15.6338,20.0,1313.2
59449,15.6338,20.0,1313.2
59450,15.6338,20.0,1313.2
59451,15.6338,20.0,1313.3
59452,15.6338,20.0,1313.3
59453,15.6338,20.0,1313.3
59454,15.6338,20.0,1313.3
59455,15.6338,20.0,1313.3
59456,15.6338,20.0,1313.4
59457,15.6338,20.0,1313.4
59458,15.6338,20.0,1313.4
59459,15.6338,20.0,1313.4
59460,15.6338,20.0,1313.4
59461,15.6338,20.0,1313.5
59462,15.6338,20.0,1313.5
59463,15.6338,20.0,1313.5
59464,15.6338,20.0,1313.5
59465,15.6338,20.0,1313.5
59466,15.6338,20.0,1313.6
59467,15.6338,20.0,1313.6
59468,15.6338,20.0,1313.6
59469,15.6338,20.0,1313.6
59470,15.6338,20.0,1313.6
59471,15.6338,20.0,1313.7
59472,15.6338,20.0,1313.7
59473,15.6338,20.0,1313.7
59474,15.6338,20.0,1313.7
59475,15.6338,20.0,1313.7
59476,15.6338,20.0,1313.8
59477,15.6338,20.0,1313.8
59478,15.6338,20.0,1313.8
59479,15.6338,20.0,1313.8
59480,15.6338,20.0,1313.8
59481,15.6338,20.0,1313.8
59482,15.6338,20.0,1313.9
59483,15.6338,20.0,1313.9
59484,15.6338,20.0,1313.9
59485,15.6338,20.0,1313.9
59486,15.6338,20.0,1313.9
59487,15.6338,20.0,1314.0
59488,15.6338,20.0,1314.0
59489,15.6338,20.0,1314.0
59490,15.6338,20.0,1314.0
59491,15.6338,20.0,1314.0
59492,15.6338,20.0,1314.1
59493,15.6338,20.0,1314.1
59494,15.6338,20.0,1314.1
59495,15.6338,20.0,1314.1
59496,15.6338,20.0,1314.1
59497,15.6338,20.0,1314.1
59498,15.6338,20.0,1314.2
59499,15.6338,20.0,1314.2
59500,15.6338,20.0,1314.2
59501,15.6338,20.0,1314.2
59502,15.6338,20.0,1314.3
59503,15.6338,20.0,1314.3
59504,15.6338,20.0,1314.3
59505,15.6338,20.0,1314.3
59506,15.6338,20.0,1314.3
59507,15.6338,20.0,1314.4
59508,15.6338,20.0,1314.4
59509,15.6338,20.0,1314.4
59510,15.6338,20.0,1314.4
59511,15.6338,20.0,1314.4
59512,15.6338,20.0,1314.4
59513,15.6338,20.0,1314.5
59514,15.6338,20.0,1314.5
59515,15.6338,20.0,1314.5
59516,15.6338,20.0,1314.5
59517,15.6338,20.0,1314.6
59518,15.6338,20.0,1314.6
59519,15.6338,20.0,1314.6
59520,15.6338,20.0,1314.6
59521,15.6338,20.0,1314.6
59522,15.6338,20.0,1314.6
59523,15.6338,20.0,1314.7
59524,15.6338,20.0,1314.7
59525,15.6338,20.0,1314.7
59526,15.6338,20.0,1314.7
59527,15.6338,20.0,1314.7
59528,15.6338,20.0,1314.8
59529,15.6338,20.0,1314.8
59530,15.6338,20.0,1314.8
59531,15.6338,20.0,1314.8
59532,15.6338,20.0,1314.8
59533,15.6338,20.0,1314.9
59534,15.6338,20.0,1314.9
59535,15.6338,20.0,1314.9
59536,15.6338,20.0,1314.9
59537,15.6338,20.0,1314.9
59538,15.6338,20.0,1315.0
59539,15.6338,20.0,1315.0
59540,15.6338,20.0,1315.0
59541,15.6338,20.0,1315.0
59542,15.6338,20.0,1315.1
59543,15.6338,20.0,1315.1
59544,15.6338,20.0,1315.1
59545,15.6338,20.0,1315.1
59546,15.6338,20.0,1315.2
59547,15.6338,20.0,1315.2
59548,15.6338,20.0,1315.2
59549,15.6338,20.0,1315.2
59550,15.6338,20.0,1315.2
59551,15.6338,20.0,1315.3
59552,15.6338,20.0,1315.3
59553,15.6338,20.0,1315.3
59554,15.6338,20.0,1315.3
59555,15.6338,20.0,1315.3
59556,15.6338,20.0,1315.3
59557,15.6338,20.0,1315.4
59558,15.6338,20.0,1315.4
59559,15.6338,20.0,1315.4
59560,15.6338,20.0,1315.4
59561,15.6338,20.0,1315.4
59562,15.6338,20.0,1315.5
59563,15.6338,20.0,1315.5
59564,15.6338,20.0,1315.5
59565,15.6338,20.0,1315.5
59566,15.6338,20.0,1315.6
59567,15.6338,20.0,1315.6
59568,15.6338,20.0,1315.6
59569,15.6338,20.0,1315.6
59570,15.6338,20.0,1315.6
59571,15.6338,20.0,1315.7
59572,15.6338,20.0,1315.7
59573,15.6338,20.0,1315.7
59574,15.6338,20.0,1315.7
59575,15.6338,20.0,1315.8
59576,15.6338,20.0,1315.8
59577,15.6338,20.0,1315.8
59578,15.6338,20.0,1315.8
59579,15.6338,20.0,1315.9
59580,15.6338,20.0,1315.9
59581,15.6338,20.0,1315.9
59582,15.6338,20.0,1315.9
59583,15.6338,20.0,1315.9
59584,15.6338,20.0,1316.0
59585,15.6338,20.0,1316.0
59586,15.6338,20.0,1316.0
59587,15.6338,20.0,1316.0
59588,15.6338,20.0,1316.0
59589,15.6338,20.0,1316.1
59590,15.6338,20.0,1316.1
59591,15.6338,20.0,1316.1
59592,15.6338,20.0,1316.1
59593,15.6338,20.0,1316.1
59594,15.6338,20.0,1316.2
59595,15.6338,20.0,1316.2
59596,15.6338,20.0,1316.2
59597,15.6338,20.0,1316.2
59598,15.6338,20.0,1316.2
59599,15.6338,20.0,1316.3
59600,15.6338,20.0,1316.3
59601,15.6338,20.0,1316.3
59602,15.6338,20.0,1316.3
59603,15.6338,20.0,1316.3
59604,15.6338,20.0,1316.4
59605,15.6338,20.0,1316.4
59606,15.6338,20.0,1316.4
59607,15.6338,20.0,1316.4
59608,15.6338,20.0,1316.4
59609,15.6338,20.0,1316.4
59610,15.6338,20.0,1316.4
59611,15.6338,20.0,1316.5
59612,15.6338,20.0,1316.5
59613,15.6338,20.0,1316.5
59614,15.6338,20.0,1316.5
59615,15.6338,20.0,1316.6
59616,15.6338,20.0,1316.6
59617,15.6338,20.0,1316.6
59618,15.6338,20.0,1316.6
59619,15.6338,20.0,1316.6
59620,15.6338,20.0,1316.7
59621,15.6338,20.0,1316.7
59622,15.6338,20.0,1316.7
59623,15.6338,20.0,1316.7
59624,15.6338,20.0,1316.7
59625,15.6338,20.0,1316.8
59626,15.6338,20.0,1316.8
59627,15.6338,20.0,1316.8
59628,15.6338,20.0,1316.8
59629,15.6338,20.0,1316.8
59630,15.6338,20.0,1316.9
59631,15.6338,20.0,1316.9
59632,15.6338,20.0,1316.9
59633,15.6338,20.0,1316.9
59634,15.6338,20.0,1316.9
59635,15.6338,20.0,1317.0
59636,15.6338,20.0,1317.0
59637,15.6338,20.0,1317.0
59638,15.6338,20.0,1317.0
59639,15.6338,20.0,1317.0
59640,15.6338,20.0,1317.1
59641,15.6338,20.0,1317.1
59642,15.6338,20.0,1317.1
59643,15.6338,20.0,1317.1
59644,15.6338,20.0,1317.1
59645,15.6338,20.0,1317.1
59646,15.6338,20.0,1317.2
59647,15.6338,20.0,1317.2
59648,15.6338,20.0,1317.2
59649,15.6338,20.0,1317.2
59650,15.6338,20.0,1317.2
59651,15.6338,20.0,1317.3
59652,15.6338,20.0,1317.3
59653,15.6338,20.0,1317.3
59654,15.6338,20.0,1317.3
59655,15.6338,20.0,1317.4
59656,15.6338,20.0,1317.4
59657,15.6338,20.0,1317.4
59658,15.6338,20.0,1317.4
59659,15.6338,20.0,1317.4
59660,15.6338,20.0,1317.5
59661,15.6338,20.0,1317.5
59662,15.6338,20.0,1317.5
59663,15.6338,20.0,1317.5
59664,15.6338,20.0,1317.5
59665,15.6338,20.0,1317.6
59666,15.6338,20.0,1317.6
59667,15.6338,20.0,1317.6
59668,15.6338,20.0,1317.6
59669,15.6338,20.0,1317.6
59670,15.6338,20.0,1317.7
59671,15.6338,20.0,1317.7
59672,15.6338,20.0,1317.7
59673,15.6338,20.0,1317.7
59674,15.6338,20.0,1317.7
59675,15.6338,20.0,1317.8
59676,15.6338,20.0,1317.8
59677,15.6338,20.0,1317.8
59678,15.6338,20.0,1317.8
59679,15.6338,20.0,1317.8
59680,15.6338,20.0,1317.9
59681,15.6338,20.0,1317.9
59682,15.6338,20.0,1317.9
59683,15.6338,20.0,1317.9
59684,15.6338,20.0,1317.9
59685,15.6338,20.0,1317.9
59686,15.6338,20.0,1318.0
59687,15.6338,20.0,1318.0
59688,15.6338,20.0,1318.0
59689,15.6338,20.0,1318.0
59690,15.6338,20.0,1318.0
59691,15.6338,20.0,1318.1
59692,15.6338,20.0,1318.1
59693,15.6338,20.0,1318.1
59694,15.6338,20.0,1318.1
59695,15.6338,20.0,1318.1
59696,15.6338,20.0,1318.2
59697,15.6338,20.0,1318.2
59698,15.6338,20.0,1318.2
59699,15.6338,20.0,1318.2
59700,15.6338,20.0,1318.2
59701,15.6338,20.0,1318.3
59702,15.6338,20.0,1318.3
59703,15.6338,20.0,1318.3
59704,15.6338,20.0,1318.3
59705,15.6338,20.0,1318.3
59706,15.6338,20.0,1318.4
59707,15.6338,20.0,1318.4
59708,15.6338,20.0,1318.4
59709,15.6338,20.0,1318.4
59710,15.6338,20.0,1318.4
59711,15.6338,20.0,1318.4
59712,15.6338,20.0,1318.5
59713,15.6338,20.0,1318.5
59714,15.6338,20.0,1318.5
59715,15.6338,20.0,1318.5
59716,15.6338,20.0,1318.6
59717,15.6338,20.0,1318.6
59718,15.6338,20.0,1318.6
59719,15.6338,20.0,1318.6
59720,15.6338,20.0,1318.6
59721,15.6338,20.0,1318.7
59722,15.6338,20.0,1318.7
59723,15.6338,20.0,1318.7
59724,15.6338,20.0,1318.7
59725,15.6338,20.0,1318.7
59726,15.6338,20.0,1318.7
59727,15.6338,20.0,1318.8
59728,15.6338,20.0,1318.8
59729,15.6338,20.0,1318.8
59730,15.6338,20.0,1318.8
59731,15.6338,20.0,1318.8
59732,15.6338,20.0,1318.9
59733,15.6338,20.0,1318.9
59734,15.6338,20.0,1318.9
59735,15.6338,20.0,1318.9
59736,15.6338,20.0,1318.9
59737,15.6338,20.0,1319.0
59738,15.6338,20.0,1319.0
59739,15.6338,20.0,1319.0
59740,15.6338,20.0,1319.0
59741,15.6338,20.0,1319.0
59742,15.6338,20.0,1319.1
59743,15.6338,20.0,1319.1
59744,15.6338,20.0,1319.1
59745,15.6338,20.0,1319.1
59746,15.6338,20.0,1319.1
59747,15.6338,20.0,1319.2
59748,15.6338,20.0,1319.2
59749,15.6338,20.0,1319.2
59750,15.6338,20.0,1319.2
59751,15.6338,20.0,1319.3
59752,15.6338,20.0,1319.3
59753,15.6338,20.0,1319.3
59754,15.6338,20.0,1319.3
59755,15.6338,20.0,1319.4
59756,15.6338,20.0,1319.4
59757,15.6338,20.0,1319.4
59758,15.6338,20.0,1319.4
59759,15.6338,20.0,1319.5
59760,15.6338,20.0,1319.5
59761,15.6338,20.0,1319.5
59762,15.6338,20.0,1319.5
59763,15.6338,20.0,1319.6
59764,15.6338,20.0,1319.6
59765,15.6338,20.0,1319.6
59766,15.6338,20.0,1319.6
59767,15.6338,20.0,1319.7
59768,15.6338,20.0,1319.7
59769,15.6338,20.0,1319.7
59770,15.6338,20.0,1319.7
59771,15.6338,20.0,1319.7
59772,15.6338,20.0,1319.8
59773,15.6338,20.0,1319.8
59774,15.6338,20.0,1319.8
59775,15.6338,20.0,1319.8
59776,15.6338,20.0,1319.8
59777,15.6338,20.0,1319.8
59778,15.6338,20.0,1319.9
59779,15.6338,20.0,1319.9
59780,15.6338,20.0,1319.9
59781,15.6338,20.0,1319.9
59782,15.6338,20.0,1320.0
59783,15.6338,20.0,1320.0
59784,15.6338,20.0,1320.0
59785,15.6338,20.0,1320.0
59786,15.6338,20.0,1320.0
59787,15.6338,20.0,1320.1
59788,15.6338,20.0,1320.1
59789,15.6338,20.0,1320.1
59790,15.6338,20.0,1320.1
59791,15.6338,20.0,1320.1
59792,15.6338,20.0,1320.1
59793,15.6338,20.0,1320.2
59794,15.6338,20.0,1320.2
59795,15.6338,20.0,1320.2
59796,15.6338,20.0,1320.2
59797,15.6338,20.0,1320.3
59798,15.6338,20.0,1320.3
59799,15.6338,20.0,1320.3
59800,15.6338,20.0,1320.3
59801,15.6338,20.0,1320.3
59802,15.6338,20.0,1320.3
59803,15.6338,20.0,1320.4
59804,15.6338,20.0,1320.4
59805,15.6338,20.0,1320.4
59806,15.6338,20.0,1320.4
59807,15.6338,20.0,1320.4
59808,15.6338,20.0,1320.5
59809,15.6338,20.0,1320.5
59810,15.6338,20.0,1320.5
59811,15.6338,20.0,1320.5
59812,15.6338,20.0,1320.5
59813,15.6338,20.0,1320.6
59814,15.6338,20.0,1320.6
59815,15.6338,20.0,1320.6
59816,15.6338,20.0,1320.6
59817,15.6338,20.0,1320.6
59818,15.6338,20.0,1320.7
59819,15.6338,20.0,1320.7
59820,15.6338,20.0,1320.7
59821,15.6338,20.0,1320.7
59822,15.6338,20.0,1320.7
59823,15.6338,20.0,1320.8
59824,15.6338,20.0,1320.8
59825,15.6338,20.0,1320.8
59826,15.6338,20.0,1320.8
59827,15.6338,20.0,1320.8
59828,15.6338,20.0,1320.8
59829,15.6338,20.0,1320.9
59830,15.6338,20.0,1320.9
59831,15.6338,20.0,1320.9
59832,15.6338,20.0,1320.9
59833,15.6338,20.0,1320.9
59834,15.6338,20.0,1321.0
59835,15.6338,20.0,1321.0
59836,15.6338,20.0,1321.0
59837,15.6338,20.0,1321.0
59838,15.6338,20.0,1321.0
59839,15.6338,20.0,1321.1
59840,15.6338,20.0,1321.1
59841,15.6338,20.0,1321.1
59842,15.6338,20.0,1321.1
59843,15.6338,20.0,1321.1
59844,15.6338,20.0,1321.1
59845,15.6338,20.0,1321.2
59846,15.6338,20.0,1321.2
59847,15.6338,20.0,1321.2
59848,15.6338,20.0,1321.2
59849,15.6338,20.0,1321.2
59850,15.6338,20.0,1321.3
59851,15.6338,20.0,1321.3
59852,15.6338,20.0,1321.3
59853,15.6338,20.0,1321.3
59854,15.6338,20.0,1321.3
59855,15.6338,20.0,1321.3
59856,15.6338,20.0,1321.4
59857,15.6338,20.0,1321.4
59858,15.6338,20.0,1321.4
59859,15.6338,20.0,1321.4
59860,15.6338,20.0,1321.4
59861,15.6338,20.0,1321.5
59862,15.6338,20.0,1321.5
59863,15.6338,20.0,1321.5
59864,15.6338,20.0,1321.5
59865,15.6338,20.0,1321.5
59866,15.6338,20.0,1321.6
59867,15.6338,20.0,1321.6
59868,15.6338,20.0,1321.6
59869,15.6338,20.0,1321.6
59870,15.6338,20.0,1321.6
59871,15.6338,20.0,1321.7
59872,15.6338,20.0,1321.7
59873,15.6338,20.0,1321.7
59874,15.6338,20.0,1321.7
59875,15.6338,20.0,1321.7
59876,15.6338,20.0,1321.8
59877,15.6338,20.0,1321.8
59878,15.6338,20.0,1321.8
59879,15.6338,20.0,1321.8
59880,15.6338,20.0,1321.8
59881,15.6536,20.0,1321.9
59882,15.6536,20.0,1321.9
59883,15.6536,20.0,1321.9
59884,15.6536,20.0,1321.9
59885,15.6536,20.0,1321.9
59886,15.6536,20.0,1322.0
59887,15.6536,20.0,1322.0
59888,15.6536,20.0,1322.0
59889,15.6536,20.0,1322.0
59890,15.6536,20.0,1322.0
59891,15.6536,20.0,1322.1
59892,15.6536,20.0,1322.1
59893,15.6536,20.0,1322.1
59894,15.6536,20.0,1322.1
59895,15.6536,20.0,1322.1
59896,15.6536,20.0,1322.1
59897,15.6536,20.0,1322.2
59898,15.6536,20.0,1322.2
59899,15.6536,20.0,1322.2
59900,15.6536,20.0,1322.2
59901,15.6735,20.0,1322.2
59902,15.6735,20.0,1322.3
59903,15.6735,20.0,1322.3
59904,15.6735,20.0,1322.3
59905,15.6735,20.0,1322.6
59906,15.6735,20.0,1322.6
59907,15.6735,20.0,1322.6
59908,15.6735,20.0,1322.6
59909,15.6735,20.0,1322.6
59910,15.6735,20.0,1322.7
59911,15.6735,20.0,1322.7
59912,15.6735,20.0,1322.7
59913,15.6735,20.0,1322.7
59914,15.6735,20.0,1322.7
59915,15.6735,20.0,1322.8
59916,15.6735,20.0,1322.8
59917,15.6735,20.0,1322.8
59918,15.6735,20.0,1322.8
59919,15.6735,20.0,1322.8
59920,15.6735,20.0,1322.9
59921,15.6735,20.0,1322.9
59922,15.6735,20.0,1322.9
59923,15.6735,20.0,1322.9
59924,15.6735,20.0,1322.9
59925,15.6735,20.0,1322.9
59926,15.6735,20.0,1323.0
59927,15.6735,20.0,1323.0
59928,15.6735,20.0,1323.0
59929,15.6735,20.0,1323.0
59930,15.6735,20.0,1323.1
59931,15.6735,20.0,1323.1
59932,15.6735,20.0,1323.1
59933,15.6735,20.0,1323.1
59934,15.6735,20.0,1323.1
59935,15.6735,20.0,1323.2
59936,15.6735,20.0,1323.2
59937,15.6735,20.0,1323.2
59938,15.6735,20.0,1323.2
59939,15.6735,20.0,1323.2
59940,15.6735,20.0,1323.3
59941,15.6735,20.0,1323.3
59942,15.6735,20.0,1323.3
59943,15.6735,20.0,1323.3
59944,15.6735,20.0,1323.4
59945,15.6735,20.0,1323.4
59946,15.6735,20.0,1323.4
59947,15.6735,20.0,1323.4
59948,15.6735,20.0,1323.4
59949,15.6735,20.0,1323.4
59950,15.6735,20.0,1323.5
59951,15.6735,20.0,1323.5
59952,15.6735,20.0,1323.5
59953,15.6735,20.0,1323.5
59954,15.6735,20.0,1323.6
59955,15.6735,20.0,1323.6
59956,15.6735,20.0,1323.6
59957,15.6735,20.0,1323.6
59958,15.6735,20.0,1323.7
59959,15.6735,20.0,1323.7
59960,15.6735,20.0,1323.7
59961,15.6735,20.0,1323.7
59962,15.6735,20.0,1323.7
59963,15.6735,20.0,1323.8
59964,15.6735,20.0,1323.8
59965,15.6735,20.0,1323.8
59966,15.6735,20.0,1323.8
59967,15.6735,20.0,1323.8
59968,15.6735,20.0,1323.9
59969,15.6735,20.0,1323.9
59970,15.6735,20.0,1323.9
59971,15.6735,20.0,1324.0
59972,15.6735,20.0,1324.0
59973,15.6735,20.0,1324.0
59974,15.6735,20.0,1324.0
59975,15.6735,20.0,1324.0
59976,15.6735,20.0,1324.1
59977,15.6735,20.0,1324.1
59978,15.6735,20.0,1324.1
59979,15.6735,20.0,1324.1
59980,15.6735,20.0,1324.2
59981,15.6735,20.0,1324.2
59982,15.6735,20.0,1324.2
59983,15.6735,20.0,1324.2
59984,15.6735,20.0,1324.2
59985,15.6735,20.0,1324.3
59986,15.6735,20.0,1324.3
59987,15.6735,20.0,1324.3
59988,15.6735,20.0,1324.3
59989,15.6735,20.0,1324.4
59990,15.6735,20.0,1324.4
59991,15.6735,20.0,1324.4
59992,15.6735,20.0,1324.4
59993,15.6735,20.0,1324.4
59994,15.6735,20.0,1324.5
59995,15.6735,20.0,1324.5
59996,15.6735,20.0,1324.5
59997,15.6735,20.0,1324.5
59998,15.6735,20.0,1324.5
59999,15.6735,20.0,1324.6
60000,15.6735,20.0,1324.6
60001,15.6735,20.0,1324.6
60002,15.6735,20.0,1324.6
60003,15.6735,20.0,1324.7
60004,15.6735,20.0,1324.7
60005,15.6735,20.0,1324.7
60006,15.6735,20.0,1324.7
60007,15.6735,20.0,1324.7
60008,15.6735,20.0,1324.7
60009,15.6735,20.0,1324.8
60010,15.6735,20.0,1324.8
60011,15.6735,20.0,1324.8
60012,15.6735,20.0,1324.8
60013,15.6735,20.0,1324.8
60014,15.6735,20.0,1324.8
60015,15.6735,20.0,1324.9
60016,15.6735,20.0,1324.9
60017,15.6735,20.0,1324.9
60018,15.6735,20.0,1324.9
60019,15.6735,20.0,1325.0
60020,15.6735,20.0,1325.0
60021,15.6735,20.0,1325.0
60022,15.6735,20.0,1325.0
60023,15.6735,20.0,1325.0
60024,15.6735,20.0,1325.0
60025,15.6735,20.0,1325.1
60026,15.6735,20.0,1325.1
60027,15.6735,20.0,1325.1
60028,15.6735,20.0,1325.1
60029,15.6735,20.0,1325.1
60030,15.6735,20.0,1325.2
60031,15.6735,20.0,1325.2
60032,15.6735,20.0,1325.2
60033,15.6735,20.0,1325.2
60034,15.6735,20.0,1325.2
60035,15.6735,20.0,1325.3
60036,15.6735,20.0,1325.3
60037,15.6735,20.0,1325.3
60038,15.6735,20.0,1325.3
60039,15.6735,20.0,1325.3
60040,15.6735,20.0,1325.4
60041,15.6735,20.0,1325.4
60042,15.6735,20.0,1325.4
60043,15.6735,20.0,1325.4
60044,15.6735,20.0,1325.4
60045,15.6735,20.0,1325.5
60046,15.6735,20.0,1325.5
60047,15.6735,20.0,1325.5
60048,15.6735,20.0,1325.5
60049,15.6735,20.0,1325.5
60050,15.6735,20.0,1325.6
60051,15.6735,20.0,1325.6
60052,15.6735,20.0,1325.6
60053,15.6735,20.0,1325.6
60054,15.6735,20.0,1325.7
60055,15.6735,20.0,1325.7
60056,15.6735,20.0,1325.7
60057,15.6735,20.0,1325.8
60058,15.6735,20.0,1325.8
60059,15.6735,20.0,1325.8
60060,15.6735,20.0,1325.8
60061,15.6735,20.0,1325.9
60062,15.6735,20.0,1325.9
60063,15.6735,20.0,1325.9
60064,15.6735,20.0,1325.9
60065,15.6735,20.0,1325.9
60066,15.6735,20.0,1326.0
60067,15.6735,20.0,1326.0
60068,15.6735,20.0,1326.0
60069,15.6735,20.0,1326.0
60070,15.6735,20.0,1326.0
60071,15.6735,20.0,1326.1
60072,15.6735,20.0,1326.1
60073,15.6735,20.0,1326.1
60074,15.6735,20.0,1326.1
60075,15.6735,20.0,1326.1
60076,15.6735,20.0,1326.2
60077,15.6735,20.0,1326.2
60078,15.6735,20.0,1326.2
60079,15.6735,20.0,1326.2
60080,15.6735,20.0,1326.2
60081,15.6735,20.0,1326.3
60082,15.6735,20.0,1326.3
60083,15.6735,20.0,1326.3
60084,15.6735,20.0,1326.3
60085,15.6735,20.0,1326.4
60086,15.6735,20.0,1326.4
60087,15.6735,20.0,1326.4
60088,15.6735,20.0,1326.4
60089,15.6735,20.0,1326.4
60090,15.6735,20.0,1326.4
60091,15.6735,20.0,1326.5
60092,15.6735,20.0,1326.5
60093,15.6735,20.0,1326.5
60094,15.6735,20.0,1326.5
60095,15.6735,20.0,1326.5
60096,15.6735,20.0,1326.6
60097,15.6735,20.0,1326.6
60098,15.6735,20.0,1326.6
60099,15.6735,20.0,1326.6
60100,15.6735,20.0,1326.6
60101,15.6734,20.0,1326.7
60102,15.6734,20.0,1326.7
60103,15.6734,20.0,1326.7
60104,15.6734,20.0,1326.7
60105,15.6734,20.0,1326.7
60106,15.6734,20.0,1326.8
60107,15.6734,20.0,1326.8
60108,15.6734,20.0,1326.8
60109,15.6734,20.0,1326.8
60110,15.6734,20.0,1326.9
60111,15.6734,20.0,1326.9
60112,15.6734,20.0,1326.9
60113,15.6734,20.0,1326.9
60114,15.6734,20.0,1326.9
60115,15.6734,20.0,1326.9
60116,15.6734,20.0,1326.9
60117,15.6734,20.0,1327.0
60118,15.6734,20.0,1327.0
60119,15.6734,20.0,1327.0
60120,15.6734,20.0,1327.0
60121,15.6734,20.0,1327.1
60122,15.6734,20.0,1327.1
60123,15.6734,20.0,1327.1
60124,15.6734,20.0,1327.1
60125,15.6734,20.0,1327.1
60126,15.6734,20.0,1327.2
60127,15.6734,20.0,1327.2
60128,15.6734,20.0,1327.2
60129,15.6734,20.0,1327.2
60130,15.6734,20.0,1327.2
60131,15.6734,20.0,1327.3
60132,15.6734,20.0,1327.3
60133,15.6734,20.0,1327.3
60134,15.6734,20.0,1327.3
60135,15.6734,20.0,1327.3
60136,15.6734,20.0,1327.3
60137,15.6734,20.0,1327.4
60138,15.6734,20.0,1327.4
60139,15.6734,20.0,1327.4
60140,15.6734,20.0,1327.4
60141,15.6734,20.0,1327.4
60142,15.6734,20.0,1327.5
60143,15.6734,20.0,1327.5
60144,15.6734,20.0,1327.5
60145,15.6734,20.0,1327.5
60146,15.6734,20.0,1327.5
60147,15.6734,20.0,1327.6
60148,15.6734,20.0,1327.6
60149,15.6734,20.0,1327.6
60150,15.6734,20.0,1327.6
60151,15.6734,20.0,1327.6
60152,15.6734,20.0,1327.7
60153,15.6734,20.0,1327.7
60154,15.6734,20.0,1327.7
60155,15.6734,20.0,1327.7
60156,15.6734,20.0,1327.7
60157,15.6734,20.0,1327.8
60158,15.6734,20.0,1327.8
60159,15.6734,20.0,1327.8
60160,15.6734,20.0,1327.8
60161,15.6734,20.0,1327.8
60162,15.6734,20.0,1327.9
60163,15.6734,20.0,1327.9
60164,15.6734,20.0,1327.9
60165,15.6734,20.0,1327.9
60166,15.6734,20.0,1327.9
60167,15.6734,20.0,1328.0
60168,15.6734,20.0,1328.0
60169,15.6734,20.0,1328.0
60170,15.6734,20.0,1328.0
60171,15.6734,20.0,1328.0
60172,15.6734,20.0,1328.1
60173,15.6734,20.0,1328.1
60174,15.6734,20.0,1328.1
60175,15.6734,20.0,1328.1
60176,15.6734,20.0,1328.1
60177,15.6734,20.0,1328.2
60178,15.6734,20.0,1328.2
60179,15.6734,20.0,1328.2
60180,15.6734,20.0,1328.2
60181,15.6734,20.0,1328.3
60182,15.6734,20.0,1328.3
60183,15.6734,20.0,1328.3
60184,15.6734,20.0,1328.3
60185,15.6734,20.0,1328.4
60186,15.6734,20.0,1328.4
60187,15.6734,20.0,1328.4
60188,15.6734,20.0,1328.4
60189,15.6734,20.0,1328.4
60190,15.6734,20.0,1328.4
60191,15.6734,20.0,1328.5
60192,15.6734,20.0,1328.5
60193,15.6734,20.0,1328.5
60194,15.6734,20.0,1328.5
60195,15.6734,20.0,1328.5
60196,15.6734,20.0,1328.6
60197,15.6734,20.0,1328.6
60198,15.6734,20.0,1328.6
60199,15.6734,20.0,1328.6
60200,15.6734,20.0,1328.6
60201,15.6734,20.0,1328.6
60202,15.6734,20.0,1328.7
60203,15.6734,20.0,1328.7
60204,15.6734,20.0,1328.7
60205,15.6734,20.0,1328.7
60206,15.6734,20.0,1328.7
60207,15.6734,20.0,1328.8
60208,15.6734,20.0,1328.8
60209,15.6734,20.0,1328.8
60210,15.6734,20.0,1328.8
60211,15.6734,20.0,1328.9
60212,15.6734,20.0,1328.9
60213,15.6734,20.0,1328.9
60214,15.6734,20.0,1328.9
60215,15.6734,20.0,1328.9
60216,15.6734,20.0,1328.9
60217,15.6734,20.0,1329.0
60218,15.6734,20.0,1329.0
60219,15.6734,20.0,1329.0
60220,15.6734,20.0,1329.0
60221,15.6734,20.0,1329.0
60222,15.6734,20.0,1329.1
60223,15.6734,20.0,1329.1
60224,15.6734,20.0,1329.1
60225,15.6734,20.0,1329.1
60226,15.6734,20.0,1329.1
60227,15.6734,20.0,1329.2
60228,15.6734,20.0,1329.2
60229,15.6734,20.0,1329.2
60230,15.6734,20.0,1329.2
60231,15.6734,20.0,1329.2
60232,15.6734,20.0,1329.3
60233,15.6734,20.0,1329.3
60234,15.6734,20.0,1329.3
60235,15.6734,20.0,1329.3
60236,15.6734,20.0,1329.3
60237,15.6734,20.0,1329.4
60238,15.6734,20.0,1329.4
60239,15.6734,20.0,1329.4
60240,15.6734,20.0,1329.4
60241,15.6734,20.0,1329.4
60242,15.6734,20.0,1329.5
60243,15.6734,20.0,1329.5
60244,15.6734,20.0,1329.5
60245,15.6734,20.0,1329.5
60246,15.6734,20.0,1329.5
60247,15.6734,20.0,1329.6
60248,15.6734,20.0,1329.6
60249,15.6734,20.0,1329.6
60250,15.6734,20.0,1329.6
60251,15.6734,20.0,1329.6
60252,15.6734,20.0,1329.7
60253,15.6734,20.0,1329.7
60254,15.6734,20.0,1329.7
60255,15.6734,20.0,1329.7
60256,15.6734,20.0,1329.8
60257,15.6734,20.0,1329.8
60258,15.6734,20.0,1329.8
60259,15.6734,20.0,1329.8
60260,15.6734,20.0,1329.8
60261,15.6734,20.0,1329.9
60262,15.6734,20.0,1329.9
60263,15.6734,20.0,1329.9
60264,15.6734,20.0,1329.9
60265,15.6734,20.0,1329.9
60266,15.6734,20.0,1329.9
60267,15.6734,20.0,1330.0
60268,15.6734,20.0,1330.0
60269,15.6734,20.0,1330.0
60270,15.6734,20.0,1330.0
60271,15.6734,20.0,1330.0
60272,15.6734,20.0,1330.1
60273,15.6734,20.0,1330.1
60274,15.6734,20.0,1330.1
60275,15.6734,20.0,1330.1
60276,15.6734,20.0,1330.1
60277,15.6734,20.0,1330.2
60278,15.6734,20.0,1330.2
60279,15.6734,20.0,1330.2
60280,15.6734,20.0,1330.2
60281,15.6734,20.0,1330.2
60282,15.6734,20.0,1330.3
60283,15.6734,20.0,1330.3
60284,15.6734,20.0,1330.3
60285,15.6734,20.0,1330.3
60286,15.6734,20.0,1330.3
60287,15.6734,20.0,1330.4
60288,15.6734,20.0,1330.4
60289,15.6734,20.0,1330.4
60290,15.6734,20.0,1330.4
60291,15.6734,20.0,1330.4
60292,15.6734,20.0,1330.5
60293,15.6734,20.0,1330.5
60294,15.6734,20.0,1330.5
60295,15.6734,20.0,1330.5
60296,15.6734,20.0,1330.6
60297,15.6734,20.0,1330.6
60298,15.6734,20.0,1330.6
60299,15.6734,20.0,1330.6
60300,15.6734,20.0,1330.6
60301,15.6734,20.0,1330.7
60302,15.6734,20.0,1330.7
60303,15.6734,20.0,1330.7
60304,15.6734,20.0,1330.7
60305,15.6734,20.0,1330.7
60306,15.6734,20.0,1330.8
60307,15.6734,20.0,1330.8
60308,15.6734,20.0,1330.8
60309,15.6734,20.0,1330.8
60310,15.6734,20.0,1330.8
60311,15.6734,20.0,1330.8
60312,15.6734,20.0,1330.9
60313,15.6734,20.0,1330.9
60314,15.6734,20.0,1330.9
60315,15.6734,20.0,1330.9
60316,15.6734,20.0,1330.9
60317,15.6734,20.0,1330.9
60318,15.6734,20.0,1331.0
60319,15.6734,20.0,1331.0
60320,15.6734,20.0,1331.0
60321,15.6734,20.0,1331.0
60322,15.6734,20.0,1331.0
60323,15.6734,20.0,1331.1
60324,15.6734,20.0,1331.1
60325,15.6734,20.0,1331.1
60326,15.6734,20.0,1331.1
60327,15.6734,20.0,1331.1
60328,15.6734,20.0,1331.1
60329,15.6734,20.0,1331.2
60330,15.6734,20.0,1331.2
60331,15.6734,20.0,1331.2
60332,15.6734,20.0,1331.2
60333,15.6734,20.0,1331.2
60334,15.6734,20.0,1331.3
60335,15.6734,20.0,1331.3
60336,15.6734,20.0,1331.3
60337,15.6734,20.0,1331.3
60338,15.6734,20.0,1331.3
60339,15.6734,20.0,1331.4
60340,15.6734,20.0,1331.4
60341,15.6734,20.0,1331.4
60342,15.6734,20.0,1331.4
60343,15.6734,20.0,1331.5
60344,15.6734,20.0,1331.5
60345,15.6734,20.0,1331.5
60346,15.6734,20.0,1331.5
60347,15.6734,20.0,1331.5
60348,15.6734,20.0,1331.5
60349,15.6734,20.0,1331.6
60350,15.6734,20.0,1331.6
60351,15.6734,20.0,1331.6
60352,15.6734,20.0,1331.6
60353,15.6734,20.0,1331.6
60354,15.6734,20.0,1331.7
60355,15.6734,20.0,1331.7
60356,15.6734,20.0,1331.7
60357,15.6734,20.0,1331.7
60358,15.6734,20.0,1331.7
60359,15.6734,20.0,1331.7
60360,15.6734,20.0,1331.8
60361,15.6734,20.0,1331.8
60362,15.6734,20.0,1331.8
60363,15.6734,20.0,1331.8
60364,15.6734,20.0,1331.8
60365,15.6734,20.0,1331.9
60366,15.6734,20.0,1331.9
60367,15.6734,20.0,1331.9
60368,15.6734,20.0,1331.9
60369,15.6734,20.0,1331.9
60370,15.6734,20.0,1332.0
60371,15.6734,20.0,1332.0
60372,15.6734,20.0,1332.0
60373,15.6734,20.0,1332.0
60374,15.6734,20.0,1332.0
60375,15.6734,20.0,1332.1
60376,15.6734,20.0,1332.1
60377,15.6734,20.0,1332.1
60378,15.6734,20.0,1332.1
60379,15.6734,20.0,1332.1
60380,15.6734,20.0,1332.2
60381,15.6536,20.0,1332.2
60382,15.6536,20.0,1332.2
60383,15.6536,20.0,1332.2
60384,15.6536,20.0,1332.3
60385,15.6536,20.0,1332.3
60386,15.6536,20.0,1332.3
60387,15.6536,20.0,1332.3
60388,15.6536,20.0,1332.4
60389,15.6536,20.0,1332.4
60390,15.6536,20.0,1332.4
60391,15.6536,20.0,1332.4
60392,15.6536,20.0,1332.4
60393,15.6536,20.0,1332.4
60394,15.6536,20.0,1332.5
60395,15.6536,20.0,1332.5
60396,15.6536,20.0,1332.5
60397,15.6536,20.0,1332.5
60398,15.6536,20.0,1332.5
60399,15.6536,20.0,1332.6
60400,15.6536,20.0,1332.6
60401,15.6339,20.0,1332.6
60402,15.6339,20.0,1332.6
60403,15.6339,20.0,1332.6
60404,15.6339,20.0,1332.7
60405,15.6339,20.0,1332.7
60406,15.6339,20.0,1332.7
60407,15.6339,20.0,1332.7
60408,15.6339,20.0,1332.8
60409,15.6339,20.0,1332.8
60410,15.6339,20.0,1332.8
60411,15.6339,20.0,1332.8
60412,15.6339,20.0,1332.8
60413,15.6339,20.0,1332.8
60414,15.6339,20.0,1332.9
60415,15.6339,20.0,1332.9
60416,15.6339,20.0,1332.9
60417,15.6339,20.0,1333.2
60418,15.6339,20.0,1333.2
60419,15.6339,20.0,1333.2
60420,15.6339,20.0,1333.2
60421,15.6140,20.0,1333.2
60422,15.6140,20.0,1333.3
60423,15.6140,20.0,1333.3
60424,15.6140,20.0,1333.3
60425,15.6140,20.0,1333.3
60426,15.6140,20.0,1333.4
60427,15.6140,20.0,1333.4
60428,15.6140,20.0,1333.4
60429,15.6140,20.0,1333.4
60430,15.6140,20.0,1333.4
60431,15.6140,20.0,1333.4
60432,15.6140,20.0,1333.5
60433,15.6140,20.0,1333.5
60434,15.6140,20.0,1333.5
60435,15.6140,20.0,1333.5
60436,15.6140,20.0,1333.5
60437,15.6140,20.0,1333.6
60438,15.6140,20.0,1333.6
60439,15.6140,20.0,1333.6
60440,15.6140,20.0,1333.6
60441,15.5943,20.0,1333.6
60442,15.5943,20.0,1333.7
60443,15.5943,20.0,1333.7
60444,15.5943,20.0,1333.7
60445,15.5943,20.0,1333.7
60446,15.5943,20.0,1333.7
60447,15.5943,20.0,1333.7
60448,15.5943,20.0,1333.8
60449,15.5943,20.0,1333.8
60450,15.5943,20.0,1333.8
60451,15.5943,20.0,1333.8
60452,15.5943,20.0,1333.8
60453,15.5943,20.0,1333.9
60454,15.5943,20.0,1333.9
60455,15.5943,20.0,1333.9
60456,15.5943,20.0,1333.9
60457,15.5943,20.0,1333.9
60458,15.5943,20.0,1334.0
60459,15.5943,20.0,1334.0
60460,15.5943,20.0,1334.0
60461,15.5745,20.0,1334.0
60462,15.5745,20.0,1334.0
60463,15.5745,20.0,1334.1
60464,15.5745,20.0,1334.1
60465,15.5745,20.0,1334.1
60466,15.5745,20.0,1334.1
60467,15.5745,20.0,1334.1
60468,15.5745,20.0,1334.2
60469,15.5745,20.0,1334.2
60470,15.5745,20.0,1334.2
60471,15.5745,20.0,1334.2
60472,15.5745,20.0,1334.3
60473,15.5745,20.0,1334.3
60474,15.5745,20.0,1334.3
60475,15.5745,20.0,1334.3
60476,15.5745,20.0,1334.3
60477,15.5745,20.0,1334.3
60478,15.5745,20.0,1334.4
60479,15.5745,20.0,1334.4
60480,15.5745,20.0,1334.4
60481,15.5547,20.0,1334.4
60482,15.5547,20.0,1334.5
60483,15.5547,20.0,1334.5
60484,15.5547,20.0,1334.5
60485,15.5547,20.0,1334.5
60486,15.5547,20.0,1334.5
60487,15.5547,20.0,1334.5
60488,15.5547,20.0,1334.5
60489,15.5547,20.0,1334.6
60490,15.5547,20.0,1334.6
60491,15.5547,20.0,1334.6
60492,15.5547,20.0,1334.6
60493,15.5547,20.0,1334.7
60494,15.5547,20.0,1334.7
60495,15.5547,20.0,1334.7
60496,15.5547,20.0,1334.7
60497,15.5547,20.0,1334.7
60498,15.5547,20.0,1334.8
60499,15.5547,20.0,1334.8
60500,15.5547,20.0,1334.8
60501,15.5350,20.0,1334.8
60502,15.5350,20.0,1334.8
60503,15.5350,20.0,1334.9
60504,15.5350,20.0,1334.9
60505,15.5350,20.0,1334.9
60506,15.5350,20.0,1334.9
60507,15.5350,20.0,1334.9
60508,15.5350,20.0,1335.0
60509,15.5350,20.0,1335.0
60510,15.5350,20.0,1335.0
60511,15.5350,20.0,1335.0
60512,15.5350,20.0,1335.1
60513,15.5350,20.0,1335.1
60514,15.5350,20.0,1335.1
60515,15.5350,20.0,1335.1
60516,15.5350,20.0,1335.2
60517,15.5350,20.0,1335.2
60518,15.5350,20.0,1335.2
60519,15.5350,20.0,1335.2
60520,15.5350,20.0,1335.2
60521,15.5152,20.0,1335.3
60522,15.5152,20.0,1335.3
60523,15.5152,20.0,1335.3
60524,15.5152,20.0,1335.3
60525,15.5152,20.0,1335.4
60526,15.5152,20.0,1335.4
60527,15.5152,20.0,1335.4
60528,15.5152,20.0,1335.4
60529,15.5152,20.0,1335.4
60530,15.5152,20.0,1335.5
60531,15.5152,20.0,1335.5
60532,15.5152,20.0,1335.5
60533,15.5152,20.0,1335.5
60534,15.5152,20.0,1335.5
60535,15.5152,20.0,1335.6
60536,15.5152,20.0,1335.6
60537,15.5152,20.0,1335.6
60538,15.5152,20.0,1335.6
60539,15.5152,20.0,1335.6
60540,15.5152,20.0,1335.7
60541,15.4955,20.0,1335.7
60542,15.4955,20.0,1335.7
60543,15.4955,20.0,1335.7
60544,15.4955,20.0,1335.7
60545,15.4955,20.0,1335.8
60546,15.4955,20.0,1335.8
60547,15.4955,20.0,1335.8
60548,15.4955,20.0,1335.8
60549,15.4955,20.0,1335.8
60550,15.4955,20.0,1335.9
60551,15.4955,20.0,1335.9
60552,15.4955,20.0,1335.9
60553,15.4955,20.0,1335.9
60554,15.4955,20.0,1336.0
60555,15.4955,20.0,1336.0
60556,15.4955,20.0,1336.0
60557,15.4955,20.0,1336.0
60558,15.4955,20.0,1336.1
60559,15.4955,20.0,1336.1
60560,15.4955,20.0,1336.1
60561,15.4757,20.0,1336.1
60562,15.4757,20.0,1336.2
60563,15.4757,20.0,1336.2
60564,15.4757,20.0,1336.2
60565,15.4757,20.0,1336.2
60566,15.4757,20.0,1336.3
60567,15.4757,20.0,1336.3
60568,15.4757,20.0,1336.3
60569,15.4757,20.0,1336.3
60570,15.4757,20.0,1336.4
60571,15.4757,20.0,1336.4
60572,15.4757,20.0,1336.4
60573,15.4757,20.0,1336.5
60574,15.4757,20.0,1336.5
60575,15.4757,20.0,1336.5
60576,15.4757,20.0,1336.5
60577,15.4757,20.0,1336.6
60578,15.4757,20.0,1336.6
60579,15.4757,20.0,1336.6
60580,15.4757,20.0,1336.6
60581,15.4560,20.0,1336.7
60582,15.4560,20.0,1336.7
60583,15.4560,20.0,1336.7
60584,15.4560,20.0,1336.8
60585,15.4560,20.0,1336.8
60586,15.4560,20.0,1336.8
60587,15.4560,20.0,1336.8
60588,15.4560,20.0,1336.9
60589,15.4560,20.0,1336.9
60590,15.4560,20.0,1336.9
60591,15.4560,20.0,1337.0
60592,15.4560,20.0,1337.0
60593,15.4560,20.0,1337.0
60594,15.4560,20.0,1337.0
60595,15.4560,20.0,1337.1
60596,15.4560,20.0,1337.1
60597,15.4560,20.0,1337.1
60598,15.4560,20.0,1337.1
60599,15.4560,20.0,1337.2
60600,15.4560,20.0,1337.2
60601,15.4362,20.0,1337.2
60602,15.4362,20.0,1337.3
60603,15.4362,20.0,1337.3
60604,15.4362,20.0,1337.3
60605,15.4362,20.0,1337.3
60606,15.4362,20.0,1337.3
60607,15.4362,20.0,1337.4
60608,15.4362,20.0,1337.4
60609,15.4362,20.0,1337.4
60610,15.4362,20.0,1337.4
60611,15.4362,20.0,1337.4
60612,15.4362,20.0,1337.5
60613,15.4362,20.0,1337.5
60614,15.4362,20.0,1337.5
60615,15.4362,20.0,1337.5
60616,15.4362,20.0,1337.6
60617,15.4362,20.0,1337.6
60618,15.4362,20.0,1337.6
60619,15.4362,20.0,1337.6
60620,15.4362,20.0,1337.6
60621,15.4165,20.0,1337.7
60622,15.4165,20.0,1337.7
60623,15.4165,20.0,1337.7
60624,15.4165,20.0,1337.7
60625,15.4165,20.0,1337.7
60626,15.4165,20.0,1337.8
60627,15.4165,20.0,1337.8
60628,15.4165,20.0,1337.8
60629,15.4165,20.0,1337.8
60630,15.4165,20.0,1337.8
60631,15.4165,20.0,1337.8
60632,15.4165,20.0,1337.9
60633,15.4165,20.0,1337.9
60634,15.4165,20.0,1337.9
60635,15.4165,20.0,1337.9
60636,15.4165,20.0,1337.9
60637,15.4165,20.0,1338.0
60638,15.4165,20.0,1338.0
60639,15.4165,20.0,1338.0
60640,15.4165,20.0,1338.0
60641,15.3967,20.0,1338.1
60642,15.3967,20.0,1338.1
60643,15.3967,20.0,1338.1
60644,15.3967,20.0,1338.1
60645,15.3967,20.0,1338.1
60646,15.3967,20.0,1338.2
60647,15.3967,20.0,1338.2
60648,15.3967,20.0,1338.2
60649,15.3967,20.0,1338.2
60650,15.3967,20.0,1338.2
60651,15.3967,20.0,1338.3
60652,15.3967,20.0,1338.3
60653,15.3967,20.0,1338.3
60654,15.3967,20.0,1338.3
60655,15.3967,20.0,1338.3
60656,15.3967,20.0,1338.3
60657,15.3967,20.0,1338.4
60658,15.3967,20.0,1338.4
60659,15.3967,20.0,1338.4
60660,15.3967,20.0,1338.4
60661,15.3769,20.0,1338.5
60662,15.3769,20.0,1338.5
60663,15.3769,20.0,1338.5
60664,15.3769,20.0,1338.5
60665,15.3769,20.0,1338.5
60666,15.3769,20.0,1338.5
60667,15.3769,20.0,1338.6
60668,15.3769,20.0,1338.6
60669,15.3769,20.0,1338.6
60670,15.3769,20.0,1338.6
60671,15.3769,20.0,1338.7
60672,15.3769,20.0,1338.7
60673,15.3769,20.0,1338.7
60674,15.3769,20.0,1338.7
60675,15.3769,20.0,1338.7
60676,15.3769,20.0,1338.7
60677,15.3769,20.0,1338.8
60678,15.3769,20.0,1338.8
60679,15.3769,20.0,1338.8
60680,15.3769,20.0,1338.8
60681,15.3572,20.0,1338.8
60682,15.3572,20.0,1338.9
60683,15.3572,20.0,1338.9
60684,15.3572,20.0,1338.9
60685,15.3572,20.0,1338.9
60686,15.3572,20.0,1338.9
60687,15.3572,20.0,1339.0
60688,15.3572,20.0,1339.0
60689,15.3572,20.0,1339.0
60690,15.3572,20.0,1339.0
60691,15.3572,20.0,1339.0
60692,15.3572,20.0,1339.0
60693,15.3572,20.0,1339.1
60694,15.3572,20.0,1339.1
60695,15.3572,20.0,1339.1
60696,15.3572,20.0,1339.1
60697,15.3572,20.0,1339.1
60698,15.3572,20.0,1339.2
60699,15.3572,20.0,1339.2
60700,15.3572,20.0,1339.2
60701,15.3374,20.0,1339.2
60702,15.3374,20.0,1339.2
60703,15.3374,20.0,1339.3
60704,15.3374,20.0,1339.3
60705,15.3374,20.0,1339.3
60706,15.3374,20.0,1339.3
60707,15.3374,20.0,1339.3
60708,15.3374,20.0,1339.4
60709,15.3374,20.0,1339.4
60710,15.3374,20.0,1339.4
60711,15.3374,20.0,1339.4
60712,15.3374,20.0,1339.5
60713,15.3374,20.0,1339.5
60714,15.3374,20.0,1339.5
60715,15.3374,20.0,1339.5
60716,15.3374,20.0,1339.5
60717,15.3374,20.0,1339.5
60718,15.3374,20.0,1339.6
60719,15.3374,20.0,1339.6
60720,15.3374,20.0,1339.6
60721,15.3177,20.0,1339.6
60722,15.3177,20.0,1339.7
60723,15.3177,20.0,1339.7
60724,15.3177,20.0,1339.7
60725,15.3177,20.0,1339.7
60726,15.3177,20.0,1339.7
60727,15.3177,20.0,1339.8
60728,15.3177,20.0,1339.8
60729,15.3177,20.0,1339.8
60730,15.3177,20.0,1339.8
60731,15.3177,20.0,1339.8
60732,15.3177,20.0,1339.8
60733,15.3177,20.0,1339.9
60734,15.3177,20.0,1339.9
60735,15.3177,20.0,1339.9
60736,15.3177,20.0,1339.9
60737,15.3177,20.0,1340.0
60738,15.3177,20.0,1340.0
60739,15.3177,20.0,1340.0
60740,15.3177,20.0,1340.0
60741,15.2979,20.0,1340.0
60742,15.2979,20.0,1340.1
60743,15.2979,20.0,1340.1
60744,15.2979,20.0,1340.1
60745,15.2979,20.0,1340.1
60746,15.2979,20.0,1340.1
60747,15.2979,20.0,1340.2
60748,15.2979,20.0,1340.2
60749,15.2979,20.0,1340.2
60750,15.2979,20.0,1340.2
60751,15.2979,20.0,1340.3
60752,15.2979,20.0,1340.3
60753,15.2979,20.0,1340.3
60754,15.2979,20.0,1340.3
60755,15.2979,20.0,1340.3
60756,15.2979,20.0,1340.4
60757,15.2979,20.0,1340.4
60758,15.2979,20.0,1340.4
60759,15.2979,20.0,1340.4
60760,15.2979,20.0,1340.5
60761,15.2782,20.0,1340.5
60762,15.2782,20.0,1340.5
60763,15.2782,20.0,1340.5
60764,15.2782,20.0,1340.5
60765,15.2782,20.0,1340.5
60766,15.2782,20.0,1340.6
60767,15.2782,20.0,1340.6
60768,15.2782,20.0,1340.6
60769,15.2782,20.0,1340.6
60770,15.2782,20.0,1340.7
60771,15.2782,20.0,1340.7
60772,15.2782,20.0,1340.7
60773,15.2782,20.0,1340.7
60774,15.2782,20.0,1340.7
60775,15.2782,20.0,1340.8
60776,15.2782,20.0,1340.8
60777,15.2782,20.0,1340.8
60778,15.2782,20.0,1340.8
60779,15.2782,20.0,1340.8
60780,15.2782,20.0,1340.9
60781,15.2584,20.0,1340.9
60782,15.2584,20.0,1340.9
60783,15.2584,20.0,1340.9
60784,15.2584,20.0,1341.0
60785,15.2584,20.0,1341.0
60786,15.2584,20.0,1341.0
60787,15.2584,20.0,1341.0
60788,15.2584,20.0,1341.0
60789,15.2584,20.0,1341.1
60790,15.2584,20.0,1341.1
60791,15.2584,20.0,1341.1
60792,15.2584,20.0,1341.1
60793,15.2584,20.0,1341.1
60794,15.2584,20.0,1341.1
60795,15.2584,20.0,1341.2
60796,15.2584,20.0,1341.2
60797,15.2584,20.0,1341.2
60798,15.2584,20.0,1341.2
60799,15.2584,20.0,1341.2
60800,15.2584,20.0,1341.3
60801,15.2387,20.0,1341.3
60802,15.2387,20.0,1341.3
60803,15.2387,20.0,1341.3
60804,15.2387,20.0,1341.4
60805,15.2387,20.0,1341.4
60806,15.2387,20.0,1341.4
60807,15.2387,20.0,1341.4
60808,15.2387,20.0,1341.4
60809,15.2387,20.0,1341.5
60810,15.2387,20.0,1341.5
60811,15.2387,20.0,1341.5
60812,15.2387,20.0,1341.5
60813,15.2387,20.0,1341.5
60814,15.2387,20.0,1341.6
60815,15.2387,20.0,1341.6
60816,15.2387,20.0,1341.6
60817,15.2387,20.0,1341.6
60818,15.2387,20.0,1341.6
60819,15.2387,20.0,1341.7
60820,15.2387,20.0,1341.7
60821,15.2189,20.0,1341.7
60822,15.2189,20.0,1341.7
60823,15.2189,20.0,1341.7
60824,15.2189,20.0,1341.8
60825,15.2189,20.0,1341.8
60826,15.2189,20.0,1341.8
60827,15.2189,20.0,1341.8
60828,15.2189,20.0,1341.9
60829,15.2189,20.0,1341.9
60830,15.2189,20.0,1341.9
60831,15.2189,20.0,1341.9
60832,15.2189,20.0,1341.9
60833,15.2189,20.0,1342.0
60834,15.2189,20.0,1342.0
60835,15.2189,20.0,1342.0
60836,15.2189,20.0,1342.0
60837,15.2189,20.0,1342.0
60838,15.2189,20.0,1342.1
60839,15.2189,20.0,1342.1
60840,15.2189,20.0,1342.1
60841,15.1991,20.0,1342.1
60842,15.1991,20.0,1342.1
60843,15.1991,20.0,1342.1
60844,15.1991,20.0,1342.2
60845,15.1991,20.0,1342.2
60846,15.1991,20.0,1342.2
60847,15.1991,20.0,1342.2
60848,15.1991,20.0,1342.2
60849,15.1991,20.0,1342.3
60850,15.1991,20.0,1342.3
60851,15.1991,20.0,1342.3
60852,15.1991,20.0,1342.3
60853,15.1991,20.0,1342.3
60854,15.1991,20.0,1342.4
60855,15.1991,20.0,1342.4
60856,15.1991,20.0,1342.4
60857,15.1991,20.0,1342.4
60858,15.1991,20.0,1342.4
60859,15.1991,20.0,1342.5
60860,15.1991,20.0,1342.5
60861,15.1794,20.0,1342.5
60862,15.1794,20.0,1342.5
60863,15.1794,20.0,1342.5
60864,15.1794,20.0,1342.6
60865,15.1794,20.0,1342.6
60866,15.1794,20.0,1342.6
60867,15.1794,20.0,1342.6
60868,15.1794,20.0,1342.6
60869,15.1794,20.0,1342.7
60870,15.1794,20.0,1342.7
60871,15.1794,20.0,1342.7
60872,15.1794,20.0,1342.7
60873,15.1794,20.0,1342.7
60874,15.1794,20.0,1342.8
60875,15.1794,20.0,1342.8
60876,15.1794,20.0,1342.8
60877,15.1794,20.0,1342.8
60878,15.1794,20.0,1342.9
60879,15.1794,20.0,1342.9
60880,15.1794,20.0,1342.9
60881,15.1596,20.0,1342.9
60882,15.1596,20.0,1342.9
60883,15.1596,20.0,1342.9
60884,15.1596,20.0,1343.0
60885,15.1596,20.0,1343.0
60886,15.1596,20.0,1343.0
60887,15.1596,20.0,1343.0
60888,15.1596,20.0,1343.0
60889,15.1596,20.0,1343.0
60890,15.1596,20.0,1343.1
60891,15.1596,20.0,1343.1
60892,15.1596,20.0,1343.1
60893,15.1596,20.0,1343.1
60894,15.1596,20.0,1343.2
60895,15.1596,20.0,1343.2
60896,15.1596,20.0,1343.2
60897,15.1596,20.0,1343.2
60898,15.1596,20.0,1343.2
60899,15.1596,20.0,1343.3
60900,15.1596,20.0,1343.3
60901,15.1399,20.0,1343.3
60902,15.1399,20.0,1343.3
60903,15.1399,20.0,1343.3
60904,15.1399,20.0,1343.4
60905,15.1399,20.0,1343.4
60906,15.1399,20.0,1343.4
60907,15.1399,20.0,1343.4
60908,15.1399,20.0,1343.4
60909,15.1399,20.0,1343.4
60910,15.1399,20.0,1343.5
60911,15.1399,20.0,1343.5
60912,15.1399,20.0,1343.5
60913,15.1399,20.0,1343.5
60914,15.1399,20.0,1343.5
60915,15.1399,20.0,1343.6
60916,15.1399,20.0,1343.6
60917,15.1399,20.0,1343.6
60918,15.1399,20.0,1343.6
60919,15.1399,20.0,1343.7
60920,15.1399,20.0,1343.7
60921,15.1201,20.0,1343.7
60922,15.1201,20.0,1343.7
60923,15.1201,20.0,1343.7
60924,15.1201,20.0,1343.8
60925,15.1201,20.0,1343.8
60926,15.1201,20.0,1343.8
60927,15.1201,20.0,1343.8
60928,15.1201,20.0,1343.8
60929,15.1201,20.0,1344.1
60930,15.1201,20.0,1344.1
60931,15.1201,20.0,1344.2
60932,15.1201,20.0,1344.2
60933,15.1201,20.0,1344.2
60934,15.1201,20.0,1344.2
60935,15.1201,20.0,1344.2
60936,15.1201,20.0,1344.3
60937,15.1201,20.0,1344.3
60938,15.1201,20.0,1344.3
60939,15.1201,20.0,1344.3
60940,15.1201,20.0,1344.3
60941,15.1004,20.0,1344.4
60942,15.1004,20.0,1344.4
60943,15.1004,20.0,1344.4
60944,15.1004,20.0,1344.4
60945,15.1004,20.0,1344.4
60946,15.1004,20.0,1344.5
60947,15.1004,20.0,1344.5
60948,15.1004,20.0,1344.5
60949,15.1004,20.0,1344.5
60950,15.1004,20.0,1344.5
60951,15.1004,20.0,1344.6
60952,15.1004,20.0,1344.6
60953,15.1004,20.0,1344.6
60954,15.1004,20.0,1344.6
60955,15.1004,20.0,1344.6
60956,15.1004,20.0,1344.7
60957,15.1004,20.0,1344.7
60958,15.1004,20.0,1344.7
60959,15.1004,20.0,1344.7
60960,15.1004,20.0,1344.7
60961,15.0807,20.0,1344.8
60962,15.0807,20.0,1344.8
60963,15.0807,20.0,1344.8
60964,15.0807,20.0,1344.8
60965,15.0807,20.0,1344.8
60966,15.0807,20.0,1344.9
60967,15.0807,20.0,1344.9
60968,15.0807,20.0,1344.9
60969,15.0807,20.0,1344.9
60970,15.0807,20.0,1344.9
60971,15.0807,20.0,1345.0
60972,15.0807,20.0,1345.0
60973,15.0807,20.0,1345.0
60974,15.0807,20.0,1345.0
60975,15.0807,20.0,1345.0
60976,15.0807,20.0,1345.1
60977,15.0807,20.0,1345.1
60978,15.0807,20.0,1345.1
60979,15.0807,20.0,1345.1
60980,15.0807,20.0,1345.1
60981,15.0609,20.0,1345.2
60982,15.0609,20.0,1345.2
60983,15.0609,20.0,1345.2
60984,15.0609,20.0,1345.2
60985,15.0609,20.0,1345.3
60986,15.0609,20.0,1345.3
60987,15.0609,20.0,1345.3
60988,15.0609,20.0,1345.3
60989,15.0609,20.0,1345.3
60990,15.0609,20.0,1345.4
60991,15.0609,20.0,1345.4
60992,15.0609,20.0,1345.4
60993,15.0609,20.0,1345.4
60994,15.0609,20.0,1345.4
60995,15.0609,20.0,1345.5
60996,15.0609,20.0,1345.5
60997,15.0609,20.0,1345.5
60998,15.0609,20.0,1345.5
60999,15.0609,20.0,1345.5
61000,15.0609,20.0,1345.6
61001,15.0412,20.0,1345.6
61002,15.0412,20.0,1345.6
61003,15.0412,20.0,1345.6
61004,15.0412,20.0,1345.6
61005,15.0412,20.0,1345.7
61006,15.0412,20.0,1345.7
61007,15.0412,20.0,1345.7
61008,15.0412,20.0,1345.7
61009,15.0412,20.0,1345.7
61010,15.0412,20.0,1345.8
61011,15.0412,20.0,1345.8
61012,15.0412,20.0,1345.8
61013,15.0412,20.0,1345.8
61014,15.0412,20.0,1345.8
61015,15.0412,20.0,1345.9
61016,15.0412,20.0,1345.9
61017,15.0412,20.0,1345.9
61018,15.0412,20.0,1345.9
61019,15.0412,20.0,1345.9
61020,15.0412,20.0,1346.0
61021,15.0215,20.0,1346.0
61022,15.0215,20.0,1346.0
61023,15.0215,20.0,1346.0
61024,15.0215,20.0,1346.0
61025,15.0215,20.0,1346.1
61026,15.0215,20.0,1346.1
61027,15.0215,20.0,1346.1
61028,15.0215,20.0,1346.1
61029,15.0215,20.0,1346.1
61030,15.0215,20.0,1346.2
61031,15.0215,20.0,1346.2
61032,15.0215,20.0,1346.2
61033,15.0215,20.0,1346.2
61034,15.0215,20.0,1346.2
61035,15.0215,20.0,1346.2
61036,15.0215,20.0,1346.3
61037,15.0215,20.0,1346.3
61038,15.0215,20.0,1346.3
61039,15.0215,20.0,1346.3
61040,15.0215,20.0,1346.4
61041,15.0018,20.0,1346.4
61042,15.0018,20.0,1346.4
61043,15.0018,20.0,1346.4
61044,15.0018,20.0,1346.4
61045,15.0018,20.0,1346.5
61046,15.0018,20.0,1346.5
61047,15.0018,20.0,1346.5
61048,15.0018,20.0,1346.5
61049,15.0018,20.0,1346.5
61050,15.0018,20.0,1346.6
61051,15.0018,20.0,1346.6
61052,15.0018,20.0,1346.6
61053,15.0018,20.0,1346.6
61054,15.0018,20.0,1346.6
61055,15.0018,20.0,1346.7
61056,15.0018,20.0,1346.7
61057,15.0018,20.0,1346.7
61058,15.0018,20.0,1346.7
61059,15.0018,20.0,1346.7
61060,15.0018,20.0,1346.7
61061,14.9820,20.0,1346.8
61062,14.9820,20.0,1346.8
61063,14.9820,20.0,1346.8
61064,14.9820,20.0,1346.8
61065,14.9820,20.0,1346.8
61066,14.9820,20.0,1346.9
61067,14.9820,20.0,1346.9
61068,14.9820,20.0,1346.9
61069,14.9820,20.0,1346.9
61070,14.9820,20.0,1346.9
61071,14.9820,20.0,1347.0
61072,14.9820,20.0,1347.0
61073,14.9820,20.0,1347.0
61074,14.9820,20.0,1347.0
61075,14.9820,20.0,1347.0
61076,14.9820,20.0,1347.0
61077,14.9820,20.0,1347.1
61078,14.9820,20.0,1347.1
61079,14.9820,20.0,1347.1
61080,14.9820,20.0,1347.1
61081,14.9623,20.0,1347.1
61082,14.9623,20.0,1347.2
61083,14.9623,20.0,1347.2
61084,14.9623,20.0,1347.2
61085,14.9623,20.0,1347.2
61086,14.9623,20.0,1347.2
61087,14.9623,20.0,1347.3
61088,14.9623,20.0,1347.3
61089,14.9623,20.0,1347.3
61090,14.9623,20.0,1347.3
61091,14.9623,20.0,1347.3
61092,14.9623,20.0,1347.4
61093,14.9623,20.0,1347.4
61094,14.9623,20.0,1347.4
61095,14.9623,20.0,1347.4
61096,14.9623,20.0,1347.4
61097,14.9623,20.0,1347.5
61098,14.9623,20.0,1347.5
61099,14.9623,20.0,1347.5
61100,14.9623,20.0,1347.5
61101,14.9426,20.0,1347.6
61102,14.9426,20.0,1347.6
61103,14.9426,20.0,1347.6
61104,14.9426,20.0,1347.6
61105,14.9426,20.0,1347.6
61106,14.9426,20.0,1347.7
61107,14.9426,20.0,1347.7
61108,14.9426,20.0,1347.7
61109,14.9426,20.0,1347.7
61110,14.9426,20.0,1347.7
61111,14.9426,20.0,1347.8
61112,14.9426,20.0,1347.8
61113,14.9426,20.0,1347.8
61114,14.9426,20.0,1347.8
61115,14.9426,20.0,1347.8
61116,14.9426,20.0,1347.9
61117,14.9426,20.0,1347.9
61118,14.9426,20.0,1347.9
61119,14.9426,20.0,1347.9
61120,14.9426,20.0,1348.0
61121,14.9228,20.0,1348.0
61122,14.9228,20.0,1348.0
61123,14.9228,20.0,1348.0
61124,14.9228,20.0,1348.0
61125,14.9228,20.0,1348.1
61126,14.9228,20.0,1348.1
61127,14.9228,20.0,1348.1
61128,14.9228,20.0,1348.1
61129,14.9228,20.0,1348.1
61130,14.9228,20.0,1348.1
61131,14.9228,20.0,1348.2
61132,14.9228,20.0,1348.2
61133,14.9228,20.0,1348.2
61134,14.9228,20.0,1348.2
61135,14.9228,20.0,1348.3
61136,14.9228,20.0,1348.3
61137,14.9228,20.0,1348.3
61138,14.9228,20.0,1348.3
61139,14.9228,20.0,1348.3
61140,14.9228,20.0,1348.4
61141,14.9031,20.0,1348.4
61142,14.9031,20.0,1348.4
61143,14.9031,20.0,1348.4
61144,14.9031,20.0,1348.4
61145,14.9031,20.0,1348.5
61146,14.9031,20.0,1348.5
61147,14.9031,20.0,1348.5
61148,14.9031,20.0,1348.5
61149,14.9031,20.0,1348.5
61150,14.9031,20.0,1348.6
61151,14.9031,20.0,1348.6
61152,14.9031,20.0,1348.6
61153,14.9031,20.0,1348.6
61154,14.9031,20.0,1348.6
61155,14.9031,20.0,1348.7
61156,14.9031,20.0,1348.7
61157,14.9031,20.0,1348.7
61158,14.9031,20.0,1348.7
61159,14.9031,20.0,1348.7
61160,14.9031,20.0,1348.8
61161,14.8834,20.0,1348.8
61162,14.8834,20.0,1348.8
61163,14.8834,20.0,1348.8
61164,14.8834,20.0,1348.8
61165,14.8834,20.0,1348.8
61166,14.8834,20.0,1348.9
61167,14.8834,20.0,1348.9
61168,14.8834,20.0,1348.9
61169,14.8834,20.0,1348.9
61170,14.8834,20.0,1348.9
61171,14.8834,20.0,1349.0
61172,14.8834,20.0,1349.0
61173,14.8834,20.0,1349.0
61174,14.8834,20.0,1349.0
61175,14.8834,20.0,1349.1
61176,14.8834,20.0,1349.1
61177,14.8834,20.0,1349.1
61178,14.8834,20.0,1349.1
61179,14.8834,20.0,1349.1
61180,14.8834,20.0,1349.1
61181,14.8637,20.0,1349.2
61182,14.8637,20.0,1349.2
61183,14.8637,20.0,1349.2
61184,14.8637,20.0,1349.2
61185,14.8637,20.0,1349.2
61186,14.8637,20.0,1349.3
61187,14.8637,20.0,1349.3
61188,14.8637,20.0,1349.3
61189,14.8637,20.0,1349.3
61190,14.8637,20.0,1349.3
61191,14.8637,20.0,1349.4
61192,14.8637,20.0,1349.4
61193,14.8637,20.0,1349.4
61194,14.8637,20.0,1349.4
61195,14.8637,20.0,1349.4
61196,14.8637,20.0,1349.5
61197,14.8637,20.0,1349.5
61198,14.8637,20.0,1349.5
61199,14.8637,20.0,1349.5
61200,14.8637,20.0,1349.5
61201,14.8439,20.0,1349.6
61202,14.8439,20.0,1349.6
61203,14.8439,20.0,1349.6
61204,14.8439,20.0,1349.6
61205,14.8439,20.0,1349.7
61206,14.8439,20.0,1349.7
61207,14.8439,20.0,1349.7
61208,14.8439,20.0,1349.7
61209,14.8439,20.0,1349.7
61210,14.8439,20.0,1349.7
61211,14.8439,20.0,1349.8
61212,14.8439,20.0,1349.8
61213,14.8439,20.0,1349.8
61214,14.8439,20.0,1349.8
61215,14.8439,20.0,1349.8
61216,14.8439,20.0,1349.9
61217,14.8439,20.0,1349.9
61218,14.8439,20.0,1349.9
61219,14.8439,20.0,1349.9
61220,14.8439,20.0,1349.9
61221,14.8242,20.0,1350.0
61222,14.8242,20.0,1350.0
61223,14.8242,20.0,1350.0
61224,14.8242,20.0,1350.0
61225,14.8242,20.0,1350.0
61226,14.8242,20.0,1350.1
61227,14.8242,20.0,1350.1
61228,14.8242,20.0,1350.1
61229,14.8242,20.0,1350.1
61230,14.8242,20.0,1350.1
61231,14.8242,20.0,1350.2
61232,14.8242,20.0,1350.2
61233,14.8242,20.0,1350.2
61234,14.8242,20.0,1350.2
61235,14.8242,20.0,1350.2
61236,14.8242,20.0,1350.2
61237,14.8242,20.0,1350.3
61238,14.8242,20.0,1350.3
61239,14.8242,20.0,1350.3
61240,14.8242,20.0,1350.3
61241,14.8045,20.0,1350.3
61242,14.8045,20.0,1350.4
61243,14.8045,20.0,1350.4
61244,14.8045,20.0,1350.4
61245,14.8045,20.0,1350.4
61246,14.8045,20.0,1350.5
61247,14.8045,20.0,1350.5
61248,14.8045,20.0,1350.5
61249,14.8045,20.0,1350.5
61250,14.8045,20.0,1350.5
61251,14.8045,20.0,1350.6
61252,14.8045,20.0,1350.6
61253,14.8045,20.0,1350.6
61254,14.8045,20.0,1350.6
61255,14.8045,20.0,1350.6
61256,14.8045,20.0,1350.7
61257,14.8045,20.0,1350.7
61258,14.8045,20.0,1350.7
61259,14.8045,20.0,1350.7
61260,14.8045,20.0,1350.7
61261,14.7848,20.0,1350.8
61262,14.7848,20.0,1350.8
61263,14.7848,20.0,1350.8
61264,14.7848,20.0,1350.8
61265,14.7848,20.0,1350.8
61266,14.7848,20.0,1350.9
61267,14.7848,20.0,1350.9
61268,14.7848,20.0,1350.9
61269,14.7848,20.0,1350.9
61270,14.7848,20.0,1350.9
61271,14.7848,20.0,1351.0
61272,14.7848,20.0,1351.0
61273,14.7848,20.0,1351.0
61274,14.7848,20.0,1351.0
61275,14.7848,20.0,1351.1
61276,14.7848,20.0,1351.1
61277,14.7848,20.0,1351.1
61278,14.7848,20.0,1351.1
61279,14.7848,20.0,1351.1
61280,14.7848,20.0,1351.1
61281,14.7650,20.0,1351.2
61282,14.7650,20.0,1351.2
61283,14.7650,20.0,1351.2
61284,14.7650,20.0,1351.2
61285,14.7650,20.0,1351.2
61286,14.7650,20.0,1351.3
61287,14.7650,20.0,1351.3
61288,14.7650,20.0,1351.3
61289,14.7650,20.0,1351.3
61290,14.7650,20.0,1351.3
61291,14.7650,20.0,1351.4
61292,14.7650,20.0,1351.4
61293,14.7650,20.0,1351.4
61294,14.7650,20.0,1351.4
61295,14.7650,20.0,1351.4
61296,14.7650,20.0,1351.5
61297,14.7650,20.0,1351.5
61298,14.7650,20.0,1351.5
61299,14.7650,20.0,1351.5
61300,14.7650,20.0,1351.5
61301,14.7453,20.0,1351.6
61302,14.7453,20.0,1351.6
61303,14.7453,20.0,1351.6
61304,14.7453,20.0,1351.6
61305,14.7453,20.0,1351.6
61306,14.7453,20.0,1351.7
61307,14.7453,20.0,1351.7
61308,14.7453,20.0,1351.7
61309,14.7453,20.0,1351.7
61310,14.7453,20.0,1351.7
61311,14.7453,20.0,1351.7
61312,14.7453,20.0,1351.8
61313,14.7453,20.0,1351.8
61314,14.7453,20.0,1351.8
61315,14.7453,20.0,1351.8
61316,14.7453,20.0,1351.8
61317,14.7453,20.0,1351.8
61318,14.7453,20.0,1351.9
61319,14.7453,20.0,1351.9
61320,14.7453,20.0,1351.9
61321,14.7256,20.0,1351.9
61322,14.7256,20.0,1352.0
61323,14.7256,20.0,1352.0
61324,14.7256,20.0,1352.0
61325,14.7256,20.0,1352.0
61326,14.7256,20.0,1352.0
61327,14.7256,20.0,1352.1
61328,14.7256,20.0,1352.1
61329,14.7256,20.0,1352.1
61330,14.7256,20.0,1352.1
61331,14.7256,20.0,1352.1
61332,14.7256,20.0,1352.2
61333,14.7256,20.0,1352.2
61334,14.7256,20.0,1352.2
61335,14.7256,20.0,1352.2
61336,14.7256,20.0,1352.2
61337,14.7256,20.0,1352.3
61338,14.7256,20.0,1352.3
61339,14.7256,20.0,1352.3
61340,14.7256,20.0,1352.3
61341,14.7059,20.0,1352.3
61342,14.7059,20.0,1352.3
61343,14.7059,20.0,1352.4
61344,14.7059,20.0,1352.4
61345,14.7059,20.0,1352.4
61346,14.7059,20.0,1352.4
61347,14.7059,20.0,1352.4
61348,14.7059,20.0,1352.5
61349,14.7059,20.0,1352.5
61350,14.7059,20.0,1352.5
61351,14.7059,20.0,1352.5
61352,14.7059,20.0,1352.5
61353,14.7059,20.0,1352.5
61354,14.7059,20.0,1352.6
61355,14.7059,20.0,1352.6
61356,14.7059,20.0,1352.6
61357,14.7059,20.0,1352.7
61358,14.7059,20.0,1352.7
61359,14.7059,20.0,1352.7
61360,14.7059,20.0,1352.7
61361,14.6861,20.0,1352.7
61362,14.6861,20.0,1352.8
61363,14.6861,20.0,1352.8
61364,14.6861,20.0,1352.8
61365,14.6861,20.0,1352.8
61366,14.6861,20.0,1352.8
61367,14.6861,20.0,1352.8
61368,14.6861,20.0,1352.9
61369,14.6861,20.0,1352.9
61370,14.6861,20.0,1352.9
61371,14.6861,20.0,1352.9
61372,14.6861,20.0,1352.9
61373,14.6861,20.0,1353.0
61374,14.6861,20.0,1353.0
61375,14.6861,20.0,1353.0
61376,14.6861,20.0,1353.0
61377,14.6861,20.0,1353.0
61378,14.6861,20.0,1353.1
61379,14.6861,20.0,1353.1
61380,14.6861,20.0,1353.1
61381,14.6664,20.0,1353.1
61382,14.6664,20.0,1353.1
61383,14.6664,20.0,1353.2
61384,14.6664,20.0,1353.2
61385,14.6664,20.0,1353.2
61386,14.6664,20.0,1353.2
61387,14.6664,20.0,1353.2
61388,14.6664,20.0,1353.2
61389,14.6664,20.0,1353.3
61390,14.6664,20.0,1353.3
61391,14.6664,20.0,1353.3
61392,14.6664,20.0,1353.3
61393,14.6664,20.0,1353.3
61394,14.6664,20.0,1353.4
61395,14.6664,20.0,1353.4
61396,14.6664,20.0,1353.4
61397,14.6664,20.0,1353.4
61398,14.6664,20.0,1353.4
61399,14.6664,20.0,1353.5
61400,14.6664,20.0,1353.5
61401,14.6465,20.0,1353.5
61402,14.6465,20.0,1353.5
61403,14.6465,20.0,1353.5
61404,14.6465,20.0,1353.6
61405,14.6465,20.0,1353.6
61406,14.6465,20.0,1353.6
61407,14.6465,20.0,1353.6
61408,14.6465,20.0,1353.6
61409,14.6465,20.0,1353.7
61410,14.6465,20.0,1353.7
61411,14.6465,20.0,1353.7
61412,14.6465,20.0,1353.7
61413,14.6465,20.0,1353.8
61414,14.6465,20.0,1353.8
61415,14.6465,20.0,1353.8
61416,14.6465,20.0,1353.8
61417,14.6465,20.0,1353.8
61418,14.6465,20.0,1353.9
61419,14.6465,20.0,1353.9
61420,14.6465,20.0,1353.9
61421,14.6266,20.0,1353.9
61422,14.6266,20.0,1353.9
61423,14.6266,20.0,1354.0
61424,14.6266,20.0,1354.0
61425,14.6266,20.0,1354.0
61426,14.6266,20.0,1354.0
61427,14.6266,20.0,1354.0
61428,14.6266,20.0,1354.1
61429,14.6266,20.0,1354.1
61430,14.6266,20.0,1354.1
61431,14.6266,20.0,1354.1
61432,14.6266,20.0,1354.1
61433,14.6266,20.0,1354.2
61434,14.6266,20.0,1354.2
61435,14.6266,20.0,1354.2
61436,14.6266,20.0,1354.2
61437,14.6266,20.0,1354.2
61438,14.6266,20.0,1354.3
61439,14.6266,20.0,1354.3
61440,14.6266,20.0,1354.3
61441,14.6068,20.0,1354.6
61442,14.6068,20.0,1354.6
61443,14.6068,20.0,1354.6
61444,14.6068,20.0,1354.6
61445,14.6068,20.0,1354.6
61446,14.6068,20.0,1354.7
61447,14.6068,20.0,1354.7
61448,14.6068,20.0,1354.7
61449,14.6068,20.0,1354.7
61450,14.6068,20.0,1354.7
61451,14.6068,20.0,1354.8
61452,14.6068,20.0,1354.8
61453,14.6068,20.0,1354.8
61454,14.6068,20.0,1354.8
61455,14.6068,20.0,1354.8
61456,14.6068,20.0,1354.9
61457,14.6068,20.0,1354.9
61458,14.6068,20.0,1354.9
61459,14.6068,20.0,1354.9
61460,14.6068,20.0,1354.9
61461,14.6066,20.0,1355.0
61462,14.6066,20.0,1355.0
61463,14.6066,20.0,1355.0
61464,14.6066,20.0,1355.0
61465,14.6066,20.0,1355.1
61466,14.6066,20.0,1355.1
61467,14.6066,20.0,1355.1
61468,14.6066,20.0,1355.1
61469,14.6066,20.0,1355.1
61470,14.6066,20.0,1355.2
61471,14.6066,20.0,1355.2
61472,14.6066,20.0,1355.2
61473,14.6066,20.0,1355.2
61474,14.6066,20.0,1355.2
61475,14.6066,20.0,1355.2
61476,14.6066,20.0,1355.3
61477,14.6066,20.0,1355.3
61478,14.6066,20.0,1355.3
61479,14.6066,20.0,1355.3
61480,14.6066,20.0,1355.4
61481,14.6065,20.0,1355.4
61482,14.6065,20.0,1355.4
61483,14.6065,20.0,1355.4
61484,14.6065,20.0,1355.4
61485,14.6065,20.0,1355.4
61486,14.6065,20.0,1355.5
61487,14.6065,20.0,1355.5
61488,14.6065,20.0,1355.5
61489,14.6065,20.0,1355.5
61490,14.6065,20.0,1355.5
61491,14.6065,20.0,1355.6
61492,14.6065,20.0,1355.6
61493,14.6065,20.0,1355.6
61494,14.6065,20.0,1355.6
61495,14.6065,20.0,1355.6
61496,14.6065,20.0,1355.7
61497,14.6065,20.0,1355.7
61498,14.6065,20.0,1355.7
61499,14.6065,20.0,1355.7
61500,14.6065,20.0,1355.7
61501,14.6063,20.0,1355.7
61502,14.6063,20.0,1355.8
61503,14.6063,20.0,1355.8
61504,14.6063,20.0,1355.8
61505,14.6063,20.0,1355.8
61506,14.6063,20.0,1355.8
61507,14.6063,20.0,1355.9
61508,14.6063,20.0,1355.9
61509,14.6063,20.0,1355.9
61510,14.6063,20.0,1355.9
61511,14.6063,20.0,1355.9
61512,14.6063,20.0,1356.0
61513,14.6063,20.0,1356.0
61514,14.6063,20.0,1356.0
61515,14.6063,20.0,1356.0
61516,14.6063,20.0,1356.0
61517,14.6063,20.0,1356.1
61518,14.6063,20.0,1356.1
61519,14.6063,20.0,1356.1
61520,14.6063,20.0,1356.1
61521,14.6061,20.0,1356.1
61522,14.6061,20.0,1356.1
61523,14.6061,20.0,1356.1
61524,14.6061,20.0,1356.2
61525,14.6061,20.0,1356.2
61526,14.6061,20.0,1356.2
61527,14.6061,20.0,1356.2
61528,14.6061,20.0,1356.3
61529,14.6061,20.0,1356.3
61530,14.6061,20.0,1356.3
61531,14.6061,20.0,1356.3
61532,14.6061,20.0,1356.3
61533,14.6061,20.0,1356.3
61534,14.6061,20.0,1356.4
61535,14.6061,20.0,1356.4
61536,14.6061,20.0,1356.4
61537,14.6061,20.0,1356.4
61538,14.6061,20.0,1356.4
61539,14.6061,20.0,1356.5
61540,14.6061,20.0,1356.5
61541,14.6060,20.0,1356.5
61542,14.6060,20.0,1356.5
61543,14.6060,20.0,1356.6
61544,14.6060,20.0,1356.6
61545,14.6060,20.0,1356.6
61546,14.6060,20.0,1356.6
61547,14.6060,20.0,1356.6
61548,14.6060,20.0,1356.7
61549,14.6060,20.0,1356.7
61550,14.6060,20.0,1356.7
61551,14.6060,20.0,1356.7
61552,14.6060,20.0,1356.7
61553,14.6060,20.0,1356.8
61554,14.6060,20.0,1356.8
61555,14.6060,20.0,1356.8
61556,14.6060,20.0,1356.8
61557,14.6060,20.0,1356.8
61558,14.6060,20.0,1356.9
61559,14.6060,20.0,1356.9
61560,14.6060,20.0,1356.9
61561,14.6058,20.0,1356.9
61562,14.6058,20.0,1356.9
61563,14.6058,20.0,1356.9
61564,14.6058,20.0,1357.0
61565,14.6058,20.0,1357.0
61566,14.6058,20.0,1357.0
61567,14.6058,20.0,1357.0
61568,14.6058,20.0,1357.0
61569,14.6058,20.0,1357.1
61570,14.6058,20.0,1357.1
61571,14.6058,20.0,1357.1
61572,14.6058,20.0,1357.1
61573,14.6058,20.0,1357.2
61574,14.6058,20.0,1357.2
61575,14.6058,20.0,1357.2
61576,14.6058,20.0,1357.2
61577,14.6058,20.0,1357.2
61578,14.6058,20.0,1357.3
61579,14.6058,20.0,1357.3
61580,14.6058,20.0,1357.3
61581,14.6057,20.0,1357.3
61582,14.6057,20.0,1357.3
61583,14.6057,20.0,1357.4
61584,14.6057,20.0,1357.4
61585,14.6057,20.0,1357.4
61586,14.6057,20.0,1357.4
61587,14.6057,20.0,1357.4
61588,14.6057,20.0,1357.5
61589,14.6057,20.0,1357.5
61590,14.6057,20.0,1357.5
61591,14.6057,20.0,1357.5
61592,14.6057,20.0,1357.5
61593,14.6057,20.0,1357.6
61594,14.6057,20.0,1357.6
61595,14.6057,20.0,1357.6
61596,14.6057,20.0,1357.6
61597,14.6057,20.0,1357.7
61598,14.6057,20.0,1357.7
61599,14.6057,20.0,1357.7
61600,14.6057,20.0,1357.7
61601,14.6055,20.0,1357.7
61602,14.6055,20.0,1357.8
61603,14.6055,20.0,1357.8
61604,14.6055,20.0,1357.8
61605,14.6055,20.0,1357.8
61606,14.6055,20.0,1357.8
61607,14.6055,20.0,1357.9
61608,14.6055,20.0,1357.9
61609,14.6055,20.0,1357.9
61610,14.6055,20.0,1357.9
61611,14.6055,20.0,1357.9
61612,14.6055,20.0,1358.0
61613,14.6055,20.0,1358.0
61614,14.6055,20.0,1358.0
61615,14.6055,20.0,1358.0
61616,14.6055,20.0,1358.0
61617,14.6055,20.0,1358.1
61618,14.6055,20.0,1358.1
61619,14.6055,20.0,1358.1
61620,14.6055,20.0,1358.1
61621,14.6054,20.0,1358.1
61622,14.6054,20.0,1358.2
61623,14.6054,20.0,1358.2
61624,14.6054,20.0,1358.2
61625,14.6054,20.0,1358.2
61626,14.6054,20.0,1358.3
61627,14.6054,20.0,1358.3
61628,14.6054,20.0,1358.3
61629,14.6054,20.0,1358.3
61630,14.6054,20.0,1358.3
61631,14.6054,20.0,1358.4
61632,14.6054,20.0,1358.4
61633,14.6054,20.0,1358.4
61634,14.6054,20.0,1358.4
61635,14.6054,20.0,1358.5
61636,14.6054,20.0,1358.5
61637,14.6054,20.0,1358.5
61638,14.6054,20.0,1358.5
61639,14.6054,20.0,1358.5
61640,14.6054,20.0,1358.5
61641,14.6052,20.0,1358.6
61642,14.6052,20.0,1358.6
61643,14.6052,20.0,1358.6
61644,14.6052,20.0,1358.6
61645,14.6052,20.0,1358.6
61646,14.6052,20.0,1358.7
61647,14.6052,20.0,1358.7
61648,14.6052,20.0,1358.7
61649,14.6052,20.0,1358.7
61650,14.6052,20.0,1358.7
61651,14.6052,20.0,1358.8
61652,14.6052,20.0,1358.8
61653,14.6052,20.0,1358.8
61654,14.6052,20.0,1358.8
61655,14.6052,20.0,1358.8
61656,14.6052,20.0,1358.8
61657,14.6052,20.0,1358.9
61658,14.6052,20.0,1358.9
61659,14.6052,20.0,1358.9
61660,14.6052,20.0,1358.9
61661,14.6050,20.0,1359.0
61662,14.6050,20.0,1359.0
61663,14.6050,20.0,1359.0
61664,14.6050,20.0,1359.0
61665,14.6050,20.0,1359.0
61666,14.6050,20.0,1359.1
61667,14.6050,20.0,1359.1
61668,14.6050,20.0,1359.1
61669,14.6050,20.0,1359.1
61670,14.6050,20.0,1359.1
61671,14.6050,20.0,1359.2
61672,14.6050,20.0,1359.2
61673,14.6050,20.0,1359.2
61674,14.6050,20.0,1359.2
61675,14.6050,20.0,1359.2
61676,14.6050,20.0,1359.3
61677,14.6050,20.0,1359.3
61678,14.6050,20.0,1359.3
61679,14.6050,20.0,1359.3
61680,14.6050,20.0,1359.4
61681,14.6049,20.0,1359.4
61682,14.6049,20.0,1359.4
61683,14.6049,20.0,1359.4
61684,14.6049,20.0,1359.4
61685,14.6049,20.0,1359.4
61686,14.6049,20.0,1359.5
61687,14.6049,20.0,1359.5
61688,14.6049,20.0,1359.5
61689,14.6049,20.0,1359.5
61690,14.6049,20.0,1359.5
61691,14.6049,20.0,1359.6
61692,14.6049,20.0,1359.6
61693,14.6049,20.0,1359.6
61694,14.6049,20.0,1359.6
61695,14.6049,20.0,1359.6
61696,14.6049,20.0,1359.7
61697,14.6049,20.0,1359.7
61698,14.6049,20.0,1359.7
61699,14.6049,20.0,1359.7
61700,14.6049,20.0,1359.7
61701,14.6047,20.0,1359.7
61702,14.6047,20.0,1359.8
61703,14.6047,20.0,1359.8
61704,14.6047,20.0,1359.8
61705,14.6047,20.0,1359.8
61706,14.6047,20.0,1359.9
61707,14.6047,20.0,1359.9
61708,14.6047,20.0,1359.9
61709,14.6047,20.0,1359.9
61710,14.6047,20.0,1359.9
61711,14.6047,20.0,1359.9
61712,14.6047,20.0,1360.0
61713,14.6047,20.0,1360.0
61714,14.6047,20.0,1360.0
61715,14.6047,20.0,1360.0
61716,14.6047,20.0,1360.1
61717,14.6047,20.0,1360.1
61718,14.6047,20.0,1360.1
61719,14.6047,20.0,1360.1
61720,14.6047,20.0,1360.1
61721,14.6046,20.0,1360.2
61722,14.6046,20.0,1360.2
61723,14.6046,20.0,1360.2
61724,14.6046,20.0,1360.2
61725,14.6046,20.0,1360.2
61726,14.6046,20.0,1360.2
61727,14.6046,20.0,1360.3
61728,14.6046,20.0,1360.3
61729,14.6046,20.0,1360.3
61730,14.6046,20.0,1360.3
61731,14.6046,20.0,1360.4
61732,14.6046,20.0,1360.4
61733,14.6046,20.0,1360.4
61734,14.6046,20.0,1360.4
61735,14.6046,20.0,1360.4
61736,14.6046,20.0,1360.5
61737,14.6046,20.0,1360.5
61738,14.6046,20.0,1360.5
61739,14.6046,20.0,1360.5
61740,14.6046,20.0,1360.5
61741,14.6044,20.0,1360.6
61742,14.6044,20.0,1360.6
61743,14.6044,20.0,1360.6
61744,14.6044,20.0,1360.6
61745,14.6044,20.0,1360.6
61746,14.6044,20.0,1360.7
61747,14.6044,20.0,1360.7
61748,14.6044,20.0,1360.7
61749,14.6044,20.0,1360.7
61750,14.6044,20.0,1360.8
61751,14.6044,20.0,1360.8
61752,14.6044,20.0,1360.8
61753,14.6044,20.0,1360.8
61754,14.6044,20.0,1360.8
61755,14.6044,20.0,1360.9
61756,14.6044,20.0,1360.9
61757,14.6044,20.0,1360.9
61758,14.6044,20.0,1360.9
61759,14.6044,20.0,1360.9
61760,14.6044,20.0,1361.0
61761,14.6043,20.0,1361.0
61762,14.6043,20.0,1361.0
61763,14.6043,20.0,1361.0
61764,14.6043,20.0,1361.0
61765,14.6043,20.0,1361.1
61766,14.6043,20.0,1361.1
61767,14.6043,20.0,1361.1
61768,14.6043,20.0,1361.1
61769,14.6043,20.0,1361.1
61770,14.6043,20.0,1361.2
61771,14.6043,20.0,1361.2
61772,14.6043,20.0,1361.2
61773,14.6043,20.0,1361.2
61774,14.6043,20.0,1361.2
61775,14.6043,20.0,1361.2
61776,14.6043,20.0,1361.3
61777,14.6043,20.0,1361.3
61778,14.6043,20.0,1361.3
61779,14.6043,20.0,1361.3
61780,14.6043,20.0,1361.4
61781,14.6041,20.0,1361.4
61782,14.6041,20.0,1361.4
61783,14.6041,20.0,1361.4
61784,14.6041,20.0,1361.4
61785,14.6041,20.0,1361.5
61786,14.6041,20.0,1361.5
61787,14.6041,20.0,1361.5
61788,14.6041,20.0,1361.5
61789,14.6041,20.0,1361.5
61790,14.6041,20.0,1361.6
61791,14.6041,20.0,1361.6
61792,14.6041,20.0,1361.6
61793,14.6041,20.0,1361.6
61794,14.6041,20.0,1361.7
61795,14.6041,20.0,1361.7
61796,14.6041,20.0,1361.7
61797,14.6041,20.0,1361.7
61798,14.6041,20.0,1361.7
61799,14.6041,20.0,1361.8
61800,14.6041,20.0,1361.8
61801,14.6039,20.0,1361.8
61802,14.6039,20.0,1361.8
61803,14.6039,20.0,1361.8
61804,14.6039,20.0,1361.9
61805,14.6039,20.0,1361.9
61806,14.6039,20.0,1361.9
61807,14.6039,20.0,1361.9
61808,14.6039,20.0,1361.9
61809,14.6039,20.0,1362.0
61810,14.6039,20.0,1362.0
61811,14.6039,20.0,1362.0
61812,14.6039,20.0,1362.0
61813,14.6039,20.0,1362.0
61814,14.6039,20.0,1362.1
61815,14.6039,20.0,1362.1
61816,14.6039,20.0,1362.1
61817,14.6039,20.0,1362.1
61818,14.6039,20.0,1362.1
61819,14.6039,20.0,1362.1
61820,14.6039,20.0,1362.2
61821,14.6038,20.0,1362.2
61822,14.6038,20.0,1362.2
61823,14.6038,20.0,1362.2
61824,14.6038,20.0,1362.3
61825,14.6038,20.0,1362.3
61826,14.6038,20.0,1362.3
61827,14.6038,20.0,1362.3
61828,14.6038,20.0,1362.3
61829,14.6038,20.0,1362.4
61830,14.6038,20.0,1362.4
61831,14.6038,20.0,1362.4
61832,14.6038,20.0,1362.4
61833,14.6038,20.0,1362.5
61834,14.6038,20.0,1362.5
61835,14.6038,20.0,1362.5
61836,14.6038,20.0,1362.5
61837,14.6038,20.0,1362.5
61838,14.6038,20.0,1362.6
61839,14.6038,20.0,1362.6
61840,14.6038,20.0,1362.6
61841,14.6036,20.0,1362.6
61842,14.6036,20.0,1362.6
61843,14.6036,20.0,1362.7
61844,14.6036,20.0,1362.7
61845,14.6036,20.0,1362.7
61846,14.6036,20.0,1362.7
61847,14.6036,20.0,1362.7
61848,14.6036,20.0,1362.8
61849,14.6036,20.0,1362.8
61850,14.6036,20.0,1362.8
61851,14.6036,20.0,1362.8
61852,14.6036,20.0,1362.8
61853,14.6036,20.0,1362.9
61854,14.6036,20.0,1362.9
61855,14.6036,20.0,1362.9
61856,14.6036,20.0,1362.9
61857,14.6036,20.0,1362.9
61858,14.6036,20.0,1363.0
61859,14.6036,20.0,1363.0
61860,14.6036,20.0,1363.0
61861,14.6035,20.0,1363.0
61862,14.6035,20.0,1363.0
61863,14.6035,20.0,1363.0
61864,14.6035,20.0,1363.1
61865,14.6035,20.0,1363.1
61866,14.6035,20.0,1363.1
61867,14.6035,20.0,1363.1
61868,14.6035,20.0,1363.1
61869,14.6035,20.0,1363.2
61870,14.6035,20.0,1363.2
61871,14.6035,20.0,1363.2
61872,14.6035,20.0,1363.2
61873,14.6035,20.0,1363.3
61874,14.6035,20.0,1363.3
61875,14.6035,20.0,1363.3
61876,14.6035,20.0,1363.3
61877,14.6035,20.0,1363.3
61878,14.6035,20.0,1363.4
61879,14.6035,20.0,1363.4
61880,14.6035,20.0,1363.4
61881,14.6033,20.0,1363.4
61882,14.6033,20.0,1363.4
61883,14.6033,20.0,1363.5
61884,14.6033,20.0,1363.5
61885,14.6033,20.0,1363.5
61886,14.6033,20.0,1363.5
61887,14.6033,20.0,1363.5
61888,14.6033,20.0,1363.6
61889,14.6033,20.0,1363.6
61890,14.6033,20.0,1363.6
61891,14.6033,20.0,1363.6
61892,14.6033,20.0,1363.7
61893,14.6033,20.0,1363.7
61894,14.6033,20.0,1363.7
61895,14.6033,20.0,1363.7
61896,14.6033,20.0,1363.7
61897,14.6033,20.0,1363.8
61898,14.6033,20.0,1363.8
61899,14.6033,20.0,1363.8
61900,14.6033,20.0,1363.8
61901,14.6032,20.0,1363.8
61902,14.6032,20.0,1363.9
61903,14.6032,20.0,1363.9
61904,14.6032,20.0,1363.9
61905,14.6032,20.0,1363.9
61906,14.6032,20.0,1363.9
61907,14.6032,20.0,1363.9
61908,14.6032,20.0,1364.0
61909,14.6032,20.0,1364.0
61910,14.6032,20.0,1364.0
61911,14.6032,20.0,1364.0
61912,14.6032,20.0,1364.0
61913,14.6032,20.0,1364.1
61914,14.6032,20.0,1364.1
61915,14.6032,20.0,1364.1
61916,14.6032,20.0,1364.1
61917,14.6032,20.0,1364.2
61918,14.6032,20.0,1364.2
61919,14.6032,20.0,1364.2
61920,14.6032,20.0,1364.2
61921,14.6229,20.0,1364.2
61922,14.6229,20.0,1364.3
61923,14.6229,20.0,1364.3
61924,14.6229,20.0,1364.3
61925,14.6229,20.0,1364.3
61926,14.6229,20.0,1364.4
61927,14.6229,20.0,1364.4
61928,14.6229,20.0,1364.4
61929,14.6229,20.0,1364.4
61930,14.6229,20.0,1364.4
61931,14.6229,20.0,1364.5
61932,14.6229,20.0,1364.5
61933,14.6229,20.0,1364.5
61934,14.6229,20.0,1364.5
61935,14.6229,20.0,1364.5
61936,14.6229,20.0,1364.6
61937,14.6229,20.0,1364.6
61938,14.6229,20.0,1364.6
61939,14.6229,20.0,1364.6
61940,14.6229,20.0,1364.6
61941,14.6426,20.0,1364.7
61942,14.6426,20.0,1364.7
61943,14.6426,20.0,1364.7
61944,14.6426,20.0,1364.7
61945,14.6426,20.0,1364.7
61946,14.6426,20.0,1364.7
61947,14.6426,20.0,1364.8
61948,14.6426,20.0,1364.8
61949,14.6426,20.0,1364.8
61950,14.6426,20.0,1364.8
61951,14.6426,20.0,1364.9
61952,14.6426,20.0,1364.9
61953,14.6426,20.0,1365.1
61954,14.6426,20.0,1365.2
61955,14.6426,20.0,1365.2
61956,14.6426,20.0,1365.2
61957,14.6426,20.0,1365.2
61958,14.6426,20.0,1365.2
61959,14.6426,20.0,1365.3
61960,14.6426,20.0,1365.3
61961,14.6228,20.0,1365.3
61962,14.6228,20.0,1365.3
61963,14.6228,20.0,1365.3
61964,14.6228,20.0,1365.3
61965,14.6228,20.0,1365.4
61966,14.6228,20.0,1365.4
61967,14.6228,20.0,1365.4
61968,14.6228,20.0,1365.4
61969,14.6228,20.0,1365.4
61970,14.6228,20.0,1365.5
61971,14.6228,20.0,1365.5
61972,14.6228,20.0,1365.5
61973,14.6228,20.0,1365.5
61974,14.6228,20.0,1365.5
61975,14.6228,20.0,1365.6
61976,14.6228,20.0,1365.6
61977,14.6228,20.0,1365.6
61978,14.6228,20.0,1365.6
61979,14.6228,20.0,1365.6
61980,14.6228,20.0,1365.7
61981,14.6031,20.0,1365.7
61982,14.6031,20.0,1365.7
61983,14.6031,20.0,1365.7
61984,14.6031,20.0,1365.7
61985,14.6031,20.0,1365.8
61986,14.6031,20.0,1365.8
61987,14.6031,20.0,1365.8
61988,14.6031,20.0,1365.8
61989,14.6031,20.0,1365.8
61990,14.6031,20.0,1365.9
61991,14.6031,20.0,1365.9
61992,14.6031,20.0,1365.9
61993,14.6031,20.0,1365.9
61994,14.6031,20.0,1366.0
61995,14.6031,20.0,1366.0
61996,14.6031,20.0,1366.0
61997,14.6031,20.0,1366.0
61998,14.6031,20.0,1366.1
61999,14.6031,20.0,1366.1
62000,14.6031,20.0,1366.1
62001,14.5833,20.0,1366.1
62002,14.5833,20.0,1366.1
62003,14.5833,20.0,1366.2
62004,14.5833,20.0,1366.2
62005,14.5833,20.0,1366.2
62006,14.5833,20.0,1366.2
62007,14.5833,20.0,1366.2
62008,14.5833,20.0,1366.3
62009,14.5833,20.0,1366.3
62010,14.5833,20.0,1366.3
62011,14.5833,20.0,1366.3
62012,14.5833,20.0,1366.3
62013,14.5833,20.0,1366.4
62014,14.5833,20.0,1366.4
62015,14.5833,20.0,1366.4
62016,14.5833,20.0,1366.4
62017,14.5833,20.0,1366.4
62018,14.5833,20.0,1366.5
62019,14.5833,20.0,1366.5
62020,14.5833,20.0,1366.5
62021,14.5636,20.0,1366.5
62022,14.5636,20.0,1366.5
62023,14.5636,20.0,1366.6
62024,14.5636,20.0,1366.6
62025,14.5636,20.0,1366.6
62026,14.5636,20.0,1366.6
62027,14.5636,20.0,1366.6
62028,14.5636,20.0,1366.7
62029,14.5636,20.0,1366.7
62030,14.5636,20.0,1366.7
62031,14.5636,20.0,1366.7
62032,14.5636,20.0,1366.8
62033,14.5636,20.0,1366.8
62034,14.5636,20.0,1366.8
62035,14.5636,20.0,1366.8
62036,14.5636,20.0,1366.8
62037,14.5636,20.0,1366.9
62038,14.5636,20.0,1366.9
62039,14.5636,20.0,1366.9
62040,14.5636,20.0,1366.9
62041,14.5438,20.0,1366.9
62042,14.5438,20.0,1367.0
62043,14.5438,20.0,1367.0
62044,14.5438,20.0,1367.0
62045,14.5438,20.0,1367.0
62046,14.5438,20.0,1367.1
62047,14.5438,20.0,1367.1
62048,14.5438,20.0,1367.1
62049,14.5438,20.0,1367.1
62050,14.5438,20.0,1367.1
62051,14.5438,20.0,1367.2
62052,14.5438,20.0,1367.2
62053,14.5438,20.0,1367.2
62054,14.5438,20.0,1367.2
62055,14.5438,20.0,1367.3
62056,14.5438,20.0,1367.3
62057,14.5438,20.0,1367.3
62058,14.5438,20.0,1367.3
62059,14.5438,20.0,1367.4
62060,14.5438,20.0,1367.4
62061,14.5241,20.0,1367.4
62062,14.5241,20.0,1367.4
62063,14.5241,20.0,1367.4
62064,14.5241,20.0,1367.5
62065,14.5241,20.0,1367.5
62066,14.5241,20.0,1367.5
62067,14.5241,20.0,1367.5
62068,14.5241,20.0,1367.6
62069,14.5241,20.0,1367.6
62070,14.5241,20.0,1367.6
62071,14.5241,20.0,1367.6
62072,14.5241,20.0,1367.6
62073,14.5241,20.0,1367.6
62074,14.5241,20.0,1367.7
62075,14.5241,20.0,1367.7
62076,14.5241,20.0,1367.7
62077,14.5241,20.0,1367.7
62078,14.5241,20.0,1367.8
62079,14.5241,20.0,1367.8
62080,14.5241,20.0,1367.8
62081,14.5043,20.0,1367.8
62082,14.5043,20.0,1367.8
62083,14.5043,20.0,1367.9
62084,14.5043,20.0,1367.9
62085,14.5043,20.0,1367.9
62086,14.5043,20.0,1367.9
62087,14.5043,20.0,1367.9
62088,14.5043,20.0,1367.9
62089,14.5043,20.0,1368.0
62090,14.5043,20.0,1368.0
62091,14.5043,20.0,1368.0
62092,14.5043,20.0,1368.0
62093,14.5043,20.0,1368.0
62094,14.5043,20.0,1368.1
62095,14.5043,20.0,1368.1
62096,14.5043,20.0,1368.1
62097,14.5043,20.0,1368.1
62098,14.5043,20.0,1368.2
62099,14.5043,20.0,1368.2
62100,14.5043,20.0,1368.2
62101,14.4846,20.0,1368.2
62102,14.4846,20.0,1368.2
62103,14.4846,20.0,1368.2
62104,14.4846,20.0,1368.3
62105,14.4846,20.0,1368.3
62106,14.4846,20.0,1368.3
62107,14.4846,20.0,1368.3
62108,14.4846,20.0,1368.3
62109,14.4846,20.0,1368.4
62110,14.4846,20.0,1368.4
62111,14.4846,20.0,1368.4
62112,14.4846,20.0,1368.4
62113,14.4846,20.0,1368.4
62114,14.4846,20.0,1368.5
62115,14.4846,20.0,1368.5
62116,14.4846,20.0,1368.5
62117,14.4846,20.0,1368.5
62118,14.4846,20.0,1368.5
62119,14.4846,20.0,1368.6
62120,14.4846,20.0,1368.6
62121,14.4648,20.0,1368.6
62122,14.4648,20.0,1368.6
62123,14.4648,20.0,1368.6
62124,14.4648,20.0,1368.7
62125,14.4648,20.0,1368.7
62126,14.4648,20.0,1368.7
62127,14.4648,20.0,1368.7
62128,14.4648,20.0,1368.8
62129,14.4648,20.0,1368.8
62130,14.4648,20.0,1368.8
62131,14.4648,20.0,1368.8
62132,14.4648,20.0,1368.8
62133,14.4648,20.0,1368.9
62134,14.4648,20.0,1368.9
62135,14.4648,20.0,1368.9
62136,14.4648,20.0,1368.9
62137,14.4648,20.0,1368.9
62138,14.4648,20.0,1369.0
62139,14.4648,20.0,1369.0
62140,14.4648,20.0,1369.0
62141,14.4451,20.0,1369.0
62142,14.4451,20.0,1369.0
62143,14.4451,20.0,1369.0
62144,14.4451,20.0,1369.1
62145,14.4451,20.0,1369.1
62146,14.4451,20.0,1369.1
62147,14.4451,20.0,1369.1
62148,14.4451,20.0,1369.1
62149,14.4451,20.0,1369.2
62150,14.4451,20.0,1369.2
62151,14.4451,20.0,1369.2
62152,14.4451,20.0,1369.2
62153,14.4451,20.0,1369.2
62154,14.4451,20.0,1369.3
62155,14.4451,20.0,1369.3
62156,14.4451,20.0,1369.3
62157,14.4451,20.0,1369.3
62158,14.4451,20.0,1369.3
62159,14.4451,20.0,1369.3
62160,14.4451,20.0,1369.4
62161,14.4253,20.0,1369.4
62162,14.4253,20.0,1369.4
62163,14.4253,20.0,1369.4
62164,14.4253,20.0,1369.5
62165,14.4253,20.0,1369.5
62166,14.4253,20.0,1369.5
62167,14.4253,20.0,1369.5
62168,14.4253,20.0,1369.5
62169,14.4253,20.0,1369.5
62170,14.4253,20.0,1369.6
62171,14.4253,20.0,1369.6
62172,14.4253,20.0,1369.6
62173,14.4253,20.0,1369.6
62174,14.4253,20.0,1369.6
62175,14.4253,20.0,1369.6
62176,14.4253,20.0,1369.7
62177,14.4253,20.0,1369.7
62178,14.4253,20.0,1369.7
62179,14.4253,20.0,1369.7
62180,14.4253,20.0,1369.8
62181,14.4056,20.0,1369.8
62182,14.4056,20.0,1369.8
62183,14.4056,20.0,1369.8
62184,14.4056,20.0,1369.8
62185,14.4056,20.0,1369.8
62186,14.4056,20.0,1369.9
62187,14.4056,20.0,1369.9
62188,14.4056,20.0,1369.9
62189,14.4056,20.0,1369.9
62190,14.4056,20.0,1369.9
62191,14.4056,20.0,1370.0
62192,14.4056,20.0,1370.0
62193,14.4056,20.0,1370.0
62194,14.4056,20.0,1370.0
62195,14.4056,20.0,1370.0
62196,14.4056,20.0,1370.1
62197,14.4056,20.0,1370.1
62198,14.4056,20.0,1370.1
62199,14.4056,20.0,1370.1
62200,14.4056,20.0,1370.1
62201,14.3858,20.0,1370.2
62202,14.3858,20.0,1370.2
62203,14.3858,20.0,1370.2
62204,14.3858,20.0,1370.2
62205,14.3858,20.0,1370.2
62206,14.3858,20.0,1370.3
62207,14.3858,20.0,1370.3
62208,14.3858,20.0,1370.3
62209,14.3858,20.0,1370.3
62210,14.3858,20.0,1370.4
62211,14.3858,20.0,1370.4
62212,14.3858,20.0,1370.4
62213,14.3858,20.0,1370.4
62214,14.3858,20.0,1370.4
62215,14.3858,20.0,1370.4
62216,14.3858,20.0,1370.5
62217,14.3858,20.0,1370.5
62218,14.3858,20.0,1370.5
62219,14.3858,20.0,1370.5
62220,14.3858,20.0,1370.5
62221,14.3661,20.0,1370.6
62222,14.3661,20.0,1370.6
62223,14.3661,20.0,1370.6
62224,14.3661,20.0,1370.6
62225,14.3661,20.0,1370.6
62226,14.3661,20.0,1370.7
62227,14.3661,20.0,1370.7
62228,14.3661,20.0,1370.7
62229,14.3661,20.0,1370.7
62230,14.3661,20.0,1370.7
62231,14.3661,20.0,1370.8
62232,14.3661,20.0,1370.8
62233,14.3661,20.0,1370.8
62234,14.3661,20.0,1370.8
62235,14.3661,20.0,1370.8
62236,14.3661,20.0,1370.9
62237,14.3661,20.0,1370.9
62238,14.3661,20.0,1370.9
62239,14.3661,20.0,1370.9
62240,14.3661,20.0,1371.0
62241,14.3463,20.0,1371.0
62242,14.3463,20.0,1371.0
62243,14.3463,20.0,1371.0
62244,14.3463,20.0,1371.0
62245,14.3463,20.0,1371.1
62246,14.3463,20.0,1371.1
62247,14.3463,20.0,1371.1
62248,14.3463,20.0,1371.1
62249,14.3463,20.0,1371.2
62250,14.3463,20.0,1371.2
62251,14.3463,20.0,1371.2
62252,14.3463,20.0,1371.2
62253,14.3463,20.0,1371.2
62254,14.3463,20.0,1371.2
62255,14.3463,20.0,1371.3
62256,14.3463,20.0,1371.3
62257,14.3463,20.0,1371.3
62258,14.3463,20.0,1371.3
62259,14.3463,20.0,1371.3
62260,14.3463,20.0,1371.4
62261,14.3266,20.0,1371.4
62262,14.3266,20.0,1371.4
62263,14.3266,20.0,1371.4
62264,14.3266,20.0,1371.5
62265,14.3266,20.0,1371.5
62266,14.3266,20.0,1371.5
62267,14.3266,20.0,1371.5
62268,14.3266,20.0,1371.5
62269,14.3266,20.0,1371.6
62270,14.3266,20.0,1371.6
62271,14.3266,20.0,1371.6
62272,14.3266,20.0,1371.6
62273,14.3266,20.0,1371.6
62274,14.3266,20.0,1371.7
62275,14.3266,20.0,1371.7
62276,14.3266,20.0,1371.7
62277,14.3266,20.0,1371.7
62278,14.3266,20.0,1371.7
62279,14.3266,20.0,1371.8
62280,14.3266,20.0,1371.8
62281,14.3068,20.0,1371.8
62282,14.3068,20.0,1371.8
62283,14.3068,20.0,1371.8
62284,14.3068,20.0,1371.9
62285,14.3068,20.0,1371.9
62286,14.3068,20.0,1371.9
62287,14.3068,20.0,1371.9
62288,14.3068,20.0,1371.9
62289,14.3068,20.0,1372.0
62290,14.3068,20.0,1372.0
62291,14.3068,20.0,1372.0
62292,14.3068,20.0,1372.0
62293,14.3068,20.0,1372.0
62294,14.3068,20.0,1372.1
62295,14.3068,20.0,1372.1
62296,14.3068,20.0,1372.1
62297,14.3068,20.0,1372.1
62298,14.3068,20.0,1372.1
62299,14.3068,20.0,1372.2
62300,14.3068,20.0,1372.2
62301,14.2871,20.0,1372.2
62302,14.2871,20.0,1372.2
62303,14.2871,20.0,1372.2
62304,14.2871,20.0,1372.3
62305,14.2871,20.0,1372.3
62306,14.2871,20.0,1372.3
62307,14.2871,20.0,1372.3
62308,14.2871,20.0,1372.3
62309,14.2871,20.0,1372.4
62310,14.2871,20.0,1372.4
62311,14.2871,20.0,1372.4
62312,14.2871,20.0,1372.4
62313,14.2871,20.0,1372.5
62314,14.2871,20.0,1372.5
62315,14.2871,20.0,1372.5
62316,14.2871,20.0,1372.5
62317,14.2871,20.0,1372.5
62318,14.2871,20.0,1372.6
62319,14.2871,20.0,1372.6
62320,14.2871,20.0,1372.6
62321,14.2673,20.0,1372.6
62322,14.2673,20.0,1372.6
62323,14.2673,20.0,1372.7
62324,14.2673,20.0,1372.7
62325,14.2673,20.0,1372.7
62326,14.2673,20.0,1372.7
62327,14.2673,20.0,1372.7
62328,14.2673,20.0,1372.8
62329,14.2673,20.0,1372.8
62330,14.2673,20.0,1372.8
62331,14.2673,20.0,1372.8
62332,14.2673,20.0,1372.8
62333,14.2673,20.0,1372.9
62334,14.2673,20.0,1372.9
62335,14.2673,20.0,1372.9
62336,14.2673,20.0,1372.9
62337,14.2673,20.0,1372.9
62338,14.2673,20.0,1372.9
62339,14.2673,20.0,1373.0
62340,14.2673,20.0,1373.0
62341,14.2476,20.0,1373.0
62342,14.2476,20.0,1373.0
62343,14.2476,20.0,1373.1
62344,14.2476,20.0,1373.1
62345,14.2476,20.0,1373.1
62346,14.2476,20.0,1373.1
62347,14.2476,20.0,1373.1
62348,14.2476,20.0,1373.1
62349,14.2476,20.0,1373.2
62350,14.2476,20.0,1373.2
62351,14.2476,20.0,1373.2
62352,14.2476,20.0,1373.2
62353,14.2476,20.0,1373.2
62354,14.2476,20.0,1373.3
62355,14.2476,20.0,1373.3
62356,14.2476,20.0,1373.3
62357,14.2476,20.0,1373.3
62358,14.2476,20.0,1373.3
62359,14.2476,20.0,1373.3
62360,14.2476,20.0,1373.4
62361,14.2278,20.0,1373.4
62362,14.2278,20.0,1373.4
62363,14.2278,20.0,1373.4
62364,14.2278,20.0,1373.4
62365,14.2278,20.0,1373.5
62366,14.2278,20.0,1373.5
62367,14.2278,20.0,1373.5
62368,14.2278,20.0,1373.5
62369,14.2278,20.0,1373.5
62370,14.2278,20.0,1373.6
62371,14.2278,20.0,1373.6
62372,14.2278,20.0,1373.6
62373,14.2278,20.0,1373.6
62374,14.2278,20.0,1373.6
62375,14.2278,20.0,1373.6
62376,14.2278,20.0,1373.7
62377,14.2278,20.0,1373.7
62378,14.2278,20.0,1373.7
62379,14.2278,20.0,1373.7
62380,14.2278,20.0,1373.7
62381,14.2081,20.0,1373.8
62382,14.2081,20.0,1373.8
62383,14.2081,20.0,1373.8
62384,14.2081,20.0,1373.8
62385,14.2081,20.0,1373.9
62386,14.2081,20.0,1373.9
62387,14.2081,20.0,1373.9
62388,14.2081,20.0,1373.9
62389,14.2081,20.0,1373.9
62390,14.2081,20.0,1374.0
62391,14.2081,20.0,1374.0
62392,14.2081,20.0,1374.0
62393,14.2081,20.0,1374.0
62394,14.2081,20.0,1374.0
62395,14.2081,20.0,1374.1
62396,14.2081,20.0,1374.1
62397,14.2081,20.0,1374.1
62398,14.2081,20.0,1374.1
62399,14.2081,20.0,1374.1
62400,14.2081,20.0,1374.1
62401,14.1883,20.0,1374.2
62402,14.1883,20.0,1374.2
62403,14.1883,20.0,1374.2
62404,14.1883,20.0,1374.2
62405,14.1883,20.0,1374.2
62406,14.1883,20.0,1374.3
62407,14.1883,20.0,1374.3
62408,14.1883,20.0,1374.3
62409,14.1883,20.0,1374.3
62410,14.1883,20.0,1374.3
62411,14.1883,20.0,1374.4
62412,14.1883,20.0,1374.4
62413,14.1883,20.0,1374.4
62414,14.1883,20.0,1374.4
62415,14.1883,20.0,1374.4
62416,14.1883,20.0,1374.5
62417,14.1883,20.0,1374.5
62418,14.1883,20.0,1374.5
62419,14.1883,20.0,1374.5
62420,14.1883,20.0,1374.6
62421,14.1688,20.0,1374.6
62422,14.1688,20.0,1374.6
62423,14.1688,20.0,1374.6
62424,14.1688,20.0,1374.6
62425,14.1688,20.0,1374.6
62426,14.1688,20.0,1374.7
62427,14.1688,20.0,1374.7
62428,14.1688,20.0,1374.7
62429,14.1688,20.0,1374.7
62430,14.1688,20.0,1374.8
62431,14.1688,20.0,1374.8
62432,14.1688,20.0,1374.8
62433,14.1688,20.0,1374.8
62434,14.1688,20.0,1374.8
62435,14.1688,20.0,1374.9
62436,14.1688,20.0,1374.9
62437,14.1688,20.0,1374.9
62438,14.1688,20.0,1374.9
62439,14.1688,20.0,1374.9
62440,14.1688,20.0,1375.0
62441,14.1490,20.0,1375.0
62442,14.1490,20.0,1375.0
62443,14.1490,20.0,1375.0
62444,14.1490,20.0,1375.0
62445,14.1490,20.0,1375.1
62446,14.1490,20.0,1375.1
62447,14.1490,20.0,1375.1
62448,14.1490,20.0,1375.1
62449,14.1490,20.0,1375.1
62450,14.1490,20.0,1375.2
62451,14.1490,20.0,1375.2
62452,14.1490,20.0,1375.2
62453,14.1490,20.0,1375.2
62454,14.1490,20.0,1375.2
62455,14.1490,20.0,1375.3
62456,14.1490,20.0,1375.3
62457,14.1490,20.0,1375.3
62458,14.1490,20.0,1375.3
62459,14.1490,20.0,1375.3
62460,14.1490,20.0,1375.4
62461,14.1293,20.0,1375.4
62462,14.1293,20.0,1375.4
62463,14.1293,20.0,1375.4
62464,14.1293,20.0,1375.4
62465,14.1293,20.0,1375.7
62466,14.1293,20.0,1375.7
62467,14.1293,20.0,1375.7
62468,14.1293,20.0,1375.8
62469,14.1293,20.0,1375.8
62470,14.1293,20.0,1375.8
62471,14.1293,20.0,1375.8
62472,14.1293,20.0,1375.8
62473,14.1293,20.0,1375.8
62474,14.1293,20.0,1375.9
62475,14.1293,20.0,1375.9
62476,14.1293,20.0,1375.9
62477,14.1293,20.0,1375.9
62478,14.1293,20.0,1376.0
62479,14.1293,20.0,1376.0
62480,14.1293,20.0,1376.0
62481,14.1297,20.0,1376.0
62482,14.1297,20.0,1376.0
62483,14.1297,20.0,1376.1
62484,14.1297,20.0,1376.1
62485,14.1297,20.0,1376.1
62486,14.1297,20.0,1376.1
62487,14.1297,20.0,1376.1
62488,14.1297,20.0,1376.2
62489,14.1297,20.0,1376.2
62490,14.1297,20.0,1376.2
62491,14.1297,20.0,1376.2
62492,14.1297,20.0,1376.2
62493,14.1297,20.0,1376.2
62494,14.1297,20.0,1376.3
62495,14.1297,20.0,1376.3
62496,14.1297,20.0,1376.3
62497,14.1297,20.0,1376.3
62498,14.1297,20.0,1376.3
62499,14.1297,20.0,1376.4
62500,14.1297,20.0,1376.4
62501,14.1301,20.0,1376.4
62502,14.1301,20.0,1376.4
62503,14.1301,20.0,1376.4
62504,14.1301,20.0,1376.5
62505,14.1301,20.0,1376.5
62506,14.1301,20.0,1376.5
62507,14.1301,20.0,1376.5
62508,14.1301,20.0,1376.6
62509,14.1301,20.0,1376.6
62510,14.1301,20.0,1376.6
62511,14.1301,20.0,1376.6
62512,14.1301,20.0,1376.6
62513,14.1301,20.0,1376.6
62514,14.1301,20.0,1376.7
62515,14.1301,20.0,1376.7
62516,14.1301,20.0,1376.7
62517,14.1301,20.0,1376.7
62518,14.1301,20.0,1376.8
62519,14.1301,20.0,1376.8
62520,14.1301,20.0,1376.8
62521,14.1304,20.0,1376.8
62522,14.1304,20.0,1376.8
62523,14.1304,20.0,1376.9
62524,14.1304,20.0,1376.9
62525,14.1304,20.0,1376.9
62526,14.1304,20.0,1376.9
62527,14.1304,20.0,1376.9
62528,14.1304,20.0,1377.0
62529,14.1304,20.0,1377.0
62530,14.1304,20.0,1377.0
62531,14.1304,20.0,1377.0
62532,14.1304,20.0,1377.1
62533,14.1304,20.0,1377.1
62534,14.1304,20.0,1377.1
62535,14.1304,20.0,1377.1
62536,14.1304,20.0,1377.1
62537,14.1304,20.0,1377.1
62538,14.1304,20.0,1377.2
62539,14.1304,20.0,1377.2
62540,14.1304,20.0,1377.2
62541,14.1308,20.0,1377.2
62542,14.1308,20.0,1377.2
62543,14.1308,20.0,1377.3
62544,14.1308,20.0,1377.3
62545,14.1308,20.0,1377.3
62546,14.1308,20.0,1377.3
62547,14.1308,20.0,1377.4
62548,14.1308,20.0,1377.4
62549,14.1308,20.0,1377.4
62550,14.1308,20.0,1377.4
62551,14.1308,20.0,1377.4
62552,14.1308,20.0,1377.5
62553,14.1308,20.0,1377.5
62554,14.1308,20.0,1377.5
62555,14.1308,20.0,1377.5
62556,14.1308,20.0,1377.5
62557,14.1308,20.0,1377.5
62558,14.1308,20.0,1377.5
62559,14.1308,20.0,1377.6
62560,14.1308,20.0,1377.6
62561,14.1312,20.0,1377.6
62562,14.1312,20.0,1377.6
62563,14.1312,20.0,1377.7
62564,14.1312,20.0,1377.7
62565,14.1312,20.0,1377.7
62566,14.1312,20.0,1377.7
62567,14.1312,20.0,1377.8
62568,14.1312,20.0,1377.8
62569,14.1312,20.0,1377.8
62570,14.1312,20.0,1377.8
62571,14.1312,20.0,1377.8
62572,14.1312,20.0,1377.8
62573,14.1312,20.0,1377.9
62574,14.1312,20.0,1377.9
62575,14.1312,20.0,1377.9
62576,14.1312,20.0,1377.9
62577,14.1312,20.0,1377.9
62578,14.1312,20.0,1378.0
62579,14.1312,20.0,1378.0
62580,14.1312,20.0,1378.0
62581,14.1315,20.0,1378.0
62582,14.1315,20.0,1378.0
62583,14.1315,20.0,1378.1
62584,14.1315,20.0,1378.1
62585,14.1315,20.0,1378.1
62586,14.1315,20.0,1378.1
62587,14.1315,20.0,1378.1
62588,14.1315,20.0,1378.2
62589,14.1315,20.0,1378.2
62590,14.1315,20.0,1378.2
62591,14.1315,20.0,1378.2
62592,14.1315,20.0,1378.2
62593,14.1315,20.0,1378.2
62594,14.1315,20.0,1378.3
62595,14.1315,20.0,1378.3
62596,14.1315,20.0,1378.3
62597,14.1315,20.0,1378.3
62598,14.1315,20.0,1378.3
62599,14.1315,20.0,1378.4
62600,14.1315,20.0,1378.4
62601,14.1319,20.0,1378.4
62602,14.1319,20.0,1378.4
62603,14.1319,20.0,1378.5
62604,14.1319,20.0,1378.5
62605,14.1319,20.0,1378.5
62606,14.1319,20.0,1378.5
62607,14.1319,20.0,1378.5
62608,14.1319,20.0,1378.5
62609,14.1319,20.0,1378.6
62610,14.1319,20.0,1378.6
62611,14.1319,20.0,1378.6
62612,14.1319,20.0,1378.6
62613,14.1319,20.0,1378.7
62614,14.1319,20.0,1378.7
62615,14.1319,20.0,1378.7
62616,14.1319,20.0,1378.7
62617,14.1319,20.0,1378.7
62618,14.1319,20.0,1378.8
62619,14.1319,20.0,1378.8
62620,14.1319,20.0,1378.8
62621,14.1323,20.0,1378.8
62622,14.1323,20.0,1378.8
62623,14.1323,20.0,1378.9
62624,14.1323,20.0,1378.9
62625,14.1323,20.0,1378.9
62626,14.1323,20.0,1378.9
62627,14.1323,20.0,1378.9
62628,14.1323,20.0,1379.0
62629,14.1323,20.0,1379.0
62630,14.1323,20.0,1379.0
62631,14.1323,20.0,1379.0
62632,14.1323,20.0,1379.0
62633,14.1323,20.0,1379.1
62634,14.1323,20.0,1379.1
62635,14.1323,20.0,1379.1
62636,14.1323,20.0,1379.1
62637,14.1323,20.0,1379.1
62638,14.1323,20.0,1379.2
62639,14.1323,20.0,1379.2
62640,14.1323,20.0,1379.2
62641,14.1327,20.0,1379.2
62642,14.1327,20.0,1379.2
62643,14.1327,20.0,1379.3
62644,14.1327,20.0,1379.3
62645,14.1327,20.0,1379.3
62646,14.1327,20.0,1379.3
62647,14.1327,20.0,1379.3
62648,14.1327,20.0,1379.4
62649,14.1327,20.0,1379.4
62650,14.1327,20.0,1379.4
62651,14.1327,20.0,1379.4
62652,14.1327,20.0,1379.4
62653,14.1327,20.0,1379.5
62654,14.1327,20.0,1379.5
62655,14.1327,20.0,1379.5
62656,14.1327,20.0,1379.5
62657,14.1327,20.0,1379.5
62658,14.1327,20.0,1379.6
62659,14.1327,20.0,1379.6
62660,14.1327,20.0,1379.6
62661,14.1330,20.0,1379.6
62662,14.1330,20.0,1379.6
62663,14.1330,20.0,1379.7
62664,14.1330,20.0,1379.7
62665,14.1330,20.0,1379.7
62666,14.1330,20.0,1379.7
62667,14.1330,20.0,1379.8
62668,14.1330,20.0,1379.8
62669,14.1330,20.0,1379.8
62670,14.1330,20.0,1379.8
62671,14.1330,20.0,1379.8
62672,14.1330,20.0,1379.9
62673,14.1330,20.0,1379.9
62674,14.1330,20.0,1379.9
62675,14.1330,20.0,1379.9
62676,14.1330,20.0,1379.9
62677,14.1330,20.0,1379.9
62678,14.1330,20.0,1380.0
62679,14.1330,20.0,1380.0
62680,14.1330,20.0,1380.0
62681,14.1334,20.0,1380.0
62682,14.1334,20.0,1380.0
62683,14.1334,20.0,1380.1
62684,14.1334,20.0,1380.1
62685,14.1334,20.0,1380.1
62686,14.1334,20.0,1380.1
62687,14.1334,20.0,1380.2
62688,14.1334,20.0,1380.2
62689,14.1334,20.0,1380.2
62690,14.1334,20.0,1380.2
62691,14.1334,20.0,1380.2
62692,14.1334,20.0,1380.2
62693,14.1334,20.0,1380.3
62694,14.1334,20.0,1380.3
62695,14.1334,20.0,1380.3
62696,14.1334,20.0,1380.3
62697,14.1334,20.0,1380.3
62698,14.1334,20.0,1380.4
62699,14.1334,20.0,1380.4
62700,14.1334,20.0,1380.4
62701,14.1338,20.0,1380.4
62702,14.1338,20.0,1380.4
62703,14.1338,20.0,1380.5
62704,14.1338,20.0,1380.5
62705,14.1338,20.0,1380.5
62706,14.1338,20.0,1380.5
62707,14.1338,20.0,1380.5
62708,14.1338,20.0,1380.6
62709,14.1338,20.0,1380.6
62710,14.1338,20.0,1380.6
62711,14.1338,20.0,1380.6
62712,14.1338,20.0,1380.6
62713,14.1338,20.0,1380.7
62714,14.1338,20.0,1380.7
62715,14.1338,20.0,1380.7
62716,14.1338,20.0,1380.7
62717,14.1338,20.0,1380.7
62718,14.1338,20.0,1380.7
62719,14.1338,20.0,1380.8
62720,14.1338,20.0,1380.8
62721,14.1342,20.0,1380.8
62722,14.1342,20.0,1380.8
62723,14.1342,20.0,1380.9
62724,14.1342,20.0,1380.9
62725,14.1342,20.0,1380.9
62726,14.1342,20.0,1380.9
62727,14.1342,20.0,1380.9
62728,14.1342,20.0,1381.0
62729,14.1342,20.0,1381.0
62730,14.1342,20.0,1381.0
62731,14.1342,20.0,1381.0
62732,14.1342,20.0,1381.0
62733,14.1342,20.0,1381.1
62734,14.1342,20.0,1381.1
62735,14.1342,20.0,1381.1
62736,14.1342,20.0,1381.1
62737,14.1342,20.0,1381.1
62738,14.1342,20.0,1381.2
62739,14.1342,20.0,1381.2
62740,14.1342,20.0,1381.2
62741,14.1345,20.0,1381.2
62742,14.1345,20.0,1381.2
62743,14.1345,20.0,1381.3
62744,14.1345,20.0,1381.3
62745,14.1345,20.0,1381.3
62746,14.1345,20.0,1381.3
62747,14.1345,20.0,1381.3
62748,14.1345,20.0,1381.4
62749,14.1345,20.0,1381.4
62750,14.1345,20.0,1381.4
62751,14.1345,20.0,1381.4
62752,14.1345,20.0,1381.5
62753,14.1345,20.0,1381.5
62754,14.1345,20.0,1381.5
62755,14.1345,20.0,1381.5
62756,14.1345,20.0,1381.5
62757,14.1345,20.0,1381.6
62758,14.1345,20.0,1381.6
62759,14.1345,20.0,1381.6
62760,14.1345,20.0,1381.6
62761,14.1349,20.0,1381.6
62762,14.1349,20.0,1381.6
62763,14.1349,20.0,1381.7
62764,14.1349,20.0,1381.7
62765,14.1349,20.0,1381.7
62766,14.1349,20.0,1381.7
62767,14.1349,20.0,1381.8
62768,14.1349,20.0,1381.8
62769,14.1349,20.0,1381.8
62770,14.1349,20.0,1381.8
62771,14.1349,20.0,1381.8
62772,14.1349,20.0,1381.9
62773,14.1349,20.0,1381.9
62774,14.1349,20.0,1381.9
62775,14.1349,20.0,1381.9
62776,14.1349,20.0,1381.9
62777,14.1349,20.0,1381.9
62778,14.1349,20.0,1382.0
62779,14.1349,20.0,1382.0
62780,14.1349,20.0,1382.0
62781,14.1353,20.0,1382.0
62782,14.1353,20.0,1382.0
62783,14.1353,20.0,1382.1
62784,14.1353,20.0,1382.1
62785,14.1353,20.0,1382.1
62786,14.1353,20.0,1382.1
62787,14.1353,20.0,1382.2
62788,14.1353,20.0,1382.2
62789,14.1353,20.0,1382.2
62790,14.1353,20.0,1382.2
62791,14.1353,20.0,1382.2
62792,14.1353,20.0,1382.2
62793,14.1353,20.0,1382.3
62794,14.1353,20.0,1382.3
62795,14.1353,20.0,1382.3
62796,14.1353,20.0,1382.3
62797,14.1353,20.0,1382.3
62798,14.1353,20.0,1382.4
62799,14.1353,20.0,1382.4
62800,14.1353,20.0,1382.4
62801,14.1357,20.0,1382.4
62802,14.1357,20.0,1382.5
62803,14.1357,20.0,1382.5
62804,14.1357,20.0,1382.5
62805,14.1357,20.0,1382.5
62806,14.1357,20.0,1382.5
62807,14.1357,20.0,1382.6
62808,14.1357,20.0,1382.6
62809,14.1357,20.0,1382.6
62810,14.1357,20.0,1382.6
62811,14.1357,20.0,1382.6
62812,14.1357,20.0,1382.6
62813,14.1357,20.0,1382.7
62814,14.1357,20.0,1382.7
62815,14.1357,20.0,1382.7
62816,14.1357,20.0,1382.7
62817,14.1357,20.0,1382.7
62818,14.1357,20.0,1382.8
62819,14.1357,20.0,1382.8
62820,14.1357,20.0,1382.8
62821,14.1360,20.0,1382.8
62822,14.1360,20.0,1382.8
62823,14.1360,20.0,1382.9
62824,14.1360,20.0,1382.9
62825,14.1360,20.0,1382.9
62826,14.1360,20.0,1382.9
62827,14.1360,20.0,1382.9
62828,14.1360,20.0,1383.0
62829,14.1360,20.0,1383.0
62830,14.1360,20.0,1383.0
62831,14.1360,20.0,1383.0
62832,14.1360,20.0,1383.0
62833,14.1360,20.0,1383.1
62834,14.1360,20.0,1383.1
62835,14.1360,20.0,1383.1
62836,14.1360,20.0,1383.1
62837,14.1360,20.0,1383.1
62838,14.1360,20.0,1383.2
62839,14.1360,20.0,1383.2
62840,14.1360,20.0,1383.2
62841,14.1364,20.0,1383.2
62842,14.1364,20.0,1383.2
62843,14.1364,20.0,1383.3
62844,14.1364,20.0,1383.3
62845,14.1364,20.0,1383.3
62846,14.1364,20.0,1383.3
62847,14.1364,20.0,1383.3
62848,14.1364,20.0,1383.4
62849,14.1364,20.0,1383.4
62850,14.1364,20.0,1383.4
62851,14.1364,20.0,1383.4
62852,14.1364,20.0,1383.4
62853,14.1364,20.0,1383.5
62854,14.1364,20.0,1383.5
62855,14.1364,20.0,1383.5
62856,14.1364,20.0,1383.5
62857,14.1364,20.0,1383.5
62858,14.1364,20.0,1383.6
62859,14.1364,20.0,1383.6
62860,14.1364,20.0,1383.6
62861,14.1368,20.0,1383.6
62862,14.1368,20.0,1383.7
62863,14.1368,20.0,1383.7
62864,14.1368,20.0,1383.7
62865,14.1368,20.0,1383.7
62866,14.1368,20.0,1383.7
62867,14.1368,20.0,1383.7
62868,14.1368,20.0,1383.8
62869,14.1368,20.0,1383.8
62870,14.1368,20.0,1383.8
62871,14.1368,20.0,1383.8
62872,14.1368,20.0,1383.9
62873,14.1368,20.0,1383.9
62874,14.1368,20.0,1383.9
62875,14.1368,20.0,1383.9
62876,14.1368,20.0,1383.9
62877,14.1368,20.0,1384.0
62878,14.1368,20.0,1384.0
62879,14.1368,20.0,1384.0
62880,14.1368,20.0,1384.0
62881,14.1371,20.0,1384.1
62882,14.1371,20.0,1384.1
62883,14.1371,20.0,1384.1
62884,14.1371,20.0,1384.1
62885,14.1371,20.0,1384.1
62886,14.1371,20.0,1384.2
62887,14.1371,20.0,1384.2
62888,14.1371,20.0,1384.2
62889,14.1371,20.0,1384.2
62890,14.1371,20.0,1384.2
62891,14.1371,20.0,1384.2
62892,14.1371,20.0,1384.3
62893,14.1371,20.0,1384.3
62894,14.1371,20.0,1384.3
62895,14.1371,20.0,1384.3
62896,14.1371,20.0,1384.4
62897,14.1371,20.0,1384.4
62898,14.1371,20.0,1384.4
62899,14.1371,20.0,1384.4
62900,14.1371,20.0,1384.4
62901,14.1375,20.0,1384.4
62902,14.1375,20.0,1384.5
62903,14.1375,20.0,1384.5
62904,14.1375,20.0,1384.5
62905,14.1375,20.0,1384.5
62906,14.1375,20.0,1384.5
62907,14.1375,20.0,1384.6
62908,14.1375,20.0,1384.6
62909,14.1375,20.0,1384.6
62910,14.1375,20.0,1384.6
62911,14.1375,20.0,1384.6
62912,14.1375,20.0,1384.7
62913,14.1375,20.0,1384.7
62914,14.1375,20.0,1384.7
62915,14.1375,20.0,1384.7
62916,14.1375,20.0,1384.7
62917,14.1375,20.0,1384.8
62918,14.1375,20.0,1384.8
62919,14.1375,20.0,1384.8
62920,14.1375,20.0,1384.8
62921,14.1379,20.0,1384.8
62922,14.1379,20.0,1384.9
62923,14.1379,20.0,1384.9
62924,14.1379,20.0,1384.9
62925,14.1379,20.0,1384.9
62926,14.1379,20.0,1384.9
62927,14.1379,20.0,1385.0
62928,14.1379,20.0,1385.0
62929,14.1379,20.0,1385.0
62930,14.1379,20.0,1385.0
62931,14.1379,20.0,1385.0
62932,14.1379,20.0,1385.0
62933,14.1379,20.0,1385.1
62934,14.1379,20.0,1385.1
62935,14.1379,20.0,1385.1
62936,14.1379,20.0,1385.1
62937,14.1379,20.0,1385.1
62938,14.1379,20.0,1385.2
62939,14.1379,20.0,1385.2
62940,14.1379,20.0,1385.2
62941,14.1382,20.0,1385.2
62942,14.1382,20.0,1385.2
62943,14.1382,20.0,1385.3
62944,14.1382,20.0,1385.3
62945,14.1382,20.0,1385.3
62946,14.1382,20.0,1385.3
62947,14.1382,20.0,1385.3
62948,14.1382,20.0,1385.4
62949,14.1382,20.0,1385.4
62950,14.1382,20.0,1385.4
62951,14.1382,20.0,1385.4
62952,14.1382,20.0,1385.4
62953,14.1382,20.0,1385.5
62954,14.1382,20.0,1385.5
62955,14.1382,20.0,1385.5
62956,14.1382,20.0,1385.5
62957,14.1382,20.0,1385.5
62958,14.1382,20.0,1385.6
62959,14.1382,20.0,1385.6
62960,14.1382,20.0,1385.6
62961,14.1386,20.0,1385.6
62962,14.1386,20.0,1385.6
62963,14.1386,20.0,1385.7
62964,14.1386,20.0,1385.7
62965,14.1386,20.0,1385.7
62966,14.1386,20.0,1385.7
62967,14.1386,20.0,1385.8
62968,14.1386,20.0,1385.8
62969,14.1386,20.0,1385.8
62970,14.1386,20.0,1385.8
62971,14.1386,20.0,1385.8
62972,14.1386,20.0,1385.9
62973,14.1386,20.0,1385.9
62974,14.1386,20.0,1385.9
62975,14.1386,20.0,1385.9
62976,14.1386,20.0,1385.9
62977,14.1386,20.0,1386.2
62978,14.1386,20.0,1386.3
62979,14.1386,20.0,1386.3
62980,14.1386,20.0,1386.3
62981,14.1389,20.0,1386.3
62982,14.1389,20.0,1386.3
62983,14.1389,20.0,1386.4
62984,14.1389,20.0,1386.4
62985,14.1389,20.0,1386.4
62986,14.1389,20.0,1386.4
62987,14.1389,20.0,1386.4
62988,14.1389,20.0,1386.4
62989,14.1389,20.0,1386.5
62990,14.1389,20.0,1386.5
62991,14.1389,20.0,1386.5
62992,14.1389,20.0,1386.5
62993,14.1389,20.0,1386.5
62994,14.1389,20.0,1386.6
62995,14.1389,20.0,1386.6
62996,14.1389,20.0,1386.6
62997,14.1389,20.0,1386.6
62998,14.1389,20.0,1386.6
62999,14.1389,20.0,1386.7
63000,14.1389,20.0,1386.7
63001,14.1195,20.0,1386.7
63002,14.1195,20.0,1386.7
63003,14.1195,20.0,1386.7
63004,14.1195,20.0,1386.7
63005,14.1195,20.0,1386.8
63006,14.1195,20.0,1386.8
63007,14.1195,20.0,1386.8
63008,14.1195,20.0,1386.8
63009,14.1195,20.0,1386.9
63010,14.1195,20.0,1386.9
63011,14.1195,20.0,1386.9
63012,14.1195,20.0,1386.9
63013,14.1195,20.0,1386.9
63014,14.1195,20.0,1386.9
63015,14.1195,20.0,1387.0
63016,14.1195,20.0,1387.0
63017,14.1195,20.0,1387.0
63018,14.1195,20.0,1387.0
63019,14.1195,20.0,1387.0
63020,14.1195,20.0,1387.1
63021,14.1002,20.0,1387.1
63022,14.1002,20.0,1387.1
63023,14.1002,20.0,1387.1
63024,14.1002,20.0,1387.1
63025,14.1002,20.0,1387.2
63026,14.1002,20.0,1387.2
63027,14.1002,20.0,1387.2
63028,14.1002,20.0,1387.2
63029,14.1002,20.0,1387.2
63030,14.1002,20.0,1387.3
63031,14.1002,20.0,1387.3
63032,14.1002,20.0,1387.3
63033,14.1002,20.0,1387.3
63034,14.1002,20.0,1387.3
63035,14.1002,20.0,1387.4
63036,14.1002,20.0,1387.4
63037,14.1002,20.0,1387.4
63038,14.1002,20.0,1387.4
63039,14.1002,20.0,1387.4
63040,14.1002,20.0,1387.5
63041,14.0808,20.0,1387.5
63042,14.0808,20.0,1387.5
63043,14.0808,20.0,1387.5
63044,14.0808,20.0,1387.5
63045,14.0808,20.0,1387.6
63046,14.0808,20.0,1387.6
63047,14.0808,20.0,1387.6
63048,14.0808,20.0,1387.6
63049,14.0808,20.0,1387.6
63050,14.0808,20.0,1387.6
63051,14.0808,20.0,1387.7
63052,14.0808,20.0,1387.7
63053,14.0808,20.0,1387.7
63054,14.0808,20.0,1387.7
63055,14.0808,20.0,1387.7
63056,14.0808,20.0,1387.8
63057,14.0808,20.0,1387.8
63058,14.0808,20.0,1387.8
63059,14.0808,20.0,1387.8
63060,14.0808,20.0,1387.8
63061,14.0614,20.0,1387.9
63062,14.0614,20.0,1387.9
63063,14.0614,20.0,1387.9
63064,14.0614,20.0,1387.9
63065,14.0614,20.0,1387.9
63066,14.0614,20.0,1388.0
63067,14.0614,20.0,1388.0
63068,14.0614,20.0,1388.0
63069,14.0614,20.0,1388.0
63070,14.0614,20.0,1388.1
63071,14.0614,20.0,1388.1
63072,14.0614,20.0,1388.1
63073,14.0614,20.0,1388.1
63074,14.0614,20.0,1388.1
63075,14.0614,20.0,1388.2
63076,14.0614,20.0,1388.2
63077,14.0614,20.0,1388.2
63078,14.0614,20.0,1388.2
63079,14.0614,20.0,1388.2
63080,14.0614,20.0,1388.3
63081,14.0420,20.0,1388.3
63082,14.0420,20.0,1388.3
63083,14.0420,20.0,1388.3
63084,14.0420,20.0,1388.4
63085,14.0420,20.0,1388.4
63086,14.0420,20.0,1388.4
63087,14.0420,20.0,1388.4
63088,14.0420,20.0,1388.4
63089,14.0420,20.0,1388.5
63090,14.0420,20.0,1388.5
63091,14.0420,20.0,1388.5
63092,14.0420,20.0,1388.5
63093,14.0420,20.0,1388.5
63094,14.0420,20.0,1388.6
63095,14.0420,20.0,1388.6
63096,14.0420,20.0,1388.6
63097,14.0420,20.0,1388.6
63098,14.0420,20.0,1388.6
63099,14.0420,20.0,1388.7
63100,14.0420,20.0,1388.7
63101,14.0227,20.0,1388.7
63102,14.0227,20.0,1388.7
63103,14.0227,20.0,1388.7
63104,14.0227,20.0,1388.8
63105,14.0227,20.0,1388.8
63106,14.0227,20.0,1388.8
63107,14.0227,20.0,1388.8
63108,14.0227,20.0,1388.8
63109,14.0227,20.0,1388.8
63110,14.0227,20.0,1388.9
63111,14.0227,20.0,1388.9
63112,14.0227,20.0,1388.9
63113,14.0227,20.0,1388.9
63114,14.0227,20.0,1388.9
63115,14.0227,20.0,1389.0
63116,14.0227,20.0,1389.0
63117,14.0227,20.0,1389.0
63118,14.0227,20.0,1389.0
63119,14.0227,20.0,1389.0
63120,14.0227,20.0,1389.1
63121,14.0033,20.0,1389.1
63122,14.0033,20.0,1389.1
63123,14.0033,20.0,1389.1
63124,14.0033,20.0,1389.1
63125,14.0033,20.0,1389.2
63126,14.0033,20.0,1389.2
63127,14.0033,20.0,1389.2
63128,14.0033,20.0,1389.2
63129,14.0033,20.0,1389.2
63130,14.0033,20.0,1389.3
63131,14.0033,20.0,1389.3
63132,14.0033,20.0,1389.3
63133,14.0033,20.0,1389.3
63134,14.0033,20.0,1389.3
63135,14.0033,20.0,1389.3
63136,14.0033,20.0,1389.4
63137,14.0033,20.0,1389.4
63138,14.0033,20.0,1389.4
63139,14.0033,20.0,1389.4
63140,14.0033,20.0,1389.4
63141,13.9839,20.0,1389.5
63142,13.9839,20.0,1389.5
63143,13.9839,20.0,1389.5
63144,13.9839,20.0,1389.5
63145,13.9839,20.0,1389.6
63146,13.9839,20.0,1389.6
63147,13.9839,20.0,1389.6
63148,13.9839,20.0,1389.6
63149,13.9839,20.0,1389.6
63150,13.9839,20.0,1389.7
63151,13.9839,20.0,1389.7
63152,13.9839,20.0,1389.7
63153,13.9839,20.0,1389.7
63154,13.9839,20.0,1389.7
63155,13.9839,20.0,1389.8
63156,13.9839,20.0,1389.8
63157,13.9839,20.0,1389.8
63158,13.9839,20.0,1389.8
63159,13.9839,20.0,1389.9
63160,13.9839,20.0,1389.9
63161,13.9645,20.0,1389.9
63162,13.9645,20.0,1389.9
63163,13.9645,20.0,1389.9
63164,13.9645,20.0,1390.0
63165,13.9645,20.0,1390.0
63166,13.9645,20.0,1390.0
63167,13.9645,20.0,1390.0
63168,13.9645,20.0,1390.0
63169,13.9645,20.0,1390.1
63170,13.9645,20.0,1390.1
63171,13.9645,20.0,1390.1
63172,13.9645,20.0,1390.1
63173,13.9645,20.0,1390.1
63174,13.9645,20.0,1390.2
63175,13.9645,20.0,1390.2
63176,13.9645,20.0,1390.2
63177,13.9645,20.0,1390.2
63178,13.9645,20.0,1390.3
63179,13.9645,20.0,1390.3
63180,13.9645,20.0,1390.3
63181,13.9451,20.0,1390.3
63182,13.9451,20.0,1390.3
63183,13.9451,20.0,1390.4
63184,13.9451,20.0,1390.4
63185,13.9451,20.0,1390.4
63186,13.9451,20.0,1390.4
63187,13.9451,20.0,1390.4
63188,13.9451,20.0,1390.5
63189,13.9451,20.0,1390.5
63190,13.9451,20.0,1390.5
63191,13.9451,20.0,1390.5
63192,13.9451,20.0,1390.5
63193,13.9451,20.0,1390.6
63194,13.9451,20.0,1390.6
63195,13.9451,20.0,1390.6
63196,13.9451,20.0,1390.6
63197,13.9451,20.0,1390.6
63198,13.9451,20.0,1390.7
63199,13.9451,20.0,1390.7
63200,13.9451,20.0,1390.7
63201,13.9258,20.0,1390.7
63202,13.9258,20.0,1390.7
63203,13.9258,20.0,1390.8
63204,13.9258,20.0,1390.8
63205,13.9258,20.0,1390.8
63206,13.9258,20.0,1390.8
63207,13.9258,20.0,1390.9
63208,13.9258,20.0,1390.9
63209,13.9258,20.0,1390.9
63210,13.9258,20.0,1390.9
63211,13.9258,20.0,1390.9
63212,13.9258,20.0,1390.9
63213,13.9258,20.0,1391.0
63214,13.9258,20.0,1391.0
63215,13.9258,20.0,1391.0
63216,13.9258,20.0,1391.0
63217,13.9258,20.0,1391.1
63218,13.9258,20.0,1391.1
63219,13.9258,20.0,1391.1
63220,13.9258,20.0,1391.1
63221,13.9064,20.0,1391.1
63222,13.9064,20.0,1391.1
63223,13.9064,20.0,1391.2
63224,13.9064,20.0,1391.2
63225,13.9064,20.0,1391.2
63226,13.9064,20.0,1391.2
63227,13.9064,20.0,1391.2
63228,13.9064,20.0,1391.3
63229,13.9064,20.0,1391.3
63230,13.9064,20.0,1391.3
63231,13.9064,20.0,1391.3
63232,13.9064,20.0,1391.3
63233,13.9064,20.0,1391.4
63234,13.9064,20.0,1391.4
63235,13.9064,20.0,1391.4
63236,13.9064,20.0,1391.4
63237,13.9064,20.0,1391.4
63238,13.9064,20.0,1391.4
63239,13.9064,20.0,1391.5
63240,13.9064,20.0,1391.5
63241,13.8870,20.0,1391.5
63242,13.8870,20.0,1391.5
63243,13.8870,20.0,1391.5
63244,13.8870,20.0,1391.6
63245,13.8870,20.0,1391.6
63246,13.8870,20.0,1391.6
63247,13.8870,20.0,1391.6
63248,13.8870,20.0,1391.6
63249,13.8870,20.0,1391.7
63250,13.8870,20.0,1391.7
63251,13.8870,20.0,1391.7
63252,13.8870,20.0,1391.7
63253,13.8870,20.0,1391.7
63254,13.8870,20.0,1391.8
63255,13.8870,20.0,1391.8
63256,13.8870,20.0,1391.8
63257,13.8870,20.0,1391.8
63258,13.8870,20.0,1391.8
63259,13.8870,20.0,1391.9
63260,13.8870,20.0,1391.9
63261,13.8676,20.0,1391.9
63262,13.8676,20.0,1391.9
63263,13.8676,20.0,1392.0
63264,13.8676,20.0,1392.0
63265,13.8676,20.0,1392.0
63266,13.8676,20.0,1392.0
63267,13.8676,20.0,1392.0
63268,13.8676,20.0,1392.1
63269,13.8676,20.0,1392.1
63270,13.8676,20.0,1392.1
63271,13.8676,20.0,1392.1
63272,13.8676,20.0,1392.1
63273,13.8676,20.0,1392.2
63274,13.8676,20.0,1392.2
63275,13.8676,20.0,1392.2
63276,13.8676,20.0,1392.2
63277,13.8676,20.0,1392.2
63278,13.8676,20.0,1392.2
63279,13.8676,20.0,1392.3
63280,13.8676,20.0,1392.3
63281,13.8483,20.0,1392.3
63282,13.8483,20.0,1392.3
63283,13.8483,20.0,1392.4
63284,13.8483,20.0,1392.4
63285,13.8483,20.0,1392.4
63286,13.8483,20.0,1392.4
63287,13.8483,20.0,1392.4
63288,13.8483,20.0,1392.5
63289,13.8483,20.0,1392.5
63290,13.8483,20.0,1392.5
63291,13.8483,20.0,1392.5
63292,13.8483,20.0,1392.6
63293,13.8483,20.0,1392.6
63294,13.8483,20.0,1392.6
63295,13.8483,20.0,1392.6
63296,13.8483,20.0,1392.7
63297,13.8483,20.0,1392.7
63298,13.8483,20.0,1392.7
63299,13.8483,20.0,1392.7
63300,13.8483,20.0,1392.7
63301,13.8289,20.0,1392.7
63302,13.8289,20.0,1392.8
63303,13.8289,20.0,1392.8
63304,13.8289,20.0,1392.8
63305,13.8289,20.0,1392.8
63306,13.8289,20.0,1392.8
63307,13.8289,20.0,1392.9
63308,13.8289,20.0,1392.9
63309,13.8289,20.0,1392.9
63310,13.8289,20.0,1392.9
63311,13.8289,20.0,1393.0
63312,13.8289,20.0,1393.0
63313,13.8289,20.0,1393.0
63314,13.8289,20.0,1393.0
63315,13.8289,20.0,1393.0
63316,13.8289,20.0,1393.1
63317,13.8289,20.0,1393.1
63318,13.8289,20.0,1393.1
63319,13.8289,20.0,1393.1
63320,13.8289,20.0,1393.1
63321,13.8095,20.0,1393.2
63322,13.8095,20.0,1393.2
63323,13.8095,20.0,1393.2
63324,13.8095,20.0,1393.2
63325,13.8095,20.0,1393.2
63326,13.8095,20.0,1393.3
63327,13.8095,20.0,1393.3
63328,13.8095,20.0,1393.3
63329,13.8095,20.0,1393.3
63330,13.8095,20.0,1393.3
63331,13.8095,20.0,1393.4
63332,13.8095,20.0,1393.4
63333,13.8095,20.0,1393.4
63334,13.8095,20.0,1393.4
63335,13.8095,20.0,1393.4
63336,13.8095,20.0,1393.4
63337,13.8095,20.0,1393.5
63338,13.8095,20.0,1393.5
63339,13.8095,20.0,1393.5
63340,13.8095,20.0,1393.5
63341,13.7901,20.0,1393.5
63342,13.7901,20.0,1393.6
63343,13.7901,20.0,1393.6
63344,13.7901,20.0,1393.6
63345,13.7901,20.0,1393.6
63346,13.7901,20.0,1393.6
63347,13.7901,20.0,1393.7
63348,13.7901,20.0,1393.7
63349,13.7901,20.0,1393.7
63350,13.7901,20.0,1393.7
63351,13.7901,20.0,1393.7
63352,13.7901,20.0,1393.8
63353,13.7901,20.0,1393.8
63354,13.7901,20.0,1393.8
63355,13.7901,20.0,1393.8
63356,13.7901,20.0,1393.8
63357,13.7901,20.0,1393.9
63358,13.7901,20.0,1393.9
63359,13.7901,20.0,1393.9
63360,13.7901,20.0,1393.9
63361,13.7708,20.0,1393.9
63362,13.7708,20.0,1394.0
63363,13.7708,20.0,1394.0
63364,13.7708,20.0,1394.0
63365,13.7708,20.0,1394.0
63366,13.7708,20.0,1394.0
63367,13.7708,20.0,1394.0
63368,13.7708,20.0,1394.1
63369,13.7708,20.0,1394.1
63370,13.7708,20.0,1394.1
63371,13.7708,20.0,1394.1
63372,13.7708,20.0,1394.1
63373,13.7708,20.0,1394.2
63374,13.7708,20.0,1394.2
63375,13.7708,20.0,1394.2
63376,13.7708,20.0,1394.2
63377,13.7708,20.0,1394.2
63378,13.7708,20.0,1394.3
63379,13.7708,20.0,1394.3
63380,13.7708,20.0,1394.3
63381,13.7514,20.0,1394.3
63382,13.7514,20.0,1394.3
63383,13.7514,20.0,1394.4
63384,13.7514,20.0,1394.4
63385,13.7514,20.0,1394.4
63386,13.7514,20.0,1394.4
63387,13.7514,20.0,1394.4
63388,13.7514,20.0,1394.4
63389,13.7514,20.0,1394.5
63390,13.7514,20.0,1394.5
63391,13.7514,20.0,1394.5
63392,13.7514,20.0,1394.5
63393,13.7514,20.0,1394.5
63394,13.7514,20.0,1394.6
63395,13.7514,20.0,1394.6
63396,13.7514,20.0,1394.6
63397,13.7514,20.0,1394.6
63398,13.7514,20.0,1394.7
63399,13.7514,20.0,1394.7
63400,13.7514,20.0,1394.7
63401,13.7320,20.0,1394.7
63402,13.7320,20.0,1394.7
63403,13.7320,20.0,1394.8
63404,13.7320,20.0,1394.8
63405,13.7320,20.0,1394.8
63406,13.7320,20.0,1394.8
63407,13.7320,20.0,1394.8
63408,13.7320,20.0,1394.9
63409,13.7320,20.0,1394.9
63410,13.7320,20.0,1394.9
63411,13.7320,20.0,1394.9
63412,13.7320,20.0,1394.9
63413,13.7320,20.0,1395.0
63414,13.7320,20.0,1395.0
63415,13.7320,20.0,1395.0
63416,13.7320,20.0,1395.0
63417,13.7320,20.0,1395.0
63418,13.7320,20.0,1395.0
63419,13.7320,20.0,1395.1
63420,13.7320,20.0,1395.1
63421,13.7126,20.0,1395.1
63422,13.7126,20.0,1395.1
63423,13.7126,20.0,1395.2
63424,13.7126,20.0,1395.2
63425,13.7126,20.0,1395.2
63426,13.7126,20.0,1395.2
63427,13.7126,20.0,1395.2
63428,13.7126,20.0,1395.3
63429,13.7126,20.0,1395.3
63430,13.7126,20.0,1395.3
63431,13.7126,20.0,1395.3
63432,13.7126,20.0,1395.3
63433,13.7126,20.0,1395.3
63434,13.7126,20.0,1395.4
63435,13.7126,20.0,1395.4
63436,13.7126,20.0,1395.4
63437,13.7126,20.0,1395.4
63438,13.7126,20.0,1395.4
63439,13.7126,20.0,1395.5
63440,13.7126,20.0,1395.5
63441,13.6932,20.0,1395.5
63442,13.6932,20.0,1395.5
63443,13.6932,20.0,1395.5
63444,13.6932,20.0,1395.6
63445,13.6932,20.0,1395.6
63446,13.6932,20.0,1395.6
63447,13.6932,20.0,1395.6
63448,13.6932,20.0,1395.6
63449,13.6932,20.0,1395.7
63450,13.6932,20.0,1395.7
63451,13.6932,20.0,1395.7
63452,13.6932,20.0,1395.7
63453,13.6932,20.0,1395.8
63454,13.6932,20.0,1395.8
63455,13.6932,20.0,1395.8
63456,13.6932,20.0,1395.8
63457,13.6932,20.0,1395.9
63458,13.6932,20.0,1395.9
63459,13.6932,20.0,1395.9
63460,13.6932,20.0,1395.9
63461,13.6541,20.0,1396.0
63462,13.6541,20.0,1396.0
63463,13.6541,20.0,1396.0
63464,13.6541,20.0,1396.0
63465,13.6541,20.0,1396.0
63466,13.6541,20.0,1396.1
63467,13.6541,20.0,1396.1
63468,13.6541,20.0,1396.1
63469,13.6541,20.0,1396.1
63470,13.6541,20.0,1396.2
63471,13.6541,20.0,1396.2
63472,13.6541,20.0,1396.2
63473,13.6541,20.0,1396.2
63474,13.6541,20.0,1396.2
63475,13.6541,20.0,1396.3
63476,13.6541,20.0,1396.3
63477,13.6541,20.0,1396.3
63478,13.6541,20.0,1396.3
63479,13.6541,20.0,1396.3
63480,13.6541,20.0,1396.4
63481,13.6151,20.0,1396.4
63482,13.6151,20.0,1396.4
63483,13.6151,20.0,1396.4
63484,13.6151,20.0,1396.5
63485,13.6151,20.0,1396.5
63486,13.6151,20.0,1396.5
63487,13.6151,20.0,1396.5
63488,13.6151,20.0,1396.5
63489,13.6151,20.0,1396.8
63490,13.6151,20.0,1396.9
63491,13.6151,20.0,1396.9
63492,13.6151,20.0,1396.9
63493,13.6151,20.0,1396.9
63494,13.6151,20.0,1397.0
63495,13.6151,20.0,1397.0
63496,13.6151,20.0,1397.0
63497,13.6151,20.0,1397.0
63498,13.6151,20.0,1397.0
63499,13.6151,20.0,1397.0
63500,13.6151,20.0,1397.1
63501,13.5760,20.0,1397.1
63502,13.5760,20.0,1397.1
63503,13.5760,20.0,1397.1
63504,13.5760,20.0,1397.1
63505,13.5760,20.0,1397.2
63506,13.5760,20.0,1397.2
63507,13.5760,20.0,1397.2
63508,13.5760,20.0,1397.2
63509,13.5760,20.0,1397.2
63510,13.5760,20.0,1397.3
63511,13.5760,20.0,1397.3
63512,13.5760,20.0,1397.3
63513,13.5760,20.0,1397.3
63514,13.5760,20.0,1397.3
63515,13.5760,20.0,1397.4
63516,13.5760,20.0,1397.4
63517,13.5760,20.0,1397.4
63518,13.5760,20.0,1397.4
63519,13.5760,20.0,1397.4
63520,13.5760,20.0,1397.5
63521,13.5367,20.0,1397.5
63522,13.5367,20.0,1397.5
63523,13.5367,20.0,1397.5
63524,13.5367,20.0,1397.5
63525,13.5367,20.0,1397.6
63526,13.5367,20.0,1397.6
63527,13.5367,20.0,1397.6
63528,13.5367,20.0,1397.6
63529,13.5367,20.0,1397.6
63530,13.5367,20.0,1397.6
63531,13.5367,20.0,1397.7
63532,13.5367,20.0,1397.7
63533,13.5367,20.0,1397.7
63534,13.5367,20.0,1397.7
63535,13.5367,20.0,1397.7
63536,13.5367,20.0,1397.8
63537,13.5367,20.0,1397.8
63538,13.5367,20.0,1397.8
63539,13.5367,20.0,1397.8
63540,13.5367,20.0,1397.9
63541,13.4975,20.0,1397.9
63542,13.4975,20.0,1397.9
63543,13.4975,20.0,1397.9
63544,13.4975,20.0,1397.9
63545,13.4975,20.0,1398.0
63546,13.4975,20.0,1398.0
63547,13.4975,20.0,1398.0
63548,13.4975,20.0,1398.0
63549,13.4975,20.0,1398.0
63550,13.4975,20.0,1398.1
63551,13.4975,20.0,1398.1
63552,13.4975,20.0,1398.1
63553,13.4975,20.0,1398.1
63554,13.4975,20.0,1398.1
63555,13.4975,20.0,1398.1
63556,13.4975,20.0,1398.2
63557,13.4975,20.0,1398.2
63558,13.4975,20.0,1398.2
63559,13.4975,20.0,1398.2
63560,13.4975,20.0,1398.3
63561,13.4582,20.0,1398.3
63562,13.4582,20.0,1398.3
63563,13.4582,20.0,1398.3
63564,13.4582,20.0,1398.3
63565,13.4582,20.0,1398.4
63566,13.4582,20.0,1398.4
63567,13.4582,20.0,1398.4
63568,13.4582,20.0,1398.4
63569,13.4582,20.0,1398.4
63570,13.4582,20.0,1398.5
63571,13.4582,20.0,1398.5
63572,13.4582,20.0,1398.5
63573,13.4582,20.0,1398.5
63574,13.4582,20.0,1398.5
63575,13.4582,20.0,1398.5
63576,13.4582,20.0,1398.6
63577,13.4582,20.0,1398.6
63578,13.4582,20.0,1398.6
63579,13.4582,20.0,1398.6
63580,13.4582,20.0,1398.7
63581,13.4190,20.0,1398.7
63582,13.4190,20.0,1398.7
63583,13.4190,20.0,1398.7
63584,13.4190,20.0,1398.7
63585,13.4190,20.0,1398.8
63586,13.4190,20.0,1398.8
63587,13.4190,20.0,1398.8
63588,13.4190,20.0,1398.8
63589,13.4190,20.0,1398.8
63590,13.4190,20.0,1398.8
63591,13.4190,20.0,1398.9
63592,13.4190,20.0,1398.9
63593,13.4190,20.0,1398.9
63594,13.4190,20.0,1398.9
63595,13.4190,20.0,1398.9
63596,13.4190,20.0,1398.9
63597,13.4190,20.0,1399.0
63598,13.4190,20.0,1399.0
63599,13.4190,20.0,1399.0
63600,13.4190,20.0,1399.0
63601,13.3797,20.0,1399.1
63602,13.3797,20.0,1399.1
63603,13.3797,20.0,1399.1
63604,13.3797,20.0,1399.1
63605,13.3797,20.0,1399.2
63606,13.3797,20.0,1399.2
63607,13.3797,20.0,1399.2
63608,13.3797,20.0,1399.2
63609,13.3797,20.0,1399.2
63610,13.3797,20.0,1399.3
63611,13.3797,20.0,1399.3
63612,13.3797,20.0,1399.3
63613,13.3797,20.0,1399.3
63614,13.3797,20.0,1399.3
63615,13.3797,20.0,1399.3
63616,13.3797,20.0,1399.4
63617,13.3797,20.0,1399.4
63618,13.3797,20.0,1399.4
63619,13.3797,20.0,1399.4
63620,13.3797,20.0,1399.4
63621,13.3405,20.0,1399.5
63622,13.3405,20.0,1399.5
63623,13.3405,20.0,1399.5
63624,13.3405,20.0,1399.5
63625,13.3405,20.0,1399.5
63626,13.3405,20.0,1399.6
63627,13.3405,20.0,1399.6
63628,13.3405,20.0,1399.6
63629,13.3405,20.0,1399.6
63630,13.3405,20.0,1399.6
63631,13.3405,20.0,1399.7
63632,13.3405,20.0,1399.7
63633,13.3405,20.0,1399.7
63634,13.3405,20.0,1399.7
63635,13.3405,20.0,1399.7
63636,13.3405,20.0,1399.8
63637,13.3405,20.0,1399.8
63638,13.3405,20.0,1399.8
63639,13.3405,20.0,1399.8
63640,13.3405,20.0,1399.8
63641,13.3012,20.0,1399.8
63642,13.3012,20.0,1399.9
63643,13.3012,20.0,1399.9
63644,13.3012,20.0,1399.9
63645,13.3012,20.0,1399.9
63646,13.3012,20.0,1399.9
63647,13.3012,20.0,1400.0
63648,13.3012,20.0,1400.0
63649,13.3012,20.0,1400.0
63650,13.3012,20.0,1400.0
63651,13.3012,20.0,1400.0
63652,13.3012,20.0,1400.1
63653,13.3012,20.0,1400.1
63654,13.3012,20.0,1400.1
63655,13.3012,20.0,1400.1
63656,13.3012,20.0,1400.1
63657,13.3012,20.0,1400.2
63658,13.3012,20.0,1400.2
63659,13.3012,20.0,1400.2
63660,13.3012,20.0,1400.2
63661,13.2620,20.0,1400.2
63662,13.2620,20.0,1400.3
63663,13.2620,20.0,1400.3
63664,13.2620,20.0,1400.3
63665,13.2620,20.0,1400.3
63666,13.2620,20.0,1400.4
63667,13.2620,20.0,1400.4
63668,13.2620,20.0,1400.4
63669,13.2620,20.0,1400.4
63670,13.2620,20.0,1400.4
63671,13.2620,20.0,1400.4
63672,13.2620,20.0,1400.4
63673,13.2620,20.0,1400.5
63674,13.2620,20.0,1400.5
63675,13.2620,20.0,1400.5
63676,13.2620,20.0,1400.5
63677,13.2620,20.0,1400.5
63678,13.2620,20.0,1400.6
63679,13.2620,20.0,1400.6
63680,13.2620,20.0,1400.6
63681,13.2227,20.0,1400.6
63682,13.2227,20.0,1400.7
63683,13.2227,20.0,1400.7
63684,13.2227,20.0,1400.7
63685,13.2227,20.0,1400.7
63686,13.2227,20.0,1400.7
63687,13.2227,20.0,1400.7
63688,13.2227,20.0,1400.8
63689,13.2227,20.0,1400.8
63690,13.2227,20.0,1400.8
63691,13.2227,20.0,1400.8
63692,13.2227,20.0,1400.8
63693,13.2227,20.0,1400.9
63694,13.2227,20.0,1400.9
63695,13.2227,20.0,1400.9
63696,13.2227,20.0,1400.9
63697,13.2227,20.0,1400.9
63698,13.2227,20.0,1401.0
63699,13.2227,20.0,1401.0
63700,13.2227,20.0,1401.0
63701,13.1835,20.0,1401.0
63702,13.1835,20.0,1401.1
63703,13.1835,20.0,1401.1
63704,13.1835,20.0,1401.1
63705,13.1835,20.0,1401.1
63706,13.1835,20.0,1401.1
63707,13.1835,20.0,1401.2
63708,13.1835,20.0,1401.2
63709,13.1835,20.0,1401.2
63710,13.1835,20.0,1401.2
63711,13.1835,20.0,1401.3
63712,13.1835,20.0,1401.3
63713,13.1835,20.0,1401.3
63714,13.1835,20.0,1401.3
63715,13.1835,20.0,1401.4
63716,13.1835,20.0,1401.4
63717,13.1835,20.0,1401.4
63718,13.1835,20.0,1401.4
63719,13.1835,20.0,1401.4
63720,13.1835,20.0,1401.5
63721,13.1443,20.0,1401.5
63722,13.1443,20.0,1401.5
63723,13.1443,20.0,1401.5
63724,13.1443,20.0,1401.5
63725,13.1443,20.0,1401.6
63726,13.1443,20.0,1401.6
63727,13.1443,20.0,1401.6
63728,13.1443,20.0,1401.6
63729,13.1443,20.0,1401.6
63730,13.1443,20.0,1401.7
63731,13.1443,20.0,1401.7
63732,13.1443,20.0,1401.7
63733,13.1443,20.0,1401.7
63734,13.1443,20.0,1401.7
63735,13.1443,20.0,1401.8
63736,13.1443,20.0,1401.8
63737,13.1443,20.0,1401.8
63738,13.1443,20.0,1401.8
63739,13.1443,20.0,1401.9
63740,13.1443,20.0,1401.9
63741,13.1050,20.0,1401.9
63742,13.1050,20.0,1401.9
63743,13.1050,20.0,1401.9
63744,13.1050,20.0,1402.0
63745,13.1050,20.0,1402.0
63746,13.1050,20.0,1402.0
63747,13.1050,20.0,1402.0
63748,13.1050,20.0,1402.0
63749,13.1050,20.0,1402.1
63750,13.1050,20.0,1402.1
63751,13.1050,20.0,1402.1
63752,13.1050,20.0,1402.1
63753,13.1050,20.0,1402.1
63754,13.1050,20.0,1402.2
63755,13.1050,20.0,1402.2
63756,13.1050,20.0,1402.2
63757,13.1050,20.0,1402.2
63758,13.1050,20.0,1402.2
63759,13.1050,20.0,1402.3
63760,13.1050,20.0,1402.3
63761,13.0658,20.0,1402.3
63762,13.0658,20.0,1402.3
63763,13.0658,20.0,1402.3
63764,13.0658,20.0,1402.4
63765,13.0658,20.0,1402.4
63766,13.0658,20.0,1402.4
63767,13.0658,20.0,1402.4
63768,13.0658,20.0,1402.4
63769,13.0658,20.0,1402.5
63770,13.0658,20.0,1402.5
63771,13.0658,20.0,1402.5
63772,13.0658,20.0,1402.5
63773,13.0658,20.0,1402.5
63774,13.0658,20.0,1402.6
63775,13.0658,20.0,1402.6
63776,13.0658,20.0,1402.6
63777,13.0658,20.0,1402.6
63778,13.0658,20.0,1402.6
63779,13.0658,20.0,1402.7
63780,13.0658,20.0,1402.7
63781,13.0265,20.0,1402.7
63782,13.0265,20.0,1402.7
63783,13.0265,20.0,1402.7
63784,13.0265,20.0,1402.8
63785,13.0265,20.0,1402.8
63786,13.0265,20.0,1402.8
63787,13.0265,20.0,1402.8
63788,13.0265,20.0,1402.8
63789,13.0265,20.0,1402.9
63790,13.0265,20.0,1402.9
63791,13.0265,20.0,1402.9
63792,13.0265,20.0,1402.9
63793,13.0265,20.0,1402.9
63794,13.0265,20.0,1402.9
63795,13.0265,20.0,1403.0
63796,13.0265,20.0,1403.0
63797,13.0265,20.0,1403.0
63798,13.0265,20.0,1403.0
63799,13.0265,20.0,1403.0
63800,13.0265,20.0,1403.1
63801,12.9873,20.0,1403.1
63802,12.9873,20.0,1403.1
63803,12.9873,20.0,1403.1
63804,12.9873,20.0,1403.1
63805,12.9873,20.0,1403.2
63806,12.9873,20.0,1403.2
63807,12.9873,20.0,1403.2
63808,12.9873,20.0,1403.2
63809,12.9873,20.0,1403.2
63810,12.9873,20.0,1403.2
63811,12.9873,20.0,1403.3
63812,12.9873,20.0,1403.3
63813,12.9873,20.0,1403.3
63814,12.9873,20.0,1403.3
63815,12.9873,20.0,1403.3
63816,12.9873,20.0,1403.4
63817,12.9873,20.0,1403.4
63818,12.9873,20.0,1403.4
63819,12.9873,20.0,1403.4
63820,12.9873,20.0,1403.4
63821,12.9480,20.0,1403.5
63822,12.9480,20.0,1403.5
63823,12.9480,20.0,1403.5
63824,12.9480,20.0,1403.5
63825,12.9480,20.0,1403.5
63826,12.9480,20.0,1403.6
63827,12.9480,20.0,1403.6
63828,12.9480,20.0,1403.6
63829,12.9480,20.0,1403.6
63830,12.9480,20.0,1403.6
63831,12.9480,20.0,1403.7
63832,12.9480,20.0,1403.7
63833,12.9480,20.0,1403.7
63834,12.9480,20.0,1403.7
63835,12.9480,20.0,1403.7
63836,12.9480,20.0,1403.8
63837,12.9480,20.0,1403.8
63838,12.9480,20.0,1403.8
63839,12.9480,20.0,1403.8
63840,12.9480,20.0,1403.8
63841,12.9088,20.0,1403.9
63842,12.9088,20.0,1403.9
63843,12.9088,20.0,1403.9
63844,12.9088,20.0,1403.9
63845,12.9088,20.0,1403.9
63846,12.9088,20.0,1404.0
63847,12.9088,20.0,1404.0
63848,12.9088,20.0,1404.0
63849,12.9088,20.0,1404.0
63850,12.9088,20.0,1404.0
63851,12.9088,20.0,1404.1
63852,12.9088,20.0,1404.1
63853,12.9088,20.0,1404.1
63854,12.9088,20.0,1404.1
63855,12.9088,20.0,1404.1
63856,12.9088,20.0,1404.1
63857,12.9088,20.0,1404.2
63858,12.9088,20.0,1404.2
63859,12.9088,20.0,1404.2
63860,12.9088,20.0,1404.2
63861,12.8695,20.0,1404.2
63862,12.8695,20.0,1404.3
63863,12.8695,20.0,1404.3
63864,12.8695,20.0,1404.3
63865,12.8695,20.0,1404.3
63866,12.8695,20.0,1404.3
63867,12.8695,20.0,1404.4
63868,12.8695,20.0,1404.4
63869,12.8695,20.0,1404.4
63870,12.8695,20.0,1404.4
63871,12.8695,20.0,1404.4
63872,12.8695,20.0,1404.5
63873,12.8695,20.0,1404.5
63874,12.8695,20.0,1404.5
63875,12.8695,20.0,1404.5
63876,12.8695,20.0,1404.5
63877,12.8695,20.0,1404.5
63878,12.8695,20.0,1404.6
63879,12.8695,20.0,1404.6
63880,12.8695,20.0,1404.6
63881,12.8303,20.0,1404.6
63882,12.8303,20.0,1404.7
63883,12.8303,20.0,1404.7
63884,12.8303,20.0,1404.7
63885,12.8303,20.0,1404.7
63886,12.8303,20.0,1404.7
63887,12.8303,20.0,1404.8
63888,12.8303,20.0,1404.8
63889,12.8303,20.0,1404.8
63890,12.8303,20.0,1404.8
63891,12.8303,20.0,1404.8
63892,12.8303,20.0,1404.9
63893,12.8303,20.0,1404.9
63894,12.8303,20.0,1404.9
63895,12.8303,20.0,1404.9
63896,12.8303,20.0,1404.9
63897,12.8303,20.0,1405.0
63898,12.8303,20.0,1405.0
63899,12.8303,20.0,1405.0
63900,12.8303,20.0,1405.0
63901,12.7910,20.0,1405.0
63902,12.7910,20.0,1405.1
63903,12.7910,20.0,1405.1
63904,12.7910,20.0,1405.1
63905,12.7910,20.0,1405.1
63906,12.7910,20.0,1405.1
63907,12.7910,20.0,1405.2
63908,12.7910,20.0,1405.2
63909,12.7910,20.0,1405.2
63910,12.7910,20.0,1405.2
63911,12.7910,20.0,1405.2
63912,12.7910,20.0,1405.3
63913,12.7910,20.0,1405.3
63914,12.7910,20.0,1405.3
63915,12.7910,20.0,1405.3
63916,12.7910,20.0,1405.3
63917,12.7910,20.0,1405.4
63918,12.7910,20.0,1405.4
63919,12.7910,20.0,1405.4
63920,12.7910,20.0,1405.4
63921,12.7518,20.0,1405.4
63922,12.7518,20.0,1405.5
63923,12.7518,20.0,1405.5
63924,12.7518,20.0,1405.5
63925,12.7518,20.0,1405.5
63926,12.7518,20.0,1405.6
63927,12.7518,20.0,1405.6
63928,12.7518,20.0,1405.6
63929,12.7518,20.0,1405.6
63930,12.7518,20.0,1405.7
63931,12.7518,20.0,1405.7
63932,12.7518,20.0,1405.7
63933,12.7518,20.0,1405.7
63934,12.7518,20.0,1405.7
63935,12.7518,20.0,1405.8
63936,12.7518,20.0,1405.8
63937,12.7518,20.0,1405.8
63938,12.7518,20.0,1405.8
63939,12.7518,20.0,1405.8
63940,12.7518,20.0,1405.8
63941,12.7125,20.0,1405.9
63942,12.7125,20.0,1405.9
63943,12.7125,20.0,1405.9
63944,12.7125,20.0,1405.9
63945,12.7125,20.0,1406.0
63946,12.7125,20.0,1406.0
63947,12.7125,20.0,1406.0
63948,12.7125,20.0,1406.0
63949,12.7125,20.0,1406.0
63950,12.7125,20.0,1406.1
63951,12.7125,20.0,1406.1
63952,12.7125,20.0,1406.1
63953,12.7125,20.0,1406.1
63954,12.7125,20.0,1406.1
63955,12.7125,20.0,1406.1
63956,12.7125,20.0,1406.2
63957,12.7125,20.0,1406.2
63958,12.7125,20.0,1406.2
63959,12.7125,20.0,1406.2
63960,12.7125,20.0,1406.3
63961,12.7128,20.0,1406.3
63962,12.7128,20.0,1406.3
63963,12.7128,20.0,1406.3
63964,12.7128,20.0,1406.3
63965,12.7128,20.0,1406.3
63966,12.7128,20.0,1406.4
63967,12.7128,20.0,1406.4
63968,12.7128,20.0,1406.4
63969,12.7128,20.0,1406.4
63970,12.7128,20.0,1406.5
63971,12.7128,20.0,1406.5
63972,12.7128,20.0,1406.5
63973,12.7128,20.0,1406.5
63974,12.7128,20.0,1406.5
63975,12.7128,20.0,1406.6
63976,12.7128,20.0,1406.6
63977,12.7128,20.0,1406.6
63978,12.7128,20.0,1406.6
63979,12.7128,20.0,1406.6
63980,12.7128,20.0,1406.6
63981,12.7130,20.0,1406.7
63982,12.7130,20.0,1406.7
63983,12.7130,20.0,1406.7
63984,12.7130,20.0,1406.7
63985,12.7130,20.0,1406.7
63986,12.7130,20.0,1406.8
63987,12.7130,20.0,1406.8
63988,12.7130,20.0,1406.8
63989,12.7130,20.0,1406.8
63990,12.7130,20.0,1406.8
63991,12.7130,20.0,1406.9
63992,12.7130,20.0,1406.9
63993,12.7130,20.0,1406.9
63994,12.7130,20.0,1406.9
63995,12.7130,20.0,1406.9
63996,12.7130,20.0,1406.9
63997,12.7130,20.0,1407.0
63998,12.7130,20.0,1407.0
63999,12.7130,20.0,1407.0
64000,12.7130,20.0,1407.0
64001,12.7132,20.0,1407.3
64002,12.7132,20.0,1407.3
64003,12.7132,20.0,1407.3
64004,12.7132,20.0,1407.4
64005,12.7132,20.0,1407.4
64006,12.7132,20.0,1407.4
64007,12.7132,20.0,1407.4
64008,12.7132,20.0,1407.4
64009,12.7132,20.0,1407.5
64010,12.7132,20.0,1407.5
64011,12.7132,20.0,1407.5
64012,12.7132,20.0,1407.5
64013,12.7132,20.0,1407.5
64014,12.7132,20.0,1407.6
64015,12.7132,20.0,1407.6
64016,12.7132,20.0,1407.6
64017,12.7132,20.0,1407.6
64018,12.7132,20.0,1407.6
64019,12.7132,20.0,1407.7
64020,12.7132,20.0,1407.7
64021,12.7134,20.0,1407.7
64022,12.7134,20.0,1407.7
64023,12.7134,20.0,1407.7
64024,12.7134,20.0,1407.7
64025,12.7134,20.0,1407.8
64026,12.7134,20.0,1407.8
64027,12.7134,20.0,1407.8
64028,12.7134,20.0,1407.8
64029,12.7134,20.0,1407.9
64030,12.7134,20.0,1407.9
64031,12.7134,20.0,1407.9
64032,12.7134,20.0,1407.9
64033,12.7134,20.0,1407.9
64034,12.7134,20.0,1408.0
64035,12.7134,20.0,1408.0
64036,12.7134,20.0,1408.0
64037,12.7134,20.0,1408.0
64038,12.7134,20.0,1408.1
64039,12.7134,20.0,1408.1
64040,12.7134,20.0,1408.1
64041,12.7137,20.0,1408.1
64042,12.7137,20.0,1408.1
64043,12.7137,20.0,1408.2
64044,12.7137,20.0,1408.2
64045,12.7137,20.0,1408.2
64046,12.7137,20.0,1408.2
64047,12.7137,20.0,1408.2
64048,12.7137,20.0,1408.2
64049,12.7137,20.0,1408.3
64050,12.7137,20.0,1408.3
64051,12.7137,20.0,1408.3
64052,12.7137,20.0,1408.3
64053,12.7137,20.0,1408.4
64054,12.7137,20.0,1408.4
64055,12.7137,20.0,1408.4
64056,12.7137,20.0,1408.4
64057,12.7137,20.0,1408.4
64058,12.7137,20.0,1408.5
64059,12.7137,20.0,1408.5
64060,12.7137,20.0,1408.5
64061,12.7139,20.0,1408.5
64062,12.7139,20.0,1408.5
64063,12.7139,20.0,1408.6
64064,12.7139,20.0,1408.6
64065,12.7139,20.0,1408.6
64066,12.7139,20.0,1408.6
64067,12.7139,20.0,1408.6
64068,12.7139,20.0,1408.6
64069,12.7139,20.0,1408.7
64070,12.7139,20.0,1408.7
64071,12.7139,20.0,1408.7
64072,12.7139,20.0,1408.7
64073,12.7139,20.0,1408.7
64074,12.7139,20.0,1408.7
64075,12.7139,20.0,1408.8
64076,12.7139,20.0,1408.8
64077,12.7139,20.0,1408.8
64078,12.7139,20.0,1408.8
64079,12.7139,20.0,1408.8
64080,12.7139,20.0,1408.9
64081,12.7141,20.0,1408.9
64082,12.7141,20.0,1408.9
64083,12.7141,20.0,1408.9
64084,12.7141,20.0,1409.0
64085,12.7141,20.0,1409.0
64086,12.7141,20.0,1409.0
64087,12.7141,20.0,1409.0
64088,12.7141,20.0,1409.0
64089,12.7141,20.0,1409.0
64090,12.7141,20.0,1409.1
64091,12.7141,20.0,1409.1
64092,12.7141,20.0,1409.1
64093,12.7141,20.0,1409.1
64094,12.7141,20.0,1409.2
64095,12.7141,20.0,1409.2
64096,12.7141,20.0,1409.2
64097,12.7141,20.0,1409.2
64098,12.7141,20.0,1409.2
64099,12.7141,20.0,1409.3
64100,12.7141,20.0,1409.3
64101,12.7143,20.0,1409.3
64102,12.7143,20.0,1409.3
64103,12.7143,20.0,1409.3
64104,12.7143,20.0,1409.4
64105,12.7143,20.0,1409.4
64106,12.7143,20.0,1409.4
64107,12.7143,20.0,1409.4
64108,12.7143,20.0,1409.4
64109,12.7143,20.0,1409.4
64110,12.7143,20.0,1409.5
64111,12.7143,20.0,1409.5
64112,12.7143,20.0,1409.5
64113,12.7143,20.0,1409.5
64114,12.7143,20.0,1409.5
64115,12.7143,20.0,1409.6
64116,12.7143,20.0,1409.6
64117,12.7143,20.0,1409.6
64118,12.7143,20.0,1409.6
64119,12.7143,20.0,1409.6
64120,12.7143,20.0,1409.7
64121,12.7145,20.0,1409.7
64122,12.7145,20.0,1409.7
64123,12.7145,20.0,1409.7
64124,12.7145,20.0,1409.8
64125,12.7145,20.0,1409.8
64126,12.7145,20.0,1409.8
64127,12.7145,20.0,1409.8
64128,12.7145,20.0,1409.8
64129,12.7145,20.0,1409.9
64130,12.7145,20.0,1409.9
64131,12.7145,20.0,1409.9
64132,12.7145,20.0,1409.9
64133,12.7145,20.0,1409.9
64134,12.7145,20.0,1410.0
64135,12.7145,20.0,1410.0
64136,12.7145,20.0,1410.0
64137,12.7145,20.0,1410.0
64138,12.7145,20.0,1410.0
64139,12.7145,20.0,1410.1
64140,12.7145,20.0,1410.1
64141,12.7148,20.0,1410.1
64142,12.7148,20.0,1410.1
64143,12.7148,20.0,1410.2
64144,12.7148,20.0,1410.2
64145,12.7148,20.0,1410.2
64146,12.7148,20.0,1410.2
64147,12.7148,20.0,1410.2
64148,12.7148,20.0,1410.3
64149,12.7148,20.0,1410.3
64150,12.7148,20.0,1410.3
64151,12.7148,20.0,1410.3
64152,12.7148,20.0,1410.3
64153,12.7148,20.0,1410.4
64154,12.7148,20.0,1410.4
64155,12.7148,20.0,1410.4
64156,12.7148,20.0,1410.4
64157,12.7148,20.0,1410.4
64158,12.7148,20.0,1410.4
64159,12.7148,20.0,1410.5
64160,12.7148,20.0,1410.5
64161,12.7150,20.0,1410.5
64162,12.7150,20.0,1410.5
64163,12.7150,20.0,1410.5
64164,12.7150,20.0,1410.6
64165,12.7150,20.0,1410.6
64166,12.7150,20.0,1410.6
64167,12.7150,20.0,1410.6
64168,12.7150,20.0,1410.6
64169,12.7150,20.0,1410.7
64170,12.7150,20.0,1410.7
64171,12.7150,20.0,1410.7
64172,12.7150,20.0,1410.7
64173,12.7150,20.0,1410.8
64174,12.7150,20.0,1410.8
64175,12.7150,20.0,1410.8
64176,12.7150,20.0,1410.8
64177,12.7150,20.0,1410.8
64178,12.7150,20.0,1410.9
64179,12.7150,20.0,1410.9
64180,12.7150,20.0,1410.9
64181,12.7152,20.0,1410.9
64182,12.7152,20.0,1410.9
64183,12.7152,20.0,1411.0
64184,12.7152,20.0,1411.0
64185,12.7152,20.0,1411.0
64186,12.7152,20.0,1411.0
64187,12.7152,20.0,1411.0
64188,12.7152,20.0,1411.1
64189,12.7152,20.0,1411.1
64190,12.7152,20.0,1411.1
64191,12.7152,20.0,1411.1
64192,12.7152,20.0,1411.1
64193,12.7152,20.0,1411.1
64194,12.7152,20.0,1411.2
64195,12.7152,20.0,1411.2
64196,12.7152,20.0,1411.2
64197,12.7152,20.0,1411.2
64198,12.7152,20.0,1411.2
64199,12.7152,20.0,1411.3
64200,12.7152,20.0,1411.3
64201,12.7154,20.0,1411.3
64202,12.7154,20.0,1411.3
64203,12.7154,20.0,1411.3
64204,12.7154,20.0,1411.4
64205,12.7154,20.0,1411.4
64206,12.7154,20.0,1411.4
64207,12.7154,20.0,1411.4
64208,12.7154,20.0,1411.4
64209,12.7154,20.0,1411.5
64210,12.7154,20.0,1411.5
64211,12.7154,20.0,1411.5
64212,12.7154,20.0,1411.5
64213,12.7154,20.0,1411.5
64214,12.7154,20.0,1411.6
64215,12.7154,20.0,1411.6
64216,12.7154,20.0,1411.6
64217,12.7154,20.0,1411.6
64218,12.7154,20.0,1411.6
64219,12.7154,20.0,1411.7
64220,12.7154,20.0,1411.7
64221,12.7156,20.0,1411.7
64222,12.7156,20.0,1411.7
64223,12.7156,20.0,1411.7
64224,12.7156,20.0,1411.7
64225,12.7156,20.0,1411.8
64226,12.7156,20.0,1411.8
64227,12.7156,20.0,1411.8
64228,12.7156,20.0,1411.8
64229,12.7156,20.0,1411.8
64230,12.7156,20.0,1411.9
64231,12.7156,20.0,1411.9
64232,12.7156,20.0,1411.9
64233,12.7156,20.0,1411.9
64234,12.7156,20.0,1412.0
64235,12.7156,20.0,1412.0
64236,12.7156,20.0,1412.0
64237,12.7156,20.0,1412.0
64238,12.7156,20.0,1412.0
64239,12.7156,20.0,1412.1
64240,12.7156,20.0,1412.1
64241,12.7159,20.0,1412.1
64242,12.7159,20.0,1412.1
64243,12.7159,20.0,1412.1
64244,12.7159,20.0,1412.2
64245,12.7159,20.0,1412.2
64246,12.7159,20.0,1412.2
64247,12.7159,20.0,1412.2
64248,12.7159,20.0,1412.2
64249,12.7159,20.0,1412.2
64250,12.7159,20.0,1412.3
64251,12.7159,20.0,1412.3
64252,12.7159,20.0,1412.3
64253,12.7159,20.0,1412.3
64254,12.7159,20.0,1412.4
64255,12.7159,20.0,1412.4
64256,12.7159,20.0,1412.4
64257,12.7159,20.0,1412.4
64258,12.7159,20.0,1412.4
64259,12.7159,20.0,1412.5
64260,12.7159,20.0,1412.5
64261,12.7161,20.0,1412.5
64262,12.7161,20.0,1412.5
64263,12.7161,20.0,1412.5
64264,12.7161,20.0,1412.6
64265,12.7161,20.0,1412.6
64266,12.7161,20.0,1412.6
64267,12.7161,20.0,1412.6
64268,12.7161,20.0,1412.6
64269,12.7161,20.0,1412.7
64270,12.7161,20.0,1412.7
64271,12.7161,20.0,1412.7
64272,12.7161,20.0,1412.7
64273,12.7161,20.0,1412.7
64274,12.7161,20.0,1412.7
64275,12.7161,20.0,1412.8
64276,12.7161,20.0,1412.8
64277,12.7161,20.0,1412.8
64278,12.7161,20.0,1412.8
64279,12.7161,20.0,1412.9
64280,12.7161,20.0,1412.9
64281,12.7163,20.0,1412.9
64282,12.7163,20.0,1412.9
64283,12.7163,20.0,1412.9
64284,12.7163,20.0,1413.0
64285,12.7163,20.0,1413.0
64286,12.7163,20.0,1413.0
64287,12.7163,20.0,1413.0
64288,12.7163,20.0,1413.0
64289,12.7163,20.0,1413.0
64290,12.7163,20.0,1413.1
64291,12.7163,20.0,1413.1
64292,12.7163,20.0,1413.1
64293,12.7163,20.0,1413.1
64294,12.7163,20.0,1413.2
64295,12.7163,20.0,1413.2
64296,12.7163,20.0,1413.2
64297,12.7163,20.0,1413.2
64298,12.7163,20.0,1413.2
64299,12.7163,20.0,1413.2
64300,12.7163,20.0,1413.3
64301,12.7165,20.0,1413.3
64302,12.7165,20.0,1413.3
64303,12.7165,20.0,1413.3
64304,12.7165,20.0,1413.3
64305,12.7165,20.0,1413.3
64306,12.7165,20.0,1413.4
64307,12.7165,20.0,1413.4
64308,12.7165,20.0,1413.4
64309,12.7165,20.0,1413.4
64310,12.7165,20.0,1413.5
64311,12.7165,20.0,1413.5
64312,12.7165,20.0,1413.5
64313,12.7165,20.0,1413.5
64314,12.7165,20.0,1413.5
64315,12.7165,20.0,1413.5
64316,12.7165,20.0,1413.6
64317,12.7165,20.0,1413.6
64318,12.7165,20.0,1413.6
64319,12.7165,20.0,1413.6
64320,12.7165,20.0,1413.6
64321,12.7167,20.0,1413.7
64322,12.7167,20.0,1413.7
64323,12.7167,20.0,1413.7
64324,12.7167,20.0,1413.7
64325,12.7167,20.0,1413.7
64326,12.7167,20.0,1413.7
64327,12.7167,20.0,1413.8
64328,12.7167,20.0,1413.8
64329,12.7167,20.0,1413.8
64330,12.7167,20.0,1413.8
64331,12.7167,20.0,1413.8
64332,12.7167,20.0,1413.9
64333,12.7167,20.0,1413.9
64334,12.7167,20.0,1413.9
64335,12.7167,20.0,1413.9
64336,12.7167,20.0,1414.0
64337,12.7167,20.0,1414.0
64338,12.7167,20.0,1414.0
64339,12.7167,20.0,1414.0
64340,12.7167,20.0,1414.0
64341,12.7170,20.0,1414.1
64342,12.7170,20.0,1414.1
64343,12.7170,20.0,1414.1
64344,12.7170,20.0,1414.1
64345,12.7170,20.0,1414.2
64346,12.7170,20.0,1414.2
64347,12.7170,20.0,1414.2
64348,12.7170,20.0,1414.2
64349,12.7170,20.0,1414.2
64350,12.7170,20.0,1414.3
64351,12.7170,20.0,1414.3
64352,12.7170,20.0,1414.3
64353,12.7170,20.0,1414.3
64354,12.7170,20.0,1414.3
64355,12.7170,20.0,1414.4
64356,12.7170,20.0,1414.4
64357,12.7170,20.0,1414.4
64358,12.7170,20.0,1414.4
64359,12.7170,20.0,1414.4
64360,12.7170,20.0,1414.5
64361,12.7172,20.0,1414.5
64362,12.7172,20.0,1414.5
64363,12.7172,20.0,1414.5
64364,12.7172,20.0,1414.5
64365,12.7172,20.0,1414.6
64366,12.7172,20.0,1414.6
64367,12.7172,20.0,1414.6
64368,12.7172,20.0,1414.6
64369,12.7172,20.0,1414.7
64370,12.7172,20.0,1414.7
64371,12.7172,20.0,1414.7
64372,12.7172,20.0,1414.7
64373,12.7172,20.0,1414.7
64374,12.7172,20.0,1414.7
64375,12.7172,20.0,1414.8
64376,12.7172,20.0,1414.8
64377,12.7172,20.0,1414.8
64378,12.7172,20.0,1414.8
64379,12.7172,20.0,1414.8
64380,12.7172,20.0,1414.9
64381,12.7174,20.0,1414.9
64382,12.7174,20.0,1414.9
64383,12.7174,20.0,1414.9
64384,12.7174,20.0,1414.9
64385,12.7174,20.0,1415.0
64386,12.7174,20.0,1415.0
64387,12.7174,20.0,1415.0
64388,12.7174,20.0,1415.0
64389,12.7174,20.0,1415.0
64390,12.7174,20.0,1415.1
64391,12.7174,20.0,1415.1
64392,12.7174,20.0,1415.1
64393,12.7174,20.0,1415.1
64394,12.7174,20.0,1415.1
64395,12.7174,20.0,1415.1
64396,12.7174,20.0,1415.2
64397,12.7174,20.0,1415.2
64398,12.7174,20.0,1415.2
64399,12.7174,20.0,1415.2
64400,12.7174,20.0,1415.2
64401,12.7176,20.0,1415.3
64402,12.7176,20.0,1415.3
64403,12.7176,20.0,1415.3
64404,12.7176,20.0,1415.3
64405,12.7176,20.0,1415.3
64406,12.7176,20.0,1415.4
64407,12.7176,20.0,1415.4
64408,12.7176,20.0,1415.4
64409,12.7176,20.0,1415.4
64410,12.7176,20.0,1415.4
64411,12.7176,20.0,1415.5
64412,12.7176,20.0,1415.5
64413,12.7176,20.0,1415.5
64414,12.7176,20.0,1415.5
64415,12.7176,20.0,1415.5
64416,12.7176,20.0,1415.6
64417,12.7176,20.0,1415.6
64418,12.7176,20.0,1415.6
64419,12.7176,20.0,1415.6
64420,12.7176,20.0,1415.6
64421,12.7178,20.0,1415.6
64422,12.7178,20.0,1415.7
64423,12.7178,20.0,1415.7
64424,12.7178,20.0,1415.7
64425,12.7178,20.0,1415.7
64426,12.7178,20.0,1415.7
64427,12.7178,20.0,1415.8
64428,12.7178,20.0,1415.8
64429,12.7178,20.0,1415.8
64430,12.7178,20.0,1415.8
64431,12.7178,20.0,1415.8
64432,12.7178,20.0,1415.8
64433,12.7178,20.0,1415.9
64434,12.7178,20.0,1415.9
64435,12.7178,20.0,1415.9
64436,12.7178,20.0,1415.9
64437,12.7178,20.0,1415.9
64438,12.7178,20.0,1416.0
64439,12.7178,20.0,1416.0
64440,12.7178,20.0,1416.0
64441,12.7181,20.0,1416.0
64442,12.7181,20.0,1416.0
64443,12.7181,20.0,1416.1
64444,12.7181,20.0,1416.1
64445,12.7181,20.0,1416.1
64446,12.7181,20.0,1416.1
64447,12.7181,20.0,1416.1
64448,12.7181,20.0,1416.2
64449,12.7181,20.0,1416.2
64450,12.7181,20.0,1416.2
64451,12.7181,20.0,1416.2
64452,12.7181,20.0,1416.2
64453,12.7181,20.0,1416.2
64454,12.7181,20.0,1416.3
64455,12.7181,20.0,1416.3
64456,12.7181,20.0,1416.3
64457,12.7181,20.0,1416.3
64458,12.7181,20.0,1416.4
64459,12.7181,20.0,1416.4
64460,12.7181,20.0,1416.4
64461,12.7183,20.0,1416.4
64462,12.7183,20.0,1416.4
64463,12.7183,20.0,1416.5
64464,12.7183,20.0,1416.5
64465,12.7183,20.0,1416.5
64466,12.7183,20.0,1416.5
64467,12.7183,20.0,1416.5
64468,12.7183,20.0,1416.5
64469,12.7183,20.0,1416.6
64470,12.7183,20.0,1416.6
64471,12.7183,20.0,1416.6
64472,12.7183,20.0,1416.6
64473,12.7183,20.0,1416.6
64474,12.7183,20.0,1416.7
64475,12.7183,20.0,1416.7
64476,12.7183,20.0,1416.7
64477,12.7183,20.0,1416.7
64478,12.7183,20.0,1416.7
64479,12.7183,20.0,1416.8
64480,12.7183,20.0,1416.8
64481,12.6984,20.0,1416.8
64482,12.6984,20.0,1416.8
64483,12.6984,20.0,1416.8
64484,12.6984,20.0,1416.9
64485,12.6984,20.0,1416.9
64486,12.6984,20.0,1416.9
64487,12.6984,20.0,1416.9
64488,12.6984,20.0,1416.9
64489,12.6984,20.0,1417.0
64490,12.6984,20.0,1417.0
64491,12.6984,20.0,1417.0
64492,12.6984,20.0,1417.0
64493,12.6984,20.0,1417.0
64494,12.6984,20.0,1417.0
64495,12.6984,20.0,1417.1
64496,12.6984,20.0,1417.1
64497,12.6984,20.0,1417.1
64498,12.6984,20.0,1417.1
64499,12.6984,20.0,1417.2
64500,12.6984,20.0,1417.2
64501,12.6785,20.0,1417.2
64502,12.6785,20.0,1417.2
64503,12.6785,20.0,1417.2
64504,12.6785,20.0,1417.3
64505,12.6785,20.0,1417.3
64506,12.6785,20.0,1417.3
64507,12.6785,20.0,1417.3
64508,12.6785,20.0,1417.3
64509,12.6785,20.0,1417.3
64510,12.6785,20.0,1417.4
64511,12.6785,20.0,1417.4
64512,12.6785,20.0,1417.4
64513,12.6785,20.0,1417.7
64514,12.6785,20.0,1417.7
64515,12.6785,20.0,1417.7
64516,12.6785,20.0,1417.7
64517,12.6785,20.0,1417.8
64518,12.6785,20.0,1417.8
64519,12.6785,20.0,1417.8
64520,12.6785,20.0,1417.8
64521,12.6587,20.0,1417.8
64522,12.6587,20.0,1417.9
64523,12.6587,20.0,1417.9
64524,12.6587,20.0,1417.9
64525,12.6587,20.0,1417.9
64526,12.6587,20.0,1417.9
64527,12.6587,20.0,1417.9
64528,12.6587,20.0,1418.0
64529,12.6587,20.0,1418.0
64530,12.6587,20.0,1418.0
64531,12.6587,20.0,1418.0
64532,12.6587,20.0,1418.0
64533,12.6587,20.0,1418.1
64534,12.6587,20.0,1418.1
64535,12.6587,20.0,1418.1
64536,12.6587,20.0,1418.1
64537,12.6587,20.0,1418.2
64538,12.6587,20.0,1418.2
64539,12.6587,20.0,1418.2
64540,12.6587,20.0,1418.2
64541,12.6385,20.0,1418.2
64542,12.6385,20.0,1418.3
64543,12.6385,20.0,1418.3
64544,12.6385,20.0,1418.3
64545,12.6385,20.0,1418.3
64546,12.6385,20.0,1418.3
64547,12.6385,20.0,1418.3
64548,12.6385,20.0,1418.4
64549,12.6385,20.0,1418.4
64550,12.6385,20.0,1418.4
64551,12.6385,20.0,1418.4
64552,12.6385,20.0,1418.5
64553,12.6385,20.0,1418.5
64554,12.6385,20.0,1418.5
64555,12.6385,20.0,1418.5
64556,12.6385,20.0,1418.5
64557,12.6385,20.0,1418.6
64558,12.6385,20.0,1418.6
64559,12.6385,20.0,1418.6
64560,12.6385,20.0,1418.6
64561,12.6183,20.0,1418.6
64562,12.6183,20.0,1418.7
64563,12.6183,20.0,1418.7
64564,12.6183,20.0,1418.7
64565,12.6183,20.0,1418.7
64566,12.6183,20.0,1418.7
64567,12.6183,20.0,1418.8
64568,12.6183,20.0,1418.8
64569,12.6183,20.0,1418.8
64570,12.6183,20.0,1418.8
64571,12.6183,20.0,1418.8
64572,12.6183,20.0,1418.8
64573,12.6183,20.0,1418.9
64574,12.6183,20.0,1418.9
64575,12.6183,20.0,1418.9
64576,12.6183,20.0,1418.9
64577,12.6183,20.0,1418.9
64578,12.6183,20.0,1419.0
64579,12.6183,20.0,1419.0
64580,12.6183,20.0,1419.0
64581,12.5982,20.0,1419.0
64582,12.5982,20.0,1419.1
64583,12.5982,20.0,1419.1
64584,12.5982,20.0,1419.1
64585,12.5982,20.0,1419.1
64586,12.5982,20.0,1419.1
64587,12.5982,20.0,1419.2
64588,12.5982,20.0,1419.2
64589,12.5982,20.0,1419.2
64590,12.5982,20.0,1419.2
64591,12.5982,20.0,1419.2
64592,12.5982,20.0,1419.2
64593,12.5982,20.0,1419.3
64594,12.5982,20.0,1419.3
64595,12.5982,20.0,1419.3
64596,12.5982,20.0,1419.3
64597,12.5982,20.0,1419.3
64598,12.5982,20.0,1419.3
64599,12.5982,20.0,1419.4
64600,12.5982,20.0,1419.4
64601,12.5780,20.0,1419.4
64602,12.5780,20.0,1419.4
64603,12.5780,20.0,1419.4
64604,12.5780,20.0,1419.5
64605,12.5780,20.0,1419.5
64606,12.5780,20.0,1419.5
64607,12.5780,20.0,1419.5
64608,12.5780,20.0,1419.5
64609,12.5780,20.0,1419.6
64610,12.5780,20.0,1419.6
64611,12.5780,20.0,1419.6
64612,12.5780,20.0,1419.6
64613,12.5780,20.0,1419.6
64614,12.5780,20.0,1419.6
64615,12.5780,20.0,1419.7
64616,12.5780,20.0,1419.7
64617,12.5780,20.0,1419.7
64618,12.5780,20.0,1419.7
64619,12.5780,20.0,1419.7
64620,12.5780,20.0,1419.8
64621,12.5579,20.0,1419.8
64622,12.5579,20.0,1419.8
64623,12.5579,20.0,1419.8
64624,12.5579,20.0,1419.8
64625,12.5579,20.0,1419.8
64626,12.5579,20.0,1419.9
64627,12.5579,20.0,1419.9
64628,12.5579,20.0,1419.9
64629,12.5579,20.0,1419.9
64630,12.5579,20.0,1420.0
64631,12.5579,20.0,1420.0
64632,12.5579,20.0,1420.0
64633,12.5579,20.0,1420.0
64634,12.5579,20.0,1420.0
64635,12.5579,20.0,1420.1
64636,12.5579,20.0,1420.1
64637,12.5579,20.0,1420.1
64638,12.5579,20.0,1420.1
64639,12.5579,20.0,1420.1
64640,12.5579,20.0,1420.1
64641,12.5377,20.0,1420.2
64642,12.5377,20.0,1420.2
64643,12.5377,20.0,1420.2
64644,12.5377,20.0,1420.2
64645,12.5377,20.0,1420.3
64646,12.5377,20.0,1420.3
64647,12.5377,20.0,1420.3
64648,12.5377,20.0,1420.3
64649,12.5377,20.0,1420.3
64650,12.5377,20.0,1420.4
64651,12.5377,20.0,1420.4
64652,12.5377,20.0,1420.4
64653,12.5377,20.0,1420.4
64654,12.5377,20.0,1420.4
64655,12.5377,20.0,1420.5
64656,12.5377,20.0,1420.5
64657,12.5377,20.0,1420.5
64658,12.5377,20.0,1420.5
64659,12.5377,20.0,1420.5
64660,12.5377,20.0,1420.6
64661,12.5175,20.0,1420.6
64662,12.5175,20.0,1420.6
64663,12.5175,20.0,1420.6
64664,12.5175,20.0,1420.6
64665,12.5175,20.0,1420.6
64666,12.5175,20.0,1420.7
64667,12.5175,20.0,1420.7
64668,12.5175,20.0,1420.7
64669,12.5175,20.0,1420.7
64670,12.5175,20.0,1420.7
64671,12.5175,20.0,1420.8
64672,12.5175,20.0,1420.8
64673,12.5175,20.0,1420.8
64674,12.5175,20.0,1420.8
64675,12.5175,20.0,1420.9
64676,12.5175,20.0,1420.9
64677,12.5175,20.0,1420.9
64678,12.5175,20.0,1420.9
64679,12.5175,20.0,1420.9
64680,12.5175,20.0,1421.0
64681,12.4974,20.0,1421.0
64682,12.4974,20.0,1421.0
64683,12.4974,20.0,1421.0
64684,12.4974,20.0,1421.0
64685,12.4974,20.0,1421.1
64686,12.4974,20.0,1421.1
64687,12.4974,20.0,1421.1
64688,12.4974,20.0,1421.1
64689,12.4974,20.0,1421.1
64690,12.4974,20.0,1421.2
64691,12.4974,20.0,1421.2
64692,12.4974,20.0,1421.2
64693,12.4974,20.0,1421.2
64694,12.4974,20.0,1421.3
64695,12.4974,20.0,1421.3
64696,12.4974,20.0,1421.3
64697,12.4974,20.0,1421.3
64698,12.4974,20.0,1421.3
64699,12.4974,20.0,1421.4
64700,12.4974,20.0,1421.4
64701,12.4772,20.0,1421.4
64702,12.4772,20.0,1421.4
64703,12.4772,20.0,1421.5
64704,12.4772,20.0,1421.5
64705,12.4772,20.0,1421.5
64706,12.4772,20.0,1421.5
64707,12.4772,20.0,1421.5
64708,12.4772,20.0,1421.5
64709,12.4772,20.0,1421.6
64710,12.4772,20.0,1421.6
64711,12.4772,20.0,1421.6
64712,12.4772,20.0,1421.6
64713,12.4772,20.0,1421.7
64714,12.4772,20.0,1421.7
64715,12.4772,20.0,1421.7
64716,12.4772,20.0,1421.7
64717,12.4772,20.0,1421.7
64718,12.4772,20.0,1421.7
64719,12.4772,20.0,1421.8
64720,12.4772,20.0,1421.8
64721,12.4571,20.0,1421.8
64722,12.4571,20.0,1421.8
64723,12.4571,20.0,1421.9
64724,12.4571,20.0,1421.9
64725,12.4571,20.0,1421.9
64726,12.4571,20.0,1421.9
64727,12.4571,20.0,1421.9
64728,12.4571,20.0,1422.0
64729,12.4571,20.0,1422.0
64730,12.4571,20.0,1422.0
64731,12.4571,20.0,1422.0
64732,12.4571,20.0,1422.0
64733,12.4571,20.0,1422.1
64734,12.4571,20.0,1422.1
64735,12.4571,20.0,1422.1
64736,12.4571,20.0,1422.1
64737,12.4571,20.0,1422.1
64738,12.4571,20.0,1422.2
64739,12.4571,20.0,1422.2
64740,12.4571,20.0,1422.2
64741,12.4369,20.0,1422.2
64742,12.4369,20.0,1422.2
64743,12.4369,20.0,1422.3
64744,12.4369,20.0,1422.3
64745,12.4369,20.0,1422.3
64746,12.4369,20.0,1422.3
64747,12.4369,20.0,1422.3
64748,12.4369,20.0,1422.3
64749,12.4369,20.0,1422.4
64750,12.4369,20.0,1422.4
64751,12.4369,20.0,1422.4
64752,12.4369,20.0,1422.4
64753,12.4369,20.0,1422.4
64754,12.4369,20.0,1422.5
64755,12.4369,20.0,1422.5
64756,12.4369,20.0,1422.5
64757,12.4369,20.0,1422.5
64758,12.4369,20.0,1422.5
64759,12.4369,20.0,1422.6
64760,12.4369,20.0,1422.6
64761,12.4167,20.0,1422.6
64762,12.4167,20.0,1422.6
64763,12.4167,20.0,1422.7
64764,12.4167,20.0,1422.7
64765,12.4167,20.0,1422.7
64766,12.4167,20.0,1422.7
64767,12.4167,20.0,1422.8
64768,12.4167,20.0,1422.8
64769,12.4167,20.0,1422.8
64770,12.4167,20.0,1422.8
64771,12.4167,20.0,1422.8
64772,12.4167,20.0,1422.8
64773,12.4167,20.0,1422.9
64774,12.4167,20.0,1422.9
64775,12.4167,20.0,1422.9
64776,12.4167,20.0,1422.9
64777,12.4167,20.0,1423.0
64778,12.4167,20.0,1423.0
64779,12.4167,20.0,1423.0
64780,12.4167,20.0,1423.0
64781,12.3966,20.0,1423.0
64782,12.3966,20.0,1423.1
64783,12.3966,20.0,1423.1
64784,12.3966,20.0,1423.1
64785,12.3966,20.0,1423.1
64786,12.3966,20.0,1423.1
64787,12.3966,20.0,1423.2
64788,12.3966,20.0,1423.2
64789,12.3966,20.0,1423.2
64790,12.3966,20.0,1423.2
64791,12.3966,20.0,1423.2
64792,12.3966,20.0,1423.2
64793,12.3966,20.0,1423.2
64794,12.3966,20.0,1423.3
64795,12.3966,20.0,1423.3
64796,12.3966,20.0,1423.3
64797,12.3966,20.0,1423.3
64798,12.3966,20.0,1423.3
64799,12.3966,20.0,1423.4
64800,12.3966,20.0,1423.4
64801,12.3764,20.0,1423.4
64802,12.3764,20.0,1423.4
64803,12.3764,20.0,1423.5
64804,12.3764,20.0,1423.5
64805,12.3764,20.0,1423.5
64806,12.3764,20.0,1423.5
64807,12.3764,20.0,1423.5
64808,12.3764,20.0,1423.5
64809,12.3764,20.0,1423.6
64810,12.3764,20.0,1423.6
64811,12.3764,20.0,1423.6
64812,12.3764,20.0,1423.6
64813,12.3764,20.0,1423.6
64814,12.3764,20.0,1423.7
64815,12.3764,20.0,1423.7
64816,12.3764,20.0,1423.7
64817,12.3764,20.0,1423.7
64818,12.3764,20.0,1423.7
64819,12.3764,20.0,1423.8
64820,12.3764,20.0,1423.8
64821,12.3562,20.0,1423.8
64822,12.3562,20.0,1423.8
64823,12.3562,20.0,1423.8
64824,12.3562,20.0,1423.9
64825,12.3562,20.0,1423.9
64826,12.3562,20.0,1423.9
64827,12.3562,20.0,1423.9
64828,12.3562,20.0,1423.9
64829,12.3562,20.0,1424.0
64830,12.3562,20.0,1424.0
64831,12.3562,20.0,1424.0
64832,12.3562,20.0,1424.0
64833,12.3562,20.0,1424.0
64834,12.3562,20.0,1424.0
64835,12.3562,20.0,1424.1
64836,12.3562,20.0,1424.1
64837,12.3562,20.0,1424.1
64838,12.3562,20.0,1424.1
64839,12.3562,20.0,1424.1
64840,12.3562,20.0,1424.2
64841,12.3361,20.0,1424.2
64842,12.3361,20.0,1424.2
64843,12.3361,20.0,1424.2
64844,12.3361,20.0,1424.2
64845,12.3361,20.0,1424.3
64846,12.3361,20.0,1424.3
64847,12.3361,20.0,1424.3
64848,12.3361,20.0,1424.3
64849,12.3361,20.0,1424.3
64850,12.3361,20.0,1424.4
64851,12.3361,20.0,1424.4
64852,12.3361,20.0,1424.4
64853,12.3361,20.0,1424.4
64854,12.3361,20.0,1424.4
64855,12.3361,20.0,1424.5
64856,12.3361,20.0,1424.5
64857,12.3361,20.0,1424.5
64858,12.3361,20.0,1424.5
64859,12.3361,20.0,1424.5
64860,12.3361,20.0,1424.5
64861,12.3159,20.0,1424.6
64862,12.3159,20.0,1424.6
64863,12.3159,20.0,1424.6
64864,12.3159,20.0,1424.6
64865,12.3159,20.0,1424.6
64866,12.3159,20.0,1424.7
64867,12.3159,20.0,1424.7
64868,12.3159,20.0,1424.7
64869,12.3159,20.0,1424.7
64870,12.3159,20.0,1424.7
64871,12.3159,20.0,1424.7
64872,12.3159,20.0,1424.8
64873,12.3159,20.0,1424.8
64874,12.3159,20.0,1424.8
64875,12.3159,20.0,1424.8
64876,12.3159,20.0,1424.9
64877,12.3159,20.0,1424.9
64878,12.3159,20.0,1424.9
64879,12.3159,20.0,1424.9
64880,12.3159,20.0,1424.9
64881,12.2958,20.0,1425.0
64882,12.2958,20.0,1425.0
64883,12.2958,20.0,1425.0
64884,12.2958,20.0,1425.0
64885,12.2958,20.0,1425.0
64886,12.2958,20.0,1425.0
64887,12.2958,20.0,1425.1
64888,12.2958,20.0,1425.1
64889,12.2958,20.0,1425.1
64890,12.2958,20.0,1425.1
64891,12.2958,20.0,1425.2
64892,12.2958,20.0,1425.2
64893,12.2958,20.0,1425.2
64894,12.2958,20.0,1425.2
64895,12.2958,20.0,1425.2
64896,12.2958,20.0,1425.2
64897,12.2958,20.0,1425.3
64898,12.2958,20.0,1425.3
64899,12.2958,20.0,1425.3
64900,12.2958,20.0,1425.3
64901,12.2756,20.0,1425.4
64902,12.2756,20.0,1425.4
64903,12.2756,20.0,1425.4
64904,12.2756,20.0,1425.4
64905,12.2756,20.0,1425.4
64906,12.2756,20.0,1425.5
64907,12.2756,20.0,1425.5
64908,12.2756,20.0,1425.5
64909,12.2756,20.0,1425.5
64910,12.2756,20.0,1425.5
64911,12.2756,20.0,1425.6
64912,12.2756,20.0,1425.6
64913,12.2756,20.0,1425.6
64914,12.2756,20.0,1425.6
64915,12.2756,20.0,1425.7
64916,12.2756,20.0,1425.7
64917,12.2756,20.0,1425.7
64918,12.2756,20.0,1425.7
64919,12.2756,20.0,1425.7
64920,12.2756,20.0,1425.8
64921,12.2554,20.0,1425.8
64922,12.2554,20.0,1425.8
64923,12.2554,20.0,1425.8
64924,12.2554,20.0,1425.8
64925,12.2554,20.0,1425.8
64926,12.2554,20.0,1425.9
64927,12.2554,20.0,1425.9
64928,12.2554,20.0,1425.9
64929,12.2554,20.0,1425.9
64930,12.2554,20.0,1425.9
64931,12.2554,20.0,1426.0
64932,12.2554,20.0,1426.0
64933,12.2554,20.0,1426.0
64934,12.2554,20.0,1426.0
64935,12.2554,20.0,1426.0
64936,12.2554,20.0,1426.0
64937,12.2554,20.0,1426.1
64938,12.2554,20.0,1426.1
64939,12.2554,20.0,1426.1
64940,12.2554,20.0,1426.1
64941,12.2353,20.0,1426.2
64942,12.2353,20.0,1426.2
64943,12.2353,20.0,1426.2
64944,12.2353,20.0,1426.3
64945,12.2353,20.0,1426.3
64946,12.2353,20.0,1426.3
64947,12.2353,20.0,1426.3
64948,12.2353,20.0,1426.3
64949,12.2353,20.0,1426.4
64950,12.2353,20.0,1426.4
64951,12.2353,20.0,1426.4
64952,12.2353,20.0,1426.4
64953,12.2353,20.0,1426.5
64954,12.2353,20.0,1426.5
64955,12.2353,20.0,1426.5
64956,12.2353,20.0,1426.5
64957,12.2353,20.0,1426.6
64958,12.2353,20.0,1426.6
64959,12.2353,20.0,1426.6
64960,12.2353,20.0,1426.6
64961,12.2151,20.0,1426.7
64962,12.2151,20.0,1426.7
64963,12.2151,20.0,1426.7
64964,12.2151,20.0,1426.7
64965,12.2151,20.0,1426.8
64966,12.2151,20.0,1426.8
64967,12.2151,20.0,1426.8
64968,12.2151,20.0,1426.8
64969,12.2151,20.0,1426.8
64970,12.2151,20.0,1426.9
64971,12.2151,20.0,1426.9
64972,12.2151,20.0,1426.9
64973,12.2151,20.0,1426.9
64974,12.2151,20.0,1426.9
64975,12.2151,20.0,1427.0
64976,12.2151,20.0,1427.0
64977,12.2151,20.0,1427.0
64978,12.2151,20.0,1427.0
64979,12.2151,20.0,1427.1
64980,12.2151,20.0,1427.1
64981,12.1950,20.0,1427.1
64982,12.1950,20.0,1427.1
64983,12.1950,20.0,1427.1
64984,12.1950,20.0,1427.2
64985,12.1950,20.0,1427.2
64986,12.1950,20.0,1427.2
64987,12.1950,20.0,1427.2
64988,12.1950,20.0,1427.2
64989,12.1950,20.0,1427.3
64990,12.1950,20.0,1427.3
64991,12.1950,20.0,1427.3
64992,12.1950,20.0,1427.3
64993,12.1950,20.0,1427.3
64994,12.1950,20.0,1427.3
64995,12.1950,20.0,1427.4
64996,12.1950,20.0,1427.4
64997,12.1950,20.0,1427.4
64998,12.1950,20.0,1427.4
64999,12.1950,20.0,1427.4
65000,12.1950,20.0,1427.5
65001,12.1945,20.0,1427.5
65002,12.1945,20.0,1427.5
65003,12.1945,20.0,1427.5
65004,12.1945,20.0,1427.5
65005,12.1945,20.0,1427.6
65006,12.1945,20.0,1427.6
65007,12.1945,20.0,1427.6
65008,12.1945,20.0,1427.6
65009,12.1945,20.0,1427.6
65010,12.1945,20.0,1427.7
65011,12.1945,20.0,1427.7
65012,12.1945,20.0,1427.7
65013,12.1945,20.0,1427.7
65014,12.1945,20.0,1427.7
65015,12.1945,20.0,1427.8
65016,12.1945,20.0,1427.8
65017,12.1945,20.0,1427.8
65018,12.1945,20.0,1427.8
65019,12.1945,20.0,1427.8
65020,12.1945,20.0,1427.9
65021,12.1941,20.0,1427.9
65022,12.1941,20.0,1427.9
65023,12.1941,20.0,1427.9
65024,12.1941,20.0,1427.9
65025,12.1941,20.0,1428.2
65026,12.1941,20.0,1428.2
65027,12.1941,20.0,1428.3
65028,12.1941,20.0,1428.3
65029,12.1941,20.0,1428.3
65030,12.1941,20.0,1428.3
65031,12.1941,20.0,1428.3
65032,12.1941,20.0,1428.3
65033,12.1941,20.0,1428.4
65034,12.1941,20.0,1428.4
65035,12.1941,20.0,1428.4
65036,12.1941,20.0,1428.4
65037,12.1941,20.0,1428.5
65038,12.1941,20.0,1428.5
65039,12.1941,20.0,1428.6
65040,12.1941,20.0,1428.6
65041,12.1539,20.0,1428.6
65042,12.1539,20.0,1428.6
65043,12.1539,20.0,1428.7
65044,12.1539,20.0,1428.7
65045,12.1539,20.0,1428.7
65046,12.1539,20.0,1428.8
65047,12.1539,20.0,1428.8
65048,12.1539,20.0,1428.8
65049,12.1539,20.0,1428.8
65050,12.1539,20.0,1428.8
65051,12.1539,20.0,1428.9
65052,12.1539,20.0,1428.9
65053,12.1539,20.0,1428.9
65054,12.1539,20.0,1428.9
65055,12.1539,20.0,1428.9
65056,12.1539,20.0,1429.0
65057,12.1539,20.0,1429.0
65058,12.1539,20.0,1429.0
65059,12.1539,20.0,1429.0
65060,12.1539,20.0,1429.1
65061,12.1141,20.0,1429.1
65062,12.1141,20.0,1429.1
65063,12.1141,20.0,1429.1
65064,12.1141,20.0,1429.1
65065,12.1141,20.0,1429.2
65066,12.1141,20.0,1429.2
65067,12.1141,20.0,1429.2
65068,12.1141,20.0,1429.2
65069,12.1141,20.0,1429.3
65070,12.1141,20.0,1429.3
65071,12.1141,20.0,1429.3
65072,12.1141,20.0,1429.3
65073,12.1141,20.0,1429.3
65074,12.1141,20.0,1429.4
65075,12.1141,20.0,1429.4
65076,12.1141,20.0,1429.4
65077,12.1141,20.0,1429.4
65078,12.1141,20.0,1429.4
65079,12.1141,20.0,1429.5
65080,12.1141,20.0,1429.5
65081,12.0743,20.0,1429.5
65082,12.0743,20.0,1429.5
65083,12.0743,20.0,1429.5
65084,12.0743,20.0,1429.6
65085,12.0743,20.0,1429.6
65086,12.0743,20.0,1429.6
65087,12.0743,20.0,1429.6
65088,12.0743,20.0,1429.6
65089,12.0743,20.0,1429.7
65090,12.0743,20.0,1429.7
65091,12.0743,20.0,1429.7
65092,12.0743,20.0,1429.7
65093,12.0743,20.0,1429.7
65094,12.0743,20.0,1429.8
65095,12.0743,20.0,1429.8
65096,12.0743,20.0,1429.8
65097,12.0743,20.0,1429.8
65098,12.0743,20.0,1429.8
65099,12.0743,20.0,1429.9
65100,12.0743,20.0,1429.9
65101,12.0346,20.0,1429.9
65102,12.0346,20.0,1429.9
65103,12.0346,20.0,1429.9
65104,12.0346,20.0,1430.0
65105,12.0346,20.0,1430.0
65106,12.0346,20.0,1430.0
65107,12.0346,20.0,1430.0
65108,12.0346,20.0,1430.1
65109,12.0346,20.0,1430.1
65110,12.0346,20.0,1430.1
65111,12.0346,20.0,1430.1
65112,12.0346,20.0,1430.1
65113,12.0346,20.0,1430.2
65114,12.0346,20.0,1430.2
65115,12.0346,20.0,1430.2
65116,12.0346,20.0,1430.2
65117,12.0346,20.0,1430.2
65118,12.0346,20.0,1430.3
65119,12.0346,20.0,1430.3
65120,12.0346,20.0,1430.3
65121,11.9948,20.0,1430.3
65122,11.9948,20.0,1430.3
65123,11.9948,20.0,1430.4
65124,11.9948,20.0,1430.4
65125,11.9948,20.0,1430.4
65126,11.9948,20.0,1430.4
65127,11.9948,20.0,1430.5
65128,11.9948,20.0,1430.5
65129,11.9948,20.0,1430.5
65130,11.9948,20.0,1430.5
65131,11.9948,20.0,1430.5
65132,11.9948,20.0,1430.5
65133,11.9948,20.0,1430.6
65134,11.9948,20.0,1430.6
65135,11.9948,20.0,1430.6
65136,11.9948,20.0,1430.6
65137,11.9948,20.0,1430.6
65138,11.9948,20.0,1430.7
65139,11.9948,20.0,1430.7
65140,11.9948,20.0,1430.7
65141,11.9550,20.0,1430.7
65142,11.9550,20.0,1430.8
65143,11.9550,20.0,1430.8
65144,11.9550,20.0,1430.8
65145,11.9550,20.0,1430.8
65146,11.9550,20.0,1430.8
65147,11.9550,20.0,1430.8
65148,11.9550,20.0,1430.9
65149,11.9550,20.0,1430.9
65150,11.9550,20.0,1430.9
65151,11.9550,20.0,1430.9
65152,11.9550,20.0,1430.9
65153,11.9550,20.0,1430.9
65154,11.9550,20.0,1431.0
65155,11.9550,20.0,1431.0
65156,11.9550,20.0,1431.0
65157,11.9550,20.0,1431.0
65158,11.9550,20.0,1431.1
65159,11.9550,20.0,1431.1
65160,11.9550,20.0,1431.1
65161,11.9153,20.0,1431.1
65162,11.9153,20.0,1431.1
65163,11.9153,20.0,1431.2
65164,11.9153,20.0,1431.2
65165,11.9153,20.0,1431.2
65166,11.9153,20.0,1431.2
65167,11.9153,20.0,1431.3
65168,11.9153,20.0,1431.3
65169,11.9153,20.0,1431.3
65170,11.9153,20.0,1431.3
65171,11.9153,20.0,1431.3
65172,11.9153,20.0,1431.4
65173,11.9153,20.0,1431.4
65174,11.9153,20.0,1431.4
65175,11.9153,20.0,1431.4
65176,11.9153,20.0,1431.5
65177,11.9153,20.0,1431.5
65178,11.9153,20.0,1431.5
65179,11.9153,20.0,1431.6
65180,11.9153,20.0,1431.6
65181,11.8755,20.0,1431.6
65182,11.8755,20.0,1431.6
65183,11.8755,20.0,1431.6
65184,11.8755,20.0,1431.7
65185,11.8755,20.0,1431.7
65186,11.8755,20.0,1431.7
65187,11.8755,20.0,1431.7
65188,11.8755,20.0,1431.7
65189,11.8755,20.0,1431.7
65190,11.8755,20.0,1431.8
65191,11.8755,20.0,1431.8
65192,11.8755,20.0,1431.8
65193,11.8755,20.0,1431.8
65194,11.8755,20.0,1431.8
65195,11.8755,20.0,1431.9
65196,11.8755,20.0,1431.9
65197,11.8755,20.0,1431.9
65198,11.8755,20.0,1431.9
65199,11.8755,20.0,1432.0
65200,11.8755,20.0,1432.0
65201,11.8357,20.0,1432.0
65202,11.8357,20.0,1432.0
65203,11.8357,20.0,1432.1
65204,11.8357,20.0,1432.1
65205,11.8357,20.0,1432.1
65206,11.8357,20.0,1432.1
65207,11.8357,20.0,1432.1
65208,11.8357,20.0,1432.1
65209,11.8357,20.0,1432.2
65210,11.8357,20.0,1432.2
65211,11.8357,20.0,1432.2
65212,11.8357,20.0,1432.2
65213,11.8357,20.0,1432.2
65214,11.8357,20.0,1432.3
65215,11.8357,20.0,1432.3
65216,11.8357,20.0,1432.3
65217,11.8357,20.0,1432.3
65218,11.8357,20.0,1432.4
65219,11.8357,20.0,1432.4
65220,11.8357,20.0,1432.4
65221,11.7960,20.0,1432.4
65222,11.7960,20.0,1432.5
65223,11.7960,20.0,1432.5
65224,11.7960,20.0,1432.5
65225,11.7960,20.0,1432.5
65226,11.7960,20.0,1432.5
65227,11.7960,20.0,1432.5
65228,11.7960,20.0,1432.6
65229,11.7960,20.0,1432.6
65230,11.7960,20.0,1432.6
65231,11.7960,20.0,1432.6
65232,11.7960,20.0,1432.6
65233,11.7960,20.0,1432.7
65234,11.7960,20.0,1432.7
65235,11.7960,20.0,1432.7
65236,11.7960,20.0,1432.7
65237,11.7960,20.0,1432.7
65238,11.7960,20.0,1432.8
65239,11.7960,20.0,1432.8
65240,11.7960,20.0,1432.8
65241,11.7562,20.0,1432.8
65242,11.7562,20.0,1432.8
65243,11.7562,20.0,1432.9
65244,11.7562,20.0,1432.9
65245,11.7562,20.0,1432.9
65246,11.7562,20.0,1432.9
65247,11.7562,20.0,1432.9
65248,11.7562,20.0,1432.9
65249,11.7562,20.0,1433.0
65250,11.7562,20.0,1433.0
65251,11.7562,20.0,1433.0
65252,11.7562,20.0,1433.0
65253,11.7562,20.0,1433.0
65254,11.7562,20.0,1433.1
65255,11.7562,20.0,1433.1
65256,11.7562,20.0,1433.1
65257,11.7562,20.0,1433.1
65258,11.7562,20.0,1433.2
65259,11.7562,20.0,1433.2
65260,11.7562,20.0,1433.2
65261,11.7164,20.0,1433.2
65262,11.7164,20.0,1433.2
65263,11.7164,20.0,1433.3
65264,11.7164,20.0,1433.3
65265,11.7164,20.0,1433.3
65266,11.7164,20.0,1433.3
65267,11.7164,20.0,1433.3
65268,11.7164,20.0,1433.4
65269,11.7164,20.0,1433.4
65270,11.7164,20.0,1433.4
65271,11.7164,20.0,1433.4
65272,11.7164,20.0,1433.4
65273,11.7164,20.0,1433.5
65274,11.7164,20.0,1433.5
65275,11.7164,20.0,1433.5
65276,11.7164,20.0,1433.5
65277,11.7164,20.0,1433.5
65278,11.7164,20.0,1433.6
65279,11.7164,20.0,1433.6
65280,11.7164,20.0,1433.6
65281,11.6767,20.0,1433.6
65282,11.6767,20.0,1433.6
65283,11.6767,20.0,1433.7
65284,11.6767,20.0,1433.7
65285,11.6767,20.0,1433.7
65286,11.6767,20.0,1433.7
65287,11.6767,20.0,1433.7
65288,11.6767,20.0,1433.7
65289,11.6767,20.0,1433.8
65290,11.6767,20.0,1433.8
65291,11.6767,20.0,1433.8
65292,11.6767,20.0,1433.8
65293,11.6767,20.0,1433.8
65294,11.6767,20.0,1433.9
65295,11.6767,20.0,1433.9
65296,11.6767,20.0,1433.9
65297,11.6767,20.0,1433.9
65298,11.6767,20.0,1433.9
65299,11.6767,20.0,1433.9
65300,11.6767,20.0,1434.0
65301,11.6369,20.0,1434.0
65302,11.6369,20.0,1434.0
65303,11.6369,20.0,1434.0
65304,11.6369,20.0,1434.1
65305,11.6369,20.0,1434.1
65306,11.6369,20.0,1434.1
65307,11.6369,20.0,1434.1
65308,11.6369,20.0,1434.1
65309,11.6369,20.0,1434.1
65310,11.6369,20.0,1434.2
65311,11.6369,20.0,1434.2
65312,11.6369,20.0,1434.2
65313,11.6369,20.0,1434.2
65314,11.6369,20.0,1434.3
65315,11.6369,20.0,1434.3
65316,11.6369,20.0,1434.3
65317,11.6369,20.0,1434.3
65318,11.6369,20.0,1434.3
65319,11.6369,20.0,1434.4
65320,11.6369,20.0,1434.4
65321,11.5971,20.0,1434.4
65322,11.5971,20.0,1434.4
65323,11.5971,20.0,1434.4
65324,11.5971,20.0,1434.5
65325,11.5971,20.0,1434.5
65326,11.5971,20.0,1434.5
65327,11.5971,20.0,1434.5
65328,11.5971,20.0,1434.6
65329,11.5971,20.0,1434.6
65330,11.5971,20.0,1434.6
65331,11.5971,20.0,1434.6
65332,11.5971,20.0,1434.6
65333,11.5971,20.0,1434.7
65334,11.5971,20.0,1434.7
65335,11.5971,20.0,1434.7
65336,11.5971,20.0,1434.7
65337,11.5971,20.0,1434.7
65338,11.5971,20.0,1434.8
65339,11.5971,20.0,1434.8
65340,11.5971,20.0,1434.8
65341,11.5574,20.0,1434.8
65342,11.5574,20.0,1434.8
65343,11.5574,20.0,1434.9
65344,11.5574,20.0,1434.9
65345,11.5574,20.0,1434.9
65346,11.5574,20.0,1434.9
65347,11.5574,20.0,1434.9
65348,11.5574,20.0,1434.9
65349,11.5574,20.0,1435.0
65350,11.5574,20.0,1435.0
65351,11.5574,20.0,1435.0
65352,11.5574,20.0,1435.0
65353,11.5574,20.0,1435.1
65354,11.5574,20.0,1435.1
65355,11.5574,20.0,1435.1
65356,11.5574,20.0,1435.1
65357,11.5574,20.0,1435.1
65358,11.5574,20.0,1435.2
65359,11.5574,20.0,1435.2
65360,11.5574,20.0,1435.2
65361,11.5176,20.0,1435.2
65362,11.5176,20.0,1435.2
65363,11.5176,20.0,1435.3
65364,11.5176,20.0,1435.3
65365,11.5176,20.0,1435.3
65366,11.5176,20.0,1435.3
65367,11.5176,20.0,1435.3
65368,11.5176,20.0,1435.3
65369,11.5176,20.0,1435.4
65370,11.5176,20.0,1435.4
65371,11.5176,20.0,1435.4
65372,11.5176,20.0,1435.4
65373,11.5176,20.0,1435.4
65374,11.5176,20.0,1435.5
65375,11.5176,20.0,1435.5
65376,11.5176,20.0,1435.5
65377,11.5176,20.0,1435.5
65378,11.5176,20.0,1435.6
65379,11.5176,20.0,1435.6
65380,11.5176,20.0,1435.6
65381,11.4778,20.0,1435.6
65382,11.4778,20.0,1435.6
65383,11.4778,20.0,1435.7
65384,11.4778,20.0,1435.7
65385,11.4778,20.0,1435.7
65386,11.4778,20.0,1435.7
65387,11.4778,20.0,1435.7
65388,11.4778,20.0,1435.8
65389,11.4778,20.0,1435.8
65390,11.4778,20.0,1435.8
65391,11.4778,20.0,1435.8
65392,11.4778,20.0,1435.8
65393,11.4778,20.0,1435.9
65394,11.4778,20.0,1435.9
65395,11.4778,20.0,1435.9
65396,11.4778,20.0,1435.9
65397,11.4778,20.0,1435.9
65398,11.4778,20.0,1436.0
65399,11.4778,20.0,1436.0
65400,11.4778,20.0,1436.0
65401,11.4381,20.0,1436.0
65402,11.4381,20.0,1436.0
65403,11.4381,20.0,1436.1
65404,11.4381,20.0,1436.1
65405,11.4381,20.0,1436.1
65406,11.4381,20.0,1436.1
65407,11.4381,20.0,1436.1
65408,11.4381,20.0,1436.1
65409,11.4381,20.0,1436.2
65410,11.4381,20.0,1436.2
65411,11.4381,20.0,1436.2
65412,11.4381,20.0,1436.2
65413,11.4381,20.0,1436.3
65414,11.4381,20.0,1436.3
65415,11.4381,20.0,1436.3
65416,11.4381,20.0,1436.3
65417,11.4381,20.0,1436.3
65418,11.4381,20.0,1436.3
65419,11.4381,20.0,1436.4
65420,11.4381,20.0,1436.4
65421,11.3983,20.0,1436.4
65422,11.3983,20.0,1436.4
65423,11.3983,20.0,1436.4
65424,11.3983,20.0,1436.5
65425,11.3983,20.0,1436.5
65426,11.3983,20.0,1436.5
65427,11.3983,20.0,1436.5
65428,11.3983,20.0,1436.5
65429,11.3983,20.0,1436.6
65430,11.3983,20.0,1436.6
65431,11.3983,20.0,1436.6
65432,11.3983,20.0,1436.6
65433,11.3983,20.0,1436.6
65434,11.3983,20.0,1436.7
65435,11.3983,20.0,1436.7
65436,11.3983,20.0,1436.7
65437,11.3983,20.0,1436.7
65438,11.3983,20.0,1436.8
65439,11.3983,20.0,1436.8
65440,11.3983,20.0,1436.8
65441,11.3585,20.0,1436.8
65442,11.3585,20.0,1436.8
65443,11.3585,20.0,1436.8
65444,11.3585,20.0,1436.9
65445,11.3585,20.0,1436.9
65446,11.3585,20.0,1436.9
65447,11.3585,20.0,1436.9
65448,11.3585,20.0,1437.0
65449,11.3585,20.0,1437.0
65450,11.3585,20.0,1437.0
65451,11.3585,20.0,1437.0
65452,11.3585,20.0,1437.0
65453,11.3585,20.0,1437.0
65454,11.3585,20.0,1437.1
65455,11.3585,20.0,1437.1
65456,11.3585,20.0,1437.1
65457,11.3585,20.0,1437.1
65458,11.3585,20.0,1437.2
65459,11.3585,20.0,1437.2
65460,11.3585,20.0,1437.2
65461,11.3188,20.0,1437.2
65462,11.3188,20.0,1437.2
65463,11.3188,20.0,1437.3
65464,11.3188,20.0,1437.3
65465,11.3188,20.0,1437.3
65466,11.3188,20.0,1437.3
65467,11.3188,20.0,1437.3
65468,11.3188,20.0,1437.4
65469,11.3188,20.0,1437.4
65470,11.3188,20.0,1437.4
65471,11.3188,20.0,1437.4
65472,11.3188,20.0,1437.4
65473,11.3188,20.0,1437.4
65474,11.3188,20.0,1437.5
65475,11.3188,20.0,1437.5
65476,11.3188,20.0,1437.5
65477,11.3188,20.0,1437.5
65478,11.3188,20.0,1437.5
65479,11.3188,20.0,1437.6
65480,11.3188,20.0,1437.6
65481,11.2790,20.0,1437.6
65482,11.2790,20.0,1437.6
65483,11.2790,20.0,1437.6
65484,11.2790,20.0,1437.7
65485,11.2790,20.0,1437.7
65486,11.2790,20.0,1437.7
65487,11.2790,20.0,1437.7
65488,11.2790,20.0,1437.8
65489,11.2790,20.0,1437.8
65490,11.2790,20.0,1437.8
65491,11.2790,20.0,1437.8
65492,11.2790,20.0,1437.8
65493,11.2790,20.0,1437.9
65494,11.2790,20.0,1437.9
65495,11.2790,20.0,1437.9
65496,11.2790,20.0,1437.9
65497,11.2790,20.0,1437.9
65498,11.2790,20.0,1437.9
65499,11.2790,20.0,1438.0
65500,11.2790,20.0,1438.0
65501,11.2392,20.0,1438.0
65502,11.2392,20.0,1438.0
65503,11.2392,20.0,1438.0
65504,11.2392,20.0,1438.1
65505,11.2392,20.0,1438.1
65506,11.2392,20.0,1438.1
65507,11.2392,20.0,1438.1
65508,11.2392,20.0,1438.1
65509,11.2392,20.0,1438.2
65510,11.2392,20.0,1438.2
65511,11.2392,20.0,1438.2
65512,11.2392,20.0,1438.2
65513,11.2392,20.0,1438.2
65514,11.2392,20.0,1438.3
65515,11.2392,20.0,1438.3
65516,11.2392,20.0,1438.3
65517,11.2392,20.0,1438.3
65518,11.2392,20.0,1438.4
65519,11.2392,20.0,1438.4
65520,11.2392,20.0,1438.4
65521,11.1996,20.0,1438.4
65522,11.1996,20.0,1438.4
65523,11.1996,20.0,1438.5
65524,11.1996,20.0,1438.5
65525,11.1996,20.0,1438.5
65526,11.1996,20.0,1438.5
65527,11.1996,20.0,1438.5
65528,11.1996,20.0,1438.5
65529,11.1996,20.0,1438.6
65530,11.1996,20.0,1438.6
65531,11.1996,20.0,1438.6
65532,11.1996,20.0,1438.6
65533,11.1996,20.0,1438.6
65534,11.1996,20.0,1438.7
65535,11.1996,20.0,1438.7
65536,11.1996,20.0,1438.7
65537,11.1996,20.0,1439.0
65538,11.1996,20.0,1439.0
65539,11.1996,20.0,1439.0
65540,11.1996,20.0,1439.0
65541,11.1598,20.0,1439.1
65542,11.1598,20.0,1439.1
65543,11.1598,20.0,1439.1
65544,11.1598,20.0,1439.1
65545,11.1598,20.0,1439.1
65546,11.1598,20.0,1439.2
65547,11.1598,20.0,1439.2
65548,11.1598,20.0,1439.2
65549,11.1598,20.0,1439.2
65550,11.1598,20.0,1439.3
65551,11.1598,20.0,1439.3
65552,11.1598,20.0,1439.3
65553,11.1598,20.0,1439.3
65554,11.1598,20.0,1439.3
65555,11.1598,20.0,1439.4
65556,11.1598,20.0,1439.4
65557,11.1598,20.0,1439.4
65558,11.1598,20.0,1439.4
65559,11.1598,20.0,1439.4
65560,11.1598,20.0,1439.5
65561,11.1001,20.0,1439.5
65562,11.1001,20.0,1439.5
65563,11.1001,20.0,1439.5
65564,11.1001,20.0,1439.5
65565,11.1001,20.0,1439.6
65566,11.1001,20.0,1439.6
65567,11.1001,20.0,1439.6
65568,11.1001,20.0,1439.6
65569,11.1001,20.0,1439.6
65570,11.1001,20.0,1439.6
65571,11.1001,20.0,1439.7
65572,11.1001,20.0,1439.7
65573,11.1001,20.0,1439.7
65574,11.1001,20.0,1439.7
65575,11.1001,20.0,1439.8
65576,11.1001,20.0,1439.8
65577,11.1001,20.0,1439.8
65578,11.1001,20.0,1439.8
65579,11.1001,20.0,1439.8
65580,11.1001,20.0,1439.9
65581,11.0404,20.0,1439.9
65582,11.0404,20.0,1439.9
65583,11.0404,20.0,1439.9
65584,11.0404,20.0,1439.9
65585,11.0404,20.0,1440.0
65586,11.0404,20.0,1440.0
65587,11.0404,20.0,1440.0
65588,11.0404,20.0,1440.0
65589,11.0404,20.0,1440.0
65590,11.0404,20.0,1440.1
65591,11.0404,20.0,1440.1
65592,11.0404,20.0,1440.1
65593,11.0404,20.0,1440.1
65594,11.0404,20.0,1440.1
65595,11.0404,20.0,1440.2
65596,11.0404,20.0,1440.2
65597,11.0404,20.0,1440.2
65598,11.0404,20.0,1440.2
65599,11.0404,20.0,1440.2
65600,11.0404,20.0,1440.3
65601,10.9807,20.0,1440.3
65602,10.9807,20.0,1440.3
65603,10.9807,20.0,1440.3
65604,10.9807,20.0,1440.3
65605,10.9807,20.0,1440.4
65606,10.9807,20.0,1440.4
65607,10.9807,20.0,1440.4
65608,10.9807,20.0,1440.4
65609,10.9807,20.0,1440.5
65610,10.9807,20.0,1440.5
65611,10.9807,20.0,1440.5
65612,10.9807,20.0,1440.5
65613,10.9807,20.0,1440.5
65614,10.9807,20.0,1440.5
65615,10.9807,20.0,1440.6
65616,10.9807,20.0,1440.6
65617,10.9807,20.0,1440.6
65618,10.9807,20.0,1440.6
65619,10.9807,20.0,1440.6
65620,10.9807,20.0,1440.7
65621,10.9210,20.0,1440.7
65622,10.9210,20.0,1440.7
65623,10.9210,20.0,1440.7
65624,10.9210,20.0,1440.7
65625,10.9210,20.0,1440.8
65626,10.9210,20.0,1440.8
65627,10.9210,20.0,1440.8
65628,10.9210,20.0,1440.8
65629,10.9210,20.0,1440.8
65630,10.9210,20.0,1440.9
65631,10.9210,20.0,1440.9
65632,10.9210,20.0,1440.9
65633,10.9210,20.0,1440.9
65634,10.9210,20.0,1440.9
65635,10.9210,20.0,1441.0
65636,10.9210,20.0,1441.0
65637,10.9210,20.0,1441.0
65638,10.9210,20.0,1441.0
65639,10.9210,20.0,1441.0
65640,10.9210,20.0,1441.1
65641,10.8613,20.0,1441.1
65642,10.8613,20.0,1441.1
65643,10.8613,20.0,1441.1
65644,10.8613,20.0,1441.2
65645,10.8613,20.0,1441.2
65646,10.8613,20.0,1441.2
65647,10.8613,20.0,1441.2
65648,10.8613,20.0,1441.2
65649,10.8613,20.0,1441.2
65650,10.8613,20.0,1441.3
65651,10.8613,20.0,1441.3
65652,10.8613,20.0,1441.3
65653,10.8613,20.0,1441.3
65654,10.8613,20.0,1441.4
65655,10.8613,20.0,1441.4
65656,10.8613,20.0,1441.4
65657,10.8613,20.0,1441.4
65658,10.8613,20.0,1441.4
65659,10.8613,20.0,1441.5
65660,10.8613,20.0,1441.5
65661,10.8016,20.0,1441.5
65662,10.8016,20.0,1441.5
65663,10.8016,20.0,1441.5
65664,10.8016,20.0,1441.6
65665,10.8016,20.0,1441.6
65666,10.8016,20.0,1441.6
65667,10.8016,20.0,1441.6
65668,10.8016,20.0,1441.6
65669,10.8016,20.0,1441.7
65670,10.8016,20.0,1441.7
65671,10.8016,20.0,1441.7
65672,10.8016,20.0,1441.7
65673,10.8016,20.0,1441.7
65674,10.8016,20.0,1441.8
65675,10.8016,20.0,1441.8
65676,10.8016,20.0,1441.8
65677,10.8016,20.0,1441.8
65678,10.8016,20.0,1441.8
65679,10.8016,20.0,1441.8
65680,10.8016,20.0,1441.9
65681,10.7419,20.0,1441.9
65682,10.7419,20.0,1441.9
65683,10.7419,20.0,1441.9
65684,10.7419,20.0,1442.0
65685,10.7419,20.0,1442.0
65686,10.7419,20.0,1442.0
65687,10.7419,20.0,1442.0
65688,10.7419,20.0,1442.0
65689,10.7419,20.0,1442.0
65690,10.7419,20.0,1442.1
65691,10.7419,20.0,1442.1
65692,10.7419,20.0,1442.1
65693,10.7419,20.0,1442.1
65694,10.7419,20.0,1442.1
65695,10.7419,20.0,1442.2
65696,10.7419,20.0,1442.2
65697,10.7419,20.0,1442.2
65698,10.7419,20.0,1442.2
65699,10.7419,20.0,1442.2
65700,10.7419,20.0,1442.3
65701,10.6822,20.0,1442.3
65702,10.6822,20.0,1442.3
65703,10.6822,20.0,1442.3
65704,10.6822,20.0,1442.3
65705,10.6822,20.0,1442.4
65706,10.6822,20.0,1442.4
65707,10.6822,20.0,1442.4
65708,10.6822,20.0,1442.4
65709,10.6822,20.0,1442.4
65710,10.6822,20.0,1442.5
65711,10.6822,20.0,1442.5
65712,10.6822,20.0,1442.5
65713,10.6822,20.0,1442.5
65714,10.6822,20.0,1442.5
65715,10.6822,20.0,1442.6
65716,10.6822,20.0,1442.6
65717,10.6822,20.0,1442.6
65718,10.6822,20.0,1442.6
65719,10.6822,20.0,1442.7
65720,10.6822,20.0,1442.7
65721,10.6225,20.0,1442.7
65722,10.6225,20.0,1442.7
65723,10.6225,20.0,1442.7
65724,10.6225,20.0,1442.7
65725,10.6225,20.0,1442.8
65726,10.6225,20.0,1442.8
65727,10.6225,20.0,1442.8
65728,10.6225,20.0,1442.8
65729,10.6225,20.0,1442.9
65730,10.6225,20.0,1442.9
65731,10.6225,20.0,1442.9
65732,10.6225,20.0,1442.9
65733,10.6225,20.0,1442.9
65734,10.6225,20.0,1443.0
65735,10.6225,20.0,1443.0
65736,10.6225,20.0,1443.0
65737,10.6225,20.0,1443.0
65738,10.6225,20.0,1443.0
65739,10.6225,20.0,1443.1
65740,10.6225,20.0,1443.1
65741,10.5628,20.0,1443.1
65742,10.5628,20.0,1443.1
65743,10.5628,20.0,1443.1
65744,10.5628,20.0,1443.1
65745,10.5628,20.0,1443.2
65746,10.5628,20.0,1443.2
65747,10.5628,20.0,1443.2
65748,10.5628,20.0,1443.2
65749,10.5628,20.0,1443.2
65750,10.5628,20.0,1443.3
65751,10.5628,20.0,1443.3
65752,10.5628,20.0,1443.3
65753,10.5628,20.0,1443.3
65754,10.5628,20.0,1443.4
65755,10.5628,20.0,1443.4
65756,10.5628,20.0,1443.4
65757,10.5628,20.0,1443.4
65758,10.5628,20.0,1443.4
65759,10.5628,20.0,1443.5
65760,10.5628,20.0,1443.5
65761,10.5031,20.0,1443.5
65762,10.5031,20.0,1443.5
65763,10.5031,20.0,1443.5
65764,10.5031,20.0,1443.6
65765,10.5031,20.0,1443.6
65766,10.5031,20.0,1443.6
65767,10.5031,20.0,1443.6
65768,10.5031,20.0,1443.6
65769,10.5031,20.0,1443.7
65770,10.5031,20.0,1443.7
65771,10.5031,20.0,1443.7
65772,10.5031,20.0,1443.7
65773,10.5031,20.0,1443.7
65774,10.5031,20.0,1443.8
65775,10.5031,20.0,1443.8
65776,10.5031,20.0,1443.8
65777,10.5031,20.0,1443.8
65778,10.5031,20.0,1443.8
65779,10.5031,20.0,1443.8
65780,10.5031,20.0,1443.9
65781,10.4434,20.0,1443.9
65782,10.4434,20.0,1443.9
65783,10.4434,20.0,1443.9
65784,10.4434,20.0,1444.0
65785,10.4434,20.0,1444.0
65786,10.4434,20.0,1444.0
65787,10.4434,20.0,1444.0
65788,10.4434,20.0,1444.0
65789,10.4434,20.0,1444.0
65790,10.4434,20.0,1444.1
65791,10.4434,20.0,1444.1
65792,10.4434,20.0,1444.1
65793,10.4434,20.0,1444.1
65794,10.4434,20.0,1444.2
65795,10.4434,20.0,1444.2
65796,10.4434,20.0,1444.2
65797,10.4434,20.0,1444.2
65798,10.4434,20.0,1444.2
65799,10.4434,20.0,1444.3
65800,10.4434,20.0,1444.3
65801,10.3837,20.0,1444.3
65802,10.3837,20.0,1444.3
65803,10.3837,20.0,1444.3
65804,10.3837,20.0,1444.4
65805,10.3837,20.0,1444.4
65806,10.3837,20.0,1444.4
65807,10.3837,20.0,1444.4
65808,10.3837,20.0,1444.4
65809,10.3837,20.0,1444.5
65810,10.3837,20.0,1444.5
65811,10.3837,20.0,1444.5
65812,10.3837,20.0,1444.5
65813,10.3837,20.0,1444.5
65814,10.3837,20.0,1444.6
65815,10.3837,20.0,1444.6
65816,10.3837,20.0,1444.6
65817,10.3837,20.0,1444.6
65818,10.3837,20.0,1444.6
65819,10.3837,20.0,1444.7
65820,10.3837,20.0,1444.7
65821,10.3240,20.0,1444.7
65822,10.3240,20.0,1444.7
65823,10.3240,20.0,1444.7
65824,10.3240,20.0,1444.8
65825,10.3240,20.0,1444.8
65826,10.3240,20.0,1444.8
65827,10.3240,20.0,1444.8
65828,10.3240,20.0,1444.8
65829,10.3240,20.0,1444.8
65830,10.3240,20.0,1444.9
65831,10.3240,20.0,1444.9
65832,10.3240,20.0,1444.9
65833,10.3240,20.0,1444.9
65834,10.3240,20.0,1444.9
65835,10.3240,20.0,1445.0
65836,10.3240,20.0,1445.0
65837,10.3240,20.0,1445.0
65838,10.3240,20.0,1445.0
65839,10.3240,20.0,1445.0
65840,10.3240,20.0,1445.1
65841,10.2643,20.0,1445.1
65842,10.2643,20.0,1445.1
65843,10.2643,20.0,1445.1
65844,10.2643,20.0,1445.1
65845,10.2643,20.0,1445.2
65846,10.2643,20.0,1445.2
65847,10.2643,20.0,1445.2
65848,10.2643,20.0,1445.2
65849,10.2643,20.0,1445.2
65850,10.2643,20.0,1445.3
65851,10.2643,20.0,1445.3
65852,10.2643,20.0,1445.3
65853,10.2643,20.0,1445.3
65854,10.2643,20.0,1445.3
65855,10.2643,20.0,1445.4
65856,10.2643,20.0,1445.4
65857,10.2643,20.0,1445.4
65858,10.2643,20.0,1445.4
65859,10.2643,20.0,1445.4
65860,10.2643,20.0,1445.5
65861,10.2046,20.0,1445.5
65862,10.2046,20.0,1445.5
65863,10.2046,20.0,1445.5
65864,10.2046,20.0,1445.6
65865,10.2046,20.0,1445.6
65866,10.2046,20.0,1445.6
65867,10.2046,20.0,1445.6
65868,10.2046,20.0,1445.6
65869,10.2046,20.0,1445.6
65870,10.2046,20.0,1445.7
65871,10.2046,20.0,1445.7
65872,10.2046,20.0,1445.7
65873,10.2046,20.0,1445.7
65874,10.2046,20.0,1445.8
65875,10.2046,20.0,1445.8
65876,10.2046,20.0,1445.8
65877,10.2046,20.0,1445.8
65878,10.2046,20.0,1445.8
65879,10.2046,20.0,1445.9
65880,10.2046,20.0,1445.9
65881,10.1449,20.0,1445.9
65882,10.1449,20.0,1445.9
65883,10.1449,20.0,1445.9
65884,10.1449,20.0,1445.9
65885,10.1449,20.0,1446.0
65886,10.1449,20.0,1446.0
65887,10.1449,20.0,1446.0
65888,10.1449,20.0,1446.0
65889,10.1449,20.0,1446.0
65890,10.1449,20.0,1446.1
65891,10.1449,20.0,1446.1
65892,10.1449,20.0,1446.1
65893,10.1449,20.0,1446.1
65894,10.1449,20.0,1446.1
65895,10.1449,20.0,1446.2
65896,10.1449,20.0,1446.2
65897,10.1449,20.0,1446.2
65898,10.1449,20.0,1446.2
65899,10.1449,20.0,1446.2
65900,10.1449,20.0,1446.3
65901,10.0852,20.0,1446.3
65902,10.0852,20.0,1446.3
65903,10.0852,20.0,1446.3
65904,10.0852,20.0,1446.3
65905,10.0852,20.0,1446.4
65906,10.0852,20.0,1446.4
65907,10.0852,20.0,1446.4
65908,10.0852,20.0,1446.4
65909,10.0852,20.0,1446.4
65910,10.0852,20.0,1446.5
65911,10.0852,20.0,1446.5
65912,10.0852,20.0,1446.5
65913,10.0852,20.0,1446.5
65914,10.0852,20.0,1446.5
65915,10.0852,20.0,1446.6
65916,10.0852,20.0,1446.6
65917,10.0852,20.0,1446.6
65918,10.0852,20.0,1446.6
65919,10.0852,20.0,1446.6
65920,10.0852,20.0,1446.7
65921,10.0255,20.0,1446.7
65922,10.0255,20.0,1446.7
65923,10.0255,20.0,1446.7
65924,10.0255,20.0,1446.7
65925,10.0255,20.0,1446.8
65926,10.0255,20.0,1446.8
65927,10.0255,20.0,1446.8
65928,10.0255,20.0,1446.8
65929,10.0255,20.0,1446.8
65930,10.0255,20.0,1446.9
65931,10.0255,20.0,1446.9
65932,10.0255,20.0,1446.9
65933,10.0255,20.0,1446.9
65934,10.0255,20.0,1446.9
65935,10.0255,20.0,1446.9
65936,10.0255,20.0,1447.0
65937,10.0255,20.0,1447.0
65938,10.0255,20.0,1447.0
65939,10.0255,20.0,1447.0
65940,10.0255,20.0,1447.0
65941,9.9657,20.0,1447.0
65942,9.9657,20.0,1447.1
65943,9.9657,20.0,1447.1
65944,9.9657,20.0,1447.1
65945,9.9657,20.0,1447.1
65946,9.9657,20.0,1447.2
65947,9.9657,20.0,1447.2
65948,9.9657,20.0,1447.2
65949,9.9657,20.0,1447.2
65950,9.9657,20.0,1447.2
65951,9.9657,20.0,1447.3
65952,9.9657,20.0,1447.3
65953,9.9657,20.0,1447.3
65954,9.9657,20.0,1447.3
65955,9.9657,20.0,1447.3
65956,9.9657,20.0,1447.4
65957,9.9657,20.0,1447.4
65958,9.9657,20.0,1447.4
65959,9.9657,20.0,1447.4
65960,9.9657,20.0,1447.4
65961,9.9060,20.0,1447.4
65962,9.9060,20.0,1447.5
65963,9.9060,20.0,1447.5
65964,9.9060,20.0,1447.5
65965,9.9060,20.0,1447.5
65966,9.9060,20.0,1447.5
65967,9.9060,20.0,1447.6
65968,9.9060,20.0,1447.6
65969,9.9060,20.0,1447.6
65970,9.9060,20.0,1447.6
65971,9.9060,20.0,1447.6
65972,9.9060,20.0,1447.7
65973,9.9060,20.0,1447.7
65974,9.9060,20.0,1447.7
65975,9.9060,20.0,1447.7
65976,9.9060,20.0,1447.8
65977,9.9060,20.0,1447.8
65978,9.9060,20.0,1447.8
65979,9.9060,20.0,1447.8
65980,9.9060,20.0,1447.8
65981,9.8463,20.0,1447.9
65982,9.8463,20.0,1447.9
65983,9.8463,20.0,1447.9
65984,9.8463,20.0,1447.9
65985,9.8463,20.0,1447.9
65986,9.8463,20.0,1448.0
65987,9.8463,20.0,1448.0
65988,9.8463,20.0,1448.0
65989,9.8463,20.0,1448.0
65990,9.8463,20.0,1448.0
65991,9.8463,20.0,1448.1
65992,9.8463,20.0,1448.1
65993,9.8463,20.0,1448.1
65994,9.8463,20.0,1448.1
65995,9.8463,20.0,1448.1
65996,9.8463,20.0,1448.2
65997,9.8463,20.0,1448.2
65998,9.8463,20.0,1448.2
65999,9.8463,20.0,1448.2
66000,9.8463,20.0,1448.2
66001,9.7866,20.0,1448.3
66002,9.7866,20.0,1448.3
66003,9.7866,20.0,1448.3
66004,9.7866,20.0,1448.3
66005,9.7866,20.0,1448.3
66006,9.7866,20.0,1448.4
66007,9.7866,20.0,1448.4
66008,9.7866,20.0,1448.4
66009,9.7866,20.0,1448.4
66010,9.7866,20.0,1448.5
66011,9.7866,20.0,1448.5
66012,9.7866,20.0,1448.5
66013,9.7866,20.0,1448.5
66014,9.7866,20.0,1448.5
66015,9.7866,20.0,1448.6
66016,9.7866,20.0,1448.6
66017,9.7866,20.0,1448.6
66018,9.7866,20.0,1448.6
66019,9.7866,20.0,1448.6
66020,9.7866,20.0,1448.7
66021,9.7269,20.0,1448.7
66022,9.7269,20.0,1448.7
66023,9.7269,20.0,1448.7
66024,9.7269,20.0,1448.7
66025,9.7269,20.0,1448.8
66026,9.7269,20.0,1448.8
66027,9.7269,20.0,1448.8
66028,9.7269,20.0,1448.8
66029,9.7269,20.0,1448.8
66030,9.7269,20.0,1448.9
66031,9.7269,20.0,1448.9
66032,9.7269,20.0,1448.9
66033,9.7269,20.0,1448.9
66034,9.7269,20.0,1448.9
66035,9.7269,20.0,1448.9
66036,9.7269,20.0,1449.0
66037,9.7269,20.0,1449.0
66038,9.7269,20.0,1449.0
66039,9.7269,20.0,1449.0
66040,9.7269,20.0,1449.0
66041,9.6672,20.0,1449.0
66042,9.6672,20.0,1449.1
66043,9.6672,20.0,1449.1
66044,9.6672,20.0,1449.1
66045,9.6672,20.0,1449.1
66046,9.6672,20.0,1449.1
66047,9.6672,20.0,1449.2
66048,9.6672,20.0,1449.2
66049,9.6672,20.0,1449.5
66050,9.6672,20.0,1449.5
66051,9.6672,20.0,1449.5
66052,9.6672,20.0,1449.5
66053,9.6672,20.0,1449.5
66054,9.6672,20.0,1449.5
66055,9.6672,20.0,1449.6
66056,9.6672,20.0,1449.6
66057,9.6672,20.0,1449.6
66058,9.6672,20.0,1449.6
66059,9.6672,20.0,1449.7
66060,9.6672,20.0,1449.7
66061,9.6075,20.0,1449.7
66062,9.6075,20.0,1449.7
66063,9.6075,20.0,1449.7
66064,9.6075,20.0,1449.8
66065,9.6075,20.0,1449.8
66066,9.6075,20.0,1449.8
66067,9.6075,20.0,1449.8
66068,9.6075,20.0,1449.8
66069,9.6075,20.0,1449.9
66070,9.6075,20.0,1449.9
66071,9.6075,20.0,1449.9
66072,9.6075,20.0,1449.9
66073,9.6075,20.0,1449.9
66074,9.6075,20.0,1450.0
66075,9.6075,20.0,1450.0
66076,9.6075,20.0,1450.0
66077,9.6075,20.0,1450.0
66078,9.6075,20.0,1450.0
66079,9.6075,20.0,1450.1
66080,9.6075,20.0,1450.1
66081,9.5478,20.0,1450.1
66082,9.5478,20.0,1450.1
66083,9.5478,20.0,1450.1
66084,9.5478,20.0,1450.1
66085,9.5478,20.0,1450.2
66086,9.5478,20.0,1450.2
66087,9.5478,20.0,1450.2
66088,9.5478,20.0,1450.2
66089,9.5478,20.0,1450.3
66090,9.5478,20.0,1450.3
66091,9.5478,20.0,1450.3
66092,9.5478,20.0,1450.3
66093,9.5478,20.0,1450.3
66094,9.5478,20.0,1450.4
66095,9.5478,20.0,1450.4
66096,9.5478,20.0,1450.4
66097,9.5478,20.0,1450.4
66098,9.5478,20.0,1450.4
66099,9.5478,20.0,1450.5
66100,9.5478,20.0,1450.5
66101,9.4881,20.0,1450.5
66102,9.4881,20.0,1450.5
66103,9.4881,20.0,1450.5
66104,9.4881,20.0,1450.6
66105,9.4881,20.0,1450.6
66106,9.4881,20.0,1450.6
66107,9.4881,20.0,1450.6
66108,9.4881,20.0,1450.6
66109,9.4881,20.0,1450.7
66110,9.4881,20.0,1450.7
66111,9.4881,20.0,1450.7
66112,9.4881,20.0,1450.7
66113,9.4881,20.0,1450.7
66114,9.4881,20.0,1450.7
66115,9.4881,20.0,1450.8
66116,9.4881,20.0,1450.8
66117,9.4881,20.0,1450.8
66118,9.4881,20.0,1450.8
66119,9.4881,20.0,1450.8
66120,9.4881,20.0,1450.9
66121,9.4284,20.0,1450.9
66122,9.4284,20.0,1450.9
66123,9.4284,20.0,1450.9
66124,9.4284,20.0,1450.9
66125,9.4284,20.0,1451.0
66126,9.4284,20.0,1451.0
66127,9.4284,20.0,1451.0
66128,9.4284,20.0,1451.0
66129,9.4284,20.0,1451.0
66130,9.4284,20.0,1451.1
66131,9.4284,20.0,1451.1
66132,9.4284,20.0,1451.1
66133,9.4284,20.0,1451.1
66134,9.4284,20.0,1451.1
66135,9.4284,20.0,1451.2
66136,9.4284,20.0,1451.2
66137,9.4284,20.0,1451.2
66138,9.4284,20.0,1451.2
66139,9.4284,20.0,1451.2
66140,9.4284,20.0,1451.3
66141,9.3687,20.0,1451.3
66142,9.3687,20.0,1451.3
66143,9.3687,20.0,1451.3
66144,9.3687,20.0,1451.3
66145,9.3687,20.0,1451.4
66146,9.3687,20.0,1451.4
66147,9.3687,20.0,1451.4
66148,9.3687,20.0,1451.4
66149,9.3687,20.0,1451.4
66150,9.3687,20.0,1451.5
66151,9.3687,20.0,1451.5
66152,9.3687,20.0,1451.5
66153,9.3687,20.0,1451.5
66154,9.3687,20.0,1451.5
66155,9.3687,20.0,1451.6
66156,9.3687,20.0,1451.6
66157,9.3687,20.0,1451.6
66158,9.3687,20.0,1451.6
66159,9.3687,20.0,1451.6
66160,9.3687,20.0,1451.7
66161,9.3090,20.0,1451.7
66162,9.3090,20.0,1451.7
66163,9.3090,20.0,1451.7
66164,9.3090,20.0,1451.7
66165,9.3090,20.0,1451.8
66166,9.3090,20.0,1451.8
66167,9.3090,20.0,1451.8
66168,9.3090,20.0,1451.8
66169,9.3090,20.0,1451.8
66170,9.3090,20.0,1451.9
66171,9.3090,20.0,1451.9
66172,9.3090,20.0,1451.9
66173,9.3090,20.0,1451.9
66174,9.3090,20.0,1451.9
66175,9.3090,20.0,1452.0
66176,9.3090,20.0,1452.0
66177,9.3090,20.0,1452.0
66178,9.3090,20.0,1452.0
66179,9.3090,20.0,1452.0
66180,9.3090,20.0,1452.0
66181,9.2493,20.0,1452.1
66182,9.2493,20.0,1452.1
66183,9.2493,20.0,1452.1
66184,9.2493,20.0,1452.1
66185,9.2493,20.0,1452.2
66186,9.2493,20.0,1452.2
66187,9.2493,20.0,1452.2
66188,9.2493,20.0,1452.2
66189,9.2493,20.0,1452.3
66190,9.2493,20.0,1452.3
66191,9.2493,20.0,1452.3
66192,9.2493,20.0,1452.3
66193,9.2493,20.0,1452.3
66194,9.2493,20.0,1452.4
66195,9.2493,20.0,1452.4
66196,9.2493,20.0,1452.4
66197,9.2493,20.0,1452.4
66198,9.2493,20.0,1452.4
66199,9.2493,20.0,1452.4
66200,9.2493,20.0,1452.5
66201,9.1896,20.0,1452.5
66202,9.1896,20.0,1452.5
66203,9.1896,20.0,1452.5
66204,9.1896,20.0,1452.5
66205,9.1896,20.0,1452.6
66206,9.1896,20.0,1452.6
66207,9.1896,20.0,1452.6
66208,9.1896,20.0,1452.6
66209,9.1896,20.0,1452.6
66210,9.1896,20.0,1452.7
66211,9.1896,20.0,1452.7
66212,9.1896,20.0,1452.7
66213,9.1896,20.0,1452.7
66214,9.1896,20.0,1452.8
66215,9.1896,20.0,1452.8
66216,9.1896,20.0,1452.8
66217,9.1896,20.0,1452.8
66218,9.1896,20.0,1452.8
66219,9.1896,20.0,1452.9
66220,9.1896,20.0,1452.9
66221,9.1299,20.0,1452.9
66222,9.1299,20.0,1452.9
66223,9.1299,20.0,1452.9
66224,9.1299,20.0,1453.0
66225,9.1299,20.0,1453.0
66226,9.1299,20.0,1453.0
66227,9.1299,20.0,1453.0
66228,9.1299,20.0,1453.0
66229,9.1299,20.0,1453.1
66230,9.1299,20.0,1453.1
66231,9.1299,20.0,1453.1
66232,9.1299,20.0,1453.1
66233,9.1299,20.0,1453.1
66234,9.1299,20.0,1453.1
66235,9.1299,20.0,1453.2
66236,9.1299,20.0,1453.2
66237,9.1299,20.0,1453.2
66238,9.1299,20.0,1453.2
66239,9.1299,20.0,1453.2
66240,9.1299,20.0,1453.3
66241,9.0702,20.0,1453.3
66242,9.0702,20.0,1453.3
66243,9.0702,20.0,1453.3
66244,9.0702,20.0,1453.3
66245,9.0702,20.0,1453.4
66246,9.0702,20.0,1453.4
66247,9.0702,20.0,1453.4
66248,9.0702,20.0,1453.4
66249,9.0702,20.0,1453.4
66250,9.0702,20.0,1453.5
66251,9.0702,20.0,1453.5
66252,9.0702,20.0,1453.5
66253,9.0702,20.0,1453.5
66254,9.0702,20.0,1453.6
66255,9.0702,20.0,1453.6
66256,9.0702,20.0,1453.6
66257,9.0702,20.0,1453.6
66258,9.0702,20.0,1453.6
66259,9.0702,20.0,1453.6
66260,9.0702,20.0,1453.7
66261,9.0105,20.0,1453.7
66262,9.0105,20.0,1453.7
66263,9.0105,20.0,1453.7
66264,9.0105,20.0,1453.7
66265,9.0105,20.0,1453.8
66266,9.0105,20.0,1453.8
66267,9.0105,20.0,1453.8
66268,9.0105,20.0,1453.8
66269,9.0105,20.0,1453.8
66270,9.0105,20.0,1453.9
66271,9.0105,20.0,1453.9
66272,9.0105,20.0,1453.9
66273,9.0105,20.0,1453.9
66274,9.0105,20.0,1453.9
66275,9.0105,20.0,1454.0
66276,9.0105,20.0,1454.0
66277,9.0105,20.0,1454.0
66278,9.0105,20.0,1454.0
66279,9.0105,20.0,1454.0
66280,9.0105,20.0,1454.1
66281,8.9508,20.0,1454.1
66282,8.9508,20.0,1454.1
66283,8.9508,20.0,1454.1
66284,8.9508,20.0,1454.1
66285,8.9508,20.0,1454.2
66286,8.9508,20.0,1454.2
66287,8.9508,20.0,1454.2
66288,8.9508,20.0,1454.2
66289,8.9508,20.0,1454.2
66290,8.9508,20.0,1454.3
66291,8.9508,20.0,1454.3
66292,8.9508,20.0,1454.3
66293,8.9508,20.0,1454.3
66294,8.9508,20.0,1454.3
66295,8.9508,20.0,1454.4
66296,8.9508,20.0,1454.4
66297,8.9508,20.0,1454.4
66298,8.9508,20.0,1454.4
66299,8.9508,20.0,1454.4
66300,8.9508,20.0,1454.5
66301,8.8911,20.0,1454.5
66302,8.8911,20.0,1454.5
66303,8.8911,20.0,1454.5
66304,8.8911,20.0,1454.5
66305,8.8911,20.0,1454.6
66306,8.8911,20.0,1454.6
66307,8.8911,20.0,1454.6
66308,8.8911,20.0,1454.6
66309,8.8911,20.0,1454.6
66310,8.8911,20.0,1454.7
66311,8.8911,20.0,1454.7
66312,8.8911,20.0,1454.7
66313,8.8911,20.0,1454.7
66314,8.8911,20.0,1454.7
66315,8.8911,20.0,1454.8
66316,8.8911,20.0,1454.8
66317,8.8911,20.0,1454.8
66318,8.8911,20.0,1454.8
66319,8.8911,20.0,1454.8
66320,8.8911,20.0,1454.9
66321,8.8314,20.0,1454.9
66322,8.8314,20.0,1454.9
66323,8.8314,20.0,1454.9
66324,8.8314,20.0,1454.9
66325,8.8314,20.0,1455.0
66326,8.8314,20.0,1455.0
66327,8.8314,20.0,1455.0
66328,8.8314,20.0,1455.0
66329,8.8314,20.0,1455.0
66330,8.8314,20.0,1455.1
66331,8.8314,20.0,1455.1
66332,8.8314,20.0,1455.1
66333,8.8314,20.0,1455.1
66334,8.8314,20.0,1455.1
66335,8.8314,20.0,1455.2
66336,8.8314,20.0,1455.2
66337,8.8314,20.0,1455.2
66338,8.8314,20.0,1455.2
66339,8.8314,20.0,1455.2
66340,8.8314,20.0,1455.3
66341,8.7717,20.0,1455.3
66342,8.7717,20.0,1455.3
66343,8.7717,20.0,1455.3
66344,8.7717,20.0,1455.3
66345,8.7717,20.0,1455.4
66346,8.7717,20.0,1455.4
66347,8.7717,20.0,1455.4
66348,8.7717,20.0,1455.4
66349,8.7717,20.0,1455.4
66350,8.7717,20.0,1455.5
66351,8.7717,20.0,1455.5
66352,8.7717,20.0,1455.5
66353,8.7717,20.0,1455.5
66354,8.7717,20.0,1455.5
66355,8.7717,20.0,1455.6
66356,8.7717,20.0,1455.6
66357,8.7717,20.0,1455.6
66358,8.7717,20.0,1455.6
66359,8.7717,20.0,1455.6
66360,8.7717,20.0,1455.7
66361,8.7120,20.0,1455.7
66362,8.7120,20.0,1455.7
66363,8.7120,20.0,1455.7
66364,8.7120,20.0,1455.7
66365,8.7120,20.0,1455.8
66366,8.7120,20.0,1455.8
66367,8.7120,20.0,1455.8
66368,8.7120,20.0,1455.8
66369,8.7120,20.0,1455.8
66370,8.7120,20.0,1455.8
66371,8.7120,20.0,1455.9
66372,8.7120,20.0,1455.9
66373,8.7120,20.0,1455.9
66374,8.7120,20.0,1455.9
66375,8.7120,20.0,1455.9
66376,8.7120,20.0,1456.0
66377,8.7120,20.0,1456.0
66378,8.7120,20.0,1456.0
66379,8.7120,20.0,1456.0
66380,8.7120,20.0,1456.0
66381,8.6523,20.0,1456.1
66382,8.6523,20.0,1456.1
66383,8.6523,20.0,1456.1
66384,8.6523,20.0,1456.1
66385,8.6523,20.0,1456.1
66386,8.6523,20.0,1456.1
66387,8.6523,20.0,1456.2
66388,8.6523,20.0,1456.2
66389,8.6523,20.0,1456.2
66390,8.6523,20.0,1456.2
66391,8.6523,20.0,1456.2
66392,8.6523,20.0,1456.3
66393,8.6523,20.0,1456.3
66394,8.6523,20.0,1456.3
66395,8.6523,20.0,1456.3
66396,8.6523,20.0,1456.4
66397,8.6523,20.0,1456.4
66398,8.6523,20.0,1456.4
66399,8.6523,20.0,1456.5
66400,8.6523,20.0,1456.5
66401,8.5926,20.0,1456.5
66402,8.5926,20.0,1456.5
66403,8.5926,20.0,1456.5
66404,8.5926,20.0,1456.6
66405,8.5926,20.0,1456.6
66406,8.5926,20.0,1456.6
66407,8.5926,20.0,1456.6
66408,8.5926,20.0,1456.7
66409,8.5926,20.0,1456.7
66410,8.5926,20.0,1456.7
66411,8.5926,20.0,1456.7
66412,8.5926,20.0,1456.7
66413,8.5926,20.0,1456.8
66414,8.5926,20.0,1456.8
66415,8.5926,20.0,1456.8
66416,8.5926,20.0,1456.8
66417,8.5926,20.0,1456.8
66418,8.5926,20.0,1456.9
66419,8.5926,20.0,1456.9
66420,8.5926,20.0,1456.9
66421,8.5329,20.0,1456.9
66422,8.5329,20.0,1457.0
66423,8.5329,20.0,1457.0
66424,8.5329,20.0,1457.0
66425,8.5329,20.0,1457.0
66426,8.5329,20.0,1457.0
66427,8.5329,20.0,1457.1
66428,8.5329,20.0,1457.1
66429,8.5329,20.0,1457.1
66430,8.5329,20.0,1457.1
66431,8.5329,20.0,1457.1
66432,8.5329,20.0,1457.2
66433,8.5329,20.0,1457.2
66434,8.5329,20.0,1457.2
66435,8.5329,20.0,1457.2
66436,8.5329,20.0,1457.2
66437,8.5329,20.0,1457.3
66438,8.5329,20.0,1457.3
66439,8.5329,20.0,1457.3
66440,8.5329,20.0,1457.3
66441,8.4732,20.0,1457.3
66442,8.4732,20.0,1457.3
66443,8.4732,20.0,1457.4
66444,8.4732,20.0,1457.4
66445,8.4732,20.0,1457.4
66446,8.4732,20.0,1457.4
66447,8.4732,20.0,1457.5
66448,8.4732,20.0,1457.5
66449,8.4732,20.0,1457.5
66450,8.4732,20.0,1457.5
66451,8.4732,20.0,1457.5
66452,8.4732,20.0,1457.6
66453,8.4732,20.0,1457.6
66454,8.4732,20.0,1457.6
66455,8.4732,20.0,1457.6
66456,8.4732,20.0,1457.6
66457,8.4732,20.0,1457.7
66458,8.4732,20.0,1457.7
66459,8.4732,20.0,1457.7
66460,8.4732,20.0,1457.7
66461,8.4135,20.0,1457.7
66462,8.4135,20.0,1457.8
66463,8.4135,20.0,1457.8
66464,8.4135,20.0,1457.8
66465,8.4135,20.0,1457.8
66466,8.4135,20.0,1457.8
66467,8.4135,20.0,1457.8
66468,8.4135,20.0,1457.9
66469,8.4135,20.0,1457.9
66470,8.4135,20.0,1457.9
66471,8.4135,20.0,1457.9
66472,8.4135,20.0,1457.9
66473,8.4135,20.0,1458.0
66474,8.4135,20.0,1458.0
66475,8.4135,20.0,1458.0
66476,8.4135,20.0,1458.0
66477,8.4135,20.0,1458.0
66478,8.4135,20.0,1458.1
66479,8.4135,20.0,1458.1
66480,8.4135,20.0,1458.1
66481,8.3538,20.0,1458.1
66482,8.3538,20.0,1458.1
66483,8.3538,20.0,1458.2
66484,8.3538,20.0,1458.2
66485,8.3538,20.0,1458.2
66486,8.3538,20.0,1458.2
66487,8.3538,20.0,1458.3
66488,8.3538,20.0,1458.3
66489,8.3538,20.0,1458.3
66490,8.3538,20.0,1458.3
66491,8.3538,20.0,1458.3
66492,8.3538,20.0,1458.4
66493,8.3538,20.0,1458.4
66494,8.3538,20.0,1458.4
66495,8.3538,20.0,1458.4
66496,8.3538,20.0,1458.4
66497,8.3538,20.0,1458.5
66498,8.3538,20.0,1458.5
66499,8.3538,20.0,1458.5
66500,8.3538,20.0,1458.6
66501,8.2941,20.0,1458.6
66502,8.2941,20.0,1458.6
66503,8.2941,20.0,1458.6
66504,8.2941,20.0,1458.6
66505,8.2941,20.0,1458.7
66506,8.2941,20.0,1458.7
66507,8.2941,20.0,1458.7
66508,8.2941,20.0,1458.7
66509,8.2941,20.0,1458.7
66510,8.2941,20.0,1458.8
66511,8.2941,20.0,1458.8
66512,8.2941,20.0,1458.8
66513,8.2941,20.0,1458.8
66514,8.2941,20.0,1458.9
66515,8.2941,20.0,1458.9
66516,8.2941,20.0,1458.9
66517,8.2941,20.0,1458.9
66518,8.2941,20.0,1458.9
66519,8.2941,20.0,1459.0
66520,8.2941,20.0,1459.0
66521,8.2344,20.0,1459.0
66522,8.2344,20.0,1459.0
66523,8.2344,20.0,1459.1
66524,8.2344,20.0,1459.1
66525,8.2344,20.0,1459.1
66526,8.2344,20.0,1459.1
66527,8.2344,20.0,1459.1
66528,8.2344,20.0,1459.2
66529,8.2344,20.0,1459.2
66530,8.2344,20.0,1459.2
66531,8.2344,20.0,1459.2
66532,8.2344,20.0,1459.2
66533,8.2344,20.0,1459.3
66534,8.2344,20.0,1459.3
66535,8.2344,20.0,1459.3
66536,8.2344,20.0,1459.3
66537,8.2344,20.0,1459.3
66538,8.2344,20.0,1459.4
66539,8.2344,20.0,1459.4
66540,8.2344,20.0,1459.4
66541,8.1750,20.0,1459.4
66542,8.1750,20.0,1459.4
66543,8.1750,20.0,1459.5
66544,8.1750,20.0,1459.5
66545,8.1750,20.0,1459.5
66546,8.1750,20.0,1459.5
66547,8.1750,20.0,1459.5
66548,8.1750,20.0,1459.6
66549,8.1750,20.0,1459.6
66550,8.1750,20.0,1459.6
66551,8.1750,20.0,1459.6
66552,8.1750,20.0,1459.6
66553,8.1750,20.0,1459.7
66554,8.1750,20.0,1459.7
66555,8.1750,20.0,1459.7
66556,8.1750,20.0,1459.7
66557,8.1750,20.0,1459.8
66558,8.1750,20.0,1459.8
66559,8.1750,20.0,1459.8
66560,8.1750,20.0,1459.8
66561,8.1156,20.0,1460.1
66562,8.1156,20.0,1460.1
66563,8.1156,20.0,1460.1
66564,8.1156,20.0,1460.2
66565,8.1156,20.0,1460.2
66566,8.1156,20.0,1460.2
66567,8.1156,20.0,1460.2
66568,8.1156,20.0,1460.2
66569,8.1156,20.0,1460.3
66570,8.1156,20.0,1460.3
66571,8.1156,20.0,1460.3
66572,8.1156,20.0,1460.3
66573,8.1156,20.0,1460.3
66574,8.1156,20.0,1460.3
66575,8.1156,20.0,1460.4
66576,8.1156,20.0,1460.4
66577,8.1156,20.0,1460.4
66578,8.1156,20.0,1460.4
66579,8.1156,20.0,1460.5
66580,8.1156,20.0,1460.5
66581,8.0562,20.0,1460.5
66582,8.0562,20.0,1460.5
66583,8.0562,20.0,1460.5
66584,8.0562,20.0,1460.6
66585,8.0562,20.0,1460.6
66586,8.0562,20.0,1460.6
66587,8.0562,20.0,1460.6
66588,8.0562,20.0,1460.6
66589,8.0562,20.0,1460.7
66590,8.0562,20.0,1460.7
66591,8.0562,20.0,1460.7
66592,8.0562,20.0,1460.7
66593,8.0562,20.0,1460.7
66594,8.0562,20.0,1460.8
66595,8.0562,20.0,1460.8
66596,8.0562,20.0,1460.8
66597,8.0562,20.0,1460.8
66598,8.0562,20.0,1460.8
66599,8.0562,20.0,1460.9
66600,8.0562,20.0,1460.9
66601,7.9968,20.0,1460.9
66602,7.9968,20.0,1460.9
66603,7.9968,20.0,1460.9
66604,7.9968,20.0,1461.0
66605,7.9968,20.0,1461.0
66606,7.9968,20.0,1461.0
66607,7.9968,20.0,1461.0
66608,7.9968,20.0,1461.1
66609,7.9968,20.0,1461.1
66610,7.9968,20.0,1461.1
66611,7.9968,20.0,1461.1
66612,7.9968,20.0,1461.1
66613,7.9968,20.0,1461.2
66614,7.9968,20.0,1461.2
66615,7.9968,20.0,1461.2
66616,7.9968,20.0,1461.2
66617,7.9968,20.0,1461.3
66618,7.9968,20.0,1461.3
66619,7.9968,20.0,1461.3
66620,7.9968,20.0,1461.3
66621,7.9373,20.0,1461.3
66622,7.9373,20.0,1461.4
66623,7.9373,20.0,1461.4
66624,7.9373,20.0,1461.4
66625,7.9373,20.0,1461.4
66626,7.9373,20.0,1461.4
66627,7.9373,20.0,1461.5
66628,7.9373,20.0,1461.5
66629,7.9373,20.0,1461.5
66630,7.9373,20.0,1461.5
66631,7.9373,20.0,1461.6
66632,7.9373,20.0,1461.6
66633,7.9373,20.0,1461.6
66634,7.9373,20.0,1461.6
66635,7.9373,20.0,1461.6
66636,7.9373,20.0,1461.7
66637,7.9373,20.0,1461.7
66638,7.9373,20.0,1461.7
66639,7.9373,20.0,1461.7
66640,7.9373,20.0,1461.7
66641,7.8779,20.0,1461.8
66642,7.8779,20.0,1461.8
66643,7.8779,20.0,1461.8
66644,7.8779,20.0,1461.8
66645,7.8779,20.0,1461.8
66646,7.8779,20.0,1461.9
66647,7.8779,20.0,1461.9
66648,7.8779,20.0,1461.9
66649,7.8779,20.0,1461.9
66650,7.8779,20.0,1461.9
66651,7.8779,20.0,1462.0
66652,7.8779,20.0,1462.0
66653,7.8779,20.0,1462.0
66654,7.8779,20.0,1462.0
66655,7.8779,20.0,1462.0
66656,7.8779,20.0,1462.1
66657,7.8779,20.0,1462.1
66658,7.8779,20.0,1462.1
66659,7.8779,20.0,1462.1
66660,7.8779,20.0,1462.1
66661,7.8185,20.0,1462.2
66662,7.8185,20.0,1462.2
66663,7.8185,20.0,1462.2
66664,7.8185,20.0,1462.2
66665,7.8185,20.0,1462.2
66666,7.8185,20.0,1462.2
66667,7.8185,20.0,1462.3
66668,7.8185,20.0,1462.3
66669,7.8185,20.0,1462.3
66670,7.8185,20.0,1462.3
66671,7.8185,20.0,1462.3
66672,7.8185,20.0,1462.4
66673,7.8185,20.0,1462.4
66674,7.8185,20.0,1462.4
66675,7.8185,20.0,1462.4
66676,7.8185,20.0,1462.4
66677,7.8185,20.0,1462.5
66678,7.8185,20.0,1462.5
66679,7.8185,20.0,1462.5
66680,7.8185,20.0,1462.5
66681,7.7591,20.0,1462.5
66682,7.7591,20.0,1462.6
66683,7.7591,20.0,1462.6
66684,7.7591,20.0,1462.6
66685,7.7591,20.0,1462.6
66686,7.7591,20.0,1462.6
66687,7.7591,20.0,1462.7
66688,7.7591,20.0,1462.7
66689,7.7591,20.0,1462.7
66690,7.7591,20.0,1462.7
66691,7.7591,20.0,1462.7
66692,7.7591,20.0,1462.8
66693,7.7591,20.0,1462.8
66694,7.7591,20.0,1462.8
66695,7.7591,20.0,1462.8
66696,7.7591,20.0,1462.8
66697,7.7591,20.0,1462.9
66698,7.7591,20.0,1462.9
66699,7.7591,20.0,1462.9
66700,7.7591,20.0,1462.9
66701,7.6997,20.0,1462.9
66702,7.6997,20.0,1462.9
66703,7.6997,20.0,1463.0
66704,7.6997,20.0,1463.0
66705,7.6997,20.0,1463.0
66706,7.6997,20.0,1463.0
66707,7.6997,20.0,1463.0
66708,7.6997,20.0,1463.0
66709,7.6997,20.0,1463.1
66710,7.6997,20.0,1463.1
66711,7.6997,20.0,1463.1
66712,7.6997,20.0,1463.1
66713,7.6997,20.0,1463.1
66714,7.6997,20.0,1463.2
66715,7.6997,20.0,1463.2
66716,7.6997,20.0,1463.2
66717,7.6997,20.0,1463.2
66718,7.6997,20.0,1463.2
66719,7.6997,20.0,1463.3
66720,7.6997,20.0,1463.3
66721,7.6403,20.0,1463.3
66722,7.6403,20.0,1463.3
66723,7.6403,20.0,1463.3
66724,7.6403,20.0,1463.4
66725,7.6403,20.0,1463.4
66726,7.6403,20.0,1463.4
66727,7.6403,20.0,1463.4
66728,7.6403,20.0,1463.4
66729,7.6403,20.0,1463.5
66730,7.6403,20.0,1463.5
66731,7.6403,20.0,1463.5
66732,7.6403,20.0,1463.5
66733,7.6403,20.0,1463.5
66734,7.6403,20.0,1463.6
66735,7.6403,20.0,1463.6
66736,7.6403,20.0,1463.6
66737,7.6403,20.0,1463.6
66738,7.6403,20.0,1463.6
66739,7.6403,20.0,1463.7
66740,7.6403,20.0,1463.7
66741,7.5809,20.0,1463.7
66742,7.5809,20.0,1463.7
66743,7.5809,20.0,1463.7
66744,7.5809,20.0,1463.7
66745,7.5809,20.0,1463.8
66746,7.5809,20.0,1463.8
66747,7.5809,20.0,1463.8
66748,7.5809,20.0,1463.8
66749,7.5809,20.0,1463.9
66750,7.5809,20.0,1463.9
66751,7.5809,20.0,1463.9
66752,7.5809,20.0,1463.9
66753,7.5809,20.0,1463.9
66754,7.5809,20.0,1464.0
66755,7.5809,20.0,1464.0
66756,7.5809,20.0,1464.0
66757,7.5809,20.0,1464.0
66758,7.5809,20.0,1464.0
66759,7.5809,20.0,1464.1
66760,7.5809,20.0,1464.1
66761,7.5215,20.0,1464.1
66762,7.5215,20.0,1464.1
66763,7.5215,20.0,1464.1
66764,7.5215,20.0,1464.1
66765,7.5215,20.0,1464.2
66766,7.5215,20.0,1464.2
66767,7.5215,20.0,1464.2
66768,7.5215,20.0,1464.2
66769,7.5215,20.0,1464.2
66770,7.5215,20.0,1464.3
66771,7.5215,20.0,1464.3
66772,7.5215,20.0,1464.3
66773,7.5215,20.0,1464.3
66774,7.5215,20.0,1464.3
66775,7.5215,20.0,1464.4
66776,7.5215,20.0,1464.4
66777,7.5215,20.0,1464.4
66778,7.5215,20.0,1464.4
66779,7.5215,20.0,1464.4
66780,7.5215,20.0,1464.4
66781,7.4621,20.0,1464.5
66782,7.4621,20.0,1464.5
66783,7.4621,20.0,1464.5
66784,7.4621,20.0,1464.5
66785,7.4621,20.0,1464.6
66786,7.4621,20.0,1464.6
66787,7.4621,20.0,1464.6
66788,7.4621,20.0,1464.6
66789,7.4621,20.0,1464.6
66790,7.4621,20.0,1464.6
66791,7.4621,20.0,1464.7
66792,7.4621,20.0,1464.7
66793,7.4621,20.0,1464.7
66794,7.4621,20.0,1464.7
66795,7.4621,20.0,1464.7
66796,7.4621,20.0,1464.7
66797,7.4621,20.0,1464.8
66798,7.4621,20.0,1464.8
66799,7.4621,20.0,1464.8
66800,7.4621,20.0,1464.8
66801,7.4027,20.0,1464.8
66802,7.4027,20.0,1464.9
66803,7.4027,20.0,1464.9
66804,7.4027,20.0,1464.9
66805,7.4027,20.0,1464.9
66806,7.4027,20.0,1465.0
66807,7.4027,20.0,1465.0
66808,7.4027,20.0,1465.0
66809,7.4027,20.0,1465.0
66810,7.4027,20.0,1465.0
66811,7.4027,20.0,1465.0
66812,7.4027,20.0,1465.1
66813,7.4027,20.0,1465.1
66814,7.4027,20.0,1465.1
66815,7.4027,20.0,1465.1
66816,7.4027,20.0,1465.2
66817,7.4027,20.0,1465.2
66818,7.4027,20.0,1465.2
66819,7.4027,20.0,1465.2
66820,7.4027,20.0,1465.2
66821,7.3432,20.0,1465.3
66822,7.3432,20.0,1465.3
66823,7.3432,20.0,1465.3
66824,7.3432,20.0,1465.3
66825,7.3432,20.0,1465.3
66826,7.3432,20.0,1465.3
66827,7.3432,20.0,1465.4
66828,7.3432,20.0,1465.4
66829,7.3432,20.0,1465.4
66830,7.3432,20.0,1465.4
66831,7.3432,20.0,1465.5
66832,7.3432,20.0,1465.5
66833,7.3432,20.0,1465.5
66834,7.3432,20.0,1465.5
66835,7.3432,20.0,1465.6
66836,7.3432,20.0,1465.6
66837,7.3432,20.0,1465.6
66838,7.3432,20.0,1465.6
66839,7.3432,20.0,1465.6
66840,7.3432,20.0,1465.7
66841,7.2838,20.0,1465.7
66842,7.2838,20.0,1465.7
66843,7.2838,20.0,1465.7
66844,7.2838,20.0,1465.7
66845,7.2838,20.0,1465.8
66846,7.2838,20.0,1465.8
66847,7.2838,20.0,1465.8
66848,7.2838,20.0,1465.8
66849,7.2838,20.0,1465.8
66850,7.2838,20.0,1465.9
66851,7.2838,20.0,1465.9
66852,7.2838,20.0,1465.9
66853,7.2838,20.0,1465.9
66854,7.2838,20.0,1465.9
66855,7.2838,20.0,1466.0
66856,7.2838,20.0,1466.0
66857,7.2838,20.0,1466.0
66858,7.2838,20.0,1466.0
66859,7.2838,20.0,1466.0
66860,7.2838,20.0,1466.1
66861,7.2244,20.0,1466.1
66862,7.2244,20.0,1466.1
66863,7.2244,20.0,1466.1
66864,7.2244,20.0,1466.1
66865,7.2244,20.0,1466.2
66866,7.2244,20.0,1466.2
66867,7.2244,20.0,1466.2
66868,7.2244,20.0,1466.2
66869,7.2244,20.0,1466.2
66870,7.2244,20.0,1466.3
66871,7.2244,20.0,1466.3
66872,7.2244,20.0,1466.3
66873,7.2244,20.0,1466.3
66874,7.2244,20.0,1466.3
66875,7.2244,20.0,1466.3
66876,7.2244,20.0,1466.4
66877,7.2244,20.0,1466.4
66878,7.2244,20.0,1466.4
66879,7.2244,20.0,1466.4
66880,7.2244,20.0,1466.4
66881,7.1650,20.0,1466.5
66882,7.1650,20.0,1466.5
66883,7.1650,20.0,1466.5
66884,7.1650,20.0,1466.5
66885,7.1650,20.0,1466.5
66886,7.1650,20.0,1466.6
66887,7.1650,20.0,1466.6
66888,7.1650,20.0,1466.6
66889,7.1650,20.0,1466.6
66890,7.1650,20.0,1466.6
66891,7.1650,20.0,1466.7
66892,7.1650,20.0,1466.7
66893,7.1650,20.0,1466.7
66894,7.1650,20.0,1466.7
66895,7.1650,20.0,1466.7
66896,7.1650,20.0,1466.8
66897,7.1650,20.0,1466.8
66898,7.1650,20.0,1466.8
66899,7.1650,20.0,1466.8
66900,7.1650,20.0,1466.8
66901,7.1056,20.0,1466.9
66902,7.1056,20.0,1466.9
66903,7.1056,20.0,1466.9
66904,7.1056,20.0,1466.9
66905,7.1056,20.0,1466.9
66906,7.1056,20.0,1467.0
66907,7.1056,20.0,1467.0
66908,7.1056,20.0,1467.0
66909,7.1056,20.0,1467.0
66910,7.1056,20.0,1467.0
66911,7.1056,20.0,1467.1
66912,7.1056,20.0,1467.1
66913,7.1056,20.0,1467.1
66914,7.1056,20.0,1467.1
66915,7.1056,20.0,1467.1
66916,7.1056,20.0,1467.2
66917,7.1056,20.0,1467.2
66918,7.1056,20.0,1467.2
66919,7.1056,20.0,1467.2
66920,7.1056,20.0,1467.2
66921,7.0462,20.0,1467.2
66922,7.0462,20.0,1467.3
66923,7.0462,20.0,1467.3
66924,7.0462,20.0,1467.3
66925,7.0462,20.0,1467.3
66926,7.0462,20.0,1467.4
66927,7.0462,20.0,1467.4
66928,7.0462,20.0,1467.4
66929,7.0462,20.0,1467.4
66930,7.0462,20.0,1467.4
66931,7.0462,20.0,1467.5
66932,7.0462,20.0,1467.5
66933,7.0462,20.0,1467.5
66934,7.0462,20.0,1467.5
66935,7.0462,20.0,1467.6
66936,7.0462,20.0,1467.6
66937,7.0462,20.0,1467.6
66938,7.0462,20.0,1467.6
66939,7.0462,20.0,1467.6
66940,7.0462,20.0,1467.7
66941,6.9868,20.0,1467.7
66942,6.9868,20.0,1467.7
66943,6.9868,20.0,1467.7
66944,6.9868,20.0,1467.7
66945,6.9868,20.0,1467.8
66946,6.9868,20.0,1467.8
66947,6.9868,20.0,1467.8
66948,6.9868,20.0,1467.8
66949,6.9868,20.0,1467.8
66950,6.9868,20.0,1467.9
66951,6.9868,20.0,1467.9
66952,6.9868,20.0,1467.9
66953,6.9868,20.0,1467.9
66954,6.9868,20.0,1467.9
66955,6.9868,20.0,1468.0
66956,6.9868,20.0,1468.0
66957,6.9868,20.0,1468.0
66958,6.9868,20.0,1468.0
66959,6.9868,20.0,1468.0
66960,6.9868,20.0,1468.1
66961,6.9274,20.0,1468.1
66962,6.9274,20.0,1468.1
66963,6.9274,20.0,1468.1
66964,6.9274,20.0,1468.1
66965,6.9274,20.0,1468.2
66966,6.9274,20.0,1468.2
66967,6.9274,20.0,1468.2
66968,6.9274,20.0,1468.2
66969,6.9274,20.0,1468.2
66970,6.9274,20.0,1468.3
66971,6.9274,20.0,1468.3
66972,6.9274,20.0,1468.3
66973,6.9274,20.0,1468.3
66974,6.9274,20.0,1468.3
66975,6.9274,20.0,1468.3
66976,6.9274,20.0,1468.4
66977,6.9274,20.0,1468.4
66978,6.9274,20.0,1468.4
66979,6.9274,20.0,1468.4
66980,6.9274,20.0,1468.5
66981,6.8680,20.0,1468.5
66982,6.8680,20.0,1468.5
66983,6.8680,20.0,1468.5
66984,6.8680,20.0,1468.5
66985,6.8680,20.0,1468.6
66986,6.8680,20.0,1468.6
66987,6.8680,20.0,1468.6
66988,6.8680,20.0,1468.6
66989,6.8680,20.0,1468.6
66990,6.8680,20.0,1468.7
66991,6.8680,20.0,1468.7
66992,6.8680,20.0,1468.7
66993,6.8680,20.0,1468.7
66994,6.8680,20.0,1468.7
66995,6.8680,20.0,1468.7
66996,6.8680,20.0,1468.8
66997,6.8680,20.0,1468.8
66998,6.8680,20.0,1468.8
66999,6.8680,20.0,1468.8
67000,6.8680,20.0,1468.8
67001,6.8085,20.0,1468.8
67002,6.8085,20.0,1468.9
67003,6.8085,20.0,1468.9
67004,6.8085,20.0,1468.9
67005,6.8085,20.0,1468.9
67006,6.8085,20.0,1468.9
67007,6.8085,20.0,1469.0
67008,6.8085,20.0,1469.0
67009,6.8085,20.0,1469.0
67010,6.8085,20.0,1469.0
67011,6.8085,20.0,1469.0
67012,6.8085,20.0,1469.1
67013,6.8085,20.0,1469.1
67014,6.8085,20.0,1469.1
67015,6.8085,20.0,1469.1
67016,6.8085,20.0,1469.1
67017,6.8085,20.0,1469.1
67018,6.8085,20.0,1469.2
67019,6.8085,20.0,1469.2
67020,6.8085,20.0,1469.2
67021,6.7491,20.0,1469.2
67022,6.7491,20.0,1469.3
67023,6.7491,20.0,1469.3
67024,6.7491,20.0,1469.3
67025,6.7491,20.0,1469.3
67026,6.7491,20.0,1469.3
67027,6.7491,20.0,1469.4
67028,6.7491,20.0,1469.4
67029,6.7491,20.0,1469.4
67030,6.7491,20.0,1469.4
67031,6.7491,20.0,1469.4
67032,6.7491,20.0,1469.5
67033,6.7491,20.0,1469.5
67034,6.7491,20.0,1469.5
67035,6.7491,20.0,1469.5
67036,6.7491,20.0,1469.5
67037,6.7491,20.0,1469.6
67038,6.7491,20.0,1469.6
67039,6.7491,20.0,1469.6
67040,6.7491,20.0,1469.6
67041,6.7295,20.0,1469.6
67042,6.7295,20.0,1469.7
67043,6.7295,20.0,1469.7
67044,6.7295,20.0,1469.7
67045,6.7295,20.0,1469.7
67046,6.7295,20.0,1469.7
67047,6.7295,20.0,1469.8
67048,6.7295,20.0,1469.8
67049,6.7295,20.0,1469.8
67050,6.7295,20.0,1469.8
67051,6.7295,20.0,1469.9
67052,6.7295,20.0,1469.9
67053,6.7295,20.0,1469.9
67054,6.7295,20.0,1469.9
67055,6.7295,20.0,1469.9
67056,6.7295,20.0,1470.0
67057,6.7295,20.0,1470.0
67058,6.7295,20.0,1470.0
67059,6.7295,20.0,1470.0
67060,6.7295,20.0,1470.1
67061,6.7094,20.0,1470.1
67062,6.7094,20.0,1470.1
67063,6.7094,20.0,1470.1
67064,6.7094,20.0,1470.1
67065,6.7094,20.0,1470.2
67066,6.7094,20.0,1470.2
67067,6.7094,20.0,1470.2
67068,6.7094,20.0,1470.2
67069,6.7094,20.0,1470.2
67070,6.7094,20.0,1470.3
67071,6.7094,20.0,1470.3
67072,6.7094,20.0,1470.3
67073,6.7094,20.0,1470.6
67074,6.7094,20.0,1470.6
67075,6.7094,20.0,1470.6
67076,6.7094,20.0,1470.6
67077,6.7094,20.0,1470.7
67078,6.7094,20.0,1470.7
67079,6.7094,20.0,1470.7
67080,6.7094,20.0,1470.7
67081,6.6895,20.0,1470.7
67082,6.6895,20.0,1470.8
67083,6.6895,20.0,1470.8
67084,6.6895,20.0,1470.8
67085,6.6895,20.0,1470.8
67086,6.6895,20.0,1470.8
67087,6.6895,20.0,1470.8
67088,6.6895,20.0,1470.9
67089,6.6895,20.0,1470.9
67090,6.6895,20.0,1470.9
67091,6.6895,20.0,1470.9
67092,6.6895,20.0,1470.9
67093,6.6895,20.0,1471.0
67094,6.6895,20.0,1471.0
67095,6.6895,20.0,1471.0
67096,6.6895,20.0,1471.0
67097,6.6895,20.0,1471.0
67098,6.6895,20.0,1471.1
67099,6.6895,20.0,1471.1
67100,6.6895,20.0,1471.1
67101,6.6698,20.0,1471.1
67102,6.6698,20.0,1471.1
67103,6.6698,20.0,1471.2
67104,6.6698,20.0,1471.2
67105,6.6698,20.0,1471.2
67106,6.6698,20.0,1471.2
67107,6.6698,20.0,1471.3
67108,6.6698,20.0,1471.3
67109,6.6698,20.0,1471.3
67110,6.6698,20.0,1471.3
67111,6.6698,20.0,1471.3
67112,6.6698,20.0,1471.3
67113,6.6698,20.0,1471.4
67114,6.6698,20.0,1471.4
67115,6.6698,20.0,1471.4
67116,6.6698,20.0,1471.4
67117,6.6698,20.0,1471.5
67118,6.6698,20.0,1471.5
67119,6.6698,20.0,1471.5
67120,6.6698,20.0,1471.5
67121,6.6500,20.0,1471.5
67122,6.6500,20.0,1471.6
67123,6.6500,20.0,1471.6
67124,6.6500,20.0,1471.6
67125,6.6500,20.0,1471.6
67126,6.6500,20.0,1471.6
67127,6.6500,20.0,1471.7
67128,6.6500,20.0,1471.7
67129,6.6500,20.0,1471.7
67130,6.6500,20.0,1471.7
67131,6.6500,20.0,1471.7
67132,6.6500,20.0,1471.8
67133,6.6500,20.0,1471.8
67134,6.6500,20.0,1471.8
67135,6.6500,20.0,1471.8
67136,6.6500,20.0,1471.8
67137,6.6500,20.0,1471.8
67138,6.6500,20.0,1471.9
67139,6.6500,20.0,1471.9
67140,6.6500,20.0,1471.9
67141,6.6303,20.0,1471.9
67142,6.6303,20.0,1471.9
67143,6.6303,20.0,1472.0
67144,6.6303,20.0,1472.0
67145,6.6303,20.0,1472.0
67146,6.6303,20.0,1472.0
67147,6.6303,20.0,1472.0
67148,6.6303,20.0,1472.1
67149,6.6303,20.0,1472.1
67150,6.6303,20.0,1472.1
67151,6.6303,20.0,1472.1
67152,6.6303,20.0,1472.2
67153,6.6303,20.0,1472.2
67154,6.6303,20.0,1472.2
67155,6.6303,20.0,1472.2
67156,6.6303,20.0,1472.2
67157,6.6303,20.0,1472.3
67158,6.6303,20.0,1472.3
67159,6.6303,20.0,1472.3
67160,6.6303,20.0,1472.3
67161,6.6105,20.0,1472.3
67162,6.6105,20.0,1472.4
67163,6.6105,20.0,1472.4
67164,6.6105,20.0,1472.4
67165,6.6105,20.0,1472.4
67166,6.6105,20.0,1472.4
67167,6.6105,20.0,1472.5
67168,6.6105,20.0,1472.5
67169,6.6105,20.0,1472.5
67170,6.6105,20.0,1472.5
67171,6.6105,20.0,1472.5
67172,6.6105,20.0,1472.6
67173,6.6105,20.0,1472.6
67174,6.6105,20.0,1472.6
67175,6.6105,20.0,1472.6
67176,6.6105,20.0,1472.6
67177,6.6105,20.0,1472.7
67178,6.6105,20.0,1472.7
67179,6.6105,20.0,1472.7
67180,6.6105,20.0,1472.7
67181,6.5907,20.0,1472.7
67182,6.5907,20.0,1472.8
67183,6.5907,20.0,1472.8
67184,6.5907,20.0,1472.8
67185,6.5907,20.0,1472.8
67186,6.5907,20.0,1472.8
67187,6.5907,20.0,1472.8
67188,6.5907,20.0,1472.9
67189,6.5907,20.0,1472.9
67190,6.5907,20.0,1472.9
67191,6.5907,20.0,1472.9
67192,6.5907,20.0,1472.9
67193,6.5907,20.0,1473.0
67194,6.5907,20.0,1473.0
67195,6.5907,20.0,1473.0
67196,6.5907,20.0,1473.0
67197,6.5907,20.0,1473.0
67198,6.5907,20.0,1473.1
67199,6.5907,20.0,1473.1
67200,6.5907,20.0,1473.1
67201,6.5710,20.0,1473.1
67202,6.5710,20.0,1473.1
67203,6.5710,20.0,1473.2
67204,6.5710,20.0,1473.2
67205,6.5710,20.0,1473.2
67206,6.5710,20.0,1473.2
67207,6.5710,20.0,1473.2
67208,6.5710,20.0,1473.3
67209,6.5710,20.0,1473.3
67210,6.5710,20.0,1473.3
67211,6.5710,20.0,1473.3
67212,6.5710,20.0,1473.3
67213,6.5710,20.0,1473.4
67214,6.5710,20.0,1473.4
67215,6.5710,20.0,1473.4
67216,6.5710,20.0,1473.4
67217,6.5710,20.0,1473.4
67218,6.5710,20.0,1473.5
67219,6.5710,20.0,1473.5
67220,6.5710,20.0,1473.5
67221,6.5512,20.0,1473.5
67222,6.5512,20.0,1473.5
67223,6.5512,20.0,1473.6
67224,6.5512,20.0,1473.6
67225,6.5512,20.0,1473.6
67226,6.5512,20.0,1473.6
67227,6.5512,20.0,1473.7
67228,6.5512,20.0,1473.7
67229,6.5512,20.0,1473.7
67230,6.5512,20.0,1473.7
67231,6.5512,20.0,1473.7
67232,6.5512,20.0,1473.7
67233,6.5512,20.0,1473.8
67234,6.5512,20.0,1473.8
67235,6.5512,20.0,1473.8
67236,6.5512,20.0,1473.8
67237,6.5512,20.0,1473.8
67238,6.5512,20.0,1473.8
67239,6.5512,20.0,1473.9
67240,6.5512,20.0,1473.9
67241,6.5315,20.0,1473.9
67242,6.5315,20.0,1473.9
67243,6.5315,20.0,1474.0
67244,6.5315,20.0,1474.0
67245,6.5315,20.0,1474.0
67246,6.5315,20.0,1474.0
67247,6.5315,20.0,1474.0
67248,6.5315,20.0,1474.1
67249,6.5315,20.0,1474.1
67250,6.5315,20.0,1474.1
67251,6.5315,20.0,1474.1
67252,6.5315,20.0,1474.2
67253,6.5315,20.0,1474.2
67254,6.5315,20.0,1474.2
67255,6.5315,20.0,1474.2
67256,6.5315,20.0,1474.2
67257,6.5315,20.0,1474.3
67258,6.5315,20.0,1474.3
67259,6.5315,20.0,1474.3
67260,6.5315,20.0,1474.3
67261,6.5117,20.0,1474.4
67262,6.5117,20.0,1474.5
67263,6.5117,20.0,1474.5
67264,6.5117,20.0,1474.5
67265,6.5117,20.0,1474.6
67266,6.5117,20.0,1474.6
67267,6.5117,20.0,1474.6
67268,6.5117,20.0,1474.6
67269,6.5117,20.0,1474.6
67270,6.5117,20.0,1474.7
67271,6.5117,20.0,1474.7
67272,6.5117,20.0,1474.7
67273,6.5117,20.0,1474.7
67274,6.5117,20.0,1474.7
67275,6.5117,20.0,1474.7
67276,6.5117,20.0,1474.8
67277,6.5117,20.0,1474.8
67278,6.5117,20.0,1474.8
67279,6.5117,20.0,1474.8
67280,6.5117,20.0,1474.8
67281,6.4920,20.0,1474.9
67282,6.4920,20.0,1474.9
67283,6.4920,20.0,1474.9
67284,6.4920,20.0,1474.9
67285,6.4920,20.0,1474.9
67286,6.4920,20.0,1475.0
67287,6.4920,20.0,1475.0
67288,6.4920,20.0,1475.0
67289,6.4920,20.0,1475.0
67290,6.4920,20.0,1475.0
67291,6.4920,20.0,1475.1
67292,6.4920,20.0,1475.1
67293,6.4920,20.0,1475.1
67294,6.4920,20.0,1475.1
67295,6.4920,20.0,1475.1
67296,6.4920,20.0,1475.2
67297,6.4920,20.0,1475.2
67298,6.4920,20.0,1475.2
67299,6.4920,20.0,1475.2
67300,6.4920,20.0,1475.2
67301,6.4722,20.0,1475.3
67302,6.4722,20.0,1475.3
67303,6.4722,20.0,1475.3
67304,6.4722,20.0,1475.3
67305,6.4722,20.0,1475.3
67306,6.4722,20.0,1475.3
67307,6.4722,20.0,1475.4
67308,6.4722,20.0,1475.4
67309,6.4722,20.0,1475.4
67310,6.4722,20.0,1475.4
67311,6.4722,20.0,1475.4
67312,6.4722,20.0,1475.4
67313,6.4722,20.0,1475.5
67314,6.4722,20.0,1475.5
67315,6.4722,20.0,1475.5
67316,6.4722,20.0,1475.5
67317,6.4722,20.0,1475.5
67318,6.4722,20.0,1475.6
67319,6.4722,20.0,1475.6
67320,6.4722,20.0,1475.6
67321,6.4525,20.0,1475.6
67322,6.4525,20.0,1475.7
67323,6.4525,20.0,1475.7
67324,6.4525,20.0,1475.7
67325,6.4525,20.0,1475.7
67326,6.4525,20.0,1475.8
67327,6.4525,20.0,1475.8
67328,6.4525,20.0,1475.8
67329,6.4525,20.0,1475.8
67330,6.4525,20.0,1475.8
67331,6.4525,20.0,1475.8
67332,6.4525,20.0,1475.9
67333,6.4525,20.0,1475.9
67334,6.4525,20.0,1475.9
67335,6.4525,20.0,1475.9
67336,6.4525,20.0,1475.9
67337,6.4525,20.0,1476.0
67338,6.4525,20.0,1476.0
67339,6.4525,20.0,1476.0
67340,6.4525,20.0,1476.0
67341,6.4327,20.0,1476.0
67342,6.4327,20.0,1476.1
67343,6.4327,20.0,1476.1
67344,6.4327,20.0,1476.1
67345,6.4327,20.0,1476.1
67346,6.4327,20.0,1476.2
67347,6.4327,20.0,1476.2
67348,6.4327,20.0,1476.2
67349,6.4327,20.0,1476.2
67350,6.4327,20.0,1476.3
67351,6.4327,20.0,1476.3
67352,6.4327,20.0,1476.3
67353,6.4327,20.0,1476.4
67354,6.4327,20.0,1476.4
67355,6.4327,20.0,1476.4
67356,6.4327,20.0,1476.4
67357,6.4327,20.0,1476.4
67358,6.4327,20.0,1476.5
67359,6.4327,20.0,1476.5
67360,6.4327,20.0,1476.5
67361,6.4130,20.0,1476.5
67362,6.4130,20.0,1476.6
67363,6.4130,20.0,1476.6
67364,6.4130,20.0,1476.6
67365,6.4130,20.0,1476.6
67366,6.4130,20.0,1476.7
67367,6.4130,20.0,1476.7
67368,6.4130,20.0,1476.7
67369,6.4130,20.0,1476.7
67370,6.4130,20.0,1476.7
67371,6.4130,20.0,1476.8
67372,6.4130,20.0,1476.8
67373,6.4130,20.0,1476.8
67374,6.4130,20.0,1476.8
67375,6.4130,20.0,1476.9
67376,6.4130,20.0,1476.9
67377,6.4130,20.0,1476.9
67378,6.4130,20.0,1476.9
67379,6.4130,20.0,1476.9
67380,6.4130,20.0,1477.0
67381,6.3932,20.0,1477.0
67382,6.3932,20.0,1477.0
67383,6.3932,20.0,1477.0
67384,6.3932,20.0,1477.1
67385,6.3932,20.0,1477.1
67386,6.3932,20.0,1477.1
67387,6.3932,20.0,1477.1
67388,6.3932,20.0,1477.1
67389,6.3932,20.0,1477.1
67390,6.3932,20.0,1477.2
67391,6.3932,20.0,1477.2
67392,6.3932,20.0,1477.2
67393,6.3932,20.0,1477.2
67394,6.3932,20.0,1477.3
67395,6.3932,20.0,1477.3
67396,6.3932,20.0,1477.3
67397,6.3932,20.0,1477.3
67398,6.3932,20.0,1477.4
67399,6.3932,20.0,1477.4
67400,6.3932,20.0,1477.4
67401,6.3735,20.0,1477.4
67402,6.3735,20.0,1477.4
67403,6.3735,20.0,1477.5
67404,6.3735,20.0,1477.5
67405,6.3735,20.0,1477.5
67406,6.3735,20.0,1477.5
67407,6.3735,20.0,1477.5
67408,6.3735,20.0,1477.6
67409,6.3735,20.0,1477.6
67410,6.3735,20.0,1477.6
67411,6.3735,20.0,1477.6
67412,6.3735,20.0,1477.6
67413,6.3735,20.0,1477.7
67414,6.3735,20.0,1477.7
67415,6.3735,20.0,1477.7
67416,6.3735,20.0,1477.7
67417,6.3735,20.0,1477.8
67418,6.3735,20.0,1477.8
67419,6.3735,20.0,1477.8
67420,6.3735,20.0,1477.8
67421,6.3537,20.0,1477.8
67422,6.3537,20.0,1477.9
67423,6.3537,20.0,1477.9
67424,6.3537,20.0,1477.9
67425,6.3537,20.0,1477.9
67426,6.3537,20.0,1477.9
67427,6.3537,20.0,1478.0
67428,6.3537,20.0,1478.0
67429,6.3537,20.0,1478.0
67430,6.3537,20.0,1478.0
67431,6.3537,20.0,1478.0
67432,6.3537,20.0,1478.1
67433,6.3537,20.0,1478.1
67434,6.3537,20.0,1478.1
67435,6.3537,20.0,1478.1
67436,6.3537,20.0,1478.1
67437,6.3537,20.0,1478.2
67438,6.3537,20.0,1478.2
67439,6.3537,20.0,1478.2
67440,6.3537,20.0,1478.2
67441,6.3340,20.0,1478.2
67442,6.3340,20.0,1478.3
67443,6.3340,20.0,1478.3
67444,6.3340,20.0,1478.3
67445,6.3340,20.0,1478.3
67446,6.3340,20.0,1478.3
67447,6.3340,20.0,1478.4
67448,6.3340,20.0,1478.4
67449,6.3340,20.0,1478.4
67450,6.3340,20.0,1478.4
67451,6.3340,20.0,1478.4
67452,6.3340,20.0,1478.5
67453,6.3340,20.0,1478.5
67454,6.3340,20.0,1478.5
67455,6.3340,20.0,1478.5
67456,6.3340,20.0,1478.5
67457,6.3340,20.0,1478.6
67458,6.3340,20.0,1478.6
67459,6.3340,20.0,1478.6
67460,6.3340,20.0,1478.6
67461,6.3142,20.0,1478.7
67462,6.3142,20.0,1478.7
67463,6.3142,20.0,1478.7
67464,6.3142,20.0,1478.7
67465,6.3142,20.0,1478.8
67466,6.3142,20.0,1478.8
67467,6.3142,20.0,1478.8
67468,6.3142,20.0,1478.8
67469,6.3142,20.0,1478.8
67470,6.3142,20.0,1478.9
67471,6.3142,20.0,1478.9
67472,6.3142,20.0,1478.9
67473,6.3142,20.0,1478.9
67474,6.3142,20.0,1478.9
67475,6.3142,20.0,1478.9
67476,6.3142,20.0,1479.0
67477,6.3142,20.0,1479.0
67478,6.3142,20.0,1479.0
67479,6.3142,20.0,1479.0
67480,6.3142,20.0,1479.0
67481,6.2945,20.0,1479.1
67482,6.2945,20.0,1479.1
67483,6.2945,20.0,1479.1
67484,6.2945,20.0,1479.1
67485,6.2945,20.0,1479.2
67486,6.2945,20.0,1479.2
67487,6.2945,20.0,1479.2
67488,6.2945,20.0,1479.2
67489,6.2945,20.0,1479.2
67490,6.2945,20.0,1479.3
67491,6.2945,20.0,1479.3
67492,6.2945,20.0,1479.3
67493,6.2945,20.0,1479.3
67494,6.2945,20.0,1479.3
67495,6.2945,20.0,1479.4
67496,6.2945,20.0,1479.4
67497,6.2945,20.0,1479.4
67498,6.2945,20.0,1479.4
67499,6.2945,20.0,1479.4
67500,6.2945,20.0,1479.5
67501,6.2747,20.0,1479.5
67502,6.2747,20.0,1479.5
67503,6.2747,20.0,1479.5
67504,6.2747,20.0,1479.5
67505,6.2747,20.0,1479.6
67506,6.2747,20.0,1479.6
67507,6.2747,20.0,1479.6
67508,6.2747,20.0,1479.6
67509,6.2747,20.0,1479.6
67510,6.2747,20.0,1479.6
67511,6.2747,20.0,1479.7
67512,6.2747,20.0,1479.7
67513,6.2747,20.0,1479.7
67514,6.2747,20.0,1479.7
67515,6.2747,20.0,1479.7
67516,6.2747,20.0,1479.8
67517,6.2747,20.0,1479.8
67518,6.2747,20.0,1479.8
67519,6.2747,20.0,1479.8
67520,6.2747,20.0,1479.8
67521,6.2550,20.0,1479.9
67522,6.2550,20.0,1479.9
67523,6.2550,20.0,1479.9
67524,6.2550,20.0,1479.9
67525,6.2550,20.0,1479.9
67526,6.2550,20.0,1480.0
67527,6.2550,20.0,1480.0
67528,6.2550,20.0,1480.0
67529,6.2550,20.0,1480.0
67530,6.2550,20.0,1480.0
67531,6.2550,20.0,1480.1
67532,6.2550,20.0,1480.1
67533,6.2550,20.0,1480.1
67534,6.2550,20.0,1480.1
67535,6.2550,20.0,1480.2
67536,6.2550,20.0,1480.2
67537,6.2550,20.0,1480.2
67538,6.2550,20.0,1480.2
67539,6.2550,20.0,1480.2
67540,6.2550,20.0,1480.2
67541,6.2354,20.0,1480.3
67542,6.2354,20.0,1480.3
67543,6.2354,20.0,1480.3
67544,6.2354,20.0,1480.3
67545,6.2354,20.0,1480.4
67546,6.2354,20.0,1480.4
67547,6.2354,20.0,1480.4
67548,6.2354,20.0,1480.4
67549,6.2354,20.0,1480.4
67550,6.2354,20.0,1480.5
67551,6.2354,20.0,1480.5
67552,6.2354,20.0,1480.5
67553,6.2354,20.0,1480.5
67554,6.2354,20.0,1480.5
67555,6.2354,20.0,1480.5
67556,6.2354,20.0,1480.6
67557,6.2354,20.0,1480.6
67558,6.2354,20.0,1480.6
67559,6.2354,20.0,1480.6
67560,6.2354,20.0,1480.7
67561,6.2357,20.0,1480.7
67562,6.2357,20.0,1480.7
67563,6.2357,20.0,1480.7
67564,6.2357,20.0,1480.7
67565,6.2357,20.0,1480.7
67566,6.2357,20.0,1480.8
67567,6.2357,20.0,1480.8
67568,6.2357,20.0,1480.8
67569,6.2357,20.0,1480.8
67570,6.2357,20.0,1480.8
67571,6.2357,20.0,1480.9
67572,6.2357,20.0,1480.9
67573,6.2357,20.0,1480.9
67574,6.2357,20.0,1480.9
67575,6.2357,20.0,1481.0
67576,6.2357,20.0,1481.0
67577,6.2357,20.0,1481.0
67578,6.2357,20.0,1481.0
67579,6.2357,20.0,1481.0
67580,6.2357,20.0,1481.1
67581,6.2361,20.0,1481.1
67582,6.2361,20.0,1481.1
67583,6.2361,20.0,1481.1
67584,6.2361,20.0,1481.1
67585,6.2361,20.0,1481.4
67586,6.2361,20.0,1481.4
67587,6.2361,20.0,1481.4
67588,6.2361,20.0,1481.5
67589,6.2361,20.0,1481.5
67590,6.2361,20.0,1481.5
67591,6.2361,20.0,1481.5
67592,6.2361,20.0,1481.6
67593,6.2361,20.0,1481.6
67594,6.2361,20.0,1481.6
67595,6.2361,20.0,1481.6
67596,6.2361,20.0,1481.6
67597,6.2361,20.0,1481.7
67598,6.2361,20.0,1481.7
67599,6.2361,20.0,1481.7
67600,6.2361,20.0,1481.7
67601,6.2563,20.0,1481.7
67602,6.2563,20.0,1481.8
67603,6.2563,20.0,1481.8
67604,6.2563,20.0,1481.8
67605,6.2563,20.0,1481.8
67606,6.2563,20.0,1481.8
67607,6.2563,20.0,1481.9
67608,6.2563,20.0,1481.9
67609,6.2563,20.0,1481.9
67610,6.2563,20.0,1481.9
67611,6.2563,20.0,1481.9
67612,6.2563,20.0,1481.9
67613,6.2563,20.0,1482.0
67614,6.2563,20.0,1482.0
67615,6.2563,20.0,1482.0
67616,6.2563,20.0,1482.0
67617,6.2563,20.0,1482.1
67618,6.2563,20.0,1482.1
67619,6.2563,20.0,1482.1
67620,6.2563,20.0,1482.1
67621,6.2765,20.0,1482.1
67622,6.2765,20.0,1482.2
67623,6.2765,20.0,1482.2
67624,6.2765,20.0,1482.2
67625,6.2765,20.0,1482.2
67626,6.2765,20.0,1482.2
67627,6.2765,20.0,1482.3
67628,6.2765,20.0,1482.3
67629,6.2765,20.0,1482.3
67630,6.2765,20.0,1482.3
67631,6.2765,20.0,1482.3
67632,6.2765,20.0,1482.4
67633,6.2765,20.0,1482.4
67634,6.2765,20.0,1482.4
67635,6.2765,20.0,1482.4
67636,6.2765,20.0,1482.4
67637,6.2765,20.0,1482.4
67638,6.2765,20.0,1482.5
67639,6.2765,20.0,1482.5
67640,6.2765,20.0,1482.5
67641,6.2968,20.0,1482.5
67642,6.2968,20.0,1482.5
67643,6.2968,20.0,1482.6
67644,6.2968,20.0,1482.6
67645,6.2968,20.0,1482.6
67646,6.2968,20.0,1482.6
67647,6.2968,20.0,1482.7
67648,6.2968,20.0,1482.7
67649,6.2968,20.0,1482.7
67650,6.2968,20.0,1482.7
67651,6.2968,20.0,1482.8
67652,6.2968,20.0,1482.8
67653,6.2968,20.0,1482.8
67654,6.2968,20.0,1482.8
67655,6.2968,20.0,1482.9
67656,6.2968,20.0,1482.9
67657,6.2968,20.0,1482.9
67658,6.2968,20.0,1482.9
67659,6.2968,20.0,1482.9
67660,6.2968,20.0,1483.0
67661,6.3170,20.0,1483.0
67662,6.3170,20.0,1483.0
67663,6.3170,20.0,1483.0
67664,6.3170,20.0,1483.1
67665,6.3170,20.0,1483.1
67666,6.3170,20.0,1483.1
67667,6.3170,20.0,1483.1
67668,6.3170,20.0,1483.2
67669,6.3170,20.0,1483.2
67670,6.3170,20.0,1483.2
67671,6.3170,20.0,1483.2
67672,6.3170,20.0,1483.3
67673,6.3170,20.0,1483.3
67674,6.3170,20.0,1483.3
67675,6.3170,20.0,1483.3
67676,6.3170,20.0,1483.4
67677,6.3170,20.0,1483.4
67678,6.3170,20.0,1483.4
67679,6.3170,20.0,1483.4
67680,6.3170,20.0,1483.5
67681,6.3373,20.0,1483.5
67682,6.3373,20.0,1483.5
67683,6.3373,20.0,1483.5
67684,6.3373,20.0,1483.6
67685,6.3373,20.0,1483.6
67686,6.3373,20.0,1483.6
67687,6.3373,20.0,1483.6
67688,6.3373,20.0,1483.7
67689,6.3373,20.0,1483.7
67690,6.3373,20.0,1483.7
67691,6.3373,20.0,1483.7
67692,6.3373,20.0,1483.8
67693,6.3373,20.0,1483.8
67694,6.3373,20.0,1483.8
67695,6.3373,20.0,1483.8
67696,6.3373,20.0,1483.8
67697,6.3373,20.0,1483.9
67698,6.3373,20.0,1483.9
67699,6.3373,20.0,1483.9
67700,6.3373,20.0,1483.9
67701,6.3575,20.0,1483.9
67702,6.3575,20.0,1483.9
67703,6.3575,20.0,1484.0
67704,6.3575,20.0,1484.0
67705,6.3575,20.0,1484.0
67706,6.3575,20.0,1484.0
67707,6.3575,20.0,1484.0
67708,6.3575,20.0,1484.1
67709,6.3575,20.0,1484.1
67710,6.3575,20.0,1484.1
67711,6.3575,20.0,1484.1
67712,6.3575,20.0,1484.1
67713,6.3575,20.0,1484.1
67714,6.3575,20.0,1484.2
67715,6.3575,20.0,1484.2
67716,6.3575,20.0,1484.2
67717,6.3575,20.0,1484.2
67718,6.3575,20.0,1484.2
67719,6.3575,20.0,1484.3
67720,6.3575,20.0,1484.3
67721,6.3777,20.0,1484.3
67722,6.3777,20.0,1484.3
67723,6.3777,20.0,1484.4
67724,6.3777,20.0,1484.4
67725,6.3777,20.0,1484.4
67726,6.3777,20.0,1484.4
67727,6.3777,20.0,1484.4
67728,6.3777,20.0,1484.5
67729,6.3777,20.0,1484.5
67730,6.3777,20.0,1484.5
67731,6.3777,20.0,1484.5
67732,6.3777,20.0,1484.5
67733,6.3777,20.0,1484.6
67734,6.3777,20.0,1484.6
67735,6.3777,20.0,1484.6
67736,6.3777,20.0,1484.6
67737,6.3777,20.0,1484.6
67738,6.3777,20.0,1484.7
67739,6.3777,20.0,1484.7
67740,6.3777,20.0,1484.7
67741,6.3980,20.0,1484.7
67742,6.3980,20.0,1484.7
67743,6.3980,20.0,1484.8
67744,6.3980,20.0,1484.8
67745,6.3980,20.0,1484.8
67746,6.3980,20.0,1484.8
67747,6.3980,20.0,1484.9
67748,6.3980,20.0,1484.9
67749,6.3980,20.0,1484.9
67750,6.3980,20.0,1484.9
67751,6.3980,20.0,1484.9
67752,6.3980,20.0,1484.9
67753,6.3980,20.0,1485.0
67754,6.3980,20.0,1485.0
67755,6.3980,20.0,1485.0
67756,6.3980,20.0,1485.0
67757,6.3980,20.0,1485.1
67758,6.3980,20.0,1485.1
67759,6.3980,20.0,1485.1
67760,6.3980,20.0,1485.1
67761,6.4182,20.0,1485.1
67762,6.4182,20.0,1485.2
67763,6.4182,20.0,1485.2
67764,6.4182,20.0,1485.2
67765,6.4182,20.0,1485.2
67766,6.4182,20.0,1485.3
67767,6.4182,20.0,1485.3
67768,6.4182,20.0,1485.3
67769,6.4182,20.0,1485.3
67770,6.4182,20.0,1485.4
67771,6.4182,20.0,1485.4
67772,6.4182,20.0,1485.4
67773,6.4182,20.0,1485.4
67774,6.4182,20.0,1485.5
67775,6.4182,20.0,1485.5
67776,6.4182,20.0,1485.5
67777,6.4182,20.0,1485.5
67778,6.4182,20.0,1485.6
67779,6.4182,20.0,1485.6
67780,6.4182,20.0,1485.6
67781,6.4384,20.0,1485.6
67782,6.4384,20.0,1485.7
67783,6.4384,20.0,1485.7
67784,6.4384,20.0,1485.7
67785,6.4384,20.0,1485.7
67786,6.4384,20.0,1485.8
67787,6.4384,20.0,1485.8
67788,6.4384,20.0,1485.8
67789,6.4384,20.0,1485.8
67790,6.4384,20.0,1485.9
67791,6.4384,20.0,1485.9
67792,6.4384,20.0,1485.9
67793,6.4384,20.0,1485.9
67794,6.4384,20.0,1485.9
67795,6.4384,20.0,1486.0
67796,6.4384,20.0,1486.0
67797,6.4384,20.0,1486.0
67798,6.4384,20.0,1486.0
67799,6.4384,20.0,1486.1
67800,6.4384,20.0,1486.1
67801,6.4587,20.0,1486.1
67802,6.4587,20.0,1486.1
67803,6.4587,20.0,1486.1
67804,6.4587,20.0,1486.2
67805,6.4587,20.0,1486.2
67806,6.4587,20.0,1486.2
67807,6.4587,20.0,1486.2
67808,6.4587,20.0,1486.3
67809,6.4587,20.0,1486.3
67810,6.4587,20.0,1486.3
67811,6.4587,20.0,1486.3
67812,6.4587,20.0,1486.4
67813,6.4587,20.0,1486.4
67814,6.4587,20.0,1486.4
67815,6.4587,20.0,1486.4
67816,6.4587,20.0,1486.4
67817,6.4587,20.0,1486.5
67818,6.4587,20.0,1486.5
67819,6.4587,20.0,1486.5
67820,6.4587,20.0,1486.5
67821,6.4789,20.0,1486.5
67822,6.4789,20.0,1486.6
67823,6.4789,20.0,1486.6
67824,6.4789,20.0,1486.6
67825,6.4789,20.0,1486.6
67826,6.4789,20.0,1486.6
67827,6.4789,20.0,1486.7
67828,6.4789,20.0,1486.7
67829,6.4789,20.0,1486.7
67830,6.4789,20.0,1486.7
67831,6.4789,20.0,1486.7
67832,6.4789,20.0,1486.8
67833,6.4789,20.0,1486.8
67834,6.4789,20.0,1486.8
67835,6.4789,20.0,1486.8
67836,6.4789,20.0,1486.8
67837,6.4789,20.0,1486.9
67838,6.4789,20.0,1486.9
67839,6.4789,20.0,1486.9
67840,6.4789,20.0,1486.9
67841,6.4992,20.0,1486.9
67842,6.4992,20.0,1487.0
67843,6.4992,20.0,1487.0
67844,6.4992,20.0,1487.0
67845,6.4992,20.0,1487.0
67846,6.4992,20.0,1487.1
67847,6.4992,20.0,1487.1
67848,6.4992,20.0,1487.1
67849,6.4992,20.0,1487.1
67850,6.4992,20.0,1487.2
67851,6.4992,20.0,1487.2
67852,6.4992,20.0,1487.2
67853,6.4992,20.0,1487.2
67854,6.4992,20.0,1487.2
67855,6.4992,20.0,1487.3
67856,6.4992,20.0,1487.3
67857,6.4992,20.0,1487.3
67858,6.4992,20.0,1487.3
67859,6.4992,20.0,1487.3
67860,6.4992,20.0,1487.4
67861,6.5194,20.0,1487.4
67862,6.5194,20.0,1487.4
67863,6.5194,20.0,1487.4
67864,6.5194,20.0,1487.4
67865,6.5194,20.0,1487.5
67866,6.5194,20.0,1487.5
67867,6.5194,20.0,1487.5
67868,6.5194,20.0,1487.5
67869,6.5194,20.0,1487.5
67870,6.5194,20.0,1487.5
67871,6.5194,20.0,1487.6
67872,6.5194,20.0,1487.6
67873,6.5194,20.0,1487.6
67874,6.5194,20.0,1487.6
67875,6.5194,20.0,1487.7
67876,6.5194,20.0,1487.7
67877,6.5194,20.0,1487.7
67878,6.5194,20.0,1487.7
67879,6.5194,20.0,1487.7
67880,6.5194,20.0,1487.8
67881,6.5396,20.0,1487.8
67882,6.5396,20.0,1487.8
67883,6.5396,20.0,1487.8
67884,6.5396,20.0,1487.9
67885,6.5396,20.0,1487.9
67886,6.5396,20.0,1487.9
67887,6.5396,20.0,1487.9
67888,6.5396,20.0,1487.9
67889,6.5396,20.0,1487.9
67890,6.5396,20.0,1488.0
67891,6.5396,20.0,1488.0
67892,6.5396,20.0,1488.0
67893,6.5396,20.0,1488.0
67894,6.5396,20.0,1488.0
67895,6.5396,20.0,1488.1
67896,6.5396,20.0,1488.1
67897,6.5396,20.0,1488.1
67898,6.5396,20.0,1488.1
67899,6.5396,20.0,1488.2
67900,6.5396,20.0,1488.2
67901,6.5599,20.0,1488.2
67902,6.5599,20.0,1488.2
67903,6.5599,20.0,1488.2
67904,6.5599,20.0,1488.2
67905,6.5599,20.0,1488.3
67906,6.5599,20.0,1488.3
67907,6.5599,20.0,1488.3
67908,6.5599,20.0,1488.3
67909,6.5599,20.0,1488.3
67910,6.5599,20.0,1488.4
67911,6.5599,20.0,1488.4
67912,6.5599,20.0,1488.4
67913,6.5599,20.0,1488.4
67914,6.5599,20.0,1488.5
67915,6.5599,20.0,1488.5
67916,6.5599,20.0,1488.5
67917,6.5599,20.0,1488.5
67918,6.5599,20.0,1488.5
67919,6.5599,20.0,1488.5
67920,6.5599,20.0,1488.5
67921,6.5801,20.0,1488.6
67922,6.5801,20.0,1488.6
67923,6.5801,20.0,1488.6
67924,6.5801,20.0,1488.6
67925,6.5801,20.0,1488.7
67926,6.5801,20.0,1488.7
67927,6.5801,20.0,1488.7
67928,6.5801,20.0,1488.7
67929,6.5801,20.0,1488.7
67930,6.5801,20.0,1488.8
67931,6.5801,20.0,1488.8
67932,6.5801,20.0,1488.8
67933,6.5801,20.0,1488.8
67934,6.5801,20.0,1488.8
67935,6.5801,20.0,1488.9
67936,6.5801,20.0,1488.9
67937,6.5801,20.0,1488.9
67938,6.5801,20.0,1488.9
67939,6.5801,20.0,1488.9
67940,6.5801,20.0,1489.0
67941,6.6004,20.0,1489.0
67942,6.6004,20.0,1489.0
67943,6.6004,20.0,1489.0
67944,6.6004,20.0,1489.0
67945,6.6004,20.0,1489.1
67946,6.6004,20.0,1489.1
67947,6.6004,20.0,1489.1
67948,6.6004,20.0,1489.1
67949,6.6004,20.0,1489.1
67950,6.6004,20.0,1489.2
67951,6.6004,20.0,1489.2
67952,6.6004,20.0,1489.2
67953,6.6004,20.0,1489.2
67954,6.6004,20.0,1489.2
67955,6.6004,20.0,1489.3
67956,6.6004,20.0,1489.3
67957,6.6004,20.0,1489.3
67958,6.6004,20.0,1489.3
67959,6.6004,20.0,1489.3
67960,6.6004,20.0,1489.4
67961,6.6206,20.0,1489.4
67962,6.6206,20.0,1489.4
67963,6.6206,20.0,1489.4
67964,6.6206,20.0,1489.4
67965,6.6206,20.0,1489.4
67966,6.6206,20.0,1489.5
67967,6.6206,20.0,1489.5
67968,6.6206,20.0,1489.5
67969,6.6206,20.0,1489.5
67970,6.6206,20.0,1489.5
67971,6.6206,20.0,1489.6
67972,6.6206,20.0,1489.6
67973,6.6206,20.0,1489.6
67974,6.6206,20.0,1489.6
67975,6.6206,20.0,1489.6
67976,6.6206,20.0,1489.7
67977,6.6206,20.0,1489.7
67978,6.6206,20.0,1489.7
67979,6.6206,20.0,1489.7
67980,6.6206,20.0,1489.8
67981,6.6408,20.0,1489.8
67982,6.6408,20.0,1489.8
67983,6.6408,20.0,1489.8
67984,6.6408,20.0,1489.8
67985,6.6408,20.0,1489.9
67986,6.6408,20.0,1489.9
67987,6.6408,20.0,1489.9
67988,6.6408,20.0,1489.9
67989,6.6408,20.0,1489.9
67990,6.6408,20.0,1489.9
67991,6.6408,20.0,1490.0
67992,6.6408,20.0,1490.0
67993,6.6408,20.0,1490.0
67994,6.6408,20.0,1490.0
67995,6.6408,20.0,1490.0
67996,6.6408,20.0,1490.1
67997,6.6408,20.0,1490.1
67998,6.6408,20.0,1490.1
67999,6.6408,20.0,1490.1
68000,6.6408,20.0,1490.1
68001,6.6611,20.0,1490.2
68002,6.6611,20.0,1490.2
68003,6.6611,20.0,1490.2
68004,6.6611,20.0,1490.2
68005,6.6611,20.0,1490.2
68006,6.6611,20.0,1490.3
68007,6.6611,20.0,1490.3
68008,6.6611,20.0,1490.3
68009,6.6611,20.0,1490.3
68010,6.6611,20.0,1490.3
68011,6.6611,20.0,1490.4
68012,6.6611,20.0,1490.4
68013,6.6611,20.0,1490.4
68014,6.6611,20.0,1490.4
68015,6.6611,20.0,1490.4
68016,6.6611,20.0,1490.4
68017,6.6611,20.0,1490.5
68018,6.6611,20.0,1490.5
68019,6.6611,20.0,1490.5
68020,6.6611,20.0,1490.5
68021,6.6813,20.0,1490.5
68022,6.6813,20.0,1490.6
68023,6.6813,20.0,1490.6
68024,6.6813,20.0,1490.6
68025,6.6813,20.0,1490.6
68026,6.6813,20.0,1490.6
68027,6.6813,20.0,1490.7
68028,6.6813,20.0,1490.7
68029,6.6813,20.0,1490.7
68030,6.6813,20.0,1490.7
68031,6.6813,20.0,1490.7
68032,6.6813,20.0,1490.8
68033,6.6813,20.0,1490.8
68034,6.6813,20.0,1490.8
68035,6.6813,20.0,1490.8
68036,6.6813,20.0,1490.8
68037,6.6813,20.0,1490.8
68038,6.6813,20.0,1490.9
68039,6.6813,20.0,1490.9
68040,6.6813,20.0,1490.9
68041,6.7016,20.0,1490.9
68042,6.7016,20.0,1490.9
68043,6.7016,20.0,1490.9
68044,6.7016,20.0,1491.0
68045,6.7016,20.0,1491.0
68046,6.7016,20.0,1491.0
68047,6.7016,20.0,1491.0
68048,6.7016,20.0,1491.0
68049,6.7016,20.0,1491.1
68050,6.7016,20.0,1491.1
68051,6.7016,20.0,1491.1
68052,6.7016,20.0,1491.1
68053,6.7016,20.0,1491.1
68054,6.7016,20.0,1491.2
68055,6.7016,20.0,1491.2
68056,6.7016,20.0,1491.2
68057,6.7016,20.0,1491.2
68058,6.7016,20.0,1491.2
68059,6.7016,20.0,1491.2
68060,6.7016,20.0,1491.3
68061,6.7218,20.0,1491.3
68062,6.7218,20.0,1491.3
68063,6.7218,20.0,1491.3
68064,6.7218,20.0,1491.4
68065,6.7218,20.0,1491.4
68066,6.7218,20.0,1491.4
68067,6.7218,20.0,1491.4
68068,6.7218,20.0,1491.4
68069,6.7218,20.0,1491.5
68070,6.7218,20.0,1491.5
68071,6.7218,20.0,1491.5
68072,6.7218,20.0,1491.5
68073,6.7218,20.0,1491.5
68074,6.7218,20.0,1491.6
68075,6.7218,20.0,1491.6
68076,6.7218,20.0,1491.6
68077,6.7218,20.0,1491.6
68078,6.7218,20.0,1491.6
68079,6.7218,20.0,1491.7
68080,6.7218,20.0,1491.7
68081,6.7420,20.0,1491.7
68082,6.7420,20.0,1491.7
68083,6.7420,20.0,1491.7
68084,6.7420,20.0,1491.8
68085,6.7420,20.0,1491.8
68086,6.7420,20.0,1491.8
68087,6.7420,20.0,1491.8
68088,6.7420,20.0,1491.8
68089,6.7420,20.0,1491.8
68090,6.7420,20.0,1491.9
68091,6.7420,20.0,1491.9
68092,6.7420,20.0,1491.9
68093,6.7420,20.0,1491.9
68094,6.7420,20.0,1492.0
68095,6.7420,20.0,1492.0
68096,6.7420,20.0,1492.0
68097,6.7420,20.0,1492.3
68098,6.7420,20.0,1492.3
68099,6.7420,20.0,1492.3
68100,6.7420,20.0,1492.4
68101,6.7820,20.0,1492.4
68102,6.7820,20.0,1492.4
68103,6.7820,20.0,1492.4
68104,6.7820,20.0,1492.4
68105,6.7820,20.0,1492.4
68106,6.7820,20.0,1492.5
68107,6.7820,20.0,1492.5
68108,6.7820,20.0,1492.5
68109,6.7820,20.0,1492.5
68110,6.7820,20.0,1492.5
68111,6.7820,20.0,1492.6
68112,6.7820,20.0,1492.6
68113,6.7820,20.0,1492.6
68114,6.7820,20.0,1492.6
68115,6.7820,20.0,1492.7
68116,6.7820,20.0,1492.7
68117,6.7820,20.0,1492.7
68118,6.7820,20.0,1492.7
68119,6.7820,20.0,1492.7
68120,6.7820,20.0,1492.8
68121,6.8219,20.0,1492.8
68122,6.8219,20.0,1492.8
68123,6.8219,20.0,1492.8
68124,6.8219,20.0,1492.8
68125,6.8219,20.0,1492.9
68126,6.8219,20.0,1492.9
68127,6.8219,20.0,1492.9
68128,6.8219,20.0,1492.9
68129,6.8219,20.0,1492.9
68130,6.8219,20.0,1493.0
68131,6.8219,20.0,1493.0
68132,6.8219,20.0,1493.0
68133,6.8219,20.0,1493.0
68134,6.8219,20.0,1493.0
68135,6.8219,20.0,1493.1
68136,6.8219,20.0,1493.1
68137,6.8219,20.0,1493.1
68138,6.8219,20.0,1493.1
68139,6.8219,20.0,1493.1
68140,6.8219,20.0,1493.2
68141,6.8619,20.0,1493.2
68142,6.8619,20.0,1493.2
68143,6.8619,20.0,1493.2
68144,6.8619,20.0,1493.2
68145,6.8619,20.0,1493.3
68146,6.8619,20.0,1493.3
68147,6.8619,20.0,1493.3
68148,6.8619,20.0,1493.3
68149,6.8619,20.0,1493.3
68150,6.8619,20.0,1493.4
68151,6.8619,20.0,1493.4
68152,6.8619,20.0,1493.4
68153,6.8619,20.0,1493.4
68154,6.8619,20.0,1493.4
68155,6.8619,20.0,1493.5
68156,6.8619,20.0,1493.5
68157,6.8619,20.0,1493.5
68158,6.8619,20.0,1493.5
68159,6.8619,20.0,1493.5
68160,6.8619,20.0,1493.6
68161,6.9019,20.0,1493.6
68162,6.9019,20.0,1493.6
68163,6.9019,20.0,1493.6
68164,6.9019,20.0,1493.6
68165,6.9019,20.0,1493.7
68166,6.9019,20.0,1493.7
68167,6.9019,20.0,1493.7
68168,6.9019,20.0,1493.7
68169,6.9019,20.0,1493.7
68170,6.9019,20.0,1493.7
68171,6.9019,20.0,1493.8
68172,6.9019,20.0,1493.8
68173,6.9019,20.0,1493.8
68174,6.9019,20.0,1493.8
68175,6.9019,20.0,1493.8
68176,6.9019,20.0,1493.9
68177,6.9019,20.0,1493.9
68178,6.9019,20.0,1493.9
68179,6.9019,20.0,1493.9
68180,6.9019,20.0,1493.9
68181,6.9418,20.0,1494.0
68182,6.9418,20.0,1494.0
68183,6.9418,20.0,1494.0
68184,6.9418,20.0,1494.0
68185,6.9418,20.0,1494.0
68186,6.9418,20.0,1494.1
68187,6.9418,20.0,1494.1
68188,6.9418,20.0,1494.1
68189,6.9418,20.0,1494.1
68190,6.9418,20.0,1494.1
68191,6.9418,20.0,1494.1
68192,6.9418,20.0,1494.2
68193,6.9418,20.0,1494.2
68194,6.9418,20.0,1494.2
68195,6.9418,20.0,1494.2
68196,6.9418,20.0,1494.3
68197,6.9418,20.0,1494.3
68198,6.9418,20.0,1494.3
68199,6.9418,20.0,1494.3
68200,6.9418,20.0,1494.3
68201,6.9818,20.0,1494.4
68202,6.9818,20.0,1494.4
68203,6.9818,20.0,1494.4
68204,6.9818,20.0,1494.4
68205,6.9818,20.0,1494.4
68206,6.9818,20.0,1494.4
68207,6.9818,20.0,1494.5
68208,6.9818,20.0,1494.5
68209,6.9818,20.0,1494.5
68210,6.9818,20.0,1494.5
68211,6.9818,20.0,1494.6
68212,6.9818,20.0,1494.6
68213,6.9818,20.0,1494.6
68214,6.9818,20.0,1494.6
68215,6.9818,20.0,1494.6
68216,6.9818,20.0,1494.6
68217,6.9818,20.0,1494.7
68218,6.9818,20.0,1494.7
68219,6.9818,20.0,1494.7
68220,6.9818,20.0,1494.7
68221,7.0217,20.0,1494.8
68222,7.0217,20.0,1494.8
68223,7.0217,20.0,1494.8
68224,7.0217,20.0,1494.8
68225,7.0217,20.0,1494.8
68226,7.0217,20.0,1494.8
68227,7.0217,20.0,1494.9
68228,7.0217,20.0,1494.9
68229,7.0217,20.0,1494.9
68230,7.0217,20.0,1494.9
68231,7.0217,20.0,1494.9
68232,7.0217,20.0,1494.9
68233,7.0217,20.0,1495.0
68234,7.0217,20.0,1495.0
68235,7.0217,20.0,1495.0
68236,7.0217,20.0,1495.0
68237,7.0217,20.0,1495.1
68238,7.0217,20.0,1495.1
68239,7.0217,20.0,1495.1
68240,7.0217,20.0,1495.1
68241,7.0617,20.0,1495.1
68242,7.0617,20.0,1495.2
68243,7.0617,20.0,1495.2
68244,7.0617,20.0,1495.2
68245,7.0617,20.0,1495.2
68246,7.0617,20.0,1495.2
68247,7.0617,20.0,1495.3
68248,7.0617,20.0,1495.3
68249,7.0617,20.0,1495.3
68250,7.0617,20.0,1495.3
68251,7.0617,20.0,1495.3
68252,7.0617,20.0,1495.4
68253,7.0617,20.0,1495.4
68254,7.0617,20.0,1495.4
68255,7.0617,20.0,1495.4
68256,7.0617,20.0,1495.4
68257,7.0617,20.0,1495.4
68258,7.0617,20.0,1495.5
68259,7.0617,20.0,1495.5
68260,7.0617,20.0,1495.5
68261,7.1016,20.0,1495.5
68262,7.1016,20.0,1495.6
68263,7.1016,20.0,1495.6
68264,7.1016,20.0,1495.6
68265,7.1016,20.0,1495.6
68266,7.1016,20.0,1495.6
68267,7.1016,20.0,1495.7
68268,7.1016,20.0,1495.7
68269,7.1016,20.0,1495.7
68270,7.1016,20.0,1495.7
68271,7.1016,20.0,1495.8
68272,7.1016,20.0,1495.8
68273,7.1016,20.0,1495.8
68274,7.1016,20.0,1495.8
68275,7.1016,20.0,1495.8
68276,7.1016,20.0,1495.8
68277,7.1016,20.0,1495.9
68278,7.1016,20.0,1495.9
68279,7.1016,20.0,1495.9
68280,7.1016,20.0,1495.9
68281,7.1416,20.0,1495.9
68282,7.1416,20.0,1496.0
68283,7.1416,20.0,1496.0
68284,7.1416,20.0,1496.0
68285,7.1416,20.0,1496.0
68286,7.1416,20.0,1496.0
68287,7.1416,20.0,1496.1
68288,7.1416,20.0,1496.1
68289,7.1416,20.0,1496.1
68290,7.1416,20.0,1496.1
68291,7.1416,20.0,1496.1
68292,7.1416,20.0,1496.1
68293,7.1416,20.0,1496.2
68294,7.1416,20.0,1496.2
68295,7.1416,20.0,1496.2
68296,7.1416,20.0,1496.2
68297,7.1416,20.0,1496.2
68298,7.1416,20.0,1496.3
68299,7.1416,20.0,1496.3
68300,7.1416,20.0,1496.3
68301,7.1815,20.0,1496.3
68302,7.1815,20.0,1496.3
68303,7.1815,20.0,1496.4
68304,7.1815,20.0,1496.4
68305,7.1815,20.0,1496.4
68306,7.1815,20.0,1496.4
68307,7.1815,20.0,1496.4
68308,7.1815,20.0,1496.5
68309,7.1815,20.0,1496.5
68310,7.1815,20.0,1496.5
68311,7.1815,20.0,1496.5
68312,7.1815,20.0,1496.6
68313,7.1815,20.0,1496.6
68314,7.1815,20.0,1496.6
68315,7.1815,20.0,1496.6
68316,7.1815,20.0,1496.6
68317,7.1815,20.0,1496.7
68318,7.1815,20.0,1496.7
68319,7.1815,20.0,1496.7
68320,7.1815,20.0,1496.7
68321,7.2215,20.0,1496.7
68322,7.2215,20.0,1496.8
68323,7.2215,20.0,1496.8
68324,7.2215,20.0,1496.8
68325,7.2215,20.0,1496.8
68326,7.2215,20.0,1496.8
68327,7.2215,20.0,1496.9
68328,7.2215,20.0,1496.9
68329,7.2215,20.0,1496.9
68330,7.2215,20.0,1496.9
68331,7.2215,20.0,1496.9
68332,7.2215,20.0,1497.0
68333,7.2215,20.0,1497.0
68334,7.2215,20.0,1497.0
68335,7.2215,20.0,1497.0
68336,7.2215,20.0,1497.0
68337,7.2215,20.0,1497.1
68338,7.2215,20.0,1497.1
68339,7.2215,20.0,1497.1
68340,7.2215,20.0,1497.1
68341,7.2614,20.0,1497.1
68342,7.2614,20.0,1497.1
68343,7.2614,20.0,1497.2
68344,7.2614,20.0,1497.2
68345,7.2614,20.0,1497.2
68346,7.2614,20.0,1497.2
68347,7.2614,20.0,1497.2
68348,7.2614,20.0,1497.3
68349,7.2614,20.0,1497.3
68350,7.2614,20.0,1497.3
68351,7.2614,20.0,1497.3
68352,7.2614,20.0,1497.4
68353,7.2614,20.0,1497.4
68354,7.2614,20.0,1497.4
68355,7.2614,20.0,1497.4
68356,7.2614,20.0,1497.4
68357,7.2614,20.0,1497.4
68358,7.2614,20.0,1497.5
68359,7.2614,20.0,1497.5
68360,7.2614,20.0,1497.5
68361,7.3014,20.0,1497.5
68362,7.3014,20.0,1497.5
68363,7.3014,20.0,1497.6
68364,7.3014,20.0,1497.6
68365,7.3014,20.0,1497.6
68366,7.3014,20.0,1497.6
68367,7.3014,20.0,1497.6
68368,7.3014,20.0,1497.7
68369,7.3014,20.0,1497.7
68370,7.3014,20.0,1497.7
68371,7.3014,20.0,1497.7
68372,7.3014,20.0,1497.7
68373,7.3014,20.0,1497.8
68374,7.3014,20.0,1497.8
68375,7.3014,20.0,1497.8
68376,7.3014,20.0,1497.8
68377,7.3014,20.0,1497.8
68378,7.3014,20.0,1497.9
68379,7.3014,20.0,1497.9
68380,7.3014,20.0,1497.9
68381,7.3413,20.0,1497.9
68382,7.3413,20.0,1497.9
68383,7.3413,20.0,1498.0
68384,7.3413,20.0,1498.0
68385,7.3413,20.0,1498.0
68386,7.3413,20.0,1498.0
68387,7.3413,20.0,1498.0
68388,7.3413,20.0,1498.1
68389,7.3413,20.0,1498.1
68390,7.3413,20.0,1498.1
68391,7.3413,20.0,1498.1
68392,7.3413,20.0,1498.1
68393,7.3413,20.0,1498.2
68394,7.3413,20.0,1498.2
68395,7.3413,20.0,1498.2
68396,7.3413,20.0,1498.2
68397,7.3413,20.0,1498.2
68398,7.3413,20.0,1498.3
68399,7.3413,20.0,1498.3
68400,7.3413,20.0,1498.3
68401,7.3813,20.0,1498.3
68402,7.3813,20.0,1498.3
68403,7.3813,20.0,1498.4
68404,7.3813,20.0,1498.4
68405,7.3813,20.0,1498.4
68406,7.3813,20.0,1498.4
68407,7.3813,20.0,1498.4
68408,7.3813,20.0,1498.5
68409,7.3813,20.0,1498.5
68410,7.3813,20.0,1498.5
68411,7.3813,20.0,1498.5
68412,7.3813,20.0,1498.5
68413,7.3813,20.0,1498.5
68414,7.3813,20.0,1498.6
68415,7.3813,20.0,1498.6
68416,7.3813,20.0,1498.6
68417,7.3813,20.0,1498.6
68418,7.3813,20.0,1498.7
68419,7.3813,20.0,1498.7
68420,7.3813,20.0,1498.7
68421,7.4213,20.0,1498.7
68422,7.4213,20.0,1498.7
68423,7.4213,20.0,1498.8
68424,7.4213,20.0,1498.8
68425,7.4213,20.0,1498.8
68426,7.4213,20.0,1498.8
68427,7.4213,20.0,1498.8
68428,7.4213,20.0,1498.9
68429,7.4213,20.0,1498.9
68430,7.4213,20.0,1498.9
68431,7.4213,20.0,1498.9
68432,7.4213,20.0,1498.9
68433,7.4213,20.0,1499.0
68434,7.4213,20.0,1499.0
68435,7.4213,20.0,1499.0
68436,7.4213,20.0,1499.0
68437,7.4213,20.0,1499.0
68438,7.4213,20.0,1499.1
68439,7.4213,20.0,1499.1
68440,7.4213,20.0,1499.1
68441,7.4612,20.0,1499.1
68442,7.4612,20.0,1499.2
68443,7.4612,20.0,1499.2
68444,7.4612,20.0,1499.2
68445,7.4612,20.0,1499.2
68446,7.4612,20.0,1499.2
68447,7.4612,20.0,1499.2
68448,7.4612,20.0,1499.3
68449,7.4612,20.0,1499.3
68450,7.4612,20.0,1499.3
68451,7.4612,20.0,1499.3
68452,7.4612,20.0,1499.3
68453,7.4612,20.0,1499.3
68454,7.4612,20.0,1499.4
68455,7.4612,20.0,1499.4
68456,7.4612,20.0,1499.4
68457,7.4612,20.0,1499.4
68458,7.4612,20.0,1499.4
68459,7.4612,20.0,1499.5
68460,7.4612,20.0,1499.5
68461,7.5012,20.0,1499.5
68462,7.5012,20.0,1499.5
68463,7.5012,20.0,1499.5
68464,7.5012,20.0,1499.6
68465,7.5012,20.0,1499.6
68466,7.5012,20.0,1499.6
68467,7.5012,20.0,1499.6
68468,7.5012,20.0,1499.6
68469,7.5012,20.0,1499.7
68470,7.5012,20.0,1499.7
68471,7.5012,20.0,1499.7
68472,7.5012,20.0,1499.7
68473,7.5012,20.0,1499.7
68474,7.5012,20.0,1499.7
68475,7.5012,20.0,1499.8
68476,7.5012,20.0,1499.8
68477,7.5012,20.0,1499.8
68478,7.5012,20.0,1499.8
68479,7.5012,20.0,1499.8
68480,7.5012,20.0,1499.9
68481,7.5411,20.0,1499.9
68482,7.5411,20.0,1499.9
68483,7.5411,20.0,1499.9
68484,7.5411,20.0,1500.0
68485,7.5411,20.0,1500.0
68486,7.5411,20.0,1500.0
68487,7.5411,20.0,1500.0
68488,7.5411,20.0,1500.0
68489,7.5411,20.0,1500.1
68490,7.5411,20.0,1500.1
68491,7.5411,20.0,1500.1
68492,7.5411,20.0,1500.1
68493,7.5411,20.0,1500.1
68494,7.5411,20.0,1500.2
68495,7.5411,20.0,1500.2
68496,7.5411,20.0,1500.2
68497,7.5411,20.0,1500.2
68498,7.5411,20.0,1500.2
68499,7.5411,20.0,1500.2
68500,7.5411,20.0,1500.3
68501,7.5811,20.0,1500.3
68502,7.5811,20.0,1500.3
68503,7.5811,20.0,1500.3
68504,7.5811,20.0,1500.3
68505,7.5811,20.0,1500.4
68506,7.5811,20.0,1500.4
68507,7.5811,20.0,1500.4
68508,7.5811,20.0,1500.4
68509,7.5811,20.0,1500.4
68510,7.5811,20.0,1500.4
68511,7.5811,20.0,1500.5
68512,7.5811,20.0,1500.5
68513,7.5811,20.0,1500.5
68514,7.5811,20.0,1500.5
68515,7.5811,20.0,1500.6
68516,7.5811,20.0,1500.6
68517,7.5811,20.0,1500.6
68518,7.5811,20.0,1500.6
68519,7.5811,20.0,1500.6
68520,7.5811,20.0,1500.7
68521,7.6210,20.0,1500.7
68522,7.6210,20.0,1500.7
68523,7.6210,20.0,1500.7
68524,7.6210,20.0,1500.7
68525,7.6210,20.0,1500.8
68526,7.6210,20.0,1500.8
68527,7.6210,20.0,1500.8
68528,7.6210,20.0,1500.8
68529,7.6210,20.0,1500.8
68530,7.6210,20.0,1500.9
68531,7.6210,20.0,1500.9
68532,7.6210,20.0,1500.9
68533,7.6210,20.0,1500.9
68534,7.6210,20.0,1500.9
68535,7.6210,20.0,1501.0
68536,7.6210,20.0,1501.0
68537,7.6210,20.0,1501.0
68538,7.6210,20.0,1501.0
68539,7.6210,20.0,1501.0
68540,7.6210,20.0,1501.1
68541,7.6610,20.0,1501.1
68542,7.6610,20.0,1501.1
68543,7.6610,20.0,1501.1
68544,7.6610,20.0,1501.1
68545,7.6610,20.0,1501.2
68546,7.6610,20.0,1501.2
68547,7.6610,20.0,1501.2
68548,7.6610,20.0,1501.2
68549,7.6610,20.0,1501.2
68550,7.6610,20.0,1501.3
68551,7.6610,20.0,1501.3
68552,7.6610,20.0,1501.3
68553,7.6610,20.0,1501.3
68554,7.6610,20.0,1501.3
68555,7.6610,20.0,1501.4
68556,7.6610,20.0,1501.4
68557,7.6610,20.0,1501.4
68558,7.6610,20.0,1501.4
68559,7.6610,20.0,1501.4
68560,7.6610,20.0,1501.5
68561,7.7009,20.0,1501.5
68562,7.7009,20.0,1501.5
68563,7.7009,20.0,1501.5
68564,7.7009,20.0,1501.5
68565,7.7009,20.0,1501.6
68566,7.7009,20.0,1501.6
68567,7.7009,20.0,1501.6
68568,7.7009,20.0,1501.6
68569,7.7009,20.0,1501.6
68570,7.7009,20.0,1501.7
68571,7.7009,20.0,1501.7
68572,7.7009,20.0,1501.7
68573,7.7009,20.0,1501.7
68574,7.7009,20.0,1501.7
68575,7.7009,20.0,1501.8
68576,7.7009,20.0,1501.8
68577,7.7009,20.0,1501.8
68578,7.7009,20.0,1501.8
68579,7.7009,20.0,1501.8
68580,7.7009,20.0,1501.9
68581,7.7409,20.0,1501.9
68582,7.7409,20.0,1501.9
68583,7.7409,20.0,1501.9
68584,7.7409,20.0,1501.9
68585,7.7409,20.0,1502.0
68586,7.7409,20.0,1502.0
68587,7.7409,20.0,1502.0
68588,7.7409,20.0,1502.0
68589,7.7409,20.0,1502.0
68590,7.7409,20.0,1502.1
68591,7.7409,20.0,1502.1
68592,7.7409,20.0,1502.1
68593,7.7409,20.0,1502.1
68594,7.7409,20.0,1502.1
68595,7.7409,20.0,1502.1
68596,7.7409,20.0,1502.2
68597,7.7409,20.0,1502.2
68598,7.7409,20.0,1502.2
68599,7.7409,20.0,1502.2
68600,7.7409,20.0,1502.2
68601,7.7808,20.0,1502.3
68602,7.7808,20.0,1502.3
68603,7.7808,20.0,1502.3
68604,7.7808,20.0,1502.3
68605,7.7808,20.0,1502.3
68606,7.7808,20.0,1502.4
68607,7.7808,20.0,1502.4
68608,7.7808,20.0,1502.4
68609,7.7808,20.0,1502.7
68610,7.7808,20.0,1502.7
68611,7.7808,20.0,1502.7
68612,7.7808,20.0,1502.7
68613,7.7808,20.0,1502.7
68614,7.7808,20.0,1502.8
68615,7.7808,20.0,1502.8
68616,7.7808,20.0,1502.8
68617,7.7808,20.0,1502.8
68618,7.7808,20.0,1502.9
68619,7.7808,20.0,1502.9
68620,7.7808,20.0,1502.9
68621,7.8208,20.0,1502.9
68622,7.8208,20.0,1502.9
68623,7.8208,20.0,1502.9
68624,7.8208,20.0,1503.0
68625,7.8208,20.0,1503.0
68626,7.8208,20.0,1503.0
68627,7.8208,20.0,1503.0
68628,7.8208,20.0,1503.1
68629,7.8208,20.0,1503.1
68630,7.8208,20.0,1503.1
68631,7.8208,20.0,1503.1
68632,7.8208,20.0,1503.1
68633,7.8208,20.0,1503.2
68634,7.8208,20.0,1503.2
68635,7.8208,20.0,1503.2
68636,7.8208,20.0,1503.2
68637,7.8208,20.0,1503.2
68638,7.8208,20.0,1503.3
68639,7.8208,20.0,1503.3
68640,7.8208,20.0,1503.3
68641,7.8607,20.0,1503.3
68642,7.8607,20.0,1503.4
68643,7.8607,20.0,1503.4
68644,7.8607,20.0,1503.4
68645,7.8607,20.0,1503.4
68646,7.8607,20.0,1503.4
68647,7.8607,20.0,1503.5
68648,7.8607,20.0,1503.5
68649,7.8607,20.0,1503.5
68650,7.8607,20.0,1503.5
68651,7.8607,20.0,1503.5
68652,7.8607,20.0,1503.5
68653,7.8607,20.0,1503.6
68654,7.8607,20.0,1503.6
68655,7.8607,20.0,1503.6
68656,7.8607,20.0,1503.6
68657,7.8607,20.0,1503.6
68658,7.8607,20.0,1503.7
68659,7.8607,20.0,1503.7
68660,7.8607,20.0,1503.7
68661,7.9007,20.0,1503.7
68662,7.9007,20.0,1503.7
68663,7.9007,20.0,1503.7
68664,7.9007,20.0,1503.8
68665,7.9007,20.0,1503.8
68666,7.9007,20.0,1503.8
68667,7.9007,20.0,1503.8
68668,7.9007,20.0,1503.8
68669,7.9007,20.0,1503.9
68670,7.9007,20.0,1503.9
68671,7.9007,20.0,1503.9
68672,7.9007,20.0,1503.9
68673,7.9007,20.0,1503.9
68674,7.9007,20.0,1503.9
68675,7.9007,20.0,1504.0
68676,7.9007,20.0,1504.0
68677,7.9007,20.0,1504.0
68678,7.9007,20.0,1504.0
68679,7.9007,20.0,1504.0
68680,7.9007,20.0,1504.1
68681,7.9407,20.0,1504.1
68682,7.9407,20.0,1504.1
68683,7.9407,20.0,1504.1
68684,7.9407,20.0,1504.2
68685,7.9407,20.0,1504.2
68686,7.9407,20.0,1504.2
68687,7.9407,20.0,1504.2
68688,7.9407,20.0,1504.2
68689,7.9407,20.0,1504.3
68690,7.9407,20.0,1504.3
68691,7.9407,20.0,1504.3
68692,7.9407,20.0,1504.3
68693,7.9407,20.0,1504.3
68694,7.9407,20.0,1504.4
68695,7.9407,20.0,1504.4
68696,7.9407,20.0,1504.4
68697,7.9407,20.0,1504.4
68698,7.9407,20.0,1504.5
68699,7.9407,20.0,1504.5
68700,7.9407,20.0,1504.5
68701,7.9806,20.0,1504.5
68702,7.9806,20.0,1504.5
68703,7.9806,20.0,1504.5
68704,7.9806,20.0,1504.6
68705,7.9806,20.0,1504.6
68706,7.9806,20.0,1504.6
68707,7.9806,20.0,1504.6
68708,7.9806,20.0,1504.7
68709,7.9806,20.0,1504.7
68710,7.9806,20.0,1504.7
68711,7.9806,20.0,1504.7
68712,7.9806,20.0,1504.7
68713,7.9806,20.0,1504.7
68714,7.9806,20.0,1504.8
68715,7.9806,20.0,1504.8
68716,7.9806,20.0,1504.8
68717,7.9806,20.0,1504.8
68718,7.9806,20.0,1504.8
68719,7.9806,20.0,1504.9
68720,7.9806,20.0,1504.9
68721,8.0206,20.0,1504.9
68722,8.0206,20.0,1504.9
68723,8.0206,20.0,1505.0
68724,8.0206,20.0,1505.0
68725,8.0206,20.0,1505.0
68726,8.0206,20.0,1505.0
68727,8.0206,20.0,1505.0
68728,8.0206,20.0,1505.1
68729,8.0206,20.0,1505.1
68730,8.0206,20.0,1505.1
68731,8.0206,20.0,1505.1
68732,8.0206,20.0,1505.1
68733,8.0206,20.0,1505.1
68734,8.0206,20.0,1505.2
68735,8.0206,20.0,1505.2
68736,8.0206,20.0,1505.2
68737,8.0206,20.0,1505.2
68738,8.0206,20.0,1505.2
68739,8.0206,20.0,1505.3
68740,8.0206,20.0,1505.3
68741,8.0605,20.0,1505.3
68742,8.0605,20.0,1505.3
68743,8.0605,20.0,1505.4
68744,8.0605,20.0,1505.4
68745,8.0605,20.0,1505.4
68746,8.0605,20.0,1505.4
68747,8.0605,20.0,1505.5
68748,8.0605,20.0,1505.5
68749,8.0605,20.0,1505.5
68750,8.0605,20.0,1505.5
68751,8.0605,20.0,1505.5
68752,8.0605,20.0,1505.5
68753,8.0605,20.0,1505.6
68754,8.0605,20.0,1505.6
68755,8.0605,20.0,1505.6
68756,8.0605,20.0,1505.6
68757,8.0605,20.0,1505.7
68758,8.0605,20.0,1505.7
68759,8.0605,20.0,1505.7
68760,8.0605,20.0,1505.7
68761,8.1005,20.0,1505.7
68762,8.1005,20.0,1505.8
68763,8.1005,20.0,1505.8
68764,8.1005,20.0,1505.8
68765,8.1005,20.0,1505.8
68766,8.1005,20.0,1505.8
68767,8.1005,20.0,1505.9
68768,8.1005,20.0,1505.9
68769,8.1005,20.0,1505.9
68770,8.1005,20.0,1505.9
68771,8.1005,20.0,1505.9
68772,8.1005,20.0,1506.0
68773,8.1005,20.0,1506.0
68774,8.1005,20.0,1506.0
68775,8.1005,20.0,1506.0
68776,8.1005,20.0,1506.0
68777,8.1005,20.0,1506.1
68778,8.1005,20.0,1506.1
68779,8.1005,20.0,1506.1
68780,8.1005,20.0,1506.1
68781,8.1404,20.0,1506.1
68782,8.1404,20.0,1506.2
68783,8.1404,20.0,1506.2
68784,8.1404,20.0,1506.2
68785,8.1404,20.0,1506.2
68786,8.1404,20.0,1506.2
68787,8.1404,20.0,1506.3
68788,8.1404,20.0,1506.3
68789,8.1404,20.0,1506.3
68790,8.1404,20.0,1506.3
68791,8.1404,20.0,1506.3
68792,8.1404,20.0,1506.4
68793,8.1404,20.0,1506.4
68794,8.1404,20.0,1506.4
68795,8.1404,20.0,1506.4
68796,8.1404,20.0,1506.4
68797,8.1404,20.0,1506.5
68798,8.1404,20.0,1506.5
68799,8.1404,20.0,1506.5
68800,8.1404,20.0,1506.5
68801,8.1804,20.0,1506.5
68802,8.1804,20.0,1506.6
68803,8.1804,20.0,1506.6
68804,8.1804,20.0,1506.6
68805,8.1804,20.0,1506.6
68806,8.1804,20.0,1506.6
68807,8.1804,20.0,1506.7
68808,8.1804,20.0,1506.7
68809,8.1804,20.0,1506.7
68810,8.1804,20.0,1506.7
68811,8.1804,20.0,1506.7
68812,8.1804,20.0,1506.7
68813,8.1804,20.0,1506.8
68814,8.1804,20.0,1506.8
68815,8.1804,20.0,1506.8
68816,8.1804,20.0,1506.8
68817,8.1804,20.0,1506.8
68818,8.1804,20.0,1506.9
68819,8.1804,20.0,1506.9
68820,8.1804,20.0,1506.9
68821,8.2203,20.0,1506.9
68822,8.2203,20.0,1507.0
68823,8.2203,20.0,1507.0
68824,8.2203,20.0,1507.0
68825,8.2203,20.0,1507.0
68826,8.2203,20.0,1507.0
68827,8.2203,20.0,1507.0
68828,8.2203,20.0,1507.1
68829,8.2203,20.0,1507.1
68830,8.2203,20.0,1507.1
68831,8.2203,20.0,1507.1
68832,8.2203,20.0,1507.1
68833,8.2203,20.0,1507.2
68834,8.2203,20.0,1507.2
68835,8.2203,20.0,1507.2
68836,8.2203,20.0,1507.2
68837,8.2203,20.0,1507.2
68838,8.2203,20.0,1507.3
68839,8.2203,20.0,1507.3
68840,8.2203,20.0,1507.3
68841,8.2603,20.0,1507.3
68842,8.2603,20.0,1507.3
68843,8.2603,20.0,1507.4
68844,8.2603,20.0,1507.4
68845,8.2603,20.0,1507.4
68846,8.2603,20.0,1507.4
68847,8.2603,20.0,1507.4
68848,8.2603,20.0,1507.5
68849,8.2603,20.0,1507.5
68850,8.2603,20.0,1507.5
68851,8.2603,20.0,1507.5
68852,8.2603,20.0,1507.5
68853,8.2603,20.0,1507.6
68854,8.2603,20.0,1507.6
68855,8.2603,20.0,1507.6
68856,8.2603,20.0,1507.6
68857,8.2603,20.0,1507.6
68858,8.2603,20.0,1507.7
68859,8.2603,20.0,1507.7
68860,8.2603,20.0,1507.7
68861,8.3002,20.0,1507.7
68862,8.3002,20.0,1507.7
68863,8.3002,20.0,1507.8
68864,8.3002,20.0,1507.8
68865,8.3002,20.0,1507.8
68866,8.3002,20.0,1507.8
68867,8.3002,20.0,1507.8
68868,8.3002,20.0,1507.9
68869,8.3002,20.0,1507.9
68870,8.3002,20.0,1507.9
68871,8.3002,20.0,1507.9
68872,8.3002,20.0,1507.9
68873,8.3002,20.0,1508.0
68874,8.3002,20.0,1508.0
68875,8.3002,20.0,1508.0
68876,8.3002,20.0,1508.0
68877,8.3002,20.0,1508.0
68878,8.3002,20.0,1508.1
68879,8.3002,20.0,1508.1
68880,8.3002,20.0,1508.1
68881,8.3402,20.0,1508.1
68882,8.3402,20.0,1508.1
68883,8.3402,20.0,1508.2
68884,8.3402,20.0,1508.2
68885,8.3402,20.0,1508.2
68886,8.3402,20.0,1508.2
68887,8.3402,20.0,1508.2
68888,8.3402,20.0,1508.3
68889,8.3402,20.0,1508.3
68890,8.3402,20.0,1508.3
68891,8.3402,20.0,1508.3
68892,8.3402,20.0,1508.3
68893,8.3402,20.0,1508.4
68894,8.3402,20.0,1508.4
68895,8.3402,20.0,1508.4
68896,8.3402,20.0,1508.4
68897,8.3402,20.0,1508.4
68898,8.3402,20.0,1508.4
68899,8.3402,20.0,1508.5
68900,8.3402,20.0,1508.5
68901,8.3801,20.0,1508.5
68902,8.3801,20.0,1508.5
68903,8.3801,20.0,1508.6
68904,8.3801,20.0,1508.6
68905,8.3801,20.0,1508.6
68906,8.3801,20.0,1508.6
68907,8.3801,20.0,1508.7
68908,8.3801,20.0,1508.7
68909,8.3801,20.0,1508.7
68910,8.3801,20.0,1508.7
68911,8.3801,20.0,1508.7
68912,8.3801,20.0,1508.8
68913,8.3801,20.0,1508.8
68914,8.3801,20.0,1508.8
68915,8.3801,20.0,1508.8
68916,8.3801,20.0,1508.8
68917,8.3801,20.0,1508.9
68918,8.3801,20.0,1508.9
68919,8.3801,20.0,1508.9
68920,8.3801,20.0,1508.9
68921,8.4201,20.0,1508.9
68922,8.4201,20.0,1508.9
68923,8.4201,20.0,1509.0
68924,8.4201,20.0,1509.0
68925,8.4201,20.0,1509.0
68926,8.4201,20.0,1509.0
68927,8.4201,20.0,1509.0
68928,8.4201,20.0,1509.1
68929,8.4201,20.0,1509.1
68930,8.4201,20.0,1509.1
68931,8.4201,20.0,1509.1
68932,8.4201,20.0,1509.1
68933,8.4201,20.0,1509.2
68934,8.4201,20.0,1509.2
68935,8.4201,20.0,1509.2
68936,8.4201,20.0,1509.2
68937,8.4201,20.0,1509.2
68938,8.4201,20.0,1509.2
68939,8.4201,20.0,1509.3
68940,8.4201,20.0,1509.3
68941,8.4600,20.0,1509.3
68942,8.4600,20.0,1509.3
68943,8.4600,20.0,1509.4
68944,8.4600,20.0,1509.4
68945,8.4600,20.0,1509.4
68946,8.4600,20.0,1509.4
68947,8.4600,20.0,1509.4
68948,8.4600,20.0,1509.4
68949,8.4600,20.0,1509.5
68950,8.4600,20.0,1509.5
68951,8.4600,20.0,1509.5
68952,8.4600,20.0,1509.5
68953,8.4600,20.0,1509.5
68954,8.4600,20.0,1509.6
68955,8.4600,20.0,1509.6
68956,8.4600,20.0,1509.6
68957,8.4600,20.0,1509.6
68958,8.4600,20.0,1509.6
68959,8.4600,20.0,1509.7
68960,8.4600,20.0,1509.7
68961,8.5000,20.0,1509.7
68962,8.5000,20.0,1509.7
68963,8.5000,20.0,1509.7
68964,8.5000,20.0,1509.8
68965,8.5000,20.0,1509.8
68966,8.5000,20.0,1509.8
68967,8.5000,20.0,1509.8
68968,8.5000,20.0,1509.8
68969,8.5000,20.0,1509.9
68970,8.5000,20.0,1509.9
68971,8.5000,20.0,1509.9
68972,8.5000,20.0,1509.9
68973,8.5000,20.0,1509.9
68974,8.5000,20.0,1510.0
68975,8.5000,20.0,1510.0
68976,8.5000,20.0,1510.0
68977,8.5000,20.0,1510.0
68978,8.5000,20.0,1510.0
68979,8.5000,20.0,1510.1
68980,8.5000,20.0,1510.1
68981,8.5400,20.0,1510.1
68982,8.5400,20.0,1510.1
68983,8.5400,20.0,1510.1
68984,8.5400,20.0,1510.2
68985,8.5400,20.0,1510.2
68986,8.5400,20.0,1510.2
68987,8.5400,20.0,1510.2
68988,8.5400,20.0,1510.2
68989,8.5400,20.0,1510.2
68990,8.5400,20.0,1510.3
68991,8.5400,20.0,1510.3
68992,8.5400,20.0,1510.3
68993,8.5400,20.0,1510.3
68994,8.5400,20.0,1510.4
68995,8.5400,20.0,1510.4
68996,8.5400,20.0,1510.4
68997,8.5400,20.0,1510.4
68998,8.5400,20.0,1510.4
68999,8.5400,20.0,1510.5
69000,8.5400,20.0,1510.5
69001,8.5799,20.0,1510.5
69002,8.5799,20.0,1510.5
69003,8.5799,20.0,1510.5
69004,8.5799,20.0,1510.5
69005,8.5799,20.0,1510.6
69006,8.5799,20.0,1510.6
69007,8.5799,20.0,1510.6
69008,8.5799,20.0,1510.6
69009,8.5799,20.0,1510.7
69010,8.5799,20.0,1510.7
69011,8.5799,20.0,1510.7
69012,8.5799,20.0,1510.7
69013,8.5799,20.0,1510.7
69014,8.5799,20.0,1510.7
69015,8.5799,20.0,1510.8
69016,8.5799,20.0,1510.8
69017,8.5799,20.0,1510.8
69018,8.5799,20.0,1510.8
69019,8.5799,20.0,1510.9
69020,8.5799,20.0,1510.9
69021,8.6199,20.0,1510.9
69022,8.6199,20.0,1510.9
69023,8.6199,20.0,1510.9
69024,8.6199,20.0,1510.9
69025,8.6199,20.0,1511.0
69026,8.6199,20.0,1511.0
69027,8.6199,20.0,1511.0
69028,8.6199,20.0,1511.0
69029,8.6199,20.0,1511.1
69030,8.6199,20.0,1511.1
69031,8.6199,20.0,1511.1
69032,8.6199,20.0,1511.1
69033,8.6199,20.0,1511.1
69034,8.6199,20.0,1511.1
69035,8.6199,20.0,1511.2
69036,8.6199,20.0,1511.2
69037,8.6199,20.0,1511.2
69038,8.6199,20.0,1511.2
69039,8.6199,20.0,1511.2
69040,8.6199,20.0,1511.3
69041,8.6598,20.0,1511.3
69042,8.6598,20.0,1511.3
69043,8.6598,20.0,1511.3
69044,8.6598,20.0,1511.3
69045,8.6598,20.0,1511.3
69046,8.6598,20.0,1511.4
69047,8.6598,20.0,1511.4
69048,8.6598,20.0,1511.4
69049,8.6598,20.0,1511.4
69050,8.6598,20.0,1511.5
69051,8.6598,20.0,1511.5
69052,8.6598,20.0,1511.5
69053,8.6598,20.0,1511.5
69054,8.6598,20.0,1511.5
69055,8.6598,20.0,1511.6
69056,8.6598,20.0,1511.6
69057,8.6598,20.0,1511.6
69058,8.6598,20.0,1511.6
69059,8.6598,20.0,1511.7
69060,8.6598,20.0,1511.7
69061,8.6998,20.0,1511.7
69062,8.6998,20.0,1511.7
69063,8.6998,20.0,1511.7
69064,8.6998,20.0,1511.8
69065,8.6998,20.0,1511.8
69066,8.6998,20.0,1511.8
69067,8.6998,20.0,1511.8
69068,8.6998,20.0,1511.8
69069,8.6998,20.0,1511.9
69070,8.6998,20.0,1511.9
69071,8.6998,20.0,1511.9
69072,8.6998,20.0,1511.9
69073,8.6998,20.0,1512.0
69074,8.6998,20.0,1512.0
69075,8.6998,20.0,1512.0
69076,8.6998,20.0,1512.0
69077,8.6998,20.0,1512.0
69078,8.6998,20.0,1512.1
69079,8.6998,20.0,1512.1
69080,8.6998,20.0,1512.1
69081,8.7395,20.0,1512.1
69082,8.7395,20.0,1512.1
69083,8.7395,20.0,1512.2
69084,8.7395,20.0,1512.2
69085,8.7395,20.0,1512.2
69086,8.7395,20.0,1512.2
69087,8.7395,20.0,1512.3
69088,8.7395,20.0,1512.3
69089,8.7395,20.0,1512.3
69090,8.7395,20.0,1512.3
69091,8.7395,20.0,1512.3
69092,8.7395,20.0,1512.4
69093,8.7395,20.0,1512.4
69094,8.7395,20.0,1512.4
69095,8.7395,20.0,1512.4
69096,8.7395,20.0,1512.5
69097,8.7395,20.0,1512.5
69098,8.7395,20.0,1512.5
69099,8.7395,20.0,1512.5
69100,8.7395,20.0,1512.5
69101,8.7791,20.0,1512.6
69102,8.7791,20.0,1512.6
69103,8.7791,20.0,1512.6
69104,8.7791,20.0,1512.6
69105,8.7791,20.0,1512.6
69106,8.7791,20.0,1512.6
69107,8.7791,20.0,1512.7
69108,8.7791,20.0,1512.7
69109,8.7791,20.0,1512.7
69110,8.7791,20.0,1512.7
69111,8.7791,20.0,1512.8
69112,8.7791,20.0,1512.8
69113,8.7791,20.0,1512.8
69114,8.7791,20.0,1512.8
69115,8.7791,20.0,1512.8
69116,8.7791,20.0,1512.9
69117,8.7791,20.0,1512.9
69118,8.7791,20.0,1512.9
69119,8.7791,20.0,1512.9
69120,8.7791,20.0,1513.0
69121,8.8188,20.0,1513.4
69122,8.8188,20.0,1513.4
69123,8.8188,20.0,1513.4
69124,8.8188,20.0,1513.4
69125,8.8188,20.0,1513.5
69126,8.8188,20.0,1513.5
69127,8.8188,20.0,1513.5
69128,8.8188,20.0,1513.5
69129,8.8188,20.0,1513.6
69130,8.8188,20.0,1513.6
69131,8.8188,20.0,1513.6
69132,8.8188,20.0,1513.6
69133,8.8188,20.0,1513.7
69134,8.8188,20.0,1513.7
69135,8.8188,20.0,1513.7
69136,8.8188,20.0,1513.7
69137,8.8188,20.0,1513.7
69138,8.8188,20.0,1513.8
69139,8.8188,20.0,1513.8
69140,8.8188,20.0,1513.8
69141,8.8385,20.0,1513.8
69142,8.8385,20.0,1513.9
69143,8.8385,20.0,1513.9
69144,8.8385,20.0,1513.9
69145,8.8385,20.0,1513.9
69146,8.8385,20.0,1514.0
69147,8.8385,20.0,1514.0
69148,8.8385,20.0,1514.0
69149,8.8385,20.0,1514.0
69150,8.8385,20.0,1514.1
69151,8.8385,20.0,1514.1
69152,8.8385,20.0,1514.1
69153,8.8385,20.0,1514.1
69154,8.8385,20.0,1514.2
69155,8.8385,20.0,1514.2
69156,8.8385,20.0,1514.2
69157,8.8385,20.0,1514.2
69158,8.8385,20.0,1514.2
69159,8.8385,20.0,1514.3
69160,8.8385,20.0,1514.3
69161,8.8582,20.0,1514.3
69162,8.8582,20.0,1514.3
69163,8.8582,20.0,1514.3
69164,8.8582,20.0,1514.4
69165,8.8582,20.0,1514.4
69166,8.8582,20.0,1514.4
69167,8.8582,20.0,1514.4
69168,8.8582,20.0,1514.4
69169,8.8582,20.0,1514.5
69170,8.8582,20.0,1514.5
69171,8.8582,20.0,1514.5
69172,8.8582,20.0,1514.5
69173,8.8582,20.0,1514.5
69174,8.8582,20.0,1514.5
69175,8.8582,20.0,1514.6
69176,8.8582,20.0,1514.6
69177,8.8582,20.0,1514.6
69178,8.8582,20.0,1514.6
69179,8.8582,20.0,1514.7
69180,8.8582,20.0,1514.7
69181,8.8779,20.0,1514.7
69182,8.8779,20.0,1514.7
69183,8.8779,20.0,1514.7
69184,8.8779,20.0,1514.7
69185,8.8779,20.0,1514.8
69186,8.8779,20.0,1514.8
69187,8.8779,20.0,1514.8
69188,8.8779,20.0,1514.8
69189,8.8779,20.0,1514.9
69190,8.8779,20.0,1514.9
69191,8.8779,20.0,1514.9
69192,8.8779,20.0,1514.9
69193,8.8779,20.0,1514.9
69194,8.8779,20.0,1514.9
69195,8.8779,20.0,1515.0
69196,8.8779,20.0,1515.0
69197,8.8779,20.0,1515.0
69198,8.8779,20.0,1515.0
69199,8.8779,20.0,1515.1
69200,8.8779,20.0,1515.1
69201,8.8976,20.0,1515.1
69202,8.8976,20.0,1515.1
69203,8.8976,20.0,1515.1
69204,8.8976,20.0,1515.2
69205,8.8976,20.0,1515.2
69206,8.8976,20.0,1515.2
69207,8.8976,20.0,1515.2
69208,8.8976,20.0,1515.2
69209,8.8976,20.0,1515.2
69210,8.8976,20.0,1515.3
69211,8.8976,20.0,1515.3
69212,8.8976,20.0,1515.3
69213,8.8976,20.0,1515.3
69214,8.8976,20.0,1515.3
69215,8.8976,20.0,1515.4
69216,8.8976,20.0,1515.4
69217,8.8976,20.0,1515.4
69218,8.8976,20.0,1515.4
69219,8.8976,20.0,1515.4
69220,8.8976,20.0,1515.5
69221,8.9173,20.0,1515.5
69222,8.9173,20.0,1515.5
69223,8.9173,20.0,1515.5
69224,8.9173,20.0,1515.5
69225,8.9173,20.0,1515.5
69226,8.9173,20.0,1515.6
69227,8.9173,20.0,1515.6
69228,8.9173,20.0,1515.6
69229,8.9173,20.0,1515.6
69230,8.9173,20.0,1515.6
69231,8.9173,20.0,1515.7
69232,8.9173,20.0,1515.7
69233,8.9173,20.0,1515.7
69234,8.9173,20.0,1515.7
69235,8.9173,20.0,1515.7
69236,8.9173,20.0,1515.7
69237,8.9173,20.0,1515.8
69238,8.9173,20.0,1515.8
69239,8.9173,20.0,1515.8
69240,8.9173,20.0,1515.8
69241,8.9371,20.0,1515.8
69242,8.9371,20.0,1515.9
69243,8.9371,20.0,1515.9
69244,8.9371,20.0,1515.9
69245,8.9371,20.0,1515.9
69246,8.9371,20.0,1515.9
69247,8.9371,20.0,1516.0
69248,8.9371,20.0,1516.0
69249,8.9371,20.0,1516.0
69250,8.9371,20.0,1516.0
69251,8.9371,20.0,1516.1
69252,8.9371,20.0,1516.1
69253,8.9371,20.0,1516.1
69254,8.9371,20.0,1516.1
69255,8.9371,20.0,1516.1
69256,8.9371,20.0,1516.2
69257,8.9371,20.0,1516.2
69258,8.9371,20.0,1516.2
69259,8.9371,20.0,1516.2
69260,8.9371,20.0,1516.2
69261,8.9568,20.0,1516.3
69262,8.9568,20.0,1516.3
69263,8.9568,20.0,1516.3
69264,8.9568,20.0,1516.3
69265,8.9568,20.0,1516.3
69266,8.9568,20.0,1516.4
69267,8.9568,20.0,1516.4
69268,8.9568,20.0,1516.4
69269,8.9568,20.0,1516.4
69270,8.9568,20.0,1516.5
69271,8.9568,20.0,1516.5
69272,8.9568,20.0,1516.5
69273,8.9568,20.0,1516.5
69274,8.9568,20.0,1516.6
69275,8.9568,20.0,1516.6
69276,8.9568,20.0,1516.6
69277,8.9568,20.0,1516.6
69278,8.9568,20.0,1516.7
69279,8.9568,20.0,1516.7
69280,8.9568,20.0,1516.7
69281,8.9765,20.0,1516.7
69282,8.9765,20.0,1516.8
69283,8.9765,20.0,1516.8
69284,8.9765,20.0,1516.8
69285,8.9765,20.0,1516.8
69286,8.9765,20.0,1516.8
69287,8.9765,20.0,1516.9
69288,8.9765,20.0,1516.9
69289,8.9765,20.0,1516.9
69290,8.9765,20.0,1516.9
69291,8.9765,20.0,1517.0
69292,8.9765,20.0,1517.0
69293,8.9765,20.0,1517.0
69294,8.9765,20.0,1517.0
69295,8.9765,20.0,1517.0
69296,8.9765,20.0,1517.1
69297,8.9765,20.0,1517.1
69298,8.9765,20.0,1517.1
69299,8.9765,20.0,1517.1
69300,8.9765,20.0,1517.2
69301,8.9962,20.0,1517.2
69302,8.9962,20.0,1517.2
69303,8.9962,20.0,1517.2
69304,8.9962,20.0,1517.2
69305,8.9962,20.0,1517.3
69306,8.9962,20.0,1517.3
69307,8.9962,20.0,1517.3
69308,8.9962,20.0,1517.3
69309,8.9962,20.0,1517.3
69310,8.9962,20.0,1517.4
69311,8.9962,20.0,1517.4
69312,8.9962,20.0,1517.4
69313,8.9962,20.0,1517.4
69314,8.9962,20.0,1517.4
69315,8.9962,20.0,1517.5
69316,8.9962,20.0,1517.5
69317,8.9962,20.0,1517.5
69318,8.9962,20.0,1517.5
69319,8.9962,20.0,1517.5
69320,8.9962,20.0,1517.6
69321,9.0159,20.0,1517.6
69322,9.0159,20.0,1517.6
69323,9.0159,20.0,1517.6
69324,9.0159,20.0,1517.6
69325,9.0159,20.0,1517.7
69326,9.0159,20.0,1517.7
69327,9.0159,20.0,1517.7
69328,9.0159,20.0,1517.7
69329,9.0159,20.0,1517.7
69330,9.0159,20.0,1517.8
69331,9.0159,20.0,1517.8
69332,9.0159,20.0,1517.8
69333,9.0159,20.0,1517.8
69334,9.0159,20.0,1517.8
69335,9.0159,20.0,1517.9
69336,9.0159,20.0,1517.9
69337,9.0159,20.0,1517.9
69338,9.0159,20.0,1517.9
69339,9.0159,20.0,1517.9
69340,9.0159,20.0,1517.9
69341,9.0356,20.0,1518.0
69342,9.0356,20.0,1518.0
69343,9.0356,20.0,1518.0
69344,9.0356,20.0,1518.0
69345,9.0356,20.0,1518.1
69346,9.0356,20.0,1518.1
69347,9.0356,20.0,1518.1
69348,9.0356,20.0,1518.1
69349,9.0356,20.0,1518.1
69350,9.0356,20.0,1518.2
69351,9.0356,20.0,1518.2
69352,9.0356,20.0,1518.2
69353,9.0356,20.0,1518.2
69354,9.0356,20.0,1518.2
69355,9.0356,20.0,1518.2
69356,9.0356,20.0,1518.3
69357,9.0356,20.0,1518.3
69358,9.0356,20.0,1518.3
69359,9.0356,20.0,1518.3
69360,9.0356,20.0,1518.3
69361,9.0553,20.0,1518.4
69362,9.0553,20.0,1518.4
69363,9.0553,20.0,1518.4
69364,9.0553,20.0,1518.4
69365,9.0553,20.0,1518.4
69366,9.0553,20.0,1518.5
69367,9.0553,20.0,1518.5
69368,9.0553,20.0,1518.5
69369,9.0553,20.0,1518.5
69370,9.0553,20.0,1518.5
69371,9.0553,20.0,1518.6
69372,9.0553,20.0,1518.6
69373,9.0553,20.0,1518.6
69374,9.0553,20.0,1518.6
69375,9.0553,20.0,1518.6
69376,9.0553,20.0,1518.7
69377,9.0553,20.0,1518.7
69378,9.0553,20.0,1518.7
69379,9.0553,20.0,1518.7
69380,9.0553,20.0,1518.7
69381,9.0751,20.0,1518.8
69382,9.0751,20.0,1518.8
69383,9.0751,20.0,1518.8
69384,9.0751,20.0,1518.8
69385,9.0751,20.0,1518.8
69386,9.0751,20.0,1518.9
69387,9.0751,20.0,1518.9
69388,9.0751,20.0,1518.9
69389,9.0751,20.0,1518.9
69390,9.0751,20.0,1518.9
69391,9.0751,20.0,1519.0
69392,9.0751,20.0,1519.0
69393,9.0751,20.0,1519.0
69394,9.0751,20.0,1519.0
69395,9.0751,20.0,1519.0
69396,9.0751,20.0,1519.0
69397,9.0751,20.0,1519.1
69398,9.0751,20.0,1519.1
69399,9.0751,20.0,1519.1
69400,9.0751,20.0,1519.1
69401,9.0948,20.0,1519.2
69402,9.0948,20.0,1519.2
69403,9.0948,20.0,1519.2
69404,9.0948,20.0,1519.2
69405,9.0948,20.0,1519.2
69406,9.0948,20.0,1519.3
69407,9.0948,20.0,1519.3
69408,9.0948,20.0,1519.3
69409,9.0948,20.0,1519.3
69410,9.0948,20.0,1519.3
69411,9.0948,20.0,1519.4
69412,9.0948,20.0,1519.4
69413,9.0948,20.0,1519.4
69414,9.0948,20.0,1519.4
69415,9.0948,20.0,1519.4
69416,9.0948,20.0,1519.4
69417,9.0948,20.0,1519.5
69418,9.0948,20.0,1519.5
69419,9.0948,20.0,1519.5
69420,9.0948,20.0,1519.5
69421,9.1145,20.0,1519.6
69422,9.1145,20.0,1519.6
69423,9.1145,20.0,1519.6
69424,9.1145,20.0,1519.6
69425,9.1145,20.0,1519.6
69426,9.1145,20.0,1519.6
69427,9.1145,20.0,1519.7
69428,9.1145,20.0,1519.7
69429,9.1145,20.0,1519.7
69430,9.1145,20.0,1519.7
69431,9.1145,20.0,1519.8
69432,9.1145,20.0,1519.8
69433,9.1145,20.0,1519.8
69434,9.1145,20.0,1519.8
69435,9.1145,20.0,1519.8
69436,9.1145,20.0,1519.9
69437,9.1145,20.0,1519.9
69438,9.1145,20.0,1519.9
69439,9.1145,20.0,1519.9
69440,9.1145,20.0,1519.9
69441,9.1342,20.0,1519.9
69442,9.1342,20.0,1520.0
69443,9.1342,20.0,1520.0
69444,9.1342,20.0,1520.0
69445,9.1342,20.0,1520.0
69446,9.1342,20.0,1520.1
69447,9.1342,20.0,1520.1
69448,9.1342,20.0,1520.1
69449,9.1342,20.0,1520.1
69450,9.1342,20.0,1520.1
69451,9.1342,20.0,1520.2
69452,9.1342,20.0,1520.2
69453,9.1342,20.0,1520.2
69454,9.1342,20.0,1520.2
69455,9.1342,20.0,1520.2
69456,9.1342,20.0,1520.2
69457,9.1342,20.0,1520.3
69458,9.1342,20.0,1520.3
69459,9.1342,20.0,1520.3
69460,9.1342,20.0,1520.3
69461,9.1539,20.0,1520.3
69462,9.1539,20.0,1520.4
69463,9.1539,20.0,1520.4
69464,9.1539,20.0,1520.4
69465,9.1539,20.0,1520.4
69466,9.1539,20.0,1520.4
69467,9.1539,20.0,1520.5
69468,9.1539,20.0,1520.5
69469,9.1539,20.0,1520.5
69470,9.1539,20.0,1520.5
69471,9.1539,20.0,1520.5
69472,9.1539,20.0,1520.6
69473,9.1539,20.0,1520.6
69474,9.1539,20.0,1520.6
69475,9.1539,20.0,1520.6
69476,9.1539,20.0,1520.6
69477,9.1539,20.0,1520.7
69478,9.1539,20.0,1520.7
69479,9.1539,20.0,1520.7
69480,9.1539,20.0,1520.7
69481,9.1736,20.0,1520.7
69482,9.1736,20.0,1520.8
69483,9.1736,20.0,1520.8
69484,9.1736,20.0,1520.8
69485,9.1736,20.0,1520.8
69486,9.1736,20.0,1520.9
69487,9.1736,20.0,1520.9
69488,9.1736,20.0,1520.9
69489,9.1736,20.0,1520.9
69490,9.1736,20.0,1520.9
69491,9.1736,20.0,1521.0
69492,9.1736,20.0,1521.0
69493,9.1736,20.0,1521.0
69494,9.1736,20.0,1521.0
69495,9.1736,20.0,1521.1
69496,9.1736,20.0,1521.1
69497,9.1736,20.0,1521.1
69498,9.1736,20.0,1521.1
69499,9.1736,20.0,1521.1
69500,9.1736,20.0,1521.2
69501,9.1934,20.0,1521.2
69502,9.1934,20.0,1521.2
69503,9.1934,20.0,1521.2
69504,9.1934,20.0,1521.2
69505,9.1934,20.0,1521.3
69506,9.1934,20.0,1521.3
69507,9.1934,20.0,1521.3
69508,9.1934,20.0,1521.3
69509,9.1934,20.0,1521.3
69510,9.1934,20.0,1521.3
69511,9.1934,20.0,1521.4
69512,9.1934,20.0,1521.4
69513,9.1934,20.0,1521.4
69514,9.1934,20.0,1521.4
69515,9.1934,20.0,1521.5
69516,9.1934,20.0,1521.5
69517,9.1934,20.0,1521.5
69518,9.1934,20.0,1521.5
69519,9.1934,20.0,1521.5
69520,9.1934,20.0,1521.6
69521,9.2131,20.0,1521.6
69522,9.2131,20.0,1521.6
69523,9.2131,20.0,1521.6
69524,9.2131,20.0,1521.7
69525,9.2131,20.0,1521.7
69526,9.2131,20.0,1521.7
69527,9.2131,20.0,1521.7
69528,9.2131,20.0,1521.7
69529,9.2131,20.0,1521.8
69530,9.2131,20.0,1521.8
69531,9.2131,20.0,1521.8
69532,9.2131,20.0,1521.8
69533,9.2131,20.0,1521.8
69534,9.2131,20.0,1521.8
69535,9.2131,20.0,1521.9
69536,9.2131,20.0,1521.9
69537,9.2131,20.0,1521.9
69538,9.2131,20.0,1521.9
69539,9.2131,20.0,1521.9
69540,9.2131,20.0,1522.0
69541,9.2328,20.0,1522.0
69542,9.2328,20.0,1522.0
69543,9.2328,20.0,1522.0
69544,9.2328,20.0,1522.0
69545,9.2328,20.0,1522.1
69546,9.2328,20.0,1522.1
69547,9.2328,20.0,1522.1
69548,9.2328,20.0,1522.1
69549,9.2328,20.0,1522.2
69550,9.2328,20.0,1522.2
69551,9.2328,20.0,1522.2
69552,9.2328,20.0,1522.2
69553,9.2328,20.0,1522.2
69554,9.2328,20.0,1522.2
69555,9.2328,20.0,1522.2
69556,9.2328,20.0,1522.3
69557,9.2328,20.0,1522.3
69558,9.2328,20.0,1522.3
69559,9.2328,20.0,1522.3
69560,9.2328,20.0,1522.3
69561,9.2525,20.0,1522.4
69562,9.2525,20.0,1522.4
69563,9.2525,20.0,1522.4
69564,9.2525,20.0,1522.4
69565,9.2525,20.0,1522.5
69566,9.2525,20.0,1522.5
69567,9.2525,20.0,1522.5
69568,9.2525,20.0,1522.5
69569,9.2525,20.0,1522.5
69570,9.2525,20.0,1522.5
69571,9.2525,20.0,1522.6
69572,9.2525,20.0,1522.6
69573,9.2525,20.0,1522.6
69574,9.2525,20.0,1522.6
69575,9.2525,20.0,1522.6
69576,9.2525,20.0,1522.6
69577,9.2525,20.0,1522.7
69578,9.2525,20.0,1522.7
69579,9.2525,20.0,1522.7
69580,9.2525,20.0,1522.7
69581,9.2722,20.0,1522.8
69582,9.2722,20.0,1522.8
69583,9.2722,20.0,1522.8
69584,9.2722,20.0,1522.8
69585,9.2722,20.0,1522.8
69586,9.2722,20.0,1522.9
69587,9.2722,20.0,1522.9
69588,9.2722,20.0,1522.9
69589,9.2722,20.0,1522.9
69590,9.2722,20.0,1522.9
69591,9.2722,20.0,1523.0
69592,9.2722,20.0,1523.0
69593,9.2722,20.0,1523.0
69594,9.2722,20.0,1523.0
69595,9.2722,20.0,1523.0
69596,9.2722,20.0,1523.1
69597,9.2722,20.0,1523.1
69598,9.2722,20.0,1523.1
69599,9.2722,20.0,1523.1
69600,9.2722,20.0,1523.1
69601,9.2720,20.0,1523.2
69602,9.2720,20.0,1523.2
69603,9.2720,20.0,1523.2
69604,9.2720,20.0,1523.2
69605,9.2720,20.0,1523.3
69606,9.2720,20.0,1523.3
69607,9.2720,20.0,1523.3
69608,9.2720,20.0,1523.3
69609,9.2720,20.0,1523.3
69610,9.2720,20.0,1523.4
69611,9.2720,20.0,1523.4
69612,9.2720,20.0,1523.4
69613,9.2720,20.0,1523.4
69614,9.2720,20.0,1523.4
69615,9.2720,20.0,1523.4
69616,9.2720,20.0,1523.5
69617,9.2720,20.0,1523.5
69618,9.2720,20.0,1523.5
69619,9.2720,20.0,1523.5
69620,9.2720,20.0,1523.5
69621,9.2718,20.0,1523.6
69622,9.2718,20.0,1523.6
69623,9.2718,20.0,1523.6
69624,9.2718,20.0,1523.6
69625,9.2718,20.0,1523.6
69626,9.2718,20.0,1523.7
69627,9.2718,20.0,1523.7
69628,9.2718,20.0,1523.7
69629,9.2718,20.0,1523.7
69630,9.2718,20.0,1523.8
69631,9.2718,20.0,1523.8
69632,9.2718,20.0,1523.8
69633,9.2718,20.0,1524.1
69634,9.2718,20.0,1524.1
69635,9.2718,20.0,1524.1
69636,9.2718,20.0,1524.1
69637,9.2718,20.0,1524.2
69638,9.2718,20.0,1524.2
69639,9.2718,20.0,1524.2
69640,9.2718,20.0,1524.2
69641,9.2916,20.0,1524.2
69642,9.2916,20.0,1524.3
69643,9.2916,20.0,1524.3
69644,9.2916,20.0,1524.3
69645,9.2916,20.0,1524.3
69646,9.2916,20.0,1524.3
69647,9.2916,20.0,1524.4
69648,9.2916,20.0,1524.4
69649,9.2916,20.0,1524.4
69650,9.2916,20.0,1524.4
69651,9.2916,20.0,1524.5
69652,9.2916,20.0,1524.5
69653,9.2916,20.0,1524.5
69654,9.2916,20.0,1524.5
69655,9.2916,20.0,1524.5
69656,9.2916,20.0,1524.6
69657,9.2916,20.0,1524.6
69658,9.2916,20.0,1524.6
69659,9.2916,20.0,1524.6
69660,9.2916,20.0,1524.6
69661,9.3113,20.0,1524.7
69662,9.3113,20.0,1524.7
69663,9.3113,20.0,1524.7
69664,9.3113,20.0,1524.7
69665,9.3113,20.0,1524.8
69666,9.3113,20.0,1524.8
69667,9.3113,20.0,1524.8
69668,9.3113,20.0,1524.8
69669,9.3113,20.0,1524.8
69670,9.3113,20.0,1524.9
69671,9.3113,20.0,1524.9
69672,9.3113,20.0,1524.9
69673,9.3113,20.0,1524.9
69674,9.3113,20.0,1524.9
69675,9.3113,20.0,1525.0
69676,9.3113,20.0,1525.0
69677,9.3113,20.0,1525.0
69678,9.3113,20.0,1525.0
69679,9.3113,20.0,1525.1
69680,9.3113,20.0,1525.1
69681,9.3310,20.0,1525.1
69682,9.3310,20.0,1525.1
69683,9.3310,20.0,1525.1
69684,9.3310,20.0,1525.2
69685,9.3310,20.0,1525.2
69686,9.3310,20.0,1525.2
69687,9.3310,20.0,1525.2
69688,9.3310,20.0,1525.3
69689,9.3310,20.0,1525.3
69690,9.3310,20.0,1525.3
69691,9.3310,20.0,1525.3
69692,9.3310,20.0,1525.3
69693,9.3310,20.0,1525.4
69694,9.3310,20.0,1525.4
69695,9.3310,20.0,1525.4
69696,9.3310,20.0,1525.4
69697,9.3310,20.0,1525.4
69698,9.3310,20.0,1525.5
69699,9.3310,20.0,1525.5
69700,9.3310,20.0,1525.5
69701,9.3507,20.0,1525.5
69702,9.3507,20.0,1525.5
69703,9.3507,20.0,1525.6
69704,9.3507,20.0,1525.6
69705,9.3507,20.0,1525.6
69706,9.3507,20.0,1525.6
69707,9.3507,20.0,1525.6
69708,9.3507,20.0,1525.7
69709,9.3507,20.0,1525.7
69710,9.3507,20.0,1525.7
69711,9.3507,20.0,1525.7
69712,9.3507,20.0,1525.8
69713,9.3507,20.0,1525.8
69714,9.3507,20.0,1525.8
69715,9.3507,20.0,1525.8
69716,9.3507,20.0,1525.9
69717,9.3507,20.0,1525.9
69718,9.3507,20.0,1525.9
69719,9.3507,20.0,1525.9
69720,9.3507,20.0,1525.9
69721,9.3705,20.0,1526.0
69722,9.3705,20.0,1526.0
69723,9.3705,20.0,1526.0
69724,9.3705,20.0,1526.0
69725,9.3705,20.0,1526.1
69726,9.3705,20.0,1526.1
69727,9.3705,20.0,1526.1
69728,9.3705,20.0,1526.1
69729,9.3705,20.0,1526.2
69730,9.3705,20.0,1526.2
69731,9.3705,20.0,1526.2
69732,9.3705,20.0,1526.2
69733,9.3705,20.0,1526.2
69734,9.3705,20.0,1526.3
69735,9.3705,20.0,1526.3
69736,9.3705,20.0,1526.3
69737,9.3705,20.0,1526.3
69738,9.3705,20.0,1526.3
69739,9.3705,20.0,1526.4
69740,9.3705,20.0,1526.4
69741,9.3902,20.0,1526.4
69742,9.3902,20.0,1526.4
69743,9.3902,20.0,1526.4
69744,9.3902,20.0,1526.5
69745,9.3902,20.0,1526.5
69746,9.3902,20.0,1526.5
69747,9.3902,20.0,1526.5
69748,9.3902,20.0,1526.5
69749,9.3902,20.0,1526.6
69750,9.3902,20.0,1526.6
69751,9.3902,20.0,1526.6
69752,9.3902,20.0,1526.6
69753,9.3902,20.0,1526.6
69754,9.3902,20.0,1526.7
69755,9.3902,20.0,1526.7
69756,9.3902,20.0,1526.7
69757,9.3902,20.0,1526.7
69758,9.3902,20.0,1526.7
69759,9.3902,20.0,1526.8
69760,9.3902,20.0,1526.8
69761,9.4099,20.0,1526.8
69762,9.4099,20.0,1526.8
69763,9.4099,20.0,1526.8
69764,9.4099,20.0,1526.9
69765,9.4099,20.0,1526.9
69766,9.4099,20.0,1526.9
69767,9.4099,20.0,1526.9
69768,9.4099,20.0,1526.9
69769,9.4099,20.0,1527.0
69770,9.4099,20.0,1527.0
69771,9.4099,20.0,1527.0
69772,9.4099,20.0,1527.0
69773,9.4099,20.0,1527.0
69774,9.4099,20.0,1527.1
69775,9.4099,20.0,1527.1
69776,9.4099,20.0,1527.1
69777,9.4099,20.0,1527.1
69778,9.4099,20.0,1527.1
69779,9.4099,20.0,1527.2
69780,9.4099,20.0,1527.2
69781,9.4296,20.0,1527.2
69782,9.4296,20.0,1527.2
69783,9.4296,20.0,1527.2
69784,9.4296,20.0,1527.2
69785,9.4296,20.0,1527.3
69786,9.4296,20.0,1527.3
69787,9.4296,20.0,1527.3
69788,9.4296,20.0,1527.3
69789,9.4296,20.0,1527.3
69790,9.4296,20.0,1527.4
69791,9.4296,20.0,1527.4
69792,9.4296,20.0,1527.4
69793,9.4296,20.0,1527.4
69794,9.4296,20.0,1527.4
69795,9.4296,20.0,1527.5
69796,9.4296,20.0,1527.5
69797,9.4296,20.0,1527.5
69798,9.4296,20.0,1527.5
69799,9.4296,20.0,1527.5
69800,9.4296,20.0,1527.6
69801,9.4494,20.0,1527.6
69802,9.4494,20.0,1527.6
69803,9.4494,20.0,1527.6
69804,9.4494,20.0,1527.6
69805,9.4494,20.0,1527.7
69806,9.4494,20.0,1527.7
69807,9.4494,20.0,1527.7
69808,9.4494,20.0,1527.7
69809,9.4494,20.0,1527.7
69810,9.4494,20.0,1527.8
69811,9.4494,20.0,1527.8
69812,9.4494,20.0,1527.8
69813,9.4494,20.0,1527.8
69814,9.4494,20.0,1527.8
69815,9.4494,20.0,1527.9
69816,9.4494,20.0,1527.9
69817,9.4494,20.0,1527.9
69818,9.4494,20.0,1527.9
69819,9.4494,20.0,1527.9
69820,9.4494,20.0,1528.0
69821,9.4691,20.0,1528.0
69822,9.4691,20.0,1528.0
69823,9.4691,20.0,1528.0
69824,9.4691,20.0,1528.0
69825,9.4691,20.0,1528.1
69826,9.4691,20.0,1528.1
69827,9.4691,20.0,1528.1
69828,9.4691,20.0,1528.1
69829,9.4691,20.0,1528.2
69830,9.4691,20.0,1528.2
69831,9.4691,20.0,1528.2
69832,9.4691,20.0,1528.2
69833,9.4691,20.0,1528.2
69834,9.4691,20.0,1528.2
69835,9.4691,20.0,1528.3
69836,9.4691,20.0,1528.3
69837,9.4691,20.0,1528.3
69838,9.4691,20.0,1528.3
69839,9.4691,20.0,1528.3
69840,9.4691,20.0,1528.4
69841,9.4888,20.0,1528.4
69842,9.4888,20.0,1528.4
69843,9.4888,20.0,1528.4
69844,9.4888,20.0,1528.4
69845,9.4888,20.0,1528.4
69846,9.4888,20.0,1528.5
69847,9.4888,20.0,1528.5
69848,9.4888,20.0,1528.5
69849,9.4888,20.0,1528.5
69850,9.4888,20.0,1528.5
69851,9.4888,20.0,1528.6
69852,9.4888,20.0,1528.6
69853,9.4888,20.0,1528.6
69854,9.4888,20.0,1528.6
69855,9.4888,20.0,1528.6
69856,9.4888,20.0,1528.7
69857,9.4888,20.0,1528.7
69858,9.4888,20.0,1528.7
69859,9.4888,20.0,1528.7
69860,9.4888,20.0,1528.7
69861,9.5085,20.0,1528.8
69862,9.5085,20.0,1528.8
69863,9.5085,20.0,1528.8
69864,9.5085,20.0,1528.8
69865,9.5085,20.0,1528.8
69866,9.5085,20.0,1528.9
69867,9.5085,20.0,1528.9
69868,9.5085,20.0,1528.9
69869,9.5085,20.0,1528.9
69870,9.5085,20.0,1528.9
69871,9.5085,20.0,1529.0
69872,9.5085,20.0,1529.0
69873,9.5085,20.0,1529.0
69874,9.5085,20.0,1529.0
69875,9.5085,20.0,1529.0
69876,9.5085,20.0,1529.0
69877,9.5085,20.0,1529.1
69878,9.5085,20.0,1529.1
69879,9.5085,20.0,1529.1
69880,9.5085,20.0,1529.1
69881,9.5282,20.0,1529.1
69882,9.5282,20.0,1529.2
69883,9.5282,20.0,1529.2
69884,9.5282,20.0,1529.2
69885,9.5282,20.0,1529.2
69886,9.5282,20.0,1529.2
69887,9.5282,20.0,1529.3
69888,9.5282,20.0,1529.3
69889,9.5282,20.0,1529.3
69890,9.5282,20.0,1529.3
69891,9.5282,20.0,1529.3
69892,9.5282,20.0,1529.4
69893,9.5282,20.0,1529.4
69894,9.5282,20.0,1529.4
69895,9.5282,20.0,1529.4
69896,9.5282,20.0,1529.4
69897,9.5282,20.0,1529.4
69898,9.5282,20.0,1529.4
69899,9.5282,20.0,1529.5
69900,9.5282,20.0,1529.5
69901,9.5480,20.0,1529.5
69902,9.5480,20.0,1529.5
69903,9.5480,20.0,1529.6
69904,9.5480,20.0,1529.6
69905,9.5480,20.0,1529.6
69906,9.5480,20.0,1529.6
69907,9.5480,20.0,1529.6
69908,9.5480,20.0,1529.7
69909,9.5480,20.0,1529.7
69910,9.5480,20.0,1529.7
69911,9.5480,20.0,1529.7
69912,9.5480,20.0,1529.8
69913,9.5480,20.0,1529.8
69914,9.5480,20.0,1529.8
69915,9.5480,20.0,1529.8
69916,9.5480,20.0,1529.8
69917,9.5480,20.0,1529.9
69918,9.5480,20.0,1529.9
69919,9.5480,20.0,1529.9
69920,9.5480,20.0,1529.9
69921,9.5677,20.0,1529.9
69922,9.5677,20.0,1530.0
69923,9.5677,20.0,1530.0
69924,9.5677,20.0,1530.0
69925,9.5677,20.0,1530.0
69926,9.5677,20.0,1530.0
69927,9.5677,20.0,1530.0
69928,9.5677,20.0,1530.1
69929,9.5677,20.0,1530.1
69930,9.5677,20.0,1530.1
69931,9.5677,20.0,1530.1
69932,9.5677,20.0,1530.1
69933,9.5677,20.0,1530.2
69934,9.5677,20.0,1530.2
69935,9.5677,20.0,1530.2
69936,9.5677,20.0,1530.2
69937,9.5677,20.0,1530.3
69938,9.5677,20.0,1530.3
69939,9.5677,20.0,1530.3
69940,9.5677,20.0,1530.3
69941,9.5874,20.0,1530.3
69942,9.5874,20.0,1530.4
69943,9.5874,20.0,1530.4
69944,9.5874,20.0,1530.4
69945,9.5874,20.0,1530.4
69946,9.5874,20.0,1530.4
69947,9.5874,20.0,1530.5
69948,9.5874,20.0,1530.5
69949,9.5874,20.0,1530.5
69950,9.5874,20.0,1530.5
69951,9.5874,20.0,1530.5
69952,9.5874,20.0,1530.6
69953,9.5874,20.0,1530.6
69954,9.5874,20.0,1530.6
69955,9.5874,20.0,1530.6
69956,9.5874,20.0,1530.6
69957,9.5874,20.0,1530.7
69958,9.5874,20.0,1530.7
69959,9.5874,20.0,1530.7
69960,9.5874,20.0,1530.7
69961,9.6071,20.0,1530.7
69962,9.6071,20.0,1530.8
69963,9.6071,20.0,1530.8
69964,9.6071,20.0,1530.8
69965,9.6071,20.0,1530.8
69966,9.6071,20.0,1530.8
69967,9.6071,20.0,1530.9
69968,9.6071,20.0,1530.9
69969,9.6071,20.0,1530.9
69970,9.6071,20.0,1530.9
69971,9.6071,20.0,1530.9
69972,9.6071,20.0,1530.9
69973,9.6071,20.0,1531.0
69974,9.6071,20.0,1531.0
69975,9.6071,20.0,1531.0
69976,9.6071,20.0,1531.0
69977,9.6071,20.0,1531.0
69978,9.6071,20.0,1531.1
69979,9.6071,20.0,1531.1
69980,9.6071,20.0,1531.1
69981,9.6269,20.0,1531.1
69982,9.6269,20.0,1531.1
69983,9.6269,20.0,1531.2
69984,9.6269,20.0,1531.2
69985,9.6269,20.0,1531.2
69986,9.6269,20.0,1531.2
69987,9.6269,20.0,1531.2
69988,9.6269,20.0,1531.3
69989,9.6269,20.0,1531.3
69990,9.6269,20.0,1531.3
69991,9.6269,20.0,1531.3
69992,9.6269,20.0,1531.3
69993,9.6269,20.0,1531.4
69994,9.6269,20.0,1531.4
69995,9.6269,20.0,1531.4
69996,9.6269,20.0,1531.4
69997,9.6269,20.0,1531.4
69998,9.6269,20.0,1531.5
69999,9.6269,20.0,1531.5
70000,9.6269,20.0,1531.5
70001,9.6466,20.0,1531.5
70002,9.6466,20.0,1531.5
70003,9.6466,20.0,1531.5
70004,9.6466,20.0,1531.6
70005,9.6466,20.0,1531.6
70006,9.6466,20.0,1531.6
70007,9.6466,20.0,1531.6
70008,9.6466,20.0,1531.6
70009,9.6466,20.0,1531.7
70010,9.6466,20.0,1531.7
70011,9.6466,20.0,1531.7
70012,9.6466,20.0,1531.7
70013,9.6466,20.0,1531.7
70014,9.6466,20.0,1531.8
70015,9.6466,20.0,1531.8
70016,9.6466,20.0,1531.8
70017,9.6466,20.0,1531.8
70018,9.6466,20.0,1531.8
70019,9.6466,20.0,1531.9
70020,9.6466,20.0,1531.9
70021,9.6663,20.0,1531.9
70022,9.6663,20.0,1531.9
70023,9.6663,20.0,1532.0
70024,9.6663,20.0,1532.0
70025,9.6663,20.0,1532.0
70026,9.6663,20.0,1532.0
70027,9.6663,20.0,1532.0
70028,9.6663,20.0,1532.0
70029,9.6663,20.0,1532.1
70030,9.6663,20.0,1532.1
70031,9.6663,20.0,1532.1
70032,9.6663,20.0,1532.1
70033,9.6663,20.0,1532.1
70034,9.6663,20.0,1532.2
70035,9.6663,20.0,1532.2
70036,9.6663,20.0,1532.2
70037,9.6663,20.0,1532.2
70038,9.6663,20.0,1532.2
70039,9.6663,20.0,1532.3
70040,9.6663,20.0,1532.3
70041,9.6860,20.0,1532.3
70042,9.6860,20.0,1532.3
70043,9.6860,20.0,1532.3
70044,9.6860,20.0,1532.4
70045,9.6860,20.0,1532.4
70046,9.6860,20.0,1532.4
70047,9.6860,20.0,1532.4
70048,9.6860,20.0,1532.4
70049,9.6860,20.0,1532.5
70050,9.6860,20.0,1532.5
70051,9.6860,20.0,1532.5
70052,9.6860,20.0,1532.5
70053,9.6860,20.0,1532.5
70054,9.6860,20.0,1532.6
70055,9.6860,20.0,1532.6
70056,9.6860,20.0,1532.6
70057,9.6860,20.0,1532.6
70058,9.6860,20.0,1532.6
70059,9.6860,20.0,1532.7
70060,9.6860,20.0,1532.7
70061,9.7058,20.0,1532.7
70062,9.7058,20.0,1532.7
70063,9.7058,20.0,1532.7
70064,9.7058,20.0,1532.8
70065,9.7058,20.0,1532.8
70066,9.7058,20.0,1532.8
70067,9.7058,20.0,1532.8
70068,9.7058,20.0,1532.8
70069,9.7058,20.0,1532.8
70070,9.7058,20.0,1532.9
70071,9.7058,20.0,1532.9
70072,9.7058,20.0,1532.9
70073,9.7058,20.0,1532.9
70074,9.7058,20.0,1532.9
70075,9.7058,20.0,1533.0
70076,9.7058,20.0,1533.0
70077,9.7058,20.0,1533.0
70078,9.7058,20.0,1533.0
70079,9.7058,20.0,1533.0
70080,9.7058,20.0,1533.1
70081,9.7255,20.0,1533.1
70082,9.7255,20.0,1533.1
70083,9.7255,20.0,1533.1
70084,9.7255,20.0,1533.1
70085,9.7255,20.0,1533.2
70086,9.7255,20.0,1533.2
70087,9.7255,20.0,1533.2
70088,9.7255,20.0,1533.2
70089,9.7255,20.0,1533.2
70090,9.7255,20.0,1533.3
70091,9.7255,20.0,1533.3
70092,9.7255,20.0,1533.3
70093,9.7255,20.0,1533.3
70094,9.7255,20.0,1533.3
70095,9.7255,20.0,1533.4
70096,9.7255,20.0,1533.4
70097,9.7255,20.0,1533.4
70098,9.7255,20.0,1533.4
70099,9.7255,20.0,1533.4
70100,9.7255,20.0,1533.5
70101,9.7255,20.0,1533.5
70102,9.7255,20.0,1533.5
70103,9.7255,20.0,1533.5
70104,9.7255,20.0,1533.6
70105,9.7255,20.0,1533.6
70106,9.7255,20.0,1533.6
70107,9.7255,20.0,1533.6
70108,9.7255,20.0,1533.6
70109,9.7255,20.0,1533.7
70110,9.7255,20.0,1533.7
70111,9.7255,20.0,1533.7
70112,9.7255,20.0,1533.7
70113,9.7255,20.0,1533.7
70114,9.7255,20.0,1533.8
70115,9.7255,20.0,1533.8
70116,9.7255,20.0,1533.8
70117,9.7255,20.0,1533.8
70118,9.7255,20.0,1533.8
70119,9.7255,20.0,1533.8
70120,9.7255,20.0,1533.9
70121,9.7255,20.0,1533.9
70122,9.7255,20.0,1533.9
70123,9.7255,20.0,1533.9
70124,9.7255,20.0,1533.9
70125,9.7255,20.0,1533.9
70126,9.7255,20.0,1534.0
70127,9.7255,20.0,1534.0
70128,9.7255,20.0,1534.0
70129,9.7255,20.0,1534.0
70130,9.7255,20.0,1534.0
70131,9.7255,20.0,1534.1
70132,9.7255,20.0,1534.1
70133,9.7255,20.0,1534.1
70134,9.7255,20.0,1534.1
70135,9.7255,20.0,1534.2
70136,9.7255,20.0,1534.2
70137,9.7255,20.0,1534.2
70138,9.7255,20.0,1534.2
70139,9.7255,20.0,1534.3
70140,9.7255,20.0,1534.3
70141,9.7255,20.0,1534.3
70142,9.7255,20.0,1534.3
70143,9.7255,20.0,1534.3
70144,9.7255,20.0,1534.4
70145,9.7255,20.0,1534.7
70146,9.7255,20.0,1534.7
70147,9.7255,20.0,1534.7
70148,9.7255,20.0,1534.8
70149,9.7255,20.0,1534.8
70150,9.7255,20.0,1534.8
70151,9.7255,20.0,1534.8
70152,9.7255,20.0,1534.8
70153,9.7255,20.0,1534.9
70154,9.7255,20.0,1534.9
70155,9.7255,20.0,1534.9
70156,9.7255,20.0,1534.9
70157,9.7255,20.0,1534.9
70158,9.7255,20.0,1535.0
70159,9.7255,20.0,1535.0
70160,9.7255,20.0,1535.0
70161,9.7255,20.0,1535.0
70162,9.7255,20.0,1535.0
70163,9.7255,20.0,1535.1
70164,9.7255,20.0,1535.1
70165,9.7255,20.0,1535.1
70166,9.7255,20.0,1535.1
70167,9.7255,20.0,1535.1
70168,9.7255,20.0,1535.2
70169,9.7255,20.0,1535.2
70170,9.7255,20.0,1535.2
70171,9.7255,20.0,1535.2
70172,9.7255,20.0,1535.2
70173,9.7255,20.0,1535.3
70174,9.7255,20.0,1535.3
70175,9.7255,20.0,1535.3
70176,9.7255,20.0,1535.3
70177,9.7255,20.0,1535.3
70178,9.7255,20.0,1535.4
70179,9.7255,20.0,1535.4
70180,9.7255,20.0,1535.4
70181,9.7255,20.0,1535.4
70182,9.7255,20.0,1535.4
70183,9.7255,20.0,1535.5
70184,9.7255,20.0,1535.5
70185,9.7255,20.0,1535.5
70186,9.7255,20.0,1535.5
70187,9.7255,20.0,1535.5
70188,9.7255,20.0,1535.5
70189,9.7255,20.0,1535.6
70190,9.7255,20.0,1535.6
70191,9.7255,20.0,1535.6
70192,9.7255,20.0,1535.6
70193,9.7255,20.0,1535.6
70194,9.7255,20.0,1535.7
70195,9.7255,20.0,1535.7
70196,9.7255,20.0,1535.7
70197,9.7255,20.0,1535.7
70198,9.7255,20.0,1535.7
70199,9.7255,20.0,1535.8
70200,9.7255,20.0,1535.8
70201,9.7255,20.0,1535.8
70202,9.7255,20.0,1535.8
70203,9.7255,20.0,1535.8
70204,9.7255,20.0,1535.9
70205,9.7255,20.0,1535.9
70206,9.7255,20.0,1535.9
70207,9.7255,20.0,1535.9
70208,9.7255,20.0,1535.9
70209,9.7255,20.0,1535.9
70210,9.7255,20.0,1536.0
70211,9.7255,20.0,1536.0
70212,9.7255,20.0,1536.0
70213,9.7255,20.0,1536.0
70214,9.7255,20.0,1536.1
70215,9.7255,20.0,1536.1
70216,9.7255,20.0,1536.1
70217,9.7255,20.0,1536.1
70218,9.7255,20.0,1536.1
70219,9.7255,20.0,1536.2
70220,9.7255,20.0,1536.2
70221,9.7255,20.0,1536.2
70222,9.7255,20.0,1536.2
70223,9.7255,20.0,1536.2
70224,9.7255,20.0,1536.2
70225,9.7255,20.0,1536.3
70226,9.7255,20.0,1536.3
70227,9.7255,20.0,1536.3
70228,9.7255,20.0,1536.3
70229,9.7255,20.0,1536.4
70230,9.7255,20.0,1536.4
70231,9.7255,20.0,1536.4
70232,9.7255,20.0,1536.4
70233,9.7255,20.0,1536.4
70234,9.7255,20.0,1536.5
70235,9.7255,20.0,1536.5
70236,9.7255,20.0,1536.5
70237,9.7255,20.0,1536.5
70238,9.7255,20.0,1536.6
70239,9.7255,20.0,1536.6
70240,9.7255,20.0,1536.6
70241,9.7255,20.0,1536.6
70242,9.7255,20.0,1536.6
70243,9.7255,20.0,1536.7
70244,9.7255,20.0,1536.7
70245,9.7255,20.0,1536.7
70246,9.7255,20.0,1536.7
70247,9.7255,20.0,1536.7
70248,9.7255,20.0,1536.7
70249,9.7255,20.0,1536.8
70250,9.7255,20.0,1536.8
70251,9.7255,20.0,1536.8
70252,9.7255,20.0,1536.8
70253,9.7255,20.0,1536.8
70254,9.7255,20.0,1536.9
70255,9.7255,20.0,1536.9
70256,9.7255,20.0,1536.9
70257,9.7255,20.0,1536.9
70258,9.7255,20.0,1536.9
70259,9.7255,20.0,1537.0
70260,9.7255,20.0,1537.0
70261,9.7256,20.0,1537.0
70262,9.7256,20.0,1537.0
70263,9.7256,20.0,1537.0
70264,9.7256,20.0,1537.1
70265,9.7256,20.0,1537.1
70266,9.7256,20.0,1537.1
70267,9.7256,20.0,1537.1
70268,9.7256,20.0,1537.1
70269,9.7256,20.0,1537.2
70270,9.7256,20.0,1537.2
70271,9.7256,20.0,1537.2
70272,9.7256,20.0,1537.2
70273,9.7256,20.0,1537.2
70274,9.7256,20.0,1537.3
70275,9.7256,20.0,1537.3
70276,9.7256,20.0,1537.3
70277,9.7256,20.0,1537.3
70278,9.7256,20.0,1537.3
70279,9.7256,20.0,1537.3
70280,9.7256,20.0,1537.4
70281,9.7256,20.0,1537.4
70282,9.7256,20.0,1537.4
70283,9.7256,20.0,1537.4
70284,9.7256,20.0,1537.4
70285,9.7256,20.0,1537.5
70286,9.7256,20.0,1537.5
70287,9.7256,20.0,1537.5
70288,9.7256,20.0,1537.5
70289,9.7256,20.0,1537.5
70290,9.7256,20.0,1537.6
70291,9.7256,20.0,1537.6
70292,9.7256,20.0,1537.6
70293,9.7256,20.0,1537.6
70294,9.7256,20.0,1537.6
70295,9.7256,20.0,1537.7
70296,9.7256,20.0,1537.7
70297,9.7256,20.0,1537.7
70298,9.7256,20.0,1537.7
70299,9.7256,20.0,1537.7
70300,9.7256,20.0,1537.7
70301,9.7256,20.0,1537.8
70302,9.7256,20.0,1537.8
70303,9.7256,20.0,1537.8
70304,9.7256,20.0,1537.8
70305,9.7256,20.0,1537.8
70306,9.7256,20.0,1537.9
70307,9.7256,20.0,1537.9
70308,9.7256,20.0,1537.9
70309,9.7256,20.0,1537.9
70310,9.7256,20.0,1537.9
70311,9.7256,20.0,1538.0
70312,9.7256,20.0,1538.0
70313,9.7256,20.0,1538.0
70314,9.7256,20.0,1538.0
70315,9.7256,20.0,1538.0
70316,9.7256,20.0,1538.0
70317,9.7256,20.0,1538.1
70318,9.7256,20.0,1538.1
70319,9.7256,20.0,1538.1
70320,9.7256,20.0,1538.1
70321,9.7256,20.0,1538.2
70322,9.7256,20.0,1538.2
70323,9.7256,20.0,1538.2
70324,9.7256,20.0,1538.2
70325,9.7256,20.0,1538.2
70326,9.7256,20.0,1538.3
70327,9.7256,20.0,1538.3
70328,9.7256,20.0,1538.3
70329,9.7256,20.0,1538.3
70330,9.7256,20.0,1538.3
70331,9.7256,20.0,1538.3
70332,9.7256,20.0,1538.4
70333,9.7256,20.0,1538.4
70334,9.7256,20.0,1538.4
70335,9.7256,20.0,1538.4
70336,9.7256,20.0,1538.4
70337,9.7256,20.0,1538.5
70338,9.7256,20.0,1538.5
70339,9.7256,20.0,1538.5
70340,9.7256,20.0,1538.5
70341,9.7256,20.0,1538.5
70342,9.7256,20.0,1538.6
70343,9.7256,20.0,1538.6
70344,9.7256,20.0,1538.6
70345,9.7256,20.0,1538.6
70346,9.7256,20.0,1538.6
70347,9.7256,20.0,1538.7
70348,9.7256,20.0,1538.7
70349,9.7256,20.0,1538.7
70350,9.7256,20.0,1538.7
70351,9.7256,20.0,1538.8
70352,9.7256,20.0,1538.8
70353,9.7256,20.0,1538.8
70354,9.7256,20.0,1538.8
70355,9.7256,20.0,1538.8
70356,9.7256,20.0,1538.9
70357,9.7256,20.0,1538.9
70358,9.7256,20.0,1538.9
70359,9.7256,20.0,1538.9
70360,9.7256,20.0,1539.0
70361,9.7256,20.0,1539.0
70362,9.7256,20.0,1539.0
70363,9.7256,20.0,1539.0
70364,9.7256,20.0,1539.0
70365,9.7256,20.0,1539.1
70366,9.7256,20.0,1539.1
70367,9.7256,20.0,1539.1
70368,9.7256,20.0,1539.1
70369,9.7256,20.0,1539.1
70370,9.7256,20.0,1539.1
70371,9.7256,20.0,1539.2
70372,9.7256,20.0,1539.2
70373,9.7256,20.0,1539.2
70374,9.7256,20.0,1539.2
70375,9.7256,20.0,1539.2
70376,9.7256,20.0,1539.3
70377,9.7256,20.0,1539.3
70378,9.7256,20.0,1539.3
70379,9.7256,20.0,1539.3
70380,9.7256,20.0,1539.4
70381,9.7256,20.0,1539.4
70382,9.7256,20.0,1539.4
70383,9.7256,20.0,1539.4
70384,9.7256,20.0,1539.4
70385,9.7256,20.0,1539.5
70386,9.7256,20.0,1539.5
70387,9.7256,20.0,1539.5
70388,9.7256,20.0,1539.5
70389,9.7256,20.0,1539.5
70390,9.7256,20.0,1539.5
70391,9.7256,20.0,1539.6
70392,9.7256,20.0,1539.6
70393,9.7256,20.0,1539.6
70394,9.7256,20.0,1539.6
70395,9.7256,20.0,1539.6
70396,9.7256,20.0,1539.7
70397,9.7256,20.0,1539.7
70398,9.7256,20.0,1539.7
70399,9.7256,20.0,1539.7
70400,9.7256,20.0,1539.7
70401,9.7256,20.0,1539.8
70402,9.7256,20.0,1539.8
70403,9.7256,20.0,1539.8
70404,9.7256,20.0,1539.8
70405,9.7256,20.0,1539.8
70406,9.7256,20.0,1539.9
70407,9.7256,20.0,1539.9
70408,9.7256,20.0,1539.9
70409,9.7256,20.0,1539.9
70410,9.7256,20.0,1539.9
70411,9.7256,20.0,1540.0
70412,9.7256,20.0,1540.0
70413,9.7256,20.0,1540.0
70414,9.7256,20.0,1540.0
70415,9.7256,20.0,1540.0
70416,9.7256,20.0,1540.1
70417,9.7256,20.0,1540.1
70418,9.7256,20.0,1540.1
70419,9.7256,20.0,1540.1
70420,9.7256,20.0,1540.1
70421,9.7256,20.0,1540.2
70422,9.7256,20.0,1540.2
70423,9.7256,20.0,1540.2
70424,9.7256,20.0,1540.2
70425,9.7256,20.0,1540.2
70426,9.7256,20.0,1540.3
70427,9.7256,20.0,1540.3
70428,9.7256,20.0,1540.3
70429,9.7256,20.0,1540.3
70430,9.7256,20.0,1540.3
70431,9.7256,20.0,1540.4
70432,9.7256,20.0,1540.4
70433,9.7256,20.0,1540.4
70434,9.7256,20.0,1540.4
70435,9.7256,20.0,1540.4
70436,9.7256,20.0,1540.5
70437,9.7256,20.0,1540.5
70438,9.7256,20.0,1540.5
70439,9.7256,20.0,1540.5
70440,9.7256,20.0,1540.5
70441,9.7256,20.0,1540.6
70442,9.7256,20.0,1540.6
70443,9.7256,20.0,1540.6
70444,9.7256,20.0,1540.6
70445,9.7256,20.0,1540.6
70446,9.7256,20.0,1540.7
70447,9.7256,20.0,1540.7
70448,9.7256,20.0,1540.7
70449,9.7256,20.0,1540.7
70450,9.7256,20.0,1540.7
70451,9.7256,20.0,1540.8
70452,9.7256,20.0,1540.8
70453,9.7256,20.0,1540.8
70454,9.7256,20.0,1540.8
70455,9.7256,20.0,1540.8
70456,9.7256,20.0,1540.9
70457,9.7256,20.0,1540.9
70458,9.7256,20.0,1540.9
70459,9.7256,20.0,1540.9
70460,9.7256,20.0,1540.9
70461,9.7256,20.0,1541.0
70462,9.7256,20.0,1541.0
70463,9.7256,20.0,1541.0
70464,9.7256,20.0,1541.0
70465,9.7256,20.0,1541.0
70466,9.7256,20.0,1541.1
70467,9.7256,20.0,1541.1
70468,9.7256,20.0,1541.1
70469,9.7256,20.0,1541.1
70470,9.7256,20.0,1541.2
70471,9.7256,20.0,1541.2
70472,9.7256,20.0,1541.2
70473,9.7256,20.0,1541.2
70474,9.7256,20.0,1541.2
70475,9.7256,20.0,1541.3
70476,9.7256,20.0,1541.3
70477,9.7256,20.0,1541.3
70478,9.7256,20.0,1541.3
70479,9.7256,20.0,1541.3
70480,9.7256,20.0,1541.4
70481,9.7256,20.0,1541.4
70482,9.7256,20.0,1541.4
70483,9.7256,20.0,1541.4
70484,9.7256,20.0,1541.4
70485,9.7256,20.0,1541.5
70486,9.7256,20.0,1541.5
70487,9.7256,20.0,1541.5
70488,9.7256,20.0,1541.5
70489,9.7256,20.0,1541.6
70490,9.7256,20.0,1541.6
70491,9.7256,20.0,1541.6
70492,9.7256,20.0,1541.6
70493,9.7256,20.0,1541.6
70494,9.7256,20.0,1541.7
70495,9.7256,20.0,1541.7
70496,9.7256,20.0,1541.7
70497,9.7256,20.0,1541.7
70498,9.7256,20.0,1541.8
70499,9.7256,20.0,1541.8
70500,9.7256,20.0,1541.8
70501,9.7257,20.0,1541.8
70502,9.7257,20.0,1541.8
70503,9.7257,20.0,1541.9
70504,9.7257,20.0,1541.9
70505,9.7257,20.0,1541.9
70506,9.7257,20.0,1541.9
70507,9.7257,20.0,1541.9
70508,9.7257,20.0,1541.9
70509,9.7257,20.0,1542.0
70510,9.7257,20.0,1542.0
70511,9.7257,20.0,1542.0
70512,9.7257,20.0,1542.0
70513,9.7257,20.0,1542.0
70514,9.7257,20.0,1542.1
70515,9.7257,20.0,1542.1
70516,9.7257,20.0,1542.1
70517,9.7257,20.0,1542.1
70518,9.7257,20.0,1542.1
70519,9.7257,20.0,1542.1
70520,9.7257,20.0,1542.2
70521,9.7257,20.0,1542.2
70522,9.7257,20.0,1542.2
70523,9.7257,20.0,1542.2
70524,9.7257,20.0,1542.3
70525,9.7257,20.0,1542.3
70526,9.7257,20.0,1542.3
70527,9.7257,20.0,1542.3
70528,9.7257,20.0,1542.3
70529,9.7257,20.0,1542.4
70530,9.7257,20.0,1542.4
70531,9.7257,20.0,1542.4
70532,9.7257,20.0,1542.4
70533,9.7257,20.0,1542.4
70534,9.7257,20.0,1542.4
70535,9.7257,20.0,1542.5
70536,9.7257,20.0,1542.5
70537,9.7257,20.0,1542.5
70538,9.7257,20.0,1542.5
70539,9.7257,20.0,1542.5
70540,9.7257,20.0,1542.6
70541,9.7257,20.0,1542.6
70542,9.7257,20.0,1542.6
70543,9.7257,20.0,1542.6
70544,9.7257,20.0,1542.6
70545,9.7257,20.0,1542.7
70546,9.7257,20.0,1542.7
70547,9.7257,20.0,1542.7
70548,9.7257,20.0,1542.7
70549,9.7257,20.0,1542.7
70550,9.7257,20.0,1542.8
70551,9.7257,20.0,1542.8
70552,9.7257,20.0,1542.8
70553,9.7257,20.0,1542.8
70554,9.7257,20.0,1542.9
70555,9.7257,20.0,1542.9
70556,9.7257,20.0,1542.9
70557,9.7257,20.0,1542.9
70558,9.7257,20.0,1542.9
70559,9.7257,20.0,1543.0
70560,9.7257,20.0,1543.0
70561,9.7257,20.0,1543.0
70562,9.7257,20.0,1543.0
70563,9.7257,20.0,1543.1
70564,9.7257,20.0,1543.1
70565,9.7257,20.0,1543.1
70566,9.7257,20.0,1543.1
70567,9.7257,20.0,1543.2
70568,9.7257,20.0,1543.2
70569,9.7257,20.0,1543.2
70570,9.7257,20.0,1543.2
70571,9.7257,20.0,1543.3
70572,9.7257,20.0,1543.3
70573,9.7257,20.0,1543.3
70574,9.7257,20.0,1543.3
70575,9.7257,20.0,1543.3
70576,9.7257,20.0,1543.4
70577,9.7257,20.0,1543.4
70578,9.7257,20.0,1543.4
70579,9.7257,20.0,1543.4
70580,9.7257,20.0,1543.4
70581,9.7257,20.0,1543.4
70582,9.7257,20.0,1543.5
70583,9.7257,20.0,1543.5
70584,9.7257,20.0,1543.5
70585,9.7257,20.0,1543.5
70586,9.7257,20.0,1543.6
70587,9.7257,20.0,1543.6
70588,9.7257,20.0,1543.6
70589,9.7257,20.0,1543.6
70590,9.7257,20.0,1543.6
70591,9.7257,20.0,1543.7
70592,9.7257,20.0,1543.7
70593,9.7257,20.0,1543.7
70594,9.7257,20.0,1543.7
70595,9.7257,20.0,1543.7
70596,9.7257,20.0,1543.7
70597,9.7257,20.0,1543.8
70598,9.7257,20.0,1543.8
70599,9.7257,20.0,1543.8
70600,9.7257,20.0,1543.8
70601,9.7257,20.0,1543.8
70602,9.7257,20.0,1543.9
70603,9.7257,20.0,1543.9
70604,9.7257,20.0,1543.9
70605,9.7257,20.0,1543.9
70606,9.7257,20.0,1543.9
70607,9.7257,20.0,1544.0
70608,9.7257,20.0,1544.0
70609,9.7257,20.0,1544.0
70610,9.7257,20.0,1544.0
70611,9.7257,20.0,1544.0
70612,9.7257,20.0,1544.0
70613,9.7257,20.0,1544.1
70614,9.7257,20.0,1544.1
70615,9.7257,20.0,1544.1
70616,9.7257,20.0,1544.1
70617,9.7257,20.0,1544.1
70618,9.7257,20.0,1544.2
70619,9.7257,20.0,1544.2
70620,9.7257,20.0,1544.2
70621,9.7257,20.0,1544.2
70622,9.7257,20.0,1544.2
70623,9.7257,20.0,1544.3
70624,9.7257,20.0,1544.3
70625,9.7257,20.0,1544.3
70626,9.7257,20.0,1544.3
70627,9.7257,20.0,1544.3
70628,9.7257,20.0,1544.3
70629,9.7257,20.0,1544.4
70630,9.7257,20.0,1544.4
70631,9.7257,20.0,1544.4
70632,9.7257,20.0,1544.4
70633,9.7257,20.0,1544.4
70634,9.7257,20.0,1544.5
70635,9.7257,20.0,1544.5
70636,9.7257,20.0,1544.5
70637,9.7257,20.0,1544.5
70638,9.7257,20.0,1544.5
70639,9.7257,20.0,1544.6
70640,9.7257,20.0,1544.6
70641,9.7257,20.0,1544.6
70642,9.7257,20.0,1544.6
70643,9.7257,20.0,1544.6
70644,9.7257,20.0,1544.7
70645,9.7257,20.0,1544.7
70646,9.7257,20.0,1544.7
70647,9.7257,20.0,1544.7
70648,9.7257,20.0,1544.7
70649,9.7257,20.0,1544.8
70650,9.7257,20.0,1544.8
70651,9.7257,20.0,1544.8
70652,9.7257,20.0,1544.8
70653,9.7257,20.0,1544.8
70654,9.7257,20.0,1544.9
70655,9.7257,20.0,1544.9
70656,9.7257,20.0,1544.9
70657,9.7257,20.0,1545.2
70658,9.7257,20.0,1545.2
70659,9.7257,20.0,1545.2
70660,9.7257,20.0,1545.2
70661,9.7458,20.0,1545.3
70662,9.7458,20.0,1545.3
70663,9.7458,20.0,1545.3
70664,9.7458,20.0,1545.3
70665,9.7458,20.0,1545.4
70666,9.7458,20.0,1545.4
70667,9.7458,20.0,1545.4
70668,9.7458,20.0,1545.4
70669,9.7458,20.0,1545.4
70670,9.7458,20.0,1545.5
70671,9.7458,20.0,1545.5
70672,9.7458,20.0,1545.5
70673,9.7458,20.0,1545.5
70674,9.7458,20.0,1545.5
70675,9.7458,20.0,1545.6
70676,9.7458,20.0,1545.6
70677,9.7458,20.0,1545.6
70678,9.7458,20.0,1545.6
70679,9.7458,20.0,1545.6
70680,9.7458,20.0,1545.7
70681,9.7856,20.0,1545.7
70682,9.7856,20.0,1545.7
70683,9.7856,20.0,1545.7
70684,9.7856,20.0,1545.7
70685,9.7856,20.0,1545.8
70686,9.7856,20.0,1545.8
70687,9.7856,20.0,1545.8
70688,9.7856,20.0,1545.8
70689,9.7856,20.0,1545.8
70690,9.7856,20.0,1545.9
70691,9.7856,20.0,1545.9
70692,9.7856,20.0,1545.9
70693,9.7856,20.0,1545.9
70694,9.7856,20.0,1545.9
70695,9.7856,20.0,1546.0
70696,9.7856,20.0,1546.0
70697,9.7856,20.0,1546.0
70698,9.7856,20.0,1546.0
70699,9.7856,20.0,1546.0
70700,9.7856,20.0,1546.1
70701,9.8253,20.0,1546.1
70702,9.8253,20.0,1546.1
70703,9.8253,20.0,1546.1
70704,9.8253,20.0,1546.1
70705,9.8253,20.0,1546.2
70706,9.8253,20.0,1546.2
70707,9.8253,20.0,1546.2
70708,9.8253,20.0,1546.2
70709,9.8253,20.0,1546.2
70710,9.8253,20.0,1546.3
70711,9.8253,20.0,1546.3
70712,9.8253,20.0,1546.3
70713,9.8253,20.0,1546.3
70714,9.8253,20.0,1546.3
70715,9.8253,20.0,1546.4
70716,9.8253,20.0,1546.4
70717,9.8253,20.0,1546.4
70718,9.8253,20.0,1546.4
70719,9.8253,20.0,1546.5
70720,9.8253,20.0,1546.5
70721,9.8651,20.0,1546.5
70722,9.8651,20.0,1546.5
70723,9.8651,20.0,1546.5
70724,9.8651,20.0,1546.6
70725,9.8651,20.0,1546.6
70726,9.8651,20.0,1546.6
70727,9.8651,20.0,1546.6
70728,9.8651,20.0,1546.6
70729,9.8651,20.0,1546.7
70730,9.8651,20.0,1546.7
70731,9.8651,20.0,1546.7
70732,9.8651,20.0,1546.7
70733,9.8651,20.0,1546.7
70734,9.8651,20.0,1546.7
70735,9.8651,20.0,1546.8
70736,9.8651,20.0,1546.8
70737,9.8651,20.0,1546.8
70738,9.8651,20.0,1546.8
70739,9.8651,20.0,1546.8
70740,9.8651,20.0,1546.9
70741,9.9049,20.0,1546.9
70742,9.9049,20.0,1546.9
70743,9.9049,20.0,1546.9
70744,9.9049,20.0,1546.9
70745,9.9049,20.0,1547.0
70746,9.9049,20.0,1547.0
70747,9.9049,20.0,1547.0
70748,9.9049,20.0,1547.0
70749,9.9049,20.0,1547.0
70750,9.9049,20.0,1547.1
70751,9.9049,20.0,1547.1
70752,9.9049,20.0,1547.1
70753,9.9049,20.0,1547.1
70754,9.9049,20.0,1547.1
70755,9.9049,20.0,1547.2
70756,9.9049,20.0,1547.2
70757,9.9049,20.0,1547.2
70758,9.9049,20.0,1547.2
70759,9.9049,20.0,1547.2
70760,9.9049,20.0,1547.3
70761,9.9447,20.0,1547.3
70762,9.9447,20.0,1547.3
70763,9.9447,20.0,1547.3
70764,9.9447,20.0,1547.4
70765,9.9447,20.0,1547.4
70766,9.9447,20.0,1547.4
70767,9.9447,20.0,1547.4
70768,9.9447,20.0,1547.5
70769,9.9447,20.0,1547.5
70770,9.9447,20.0,1547.5
70771,9.9447,20.0,1547.5
70772,9.9447,20.0,1547.5
70773,9.9447,20.0,1547.6
70774,9.9447,20.0,1547.6
70775,9.9447,20.0,1547.6
70776,9.9447,20.0,1547.6
70777,9.9447,20.0,1547.6
70778,9.9447,20.0,1547.7
70779,9.9447,20.0,1547.7
70780,9.9447,20.0,1547.7
70781,9.9844,20.0,1547.7
70782,9.9844,20.0,1547.8
70783,9.9844,20.0,1547.8
70784,9.9844,20.0,1547.8
70785,9.9844,20.0,1547.8
70786,9.9844,20.0,1547.8
70787,9.9844,20.0,1547.9
70788,9.9844,20.0,1547.9
70789,9.9844,20.0,1547.9
70790,9.9844,20.0,1547.9
70791,9.9844,20.0,1547.9
70792,9.9844,20.0,1548.0
70793,9.9844,20.0,1548.0
70794,9.9844,20.0,1548.0
70795,9.9844,20.0,1548.0
70796,9.9844,20.0,1548.0
70797,9.9844,20.0,1548.1
70798,9.9844,20.0,1548.1
70799,9.9844,20.0,1548.1
70800,9.9844,20.0,1548.1
70801,10.0242,20.0,1548.1
70802,10.0242,20.0,1548.2
70803,10.0242,20.0,1548.2
70804,10.0242,20.0,1548.2
70805,10.0242,20.0,1548.2
70806,10.0242,20.0,1548.2
70807,10.0242,20.0,1548.2
70808,10.0242,20.0,1548.3
70809,10.0242,20.0,1548.3
70810,10.0242,20.0,1548.3
70811,10.0242,20.0,1548.3
70812,10.0242,20.0,1548.3
70813,10.0242,20.0,1548.4
70814,10.0242,20.0,1548.4
70815,10.0242,20.0,1548.4
70816,10.0242,20.0,1548.4
70817,10.0242,20.0,1548.4
70818,10.0242,20.0,1548.5
70819,10.0242,20.0,1548.5
70820,10.0242,20.0,1548.5
70821,10.0640,20.0,1548.5
70822,10.0640,20.0,1548.6
70823,10.0640,20.0,1548.6
70824,10.0640,20.0,1548.6
70825,10.0640,20.0,1548.6
70826,10.0640,20.0,1548.6
70827,10.0640,20.0,1548.6
70828,10.0640,20.0,1548.6
70829,10.0640,20.0,1548.7
70830,10.0640,20.0,1548.7
70831,10.0640,20.0,1548.7
70832,10.0640,20.0,1548.7
70833,10.0640,20.0,1548.8
70834,10.0640,20.0,1548.8
70835,10.0640,20.0,1548.8
70836,10.0640,20.0,1548.8
70837,10.0640,20.0,1548.8
70838,10.0640,20.0,1548.9
70839,10.0640,20.0,1548.9
70840,10.0640,20.0,1548.9
70841,10.1038,20.0,1548.9
70842,10.1038,20.0,1548.9
70843,10.1038,20.0,1549.0
70844,10.1038,20.0,1549.0
70845,10.1038,20.0,1549.0
70846,10.1038,20.0,1549.0
70847,10.1038,20.0,1549.0
70848,10.1038,20.0,1549.1
70849,10.1038,20.0,1549.1
70850,10.1038,20.0,1549.1
70851,10.1038,20.0,1549.1
70852,10.1038,20.0,1549.1
70853,10.1038,20.0,1549.2
70854,10.1038,20.0,1549.2
70855,10.1038,20.0,1549.2
70856,10.1038,20.0,1549.2
70857,10.1038,20.0,1549.2
70858,10.1038,20.0,1549.3
70859,10.1038,20.0,1549.3
70860,10.1038,20.0,1549.3
70861,10.1436,20.0,1549.3
70862,10.1436,20.0,1549.3
70863,10.1436,20.0,1549.4
70864,10.1436,20.0,1549.4
70865,10.1436,20.0,1549.4
70866,10.1436,20.0,1549.4
70867,10.1436,20.0,1549.4
70868,10.1436,20.0,1549.5
70869,10.1436,20.0,1549.5
70870,10.1436,20.0,1549.5
70871,10.1436,20.0,1549.5
70872,10.1436,20.0,1549.5
70873,10.1436,20.0,1549.6
70874,10.1436,20.0,1549.6
70875,10.1436,20.0,1549.6
70876,10.1436,20.0,1549.6
70877,10.1436,20.0,1549.7
70878,10.1436,20.0,1549.7
70879,10.1436,20.0,1549.7
70880,10.1436,20.0,1549.7
70881,10.1833,20.0,1549.7
70882,10.1833,20.0,1549.7
70883,10.1833,20.0,1549.8
70884,10.1833,20.0,1549.8
70885,10.1833,20.0,1549.8
70886,10.1833,20.0,1549.8
70887,10.1833,20.0,1549.8
70888,10.1833,20.0,1549.9
70889,10.1833,20.0,1549.9
70890,10.1833,20.0,1549.9
70891,10.1833,20.0,1549.9
70892,10.1833,20.0,1549.9
70893,10.1833,20.0,1550.0
70894,10.1833,20.0,1550.0
70895,10.1833,20.0,1550.0
70896,10.1833,20.0,1550.0
70897,10.1833,20.0,1550.0
70898,10.1833,20.0,1550.1
70899,10.1833,20.0,1550.1
70900,10.1833,20.0,1550.1
70901,10.2231,20.0,1550.1
70902,10.2231,20.0,1550.1
70903,10.2231,20.0,1550.1
70904,10.2231,20.0,1550.2
70905,10.2231,20.0,1550.2
70906,10.2231,20.0,1550.2
70907,10.2231,20.0,1550.2
70908,10.2231,20.0,1550.3
70909,10.2231,20.0,1550.3
70910,10.2231,20.0,1550.3
70911,10.2231,20.0,1550.3
70912,10.2231,20.0,1550.3
70913,10.2231,20.0,1550.3
70914,10.2231,20.0,1550.4
70915,10.2231,20.0,1550.4
70916,10.2231,20.0,1550.4
70917,10.2231,20.0,1550.4
70918,10.2231,20.0,1550.5
70919,10.2231,20.0,1550.5
70920,10.2231,20.0,1550.5
70921,10.2629,20.0,1550.5
70922,10.2629,20.0,1550.5
70923,10.2629,20.0,1550.6
70924,10.2629,20.0,1550.6
70925,10.2629,20.0,1550.6
70926,10.2629,20.0,1550.6
70927,10.2629,20.0,1550.6
70928,10.2629,20.0,1550.6
70929,10.2629,20.0,1550.7
70930,10.2629,20.0,1550.7
70931,10.2629,20.0,1550.7
70932,10.2629,20.0,1550.7
70933,10.2629,20.0,1550.8
70934,10.2629,20.0,1550.8
70935,10.2629,20.0,1550.8
70936,10.2629,20.0,1550.8
70937,10.2629,20.0,1550.8
70938,10.2629,20.0,1550.9
70939,10.2629,20.0,1550.9
70940,10.2629,20.0,1550.9
70941,10.3027,20.0,1550.9
70942,10.3027,20.0,1550.9
70943,10.3027,20.0,1550.9
70944,10.3027,20.0,1551.0
70945,10.3027,20.0,1551.0
70946,10.3027,20.0,1551.0
70947,10.3027,20.0,1551.0
70948,10.3027,20.0,1551.1
70949,10.3027,20.0,1551.1
70950,10.3027,20.0,1551.1
70951,10.3027,20.0,1551.1
70952,10.3027,20.0,1551.1
70953,10.3027,20.0,1551.2
70954,10.3027,20.0,1551.2
70955,10.3027,20.0,1551.2
70956,10.3027,20.0,1551.2
70957,10.3027,20.0,1551.2
70958,10.3027,20.0,1551.2
70959,10.3027,20.0,1551.3
70960,10.3027,20.0,1551.3
70961,10.3425,20.0,1551.3
70962,10.3425,20.0,1551.3
70963,10.3425,20.0,1551.3
70964,10.3425,20.0,1551.4
70965,10.3425,20.0,1551.4
70966,10.3425,20.0,1551.4
70967,10.3425,20.0,1551.4
70968,10.3425,20.0,1551.4
70969,10.3425,20.0,1551.5
70970,10.3425,20.0,1551.5
70971,10.3425,20.0,1551.5
70972,10.3425,20.0,1551.5
70973,10.3425,20.0,1551.5
70974,10.3425,20.0,1551.6
70975,10.3425,20.0,1551.6
70976,10.3425,20.0,1551.6
70977,10.3425,20.0,1551.6
70978,10.3425,20.0,1551.6
70979,10.3425,20.0,1551.7
70980,10.3425,20.0,1551.7
70981,10.3822,20.0,1551.7
70982,10.3822,20.0,1551.7
70983,10.3822,20.0,1551.8
70984,10.3822,20.0,1551.8
70985,10.3822,20.0,1551.8
70986,10.3822,20.0,1551.8
70987,10.3822,20.0,1551.9
70988,10.3822,20.0,1551.9
70989,10.3822,20.0,1551.9
70990,10.3822,20.0,1551.9
70991,10.3822,20.0,1551.9
70992,10.3822,20.0,1552.0
70993,10.3822,20.0,1552.0
70994,10.3822,20.0,1552.0
70995,10.3822,20.0,1552.0
70996,10.3822,20.0,1552.0
70997,10.3822,20.0,1552.1
70998,10.3822,20.0,1552.1
70999,10.3822,20.0,1552.1
71000,10.3822,20.0,1552.1
71001,10.4220,20.0,1552.1
71002,10.4220,20.0,1552.2
71003,10.4220,20.0,1552.2
71004,10.4220,20.0,1552.2
71005,10.4220,20.0,1552.2
71006,10.4220,20.0,1552.2
71007,10.4220,20.0,1552.2
71008,10.4220,20.0,1552.3
71009,10.4220,20.0,1552.3
71010,10.4220,20.0,1552.3
71011,10.4220,20.0,1552.3
71012,10.4220,20.0,1552.4
71013,10.4220,20.0,1552.4
71014,10.4220,20.0,1552.4
71015,10.4220,20.0,1552.4
71016,10.4220,20.0,1552.4
71017,10.4220,20.0,1552.5
71018,10.4220,20.0,1552.5
71019,10.4220,20.0,1552.5
71020,10.4220,20.0,1552.5
71021,10.4618,20.0,1552.5
71022,10.4618,20.0,1552.6
71023,10.4618,20.0,1552.6
71024,10.4618,20.0,1552.6
71025,10.4618,20.0,1552.6
71026,10.4618,20.0,1552.6
71027,10.4618,20.0,1552.7
71028,10.4618,20.0,1552.7
71029,10.4618,20.0,1552.7
71030,10.4618,20.0,1552.7
71031,10.4618,20.0,1552.7
71032,10.4618,20.0,1552.8
71033,10.4618,20.0,1552.8
71034,10.4618,20.0,1552.8
71035,10.4618,20.0,1552.8
71036,10.4618,20.0,1552.8
71037,10.4618,20.0,1552.9
71038,10.4618,20.0,1552.9
71039,10.4618,20.0,1552.9
71040,10.4618,20.0,1552.9
71041,10.5016,20.0,1552.9
71042,10.5016,20.0,1553.0
71043,10.5016,20.0,1553.0
71044,10.5016,20.0,1553.0
71045,10.5016,20.0,1553.0
71046,10.5016,20.0,1553.0
71047,10.5016,20.0,1553.1
71048,10.5016,20.0,1553.1
71049,10.5016,20.0,1553.1
71050,10.5016,20.0,1553.1
71051,10.5016,20.0,1553.1
71052,10.5016,20.0,1553.2
71053,10.5016,20.0,1553.2
71054,10.5016,20.0,1553.2
71055,10.5016,20.0,1553.2
71056,10.5016,20.0,1553.2
71057,10.5016,20.0,1553.3
71058,10.5016,20.0,1553.3
71059,10.5016,20.0,1553.3
71060,10.5016,20.0,1553.3
71061,10.5413,20.0,1553.3
71062,10.5413,20.0,1553.4
71063,10.5413,20.0,1553.4
71064,10.5413,20.0,1553.4
71065,10.5413,20.0,1553.4
71066,10.5413,20.0,1553.5
71067,10.5413,20.0,1553.5
71068,10.5413,20.0,1553.5
71069,10.5413,20.0,1553.5
71070,10.5413,20.0,1553.5
71071,10.5413,20.0,1553.6
71072,10.5413,20.0,1553.6
71073,10.5413,20.0,1553.6
71074,10.5413,20.0,1553.6
71075,10.5413,20.0,1553.6
71076,10.5413,20.0,1553.7
71077,10.5413,20.0,1553.7
71078,10.5413,20.0,1553.7
71079,10.5413,20.0,1553.7
71080,10.5413,20.0,1553.7
71081,10.5811,20.0,1553.8
71082,10.5811,20.0,1553.8
71083,10.5811,20.0,1553.8
71084,10.5811,20.0,1553.8
71085,10.5811,20.0,1553.8
71086,10.5811,20.0,1553.8
71087,10.5811,20.0,1553.9
71088,10.5811,20.0,1553.9
71089,10.5811,20.0,1553.9
71090,10.5811,20.0,1553.9
71091,10.5811,20.0,1554.0
71092,10.5811,20.0,1554.0
71093,10.5811,20.0,1554.0
71094,10.5811,20.0,1554.0
71095,10.5811,20.0,1554.0
71096,10.5811,20.0,1554.1
71097,10.5811,20.0,1554.1
71098,10.5811,20.0,1554.1
71099,10.5811,20.0,1554.1
71100,10.5811,20.0,1554.1
71101,10.6209,20.0,1554.2
71102,10.6209,20.0,1554.2
71103,10.6209,20.0,1554.2
71104,10.6209,20.0,1554.2
71105,10.6209,20.0,1554.2
71106,10.6209,20.0,1554.3
71107,10.6209,20.0,1554.3
71108,10.6209,20.0,1554.3
71109,10.6209,20.0,1554.3
71110,10.6209,20.0,1554.3
71111,10.6209,20.0,1554.4
71112,10.6209,20.0,1554.4
71113,10.6209,20.0,1554.4
71114,10.6209,20.0,1554.4
71115,10.6209,20.0,1554.4
71116,10.6209,20.0,1554.5
71117,10.6209,20.0,1554.5
71118,10.6209,20.0,1554.5
71119,10.6209,20.0,1554.5
71120,10.6209,20.0,1554.5
71121,10.6607,20.0,1554.5
71122,10.6607,20.0,1554.6
71123,10.6607,20.0,1554.6
71124,10.6607,20.0,1554.6
71125,10.6607,20.0,1554.6
71126,10.6607,20.0,1554.6
71127,10.6607,20.0,1554.7
71128,10.6607,20.0,1554.7
71129,10.6607,20.0,1554.7
71130,10.6607,20.0,1554.7
71131,10.6607,20.0,1554.7
71132,10.6607,20.0,1554.8
71133,10.6607,20.0,1554.8
71134,10.6607,20.0,1554.8
71135,10.6607,20.0,1554.8
71136,10.6607,20.0,1554.8
71137,10.6607,20.0,1554.8
71138,10.6607,20.0,1554.9
71139,10.6607,20.0,1554.9
71140,10.6607,20.0,1554.9
71141,10.7204,20.0,1554.9
71142,10.7204,20.0,1554.9
71143,10.7204,20.0,1555.0
71144,10.7204,20.0,1555.0
71145,10.7204,20.0,1555.0
71146,10.7204,20.0,1555.0
71147,10.7204,20.0,1555.0
71148,10.7204,20.0,1555.1
71149,10.7204,20.0,1555.1
71150,10.7204,20.0,1555.1
71151,10.7204,20.0,1555.1
71152,10.7204,20.0,1555.1
71153,10.7204,20.0,1555.2
71154,10.7204,20.0,1555.2
71155,10.7204,20.0,1555.2
71156,10.7204,20.0,1555.2
71157,10.7204,20.0,1555.2
71158,10.7204,20.0,1555.3
71159,10.7204,20.0,1555.3
71160,10.7204,20.0,1555.3
71161,10.7800,20.0,1555.3
71162,10.7800,20.0,1555.3
71163,10.7800,20.0,1555.4
71164,10.7800,20.0,1555.4
71165,10.7800,20.0,1555.4
71166,10.7800,20.0,1555.4
71167,10.7800,20.0,1555.4
71168,10.7800,20.0,1555.5
71169,10.7800,20.0,1555.7
71170,10.7800,20.0,1555.7
71171,10.7800,20.0,1555.8
71172,10.7800,20.0,1555.8
71173,10.7800,20.0,1555.8
71174,10.7800,20.0,1555.8
71175,10.7800,20.0,1555.8
71176,10.7800,20.0,1555.9
71177,10.7800,20.0,1555.9
71178,10.7800,20.0,1555.9
71179,10.7800,20.0,1555.9
71180,10.7800,20.0,1555.9
71181,10.8397,20.0,1556.0
71182,10.8397,20.0,1556.0
71183,10.8397,20.0,1556.0
71184,10.8397,20.0,1556.0
71185,10.8397,20.0,1556.0
71186,10.8397,20.0,1556.0
71187,10.8397,20.0,1556.1
71188,10.8397,20.0,1556.1
71189,10.8397,20.0,1556.1
71190,10.8397,20.0,1556.1
71191,10.8397,20.0,1556.1
71192,10.8397,20.0,1556.2
71193,10.8397,20.0,1556.2
71194,10.8397,20.0,1556.2
71195,10.8397,20.0,1556.2
71196,10.8397,20.0,1556.3
71197,10.8397,20.0,1556.3
71198,10.8397,20.0,1556.3
71199,10.8397,20.0,1556.3
71200,10.8397,20.0,1556.4
71201,10.8994,20.0,1556.4
71202,10.8994,20.0,1556.4
71203,10.8994,20.0,1556.4
71204,10.8994,20.0,1556.4
71205,10.8994,20.0,1556.5
71206,10.8994,20.0,1556.5
71207,10.8994,20.0,1556.5
71208,10.8994,20.0,1556.5
71209,10.8994,20.0,1556.5
71210,10.8994,20.0,1556.6
71211,10.8994,20.0,1556.6
71212,10.8994,20.0,1556.6
71213,10.8994,20.0,1556.6
71214,10.8994,20.0,1556.6
71215,10.8994,20.0,1556.7
71216,10.8994,20.0,1556.7
71217,10.8994,20.0,1556.7
71218,10.8994,20.0,1556.7
71219,10.8994,20.0,1556.7
71220,10.8994,20.0,1556.7
71221,10.9591,20.0,1556.8
71222,10.9591,20.0,1556.8
71223,10.9591,20.0,1556.8
71224,10.9591,20.0,1556.8
71225,10.9591,20.0,1556.8
71226,10.9591,20.0,1556.9
71227,10.9591,20.0,1556.9
71228,10.9591,20.0,1556.9
71229,10.9591,20.0,1556.9
71230,10.9591,20.0,1556.9
71231,10.9591,20.0,1557.0
71232,10.9591,20.0,1557.0
71233,10.9591,20.0,1557.0
71234,10.9591,20.0,1557.0
71235,10.9591,20.0,1557.0
71236,10.9591,20.0,1557.1
71237,10.9591,20.0,1557.1
71238,10.9591,20.0,1557.1
71239,10.9591,20.0,1557.1
71240,10.9591,20.0,1557.1
71241,11.0188,20.0,1557.2
71242,11.0188,20.0,1557.2
71243,11.0188,20.0,1557.2
71244,11.0188,20.0,1557.2
71245,11.0188,20.0,1557.2
71246,11.0188,20.0,1557.2
71247,11.0188,20.0,1557.3
71248,11.0188,20.0,1557.3
71249,11.0188,20.0,1557.3
71250,11.0188,20.0,1557.3
71251,11.0188,20.0,1557.3
71252,11.0188,20.0,1557.4
71253,11.0188,20.0,1557.4
71254,11.0188,20.0,1557.4
71255,11.0188,20.0,1557.4
71256,11.0188,20.0,1557.5
71257,11.0188,20.0,1557.5
71258,11.0188,20.0,1557.5
71259,11.0188,20.0,1557.5
71260,11.0188,20.0,1557.5
71261,11.0785,20.0,1557.6
71262,11.0785,20.0,1557.6
71263,11.0785,20.0,1557.6
71264,11.0785,20.0,1557.6
71265,11.0785,20.0,1557.6
71266,11.0785,20.0,1557.6
71267,11.0785,20.0,1557.7
71268,11.0785,20.0,1557.7
71269,11.0785,20.0,1557.7
71270,11.0785,20.0,1557.7
71271,11.0785,20.0,1557.7
71272,11.0785,20.0,1557.8
71273,11.0785,20.0,1557.8
71274,11.0785,20.0,1557.8
71275,11.0785,20.0,1557.8
71276,11.0785,20.0,1557.8
71277,11.0785,20.0,1557.9
71278,11.0785,20.0,1557.9
71279,11.0785,20.0,1557.9
71280,11.0785,20.0,1557.9
71281,11.1381,20.0,1557.9
71282,11.1381,20.0,1557.9
71283,11.1381,20.0,1558.0
71284,11.1381,20.0,1558.0
71285,11.1381,20.0,1558.0
71286,11.1381,20.0,1558.0
71287,11.1381,20.0,1558.0
71288,11.1381,20.0,1558.1
71289,11.1381,20.0,1558.1
71290,11.1381,20.0,1558.1
71291,11.1381,20.0,1558.1
71292,11.1381,20.0,1558.1
71293,11.1381,20.0,1558.1
71294,11.1381,20.0,1558.2
71295,11.1381,20.0,1558.2
71296,11.1381,20.0,1558.2
71297,11.1381,20.0,1558.2
71298,11.1381,20.0,1558.3
71299,11.1381,20.0,1558.3
71300,11.1381,20.0,1558.3
71301,11.1978,20.0,1558.3
71302,11.1978,20.0,1558.3
71303,11.1978,20.0,1558.3
71304,11.1978,20.0,1558.4
71305,11.1978,20.0,1558.4
71306,11.1978,20.0,1558.4
71307,11.1978,20.0,1558.4
71308,11.1978,20.0,1558.5
71309,11.1978,20.0,1558.5
71310,11.1978,20.0,1558.5
71311,11.1978,20.0,1558.5
71312,11.1978,20.0,1558.5
71313,11.1978,20.0,1558.6
71314,11.1978,20.0,1558.6
71315,11.1978,20.0,1558.6
71316,11.1978,20.0,1558.6
71317,11.1978,20.0,1558.6
71318,11.1978,20.0,1558.7
71319,11.1978,20.0,1558.7
71320,11.1978,20.0,1558.7
71321,11.2575,20.0,1558.7
71322,11.2575,20.0,1558.7
71323,11.2575,20.0,1558.8
71324,11.2575,20.0,1558.8
71325,11.2575,20.0,1558.8
71326,11.2575,20.0,1558.8
71327,11.2575,20.0,1558.8
71328,11.2575,20.0,1558.9
71329,11.2575,20.0,1558.9
71330,11.2575,20.0,1558.9
71331,11.2575,20.0,1558.9
71332,11.2575,20.0,1558.9
71333,11.2575,20.0,1559.0
71334,11.2575,20.0,1559.0
71335,11.2575,20.0,1559.0
71336,11.2575,20.0,1559.0
71337,11.2575,20.0,1559.0
71338,11.2575,20.0,1559.0
71339,11.2575,20.0,1559.1
71340,11.2575,20.0,1559.1
71341,11.3172,20.0,1559.1
71342,11.3172,20.0,1559.1
71343,11.3172,20.0,1559.1
71344,11.3172,20.0,1559.1
71345,11.3172,20.0,1559.2
71346,11.3172,20.0,1559.2
71347,11.3172,20.0,1559.2
71348,11.3172,20.0,1559.2
71349,11.3172,20.0,1559.3
71350,11.3172,20.0,1559.3
71351,11.3172,20.0,1559.3
71352,11.3172,20.0,1559.3
71353,11.3172,20.0,1559.3
71354,11.3172,20.0,1559.4
71355,11.3172,20.0,1559.4
71356,11.3172,20.0,1559.4
71357,11.3172,20.0,1559.4
71358,11.3172,20.0,1559.4
71359,11.3172,20.0,1559.5
71360,11.3172,20.0,1559.5
71361,11.3769,20.0,1559.5
71362,11.3769,20.0,1559.5
71363,11.3769,20.0,1559.5
71364,11.3769,20.0,1559.5
71365,11.3769,20.0,1559.6
71366,11.3769,20.0,1559.6
71367,11.3769,20.0,1559.6
71368,11.3769,20.0,1559.6
71369,11.3769,20.0,1559.6
71370,11.3769,20.0,1559.7
71371,11.3769,20.0,1559.7
71372,11.3769,20.0,1559.7
71373,11.3769,20.0,1559.7
71374,11.3769,20.0,1559.7
71375,11.3769,20.0,1559.8
71376,11.3769,20.0,1559.8
71377,11.3769,20.0,1559.8
71378,11.3769,20.0,1559.8
71379,11.3769,20.0,1559.8
71380,11.3769,20.0,1559.9
71381,11.4365,20.0,1559.9
71382,11.4365,20.0,1559.9
71383,11.4365,20.0,1559.9
71384,11.4365,20.0,1559.9
71385,11.4365,20.0,1559.9
71386,11.4365,20.0,1560.0
71387,11.4365,20.0,1560.0
71388,11.4365,20.0,1560.0
71389,11.4365,20.0,1560.0
71390,11.4365,20.0,1560.0
71391,11.4365,20.0,1560.1
71392,11.4365,20.0,1560.1
71393,11.4365,20.0,1560.1
71394,11.4365,20.0,1560.1
71395,11.4365,20.0,1560.1
71396,11.4365,20.0,1560.1
71397,11.4365,20.0,1560.2
71398,11.4365,20.0,1560.2
71399,11.4365,20.0,1560.2
71400,11.4365,20.0,1560.2
71401,11.4962,20.0,1560.2
71402,11.4962,20.0,1560.3
71403,11.4962,20.0,1560.3
71404,11.4962,20.0,1560.3
71405,11.4962,20.0,1560.3
71406,11.4962,20.0,1560.3
71407,11.4962,20.0,1560.4
71408,11.4962,20.0,1560.4
71409,11.4962,20.0,1560.4
71410,11.4962,20.0,1560.4
71411,11.4962,20.0,1560.5
71412,11.4962,20.0,1560.5
71413,11.4962,20.0,1560.5
71414,11.4962,20.0,1560.5
71415,11.4962,20.0,1560.5
71416,11.4962,20.0,1560.6
71417,11.4962,20.0,1560.6
71418,11.4962,20.0,1560.6
71419,11.4962,20.0,1560.6
71420,11.4962,20.0,1560.6
71421,11.5559,20.0,1560.7
71422,11.5559,20.0,1560.7
71423,11.5559,20.0,1560.7
71424,11.5559,20.0,1560.7
71425,11.5559,20.0,1560.7
71426,11.5559,20.0,1560.8
71427,11.5559,20.0,1560.8
71428,11.5559,20.0,1560.8
71429,11.5559,20.0,1560.8
71430,11.5559,20.0,1560.8
71431,11.5559,20.0,1560.9
71432,11.5559,20.0,1560.9
71433,11.5559,20.0,1560.9
71434,11.5559,20.0,1560.9
71435,11.5559,20.0,1560.9
71436,11.5559,20.0,1560.9
71437,11.5559,20.0,1561.0
71438,11.5559,20.0,1561.0
71439,11.5559,20.0,1561.0
71440,11.5559,20.0,1561.0
71441,11.6156,20.0,1561.0
71442,11.6156,20.0,1561.1
71443,11.6156,20.0,1561.1
71444,11.6156,20.0,1561.1
71445,11.6156,20.0,1561.1
71446,11.6156,20.0,1561.1
71447,11.6156,20.0,1561.2
71448,11.6156,20.0,1561.2
71449,11.6156,20.0,1561.2
71450,11.6156,20.0,1561.2
71451,11.6156,20.0,1561.2
71452,11.6156,20.0,1561.2
71453,11.6156,20.0,1561.3
71454,11.6156,20.0,1561.3
71455,11.6156,20.0,1561.3
71456,11.6156,20.0,1561.3
71457,11.6156,20.0,1561.3
71458,11.6156,20.0,1561.4
71459,11.6156,20.0,1561.4
71460,11.6156,20.0,1561.4
71461,11.6753,20.0,1561.4
71462,11.6753,20.0,1561.5
71463,11.6753,20.0,1561.5
71464,11.6753,20.0,1561.5
71465,11.6753,20.0,1561.5
71466,11.6753,20.0,1561.5
71467,11.6753,20.0,1561.5
71468,11.6753,20.0,1561.6
71469,11.6753,20.0,1561.6
71470,11.6753,20.0,1561.6
71471,11.6753,20.0,1561.6
71472,11.6753,20.0,1561.6
71473,11.6753,20.0,1561.7
71474,11.6753,20.0,1561.7
71475,11.6753,20.0,1561.7
71476,11.6753,20.0,1561.7
71477,11.6753,20.0,1561.7
71478,11.6753,20.0,1561.8
71479,11.6753,20.0,1561.8
71480,11.6753,20.0,1561.8
71481,11.7349,20.0,1561.8
71482,11.7349,20.0,1561.9
71483,11.7349,20.0,1561.9
71484,11.7349,20.0,1561.9
71485,11.7349,20.0,1561.9
71486,11.7349,20.0,1561.9
71487,11.7349,20.0,1562.0
71488,11.7349,20.0,1562.0
71489,11.7349,20.0,1562.0
71490,11.7349,20.0,1562.0
71491,11.7349,20.0,1562.0
71492,11.7349,20.0,1562.1
71493,11.7349,20.0,1562.1
71494,11.7349,20.0,1562.1
71495,11.7349,20.0,1562.1
71496,11.7349,20.0,1562.1
71497,11.7349,20.0,1562.2
71498,11.7349,20.0,1562.2
71499,11.7349,20.0,1562.2
71500,11.7349,20.0,1562.2
71501,11.7946,20.0,1562.2
71502,11.7946,20.0,1562.2
71503,11.7946,20.0,1562.3
71504,11.7946,20.0,1562.3
71505,11.7946,20.0,1562.3
71506,11.7946,20.0,1562.3
71507,11.7946,20.0,1562.3
71508,11.7946,20.0,1562.3
71509,11.7946,20.0,1562.4
71510,11.7946,20.0,1562.4
71511,11.7946,20.0,1562.4
71512,11.7946,20.0,1562.4
71513,11.7946,20.0,1562.5
71514,11.7946,20.0,1562.5
71515,11.7946,20.0,1562.5
71516,11.7946,20.0,1562.5
71517,11.7946,20.0,1562.5
71518,11.7946,20.0,1562.6
71519,11.7946,20.0,1562.6
71520,11.7946,20.0,1562.6
71521,11.8543,20.0,1562.6
71522,11.8543,20.0,1562.6
71523,11.8543,20.0,1562.7
71524,11.8543,20.0,1562.7
71525,11.8543,20.0,1562.7
71526,11.8543,20.0,1562.7
71527,11.8543,20.0,1562.7
71528,11.8543,20.0,1562.8
71529,11.8543,20.0,1562.8
71530,11.8543,20.0,1562.8
71531,11.8543,20.0,1562.8
71532,11.8543,20.0,1562.8
71533,11.8543,20.0,1562.9
71534,11.8543,20.0,1562.9
71535,11.8543,20.0,1562.9
71536,11.8543,20.0,1562.9
71537,11.8543,20.0,1563.0
71538,11.8543,20.0,1563.0
71539,11.8543,20.0,1563.0
71540,11.8543,20.0,1563.0
71541,11.9140,20.0,1563.0
71542,11.9140,20.0,1563.1
71543,11.9140,20.0,1563.1
71544,11.9140,20.0,1563.1
71545,11.9140,20.0,1563.1
71546,11.9140,20.0,1563.1
71547,11.9140,20.0,1563.2
71548,11.9140,20.0,1563.2
71549,11.9140,20.0,1563.2
71550,11.9140,20.0,1563.2
71551,11.9140,20.0,1563.2
71552,11.9140,20.0,1563.2
71553,11.9140,20.0,1563.2
71554,11.9140,20.0,1563.3
71555,11.9140,20.0,1563.3
71556,11.9140,20.0,1563.3
71557,11.9140,20.0,1563.3
71558,11.9140,20.0,1563.4
71559,11.9140,20.0,1563.4
71560,11.9140,20.0,1563.4
71561,11.9737,20.0,1563.4
71562,11.9737,20.0,1563.4
71563,11.9737,20.0,1563.5
71564,11.9737,20.0,1563.5
71565,11.9737,20.0,1563.5
71566,11.9737,20.0,1563.5
71567,11.9737,20.0,1563.5
71568,11.9737,20.0,1563.6
71569,11.9737,20.0,1563.6
71570,11.9737,20.0,1563.6
71571,11.9737,20.0,1563.6
71572,11.9737,20.0,1563.6
71573,11.9737,20.0,1563.7
71574,11.9737,20.0,1563.7
71575,11.9737,20.0,1563.7
71576,11.9737,20.0,1563.7
71577,11.9737,20.0,1563.8
71578,11.9737,20.0,1563.8
71579,11.9737,20.0,1563.8
71580,11.9737,20.0,1563.8
71581,12.0333,20.0,1563.8
71582,12.0333,20.0,1563.9
71583,12.0333,20.0,1563.9
71584,12.0333,20.0,1563.9
71585,12.0333,20.0,1563.9
71586,12.0333,20.0,1563.9
71587,12.0333,20.0,1564.0
71588,12.0333,20.0,1564.0
71589,12.0333,20.0,1564.0
71590,12.0333,20.0,1564.0
71591,12.0333,20.0,1564.0
71592,12.0333,20.0,1564.1
71593,12.0333,20.0,1564.1
71594,12.0333,20.0,1564.1
71595,12.0333,20.0,1564.1
71596,12.0333,20.0,1564.1
71597,12.0333,20.0,1564.1
71598,12.0333,20.0,1564.2
71599,12.0333,20.0,1564.2
71600,12.0333,20.0,1564.2
71601,12.0930,20.0,1564.2
71602,12.0930,20.0,1564.3
71603,12.0930,20.0,1564.3
71604,12.0930,20.0,1564.3
71605,12.0930,20.0,1564.3
71606,12.0930,20.0,1564.3
71607,12.0930,20.0,1564.3
71608,12.0930,20.0,1564.4
71609,12.0930,20.0,1564.4
71610,12.0930,20.0,1564.4
71611,12.0930,20.0,1564.4
71612,12.0930,20.0,1564.5
71613,12.0930,20.0,1564.5
71614,12.0930,20.0,1564.5
71615,12.0930,20.0,1564.5
71616,12.0930,20.0,1564.5
71617,12.0930,20.0,1564.6
71618,12.0930,20.0,1564.6
71619,12.0930,20.0,1564.6
71620,12.0930,20.0,1564.6
71621,12.1527,20.0,1564.7
71622,12.1527,20.0,1564.7
71623,12.1527,20.0,1564.7
71624,12.1527,20.0,1564.7
71625,12.1527,20.0,1564.8
71626,12.1527,20.0,1564.8
71627,12.1527,20.0,1564.8
71628,12.1527,20.0,1564.8
71629,12.1527,20.0,1564.9
71630,12.1527,20.0,1564.9
71631,12.1527,20.0,1564.9
71632,12.1527,20.0,1564.9
71633,12.1527,20.0,1564.9
71634,12.1527,20.0,1565.0
71635,12.1527,20.0,1565.0
71636,12.1527,20.0,1565.0
71637,12.1527,20.0,1565.0
71638,12.1527,20.0,1565.0
71639,12.1527,20.0,1565.1
71640,12.1527,20.0,1565.1
71641,12.1925,20.0,1565.1
71642,12.1925,20.0,1565.1
71643,12.1925,20.0,1565.1
71644,12.1925,20.0,1565.2
71645,12.1925,20.0,1565.2
71646,12.1925,20.0,1565.2
71647,12.1925,20.0,1565.2
71648,12.1925,20.0,1565.2
71649,12.1925,20.0,1565.3
71650,12.1925,20.0,1565.3
71651,12.1925,20.0,1565.3
71652,12.1925,20.0,1565.3
71653,12.1925,20.0,1565.3
71654,12.1925,20.0,1565.4
71655,12.1925,20.0,1565.4
71656,12.1925,20.0,1565.4
71657,12.1925,20.0,1565.4
71658,12.1925,20.0,1565.4
71659,12.1925,20.0,1565.5
71660,12.1925,20.0,1565.5
71661,12.2322,20.0,1565.5
71662,12.2322,20.0,1565.5
71663,12.2322,20.0,1565.5
71664,12.2322,20.0,1565.6
71665,12.2322,20.0,1565.6
71666,12.2322,20.0,1565.6
71667,12.2322,20.0,1565.6
71668,12.2322,20.0,1565.6
71669,12.2322,20.0,1565.6
71670,12.2322,20.0,1565.7
71671,12.2322,20.0,1565.7
71672,12.2322,20.0,1565.7
71673,12.2322,20.0,1565.7
71674,12.2322,20.0,1565.7
71675,12.2322,20.0,1565.8
71676,12.2322,20.0,1565.8
71677,12.2322,20.0,1565.8
71678,12.2322,20.0,1565.8
71679,12.2322,20.0,1565.8
71680,12.2322,20.0,1565.9
71681,12.2720,20.0,1566.1
71682,12.2720,20.0,1566.1
71683,12.2720,20.0,1566.2
71684,12.2720,20.0,1566.2
71685,12.2720,20.0,1566.2
71686,12.2720,20.0,1566.2
71687,12.2720,20.0,1566.3
71688,12.2720,20.0,1566.3
71689,12.2720,20.0,1566.3
71690,12.2720,20.0,1566.3
71691,12.2720,20.0,1566.3
71692,12.2720,20.0,1566.3
71693,12.2720,20.0,1566.4
71694,12.2720,20.0,1566.4
71695,12.2720,20.0,1566.4
71696,12.2720,20.0,1566.4
71697,12.2720,20.0,1566.4
71698,12.2720,20.0,1566.5
71699,12.2720,20.0,1566.5
71700,12.2720,20.0,1566.5
71701,12.2331,20.0,1566.5
71702,12.2331,20.0,1566.6
71703,12.2331,20.0,1566.6
71704,12.2331,20.0,1566.6
71705,12.2331,20.0,1566.6
71706,12.2331,20.0,1566.6
71707,12.2331,20.0,1566.7
71708,12.2331,20.0,1566.7
71709,12.2331,20.0,1566.7
71710,12.2331,20.0,1566.7
71711,12.2331,20.0,1566.7
71712,12.2331,20.0,1566.8
71713,12.2331,20.0,1566.8
71714,12.2331,20.0,1566.8
71715,12.2331,20.0,1566.8
71716,12.2331,20.0,1566.8
71717,12.2331,20.0,1566.9
71718,12.2331,20.0,1566.9
71719,12.2331,20.0,1566.9
71720,12.2331,20.0,1566.9
71721,12.1942,20.0,1566.9
71722,12.1942,20.0,1567.0
71723,12.1942,20.0,1567.0
71724,12.1942,20.0,1567.0
71725,12.1942,20.0,1567.0
71726,12.1942,20.0,1567.0
71727,12.1942,20.0,1567.1
71728,12.1942,20.0,1567.1
71729,12.1942,20.0,1567.1
71730,12.1942,20.0,1567.1
71731,12.1942,20.0,1567.1
71732,12.1942,20.0,1567.2
71733,12.1942,20.0,1567.2
71734,12.1942,20.0,1567.2
71735,12.1942,20.0,1567.2
71736,12.1942,20.0,1567.2
71737,12.1942,20.0,1567.3
71738,12.1942,20.0,1567.3
71739,12.1942,20.0,1567.3
71740,12.1942,20.0,1567.3
71741,12.1553,20.0,1567.4
71742,12.1553,20.0,1567.4
71743,12.1553,20.0,1567.4
71744,12.1553,20.0,1567.4
71745,12.1553,20.0,1567.4
71746,12.1553,20.0,1567.5
71747,12.1553,20.0,1567.5
71748,12.1553,20.0,1567.5
71749,12.1553,20.0,1567.5
71750,12.1553,20.0,1567.5
71751,12.1553,20.0,1567.6
71752,12.1553,20.0,1567.6
71753,12.1553,20.0,1567.6
71754,12.1553,20.0,1567.6
71755,12.1553,20.0,1567.6
71756,12.1553,20.0,1567.7
71757,12.1553,20.0,1567.7
71758,12.1553,20.0,1567.7
71759,12.1553,20.0,1567.7
71760,12.1553,20.0,1567.7
71761,12.1164,20.0,1567.8
71762,12.1164,20.0,1567.8
71763,12.1164,20.0,1567.8
71764,12.1164,20.0,1567.8
71765,12.1164,20.0,1567.9
71766,12.1164,20.0,1567.9
71767,12.1164,20.0,1567.9
71768,12.1164,20.0,1567.9
71769,12.1164,20.0,1567.9
71770,12.1164,20.0,1567.9
71771,12.1164,20.0,1568.0
71772,12.1164,20.0,1568.0
71773,12.1164,20.0,1568.0
71774,12.1164,20.0,1568.0
71775,12.1164,20.0,1568.1
71776,12.1164,20.0,1568.1
71777,12.1164,20.0,1568.1
71778,12.1164,20.0,1568.1
71779,12.1164,20.0,1568.1
71780,12.1164,20.0,1568.2
71781,12.0774,20.0,1568.2
71782,12.0774,20.0,1568.2
71783,12.0774,20.0,1568.2
71784,12.0774,20.0,1568.2
71785,12.0774,20.0,1568.3
71786,12.0774,20.0,1568.3
71787,12.0774,20.0,1568.3
71788,12.0774,20.0,1568.3
71789,12.0774,20.0,1568.3
71790,12.0774,20.0,1568.3
71791,12.0774,20.0,1568.4
71792,12.0774,20.0,1568.4
71793,12.0774,20.0,1568.4
71794,12.0774,20.0,1568.4
71795,12.0774,20.0,1568.4
71796,12.0774,20.0,1568.5
71797,12.0774,20.0,1568.5
71798,12.0774,20.0,1568.5
71799,12.0774,20.0,1568.5
71800,12.0774,20.0,1568.6
71801,12.0385,20.0,1568.6
71802,12.0385,20.0,1568.6
71803,12.0385,20.0,1568.6
71804,12.0385,20.0,1568.6
71805,12.0385,20.0,1568.7
71806,12.0385,20.0,1568.7
71807,12.0385,20.0,1568.7
71808,12.0385,20.0,1568.7
71809,12.0385,20.0,1568.7
71810,12.0385,20.0,1568.8
71811,12.0385,20.0,1568.8
71812,12.0385,20.0,1568.8
71813,12.0385,20.0,1568.8
71814,12.0385,20.0,1568.8
71815,12.0385,20.0,1568.9
71816,12.0385,20.0,1568.9
71817,12.0385,20.0,1568.9
71818,12.0385,20.0,1568.9
71819,12.0385,20.0,1568.9
71820,12.0385,20.0,1569.0
71821,11.9996,20.0,1569.0
71822,11.9996,20.0,1569.0
71823,11.9996,20.0,1569.0
71824,11.9996,20.0,1569.0
71825,11.9996,20.0,1569.1
71826,11.9996,20.0,1569.1
71827,11.9996,20.0,1569.1
71828,11.9996,20.0,1569.1
71829,11.9996,20.0,1569.1
71830,11.9996,20.0,1569.2
71831,11.9996,20.0,1569.2
71832,11.9996,20.0,1569.2
71833,11.9996,20.0,1569.2
71834,11.9996,20.0,1569.2
71835,11.9996,20.0,1569.3
71836,11.9996,20.0,1569.3
71837,11.9996,20.0,1569.3
71838,11.9996,20.0,1569.3
71839,11.9996,20.0,1569.3
71840,11.9996,20.0,1569.4
71841,11.9607,20.0,1569.4
71842,11.9607,20.0,1569.4
71843,11.9607,20.0,1569.4
71844,11.9607,20.0,1569.4
71845,11.9607,20.0,1569.4
71846,11.9607,20.0,1569.5
71847,11.9607,20.0,1569.5
71848,11.9607,20.0,1569.5
71849,11.9607,20.0,1569.5
71850,11.9607,20.0,1569.5
71851,11.9607,20.0,1569.6
71852,11.9607,20.0,1569.6
71853,11.9607,20.0,1569.6
71854,11.9607,20.0,1569.6
71855,11.9607,20.0,1569.6
71856,11.9607,20.0,1569.7
71857,11.9607,20.0,1569.7
71858,11.9607,20.0,1569.7
71859,11.9607,20.0,1569.7
71860,11.9607,20.0,1569.7
71861,11.9218,20.0,1569.8
71862,11.9218,20.0,1569.8
71863,11.9218,20.0,1569.8
71864,11.9218,20.0,1569.8
71865,11.9218,20.0,1569.8
71866,11.9218,20.0,1569.9
71867,11.9218,20.0,1569.9
71868,11.9218,20.0,1569.9
71869,11.9218,20.0,1569.9
71870,11.9218,20.0,1569.9
71871,11.9218,20.0,1569.9
71872,11.9218,20.0,1569.9
71873,11.9218,20.0,1570.0
71874,11.9218,20.0,1570.0
71875,11.9218,20.0,1570.0
71876,11.9218,20.0,1570.0
71877,11.9218,20.0,1570.1
71878,11.9218,20.0,1570.1
71879,11.9218,20.0,1570.1
71880,11.9218,20.0,1570.1
71881,11.8829,20.0,1570.1
71882,11.8829,20.0,1570.2
71883,11.8829,20.0,1570.2
71884,11.8829,20.0,1570.2
71885,11.8829,20.0,1570.2
71886,11.8829,20.0,1570.2
71887,11.8829,20.0,1570.3
71888,11.8829,20.0,1570.3
71889,11.8829,20.0,1570.3
71890,11.8829,20.0,1570.3
71891,11.8829,20.0,1570.3
71892,11.8829,20.0,1570.4
71893,11.8829,20.0,1570.4
71894,11.8829,20.0,1570.4
71895,11.8829,20.0,1570.4
71896,11.8829,20.0,1570.4
71897,11.8829,20.0,1570.5
71898,11.8829,20.0,1570.5
71899,11.8829,20.0,1570.5
71900,11.8829,20.0,1570.5
71901,11.8439,20.0,1570.5
71902,11.8439,20.0,1570.6
71903,11.8439,20.0,1570.6
71904,11.8439,20.0,1570.6
71905,11.8439,20.0,1570.6
71906,11.8439,20.0,1570.7
71907,11.8439,20.0,1570.7
71908,11.8439,20.0,1570.7
71909,11.8439,20.0,1570.7
71910,11.8439,20.0,1570.7
71911,11.8439,20.0,1570.7
71912,11.8439,20.0,1570.8
71913,11.8439,20.0,1570.8
71914,11.8439,20.0,1570.8
71915,11.8439,20.0,1570.8
71916,11.8439,20.0,1570.9
71917,11.8439,20.0,1570.9
71918,11.8439,20.0,1570.9
71919,11.8439,20.0,1570.9
71920,11.8439,20.0,1570.9
71921,11.8050,20.0,1570.9
71922,11.8050,20.0,1571.0
71923,11.8050,20.0,1571.0
71924,11.8050,20.0,1571.0
71925,11.8050,20.0,1571.0
71926,11.8050,20.0,1571.0
71927,11.8050,20.0,1571.0
71928,11.8050,20.0,1571.1
71929,11.8050,20.0,1571.1
71930,11.8050,20.0,1571.1
71931,11.8050,20.0,1571.1
71932,11.8050,20.0,1571.2
71933,11.8050,20.0,1571.2
71934,11.8050,20.0,1571.2
71935,11.8050,20.0,1571.2
71936,11.8050,20.0,1571.2
71937,11.8050,20.0,1571.2
71938,11.8050,20.0,1571.3
71939,11.8050,20.0,1571.3
71940,11.8050,20.0,1571.3
71941,11.7661,20.0,1571.3
71942,11.7661,20.0,1571.4
71943,11.7661,20.0,1571.4
71944,11.7661,20.0,1571.4
71945,11.7661,20.0,1571.4
71946,11.7661,20.0,1571.4
71947,11.7661,20.0,1571.5
71948,11.7661,20.0,1571.5
71949,11.7661,20.0,1571.5
71950,11.7661,20.0,1571.5
71951,11.7661,20.0,1571.5
71952,11.7661,20.0,1571.5
71953,11.7661,20.0,1571.6
71954,11.7661,20.0,1571.6
71955,11.7661,20.0,1571.6
71956,11.7661,20.0,1571.6
71957,11.7661,20.0,1571.6
71958,11.7661,20.0,1571.7
71959,11.7661,20.0,1571.7
71960,11.7661,20.0,1571.7
71961,11.7272,20.0,1571.7
71962,11.7272,20.0,1571.8
71963,11.7272,20.0,1571.8
71964,11.7272,20.0,1571.8
71965,11.7272,20.0,1571.8
71966,11.7272,20.0,1571.8
71967,11.7272,20.0,1571.9
71968,11.7272,20.0,1571.9
71969,11.7272,20.0,1571.9
71970,11.7272,20.0,1571.9
71971,11.7272,20.0,1571.9
71972,11.7272,20.0,1572.0
71973,11.7272,20.0,1572.0
71974,11.7272,20.0,1572.0
71975,11.7272,20.0,1572.0
71976,11.7272,20.0,1572.0
71977,11.7272,20.0,1572.1
71978,11.7272,20.0,1572.1
71979,11.7272,20.0,1572.1
71980,11.7272,20.0,1572.1
71981,11.6883,20.0,1572.1
71982,11.6883,20.0,1572.2
71983,11.6883,20.0,1572.2
71984,11.6883,20.0,1572.2
71985,11.6883,20.0,1572.2
71986,11.6883,20.0,1572.3
71987,11.6883,20.0,1572.3
71988,11.6883,20.0,1572.3
71989,11.6883,20.0,1572.3
71990,11.6883,20.0,1572.3
71991,11.6883,20.0,1572.3
71992,11.6883,20.0,1572.4
71993,11.6883,20.0,1572.4
71994,11.6883,20.0,1572.4
71995,11.6883,20.0,1572.4
71996,11.6883,20.0,1572.4
71997,11.6883,20.0,1572.5
71998,11.6883,20.0,1572.5
71999,11.6883,20.0,1572.5
72000,11.6883,20.0,1572.5
72001,11.6494,20.0,1572.5
72002,11.6494,20.0,1572.6
72003,11.6494,20.0,1572.6
72004,11.6494,20.0,1572.6
72005,11.6494,20.0,1572.6
72006,11.6494,20.0,1572.6
72007,11.6494,20.0,1572.7
72008,11.6494,20.0,1572.7
72009,11.6494,20.0,1572.7
72010,11.6494,20.0,1572.7
72011,11.6494,20.0,1572.7
72012,11.6494,20.0,1572.8
72013,11.6494,20.0,1572.8
72014,11.6494,20.0,1572.8
72015,11.6494,20.0,1572.8
72016,11.6494,20.0,1572.8
72017,11.6494,20.0,1572.8
72018,11.6494,20.0,1572.9
72019,11.6494,20.0,1572.9
72020,11.6494,20.0,1572.9
72021,11.6105,20.0,1572.9
72022,11.6105,20.0,1572.9
72023,11.6105,20.0,1573.0
72024,11.6105,20.0,1573.0
72025,11.6105,20.0,1573.0
72026,11.6105,20.0,1573.0
72027,11.6105,20.0,1573.0
72028,11.6105,20.0,1573.1
72029,11.6105,20.0,1573.1
72030,11.6105,20.0,1573.1
72031,11.6105,20.0,1573.1
72032,11.6105,20.0,1573.1
72033,11.6105,20.0,1573.2
72034,11.6105,20.0,1573.2
72035,11.6105,20.0,1573.2
72036,11.6105,20.0,1573.2
72037,11.6105,20.0,1573.2
72038,11.6105,20.0,1573.3
72039,11.6105,20.0,1573.3
72040,11.6105,20.0,1573.3
72041,11.5715,20.0,1573.3
72042,11.5715,20.0,1573.3
72043,11.5715,20.0,1573.4
72044,11.5715,20.0,1573.4
72045,11.5715,20.0,1573.4
72046,11.5715,20.0,1573.4
72047,11.5715,20.0,1573.4
72048,11.5715,20.0,1573.5
72049,11.5715,20.0,1573.5
72050,11.5715,20.0,1573.5
72051,11.5715,20.0,1573.5
72052,11.5715,20.0,1573.6
72053,11.5715,20.0,1573.6
72054,11.5715,20.0,1573.6
72055,11.5715,20.0,1573.6
72056,11.5715,20.0,1573.6
72057,11.5715,20.0,1573.7
72058,11.5715,20.0,1573.7
72059,11.5715,20.0,1573.7
72060,11.5715,20.0,1573.7
72061,11.5326,20.0,1573.7
72062,11.5326,20.0,1573.8
72063,11.5326,20.0,1573.8
72064,11.5326,20.0,1573.8
72065,11.5326,20.0,1573.8
72066,11.5326,20.0,1573.8
72067,11.5326,20.0,1573.9
72068,11.5326,20.0,1573.9
72069,11.5326,20.0,1573.9
72070,11.5326,20.0,1573.9
72071,11.5326,20.0,1573.9
72072,11.5326,20.0,1574.0
72073,11.5326,20.0,1574.0
72074,11.5326,20.0,1574.0
72075,11.5326,20.0,1574.0
72076,11.5326,20.0,1574.0
72077,11.5326,20.0,1574.1
72078,11.5326,20.0,1574.1
72079,11.5326,20.0,1574.1
72080,11.5326,20.0,1574.1
72081,11.4937,20.0,1574.2
72082,11.4937,20.0,1574.2
72083,11.4937,20.0,1574.2
72084,11.4937,20.0,1574.2
72085,11.4937,20.0,1574.2
72086,11.4937,20.0,1574.3
72087,11.4937,20.0,1574.3
72088,11.4937,20.0,1574.3
72089,11.4937,20.0,1574.3
72090,11.4937,20.0,1574.3
72091,11.4937,20.0,1574.3
72092,11.4937,20.0,1574.4
72093,11.4937,20.0,1574.4
72094,11.4937,20.0,1574.4
72095,11.4937,20.0,1574.4
72096,11.4937,20.0,1574.4
72097,11.4937,20.0,1574.5
72098,11.4937,20.0,1574.5
72099,11.4937,20.0,1574.5
72100,11.4937,20.0,1574.5
72101,11.4548,20.0,1574.5
72102,11.4548,20.0,1574.6
72103,11.4548,20.0,1574.6
72104,11.4548,20.0,1574.6
72105,11.4548,20.0,1574.6
72106,11.4548,20.0,1574.6
72107,11.4548,20.0,1574.6
72108,11.4548,20.0,1574.7
72109,11.4548,20.0,1574.7
72110,11.4548,20.0,1574.7
72111,11.4548,20.0,1574.7
72112,11.4548,20.0,1574.8
72113,11.4548,20.0,1574.8
72114,11.4548,20.0,1574.8
72115,11.4548,20.0,1574.8
72116,11.4548,20.0,1574.8
72117,11.4548,20.0,1574.8
72118,11.4548,20.0,1574.9
72119,11.4548,20.0,1574.9
72120,11.4548,20.0,1574.9
72121,11.4159,20.0,1574.9
72122,11.4159,20.0,1574.9
72123,11.4159,20.0,1575.0
72124,11.4159,20.0,1575.0
72125,11.4159,20.0,1575.0
72126,11.4159,20.0,1575.0
72127,11.4159,20.0,1575.0
72128,11.4159,20.0,1575.1
72129,11.4159,20.0,1575.1
72130,11.4159,20.0,1575.1
72131,11.4159,20.0,1575.1
72132,11.4159,20.0,1575.1
72133,11.4159,20.0,1575.1
72134,11.4159,20.0,1575.2
72135,11.4159,20.0,1575.2
72136,11.4159,20.0,1575.2
72137,11.4159,20.0,1575.2
72138,11.4159,20.0,1575.2
72139,11.4159,20.0,1575.3
72140,11.4159,20.0,1575.3
72141,11.3770,20.0,1575.3
72142,11.3770,20.0,1575.3
72143,11.3770,20.0,1575.3
72144,11.3770,20.0,1575.4
72145,11.3770,20.0,1575.4
72146,11.3770,20.0,1575.4
72147,11.3770,20.0,1575.4
72148,11.3770,20.0,1575.4
72149,11.3770,20.0,1575.5
72150,11.3770,20.0,1575.5
72151,11.3770,20.0,1575.5
72152,11.3770,20.0,1575.5
72153,11.3770,20.0,1575.5
72154,11.3770,20.0,1575.5
72155,11.3770,20.0,1575.6
72156,11.3770,20.0,1575.6
72157,11.3770,20.0,1575.6
72158,11.3770,20.0,1575.6
72159,11.3770,20.0,1575.6
72160,11.3770,20.0,1575.7
72161,11.3380,20.0,1575.7
72162,11.3380,20.0,1575.7
72163,11.3380,20.0,1575.7
72164,11.3380,20.0,1575.7
72165,11.3380,20.0,1575.7
72166,11.3380,20.0,1575.8
72167,11.3380,20.0,1575.8
72168,11.3380,20.0,1575.8
72169,11.3380,20.0,1575.8
72170,11.3380,20.0,1575.8
72171,11.3380,20.0,1575.9
72172,11.3380,20.0,1575.9
72173,11.3380,20.0,1575.9
72174,11.3380,20.0,1575.9
72175,11.3380,20.0,1575.9
72176,11.3380,20.0,1576.0
72177,11.3380,20.0,1576.0
72178,11.3380,20.0,1576.0
72179,11.3380,20.0,1576.0
72180,11.3380,20.0,1576.0
72181,11.2991,20.0,1576.1
72182,11.2991,20.0,1576.1
72183,11.2991,20.0,1576.1
72184,11.2991,20.0,1576.1
72185,11.2991,20.0,1576.1
72186,11.2991,20.0,1576.2
72187,11.2991,20.0,1576.2
72188,11.2991,20.0,1576.2
72189,11.2991,20.0,1576.2
72190,11.2991,20.0,1576.2
72191,11.2991,20.0,1576.3
72192,11.2991,20.0,1576.3
72193,11.2991,20.0,1576.6
72194,11.2991,20.0,1576.6
72195,11.2991,20.0,1576.6
72196,11.2991,20.0,1576.6
72197,11.2991,20.0,1576.7
72198,11.2991,20.0,1576.7
72199,11.2991,20.0,1576.7
72200,11.2991,20.0,1576.7
72201,11.2596,20.0,1576.7
72202,11.2596,20.0,1576.8
72203,11.2596,20.0,1576.8
72204,11.2596,20.0,1576.8
72205,11.2596,20.0,1576.8
72206,11.2596,20.0,1576.9
72207,11.2596,20.0,1576.9
72208,11.2596,20.0,1576.9
72209,11.2596,20.0,1576.9
72210,11.2596,20.0,1577.0
72211,11.2596,20.0,1577.0
72212,11.2596,20.0,1577.0
72213,11.2596,20.0,1577.0
72214,11.2596,20.0,1577.0
72215,11.2596,20.0,1577.1
72216,11.2596,20.0,1577.1
72217,11.2596,20.0,1577.1
72218,11.2596,20.0,1577.1
72219,11.2596,20.0,1577.1
72220,11.2596,20.0,1577.2
72221,11.2201,20.0,1577.2
72222,11.2201,20.0,1577.2
72223,11.2201,20.0,1577.2
72224,11.2201,20.0,1577.3
72225,11.2201,20.0,1577.3
72226,11.2201,20.0,1577.3
72227,11.2201,20.0,1577.3
72228,11.2201,20.0,1577.3
72229,11.2201,20.0,1577.4
72230,11.2201,20.0,1577.4
72231,11.2201,20.0,1577.4
72232,11.2201,20.0,1577.4
72233,11.2201,20.0,1577.4
72234,11.2201,20.0,1577.5
72235,11.2201,20.0,1577.5
72236,11.2201,20.0,1577.5
72237,11.2201,20.0,1577.5
72238,11.2201,20.0,1577.5
72239,11.2201,20.0,1577.6
72240,11.2201,20.0,1577.6
72241,11.1806,20.0,1577.6
72242,11.1806,20.0,1577.6
72243,11.1806,20.0,1577.7
72244,11.1806,20.0,1577.7
72245,11.1806,20.0,1577.7
72246,11.1806,20.0,1577.7
72247,11.1806,20.0,1577.7
72248,11.1806,20.0,1577.8
72249,11.1806,20.0,1577.8
72250,11.1806,20.0,1577.8
72251,11.1806,20.0,1577.8
72252,11.1806,20.0,1577.8
72253,11.1806,20.0,1577.9
72254,11.1806,20.0,1577.9
72255,11.1806,20.0,1577.9
72256,11.1806,20.0,1577.9
72257,11.1806,20.0,1577.9
72258,11.1806,20.0,1578.0
72259,11.1806,20.0,1578.0
72260,11.1806,20.0,1578.0
72261,11.1411,20.0,1578.0
72262,11.1411,20.0,1578.0
72263,11.1411,20.0,1578.1
72264,11.1411,20.0,1578.1
72265,11.1411,20.0,1578.1
72266,11.1411,20.0,1578.1
72267,11.1411,20.0,1578.1
72268,11.1411,20.0,1578.2
72269,11.1411,20.0,1578.2
72270,11.1411,20.0,1578.2
72271,11.1411,20.0,1578.2
72272,11.1411,20.0,1578.3
72273,11.1411,20.0,1578.3
72274,11.1411,20.0,1578.3
72275,11.1411,20.0,1578.3
72276,11.1411,20.0,1578.3
72277,11.1411,20.0,1578.4
72278,11.1411,20.0,1578.4
72279,11.1411,20.0,1578.4
72280,11.1411,20.0,1578.4
72281,11.1016,20.0,1578.5
72282,11.1016,20.0,1578.5
72283,11.1016,20.0,1578.5
72284,11.1016,20.0,1578.5
72285,11.1016,20.0,1578.5
72286,11.1016,20.0,1578.6
72287,11.1016,20.0,1578.6
72288,11.1016,20.0,1578.6
72289,11.1016,20.0,1578.6
72290,11.1016,20.0,1578.7
72291,11.1016,20.0,1578.7
72292,11.1016,20.0,1578.7
72293,11.1016,20.0,1578.7
72294,11.1016,20.0,1578.7
72295,11.1016,20.0,1578.8
72296,11.1016,20.0,1578.8
72297,11.1016,20.0,1578.8
72298,11.1016,20.0,1578.8
72299,11.1016,20.0,1578.8
72300,11.1016,20.0,1578.9
72301,11.0621,20.0,1578.9
72302,11.0621,20.0,1578.9
72303,11.0621,20.0,1578.9
72304,11.0621,20.0,1578.9
72305,11.0621,20.0,1579.0
72306,11.0621,20.0,1579.0
72307,11.0621,20.0,1579.0
72308,11.0621,20.0,1579.0
72309,11.0621,20.0,1579.0
72310,11.0621,20.0,1579.1
72311,11.0621,20.0,1579.1
72312,11.0621,20.0,1579.1
72313,11.0621,20.0,1579.1
72314,11.0621,20.0,1579.1
72315,11.0621,20.0,1579.2
72316,11.0621,20.0,1579.2
72317,11.0621,20.0,1579.2
72318,11.0621,20.0,1579.2
72319,11.0621,20.0,1579.2
72320,11.0621,20.0,1579.3
72321,11.0226,20.0,1579.3
72322,11.0226,20.0,1579.3
72323,11.0226,20.0,1579.3
72324,11.0226,20.0,1579.3
72325,11.0226,20.0,1579.4
72326,11.0226,20.0,1579.4
72327,11.0226,20.0,1579.4
72328,11.0226,20.0,1579.4
72329,11.0226,20.0,1579.4
72330,11.0226,20.0,1579.5
72331,11.0226,20.0,1579.5
72332,11.0226,20.0,1579.5
72333,11.0226,20.0,1579.5
72334,11.0226,20.0,1579.5
72335,11.0226,20.0,1579.5
72336,11.0226,20.0,1579.6
72337,11.0226,20.0,1579.6
72338,11.0226,20.0,1579.6
72339,11.0226,20.0,1579.6
72340,11.0226,20.0,1579.7
72341,10.9831,20.0,1579.7
72342,10.9831,20.0,1579.7
72343,10.9831,20.0,1579.7
72344,10.9831,20.0,1579.7
72345,10.9831,20.0,1579.8
72346,10.9831,20.0,1579.8
72347,10.9831,20.0,1579.8
72348,10.9831,20.0,1579.8
72349,10.9831,20.0,1579.8
72350,10.9831,20.0,1579.8
72351,10.9831,20.0,1579.9
72352,10.9831,20.0,1579.9
72353,10.9831,20.0,1579.9
72354,10.9831,20.0,1579.9
72355,10.9831,20.0,1579.9
72356,10.9831,20.0,1580.0
72357,10.9831,20.0,1580.0
72358,10.9831,20.0,1580.0
72359,10.9831,20.0,1580.0
72360,10.9831,20.0,1580.1
72361,10.9436,20.0,1580.1
72362,10.9436,20.0,1580.1
72363,10.9436,20.0,1580.1
72364,10.9436,20.0,1580.1
72365,10.9436,20.0,1580.2
72366,10.9436,20.0,1580.2
72367,10.9436,20.0,1580.2
72368,10.9436,20.0,1580.2
72369,10.9436,20.0,1580.2
72370,10.9436,20.0,1580.3
72371,10.9436,20.0,1580.3
72372,10.9436,20.0,1580.3
72373,10.9436,20.0,1580.3
72374,10.9436,20.0,1580.3
72375,10.9436,20.0,1580.3
72376,10.9436,20.0,1580.4
72377,10.9436,20.0,1580.4
72378,10.9436,20.0,1580.4
72379,10.9436,20.0,1580.4
72380,10.9436,20.0,1580.4
72381,10.9041,20.0,1580.5
72382,10.9041,20.0,1580.5
72383,10.9041,20.0,1580.5
72384,10.9041,20.0,1580.5
72385,10.9041,20.0,1580.5
72386,10.9041,20.0,1580.6
72387,10.9041,20.0,1580.6
72388,10.9041,20.0,1580.6
72389,10.9041,20.0,1580.6
72390,10.9041,20.0,1580.6
72391,10.9041,20.0,1580.7
72392,10.9041,20.0,1580.7
72393,10.9041,20.0,1580.7
72394,10.9041,20.0,1580.7
72395,10.9041,20.0,1580.7
72396,10.9041,20.0,1580.8
72397,10.9041,20.0,1580.8
72398,10.9041,20.0,1580.8
72399,10.9041,20.0,1580.8
72400,10.9041,20.0,1580.9
72401,10.8646,20.0,1580.9
72402,10.8646,20.0,1580.9
72403,10.8646,20.0,1580.9
72404,10.8646,20.0,1580.9
72405,10.8646,20.0,1580.9
72406,10.8646,20.0,1581.0
72407,10.8646,20.0,1581.0
72408,10.8646,20.0,1581.0
72409,10.8646,20.0,1581.0
72410,10.8646,20.0,1581.0
72411,10.8646,20.0,1581.0
72412,10.8646,20.0,1581.1
72413,10.8646,20.0,1581.1
72414,10.8646,20.0,1581.1
72415,10.8646,20.0,1581.1
72416,10.8646,20.0,1581.2
72417,10.8646,20.0,1581.2
72418,10.8646,20.0,1581.2
72419,10.8646,20.0,1581.2
72420,10.8646,20.0,1581.2
72421,10.8251,20.0,1581.2
72422,10.8251,20.0,1581.3
72423,10.8251,20.0,1581.3
72424,10.8251,20.0,1581.3
72425,10.8251,20.0,1581.3
72426,10.8251,20.0,1581.3
72427,10.8251,20.0,1581.3
72428,10.8251,20.0,1581.4
72429,10.8251,20.0,1581.4
72430,10.8251,20.0,1581.4
72431,10.8251,20.0,1581.4
72432,10.8251,20.0,1581.4
72433,10.8251,20.0,1581.5
72434,10.8251,20.0,1581.5
72435,10.8251,20.0,1581.5
72436,10.8251,20.0,1581.5
72437,10.8251,20.0,1581.5
72438,10.8251,20.0,1581.6
72439,10.8251,20.0,1581.6
72440,10.8251,20.0,1581.6
72441,10.7856,20.0,1581.6
72442,10.7856,20.0,1581.6
72443,10.7856,20.0,1581.7
72444,10.7856,20.0,1581.7
72445,10.7856,20.0,1581.7
72446,10.7856,20.0,1581.7
72447,10.7856,20.0,1581.7
72448,10.7856,20.0,1581.8
72449,10.7856,20.0,1581.8
72450,10.7856,20.0,1581.8
72451,10.7856,20.0,1581.8
72452,10.7856,20.0,1581.8
72453,10.7856,20.0,1581.9
72454,10.7856,20.0,1581.9
72455,10.7856,20.0,1581.9
72456,10.7856,20.0,1581.9
72457,10.7856,20.0,1581.9
72458,10.7856,20.0,1582.0
72459,10.7856,20.0,1582.0
72460,10.7856,20.0,1582.0
72461,10.7461,20.0,1582.0
72462,10.7461,20.0,1582.0
72463,10.7461,20.0,1582.1
72464,10.7461,20.0,1582.1
72465,10.7461,20.0,1582.1
72466,10.7461,20.0,1582.1
72467,10.7461,20.0,1582.1
72468,10.7461,20.0,1582.2
72469,10.7461,20.0,1582.2
72470,10.7461,20.0,1582.2
72471,10.7461,20.0,1582.2
72472,10.7461,20.0,1582.2
72473,10.7461,20.0,1582.3
72474,10.7461,20.0,1582.3
72475,10.7461,20.0,1582.3
72476,10.7461,20.0,1582.3
72477,10.7461,20.0,1582.3
72478,10.7461,20.0,1582.3
72479,10.7461,20.0,1582.4
72480,10.7461,20.0,1582.4
72481,10.7066,20.0,1582.4
72482,10.7066,20.0,1582.4
72483,10.7066,20.0,1582.4
72484,10.7066,20.0,1582.5
72485,10.7066,20.0,1582.5
72486,10.7066,20.0,1582.5
72487,10.7066,20.0,1582.5
72488,10.7066,20.0,1582.5
72489,10.7066,20.0,1582.6
72490,10.7066,20.0,1582.6
72491,10.7066,20.0,1582.6
72492,10.7066,20.0,1582.6
72493,10.7066,20.0,1582.6
72494,10.7066,20.0,1582.7
72495,10.7066,20.0,1582.7
72496,10.7066,20.0,1582.7
72497,10.7066,20.0,1582.7
72498,10.7066,20.0,1582.7
72499,10.7066,20.0,1582.7
72500,10.7066,20.0,1582.8
72501,10.6671,20.0,1582.8
72502,10.6671,20.0,1582.8
72503,10.6671,20.0,1582.8
72504,10.6671,20.0,1582.9
72505,10.6671,20.0,1582.9
72506,10.6671,20.0,1582.9
72507,10.6671,20.0,1582.9
72508,10.6671,20.0,1582.9
72509,10.6671,20.0,1583.0
72510,10.6671,20.0,1583.0
72511,10.6671,20.0,1583.0
72512,10.6671,20.0,1583.0
72513,10.6671,20.0,1583.0
72514,10.6671,20.0,1583.1
72515,10.6671,20.0,1583.1
72516,10.6671,20.0,1583.1
72517,10.6671,20.0,1583.1
72518,10.6671,20.0,1583.1
72519,10.6671,20.0,1583.2
72520,10.6671,20.0,1583.2
72521,10.6276,20.0,1583.2
72522,10.6276,20.0,1583.2
72523,10.6276,20.0,1583.2
72524,10.6276,20.0,1583.3
72525,10.6276,20.0,1583.3
72526,10.6276,20.0,1583.3
72527,10.6276,20.0,1583.3
72528,10.6276,20.0,1583.3
72529,10.6276,20.0,1583.4
72530,10.6276,20.0,1583.4
72531,10.6276,20.0,1583.4
72532,10.6276,20.0,1583.4
72533,10.6276,20.0,1583.4
72534,10.6276,20.0,1583.5
72535,10.6276,20.0,1583.5
72536,10.6276,20.0,1583.5
72537,10.6276,20.0,1583.5
72538,10.6276,20.0,1583.5
72539,10.6276,20.0,1583.6
72540,10.6276,20.0,1583.6
72541,10.5880,20.0,1583.6
72542,10.5880,20.0,1583.6
72543,10.5880,20.0,1583.6
72544,10.5880,20.0,1583.7
72545,10.5880,20.0,1583.7
72546,10.5880,20.0,1583.7
72547,10.5880,20.0,1583.7
72548,10.5880,20.0,1583.8
72549,10.5880,20.0,1583.8
72550,10.5880,20.0,1583.8
72551,10.5880,20.0,1583.8
72552,10.5880,20.0,1583.8
72553,10.5880,20.0,1583.8
72554,10.5880,20.0,1583.9
72555,10.5880,20.0,1583.9
72556,10.5880,20.0,1583.9
72557,10.5880,20.0,1583.9
72558,10.5880,20.0,1583.9
72559,10.5880,20.0,1584.0
72560,10.5880,20.0,1584.0
72561,10.5485,20.0,1584.0
72562,10.5485,20.0,1584.0
72563,10.5485,20.0,1584.0
72564,10.5485,20.0,1584.0
72565,10.5485,20.0,1584.1
72566,10.5485,20.0,1584.1
72567,10.5485,20.0,1584.1
72568,10.5485,20.0,1584.1
72569,10.5485,20.0,1584.1
72570,10.5485,20.0,1584.2
72571,10.5485,20.0,1584.2
72572,10.5485,20.0,1584.2
72573,10.5485,20.0,1584.2
72574,10.5485,20.0,1584.2
72575,10.5485,20.0,1584.3
72576,10.5485,20.0,1584.3
72577,10.5485,20.0,1584.3
72578,10.5485,20.0,1584.3
72579,10.5485,20.0,1584.3
72580,10.5485,20.0,1584.4
72581,10.5090,20.0,1584.4
72582,10.5090,20.0,1584.4
72583,10.5090,20.0,1584.4
72584,10.5090,20.0,1584.4
72585,10.5090,20.0,1584.4
72586,10.5090,20.0,1584.5
72587,10.5090,20.0,1584.5
72588,10.5090,20.0,1584.5
72589,10.5090,20.0,1584.5
72590,10.5090,20.0,1584.5
72591,10.5090,20.0,1584.6
72592,10.5090,20.0,1584.6
72593,10.5090,20.0,1584.6
72594,10.5090,20.0,1584.6
72595,10.5090,20.0,1584.6
72596,10.5090,20.0,1584.7
72597,10.5090,20.0,1584.7
72598,10.5090,20.0,1584.7
72599,10.5090,20.0,1584.7
72600,10.5090,20.0,1584.7
72601,10.4695,20.0,1584.8
72602,10.4695,20.0,1584.8
72603,10.4695,20.0,1584.8
72604,10.4695,20.0,1584.8
72605,10.4695,20.0,1584.8
72606,10.4695,20.0,1584.9
72607,10.4695,20.0,1584.9
72608,10.4695,20.0,1584.9
72609,10.4695,20.0,1584.9
72610,10.4695,20.0,1584.9
72611,10.4695,20.0,1584.9
72612,10.4695,20.0,1585.0
72613,10.4695,20.0,1585.0
72614,10.4695,20.0,1585.0
72615,10.4695,20.0,1585.0
72616,10.4695,20.0,1585.1
72617,10.4695,20.0,1585.1
72618,10.4695,20.0,1585.1
72619,10.4695,20.0,1585.1
72620,10.4695,20.0,1585.2
72621,10.4300,20.0,1585.2
72622,10.4300,20.0,1585.2
72623,10.4300,20.0,1585.2
72624,10.4300,20.0,1585.2
72625,10.4300,20.0,1585.3
72626,10.4300,20.0,1585.3
72627,10.4300,20.0,1585.3
72628,10.4300,20.0,1585.3
72629,10.4300,20.0,1585.3
72630,10.4300,20.0,1585.3
72631,10.4300,20.0,1585.4
72632,10.4300,20.0,1585.4
72633,10.4300,20.0,1585.4
72634,10.4300,20.0,1585.4
72635,10.4300,20.0,1585.4
72636,10.4300,20.0,1585.5
72637,10.4300,20.0,1585.5
72638,10.4300,20.0,1585.5
72639,10.4300,20.0,1585.5
72640,10.4300,20.0,1585.5
72641,10.3905,20.0,1585.6
72642,10.3905,20.0,1585.6
72643,10.3905,20.0,1585.6
72644,10.3905,20.0,1585.6
72645,10.3905,20.0,1585.6
72646,10.3905,20.0,1585.7
72647,10.3905,20.0,1585.7
72648,10.3905,20.0,1585.7
72649,10.3905,20.0,1585.7
72650,10.3905,20.0,1585.7
72651,10.3905,20.0,1585.8
72652,10.3905,20.0,1585.8
72653,10.3905,20.0,1585.8
72654,10.3905,20.0,1585.8
72655,10.3905,20.0,1585.8
72656,10.3905,20.0,1585.9
72657,10.3905,20.0,1585.9
72658,10.3905,20.0,1585.9
72659,10.3905,20.0,1585.9
72660,10.3905,20.0,1585.9
72661,10.3310,20.0,1586.0
72662,10.3310,20.0,1586.0
72663,10.3310,20.0,1586.0
72664,10.3310,20.0,1586.0
72665,10.3310,20.0,1586.0
72666,10.3310,20.0,1586.1
72667,10.3310,20.0,1586.1
72668,10.3310,20.0,1586.1
72669,10.3310,20.0,1586.1
72670,10.3310,20.0,1586.2
72671,10.3310,20.0,1586.2
72672,10.3310,20.0,1586.2
72673,10.3310,20.0,1586.2
72674,10.3310,20.0,1586.3
72675,10.3310,20.0,1586.3
72676,10.3310,20.0,1586.3
72677,10.3310,20.0,1586.3
72678,10.3310,20.0,1586.3
72679,10.3310,20.0,1586.3
72680,10.3310,20.0,1586.4
72681,10.2517,20.0,1586.4
72682,10.2517,20.0,1586.4
72683,10.2517,20.0,1586.4
72684,10.2517,20.0,1586.4
72685,10.2517,20.0,1586.5
72686,10.2517,20.0,1586.5
72687,10.2517,20.0,1586.5
72688,10.2517,20.0,1586.5
72689,10.2517,20.0,1586.5
72690,10.2517,20.0,1586.6
72691,10.2517,20.0,1586.6
72692,10.2517,20.0,1586.6
72693,10.2517,20.0,1586.6
72694,10.2517,20.0,1586.6
72695,10.2517,20.0,1586.6
72696,10.2517,20.0,1586.7
72697,10.2517,20.0,1586.7
72698,10.2517,20.0,1586.7
72699,10.2517,20.0,1586.7
72700,10.2517,20.0,1586.8
72701,10.1724,20.0,1586.8
72702,10.1724,20.0,1586.8
72703,10.1724,20.0,1586.8
72704,10.1724,20.0,1586.8
72705,10.1724,20.0,1587.1
72706,10.1724,20.0,1587.1
72707,10.1724,20.0,1587.1
72708,10.1724,20.0,1587.2
72709,10.1724,20.0,1587.2
72710,10.1724,20.0,1587.2
72711,10.1724,20.0,1587.2
72712,10.1724,20.0,1587.2
72713,10.1724,20.0,1587.3
72714,10.1724,20.0,1587.3
72715,10.1724,20.0,1587.3
72716,10.1724,20.0,1587.3
72717,10.1724,20.0,1587.3
72718,10.1724,20.0,1587.4
72719,10.1724,20.0,1587.4
72720,10.1724,20.0,1587.4
72721,10.1130,20.0,1587.4
72722,10.1130,20.0,1587.5
72723,10.1130,20.0,1587.5
72724,10.1130,20.0,1587.5
72725,10.1130,20.0,1587.5
72726,10.1130,20.0,1587.5
72727,10.1130,20.0,1587.6
72728,10.1130,20.0,1587.6
72729,10.1130,20.0,1587.6
72730,10.1130,20.0,1587.6
72731,10.1130,20.0,1587.6
72732,10.1130,20.0,1587.6
72733,10.1130,20.0,1587.7
72734,10.1130,20.0,1587.7
72735,10.1130,20.0,1587.7
72736,10.1130,20.0,1587.7
72737,10.1130,20.0,1587.8
72738,10.1130,20.0,1587.8
72739,10.1130,20.0,1587.8
72740,10.1130,20.0,1587.8
72741,10.0537,20.0,1587.8
72742,10.0537,20.0,1587.8
72743,10.0537,20.0,1587.9
72744,10.0537,20.0,1587.9
72745,10.0537,20.0,1587.9
72746,10.0537,20.0,1587.9
72747,10.0537,20.0,1587.9
72748,10.0537,20.0,1588.0
72749,10.0537,20.0,1588.0
72750,10.0537,20.0,1588.0
72751,10.0537,20.0,1588.0
72752,10.0537,20.0,1588.0
72753,10.0537,20.0,1588.0
72754,10.0537,20.0,1588.1
72755,10.0537,20.0,1588.1
72756,10.0537,20.0,1588.1
72757,10.0537,20.0,1588.1
72758,10.0537,20.0,1588.1
72759,10.0537,20.0,1588.2
72760,10.0537,20.0,1588.2
72761,9.9943,20.0,1588.2
72762,9.9943,20.0,1588.2
72763,9.9943,20.0,1588.2
72764,9.9943,20.0,1588.3
72765,9.9943,20.0,1588.3
72766,9.9943,20.0,1588.3
72767,9.9943,20.0,1588.3
72768,9.9943,20.0,1588.3
72769,9.9943,20.0,1588.4
72770,9.9943,20.0,1588.4
72771,9.9943,20.0,1588.4
72772,9.9943,20.0,1588.4
72773,9.9943,20.0,1588.4
72774,9.9943,20.0,1588.5
72775,9.9943,20.0,1588.5
72776,9.9943,20.0,1588.5
72777,9.9943,20.0,1588.5
72778,9.9943,20.0,1588.5
72779,9.9943,20.0,1588.5
72780,9.9943,20.0,1588.6
72781,9.9349,20.0,1588.6
72782,9.9349,20.0,1588.6
72783,9.9349,20.0,1588.6
72784,9.9349,20.0,1588.7
72785,9.9349,20.0,1588.7
72786,9.9349,20.0,1588.7
72787,9.9349,20.0,1588.7
72788,9.9349,20.0,1588.7
72789,9.9349,20.0,1588.8
72790,9.9349,20.0,1588.8
72791,9.9349,20.0,1588.8
72792,9.9349,20.0,1588.8
72793,9.9349,20.0,1588.8
72794,9.9349,20.0,1588.8
72795,9.9349,20.0,1588.9
72796,9.9349,20.0,1588.9
72797,9.9349,20.0,1588.9
72798,9.9349,20.0,1588.9
72799,9.9349,20.0,1588.9
72800,9.9349,20.0,1589.0
72801,9.8756,20.0,1589.0
72802,9.8756,20.0,1589.0
72803,9.8756,20.0,1589.0
72804,9.8756,20.0,1589.0
72805,9.8756,20.0,1589.1
72806,9.8756,20.0,1589.1
72807,9.8756,20.0,1589.1
72808,9.8756,20.0,1589.1
72809,9.8756,20.0,1589.1
72810,9.8756,20.0,1589.2
72811,9.8756,20.0,1589.2
72812,9.8756,20.0,1589.2
72813,9.8756,20.0,1589.2
72814,9.8756,20.0,1589.2
72815,9.8756,20.0,1589.3
72816,9.8756,20.0,1589.3
72817,9.8756,20.0,1589.3
72818,9.8756,20.0,1589.3
72819,9.8756,20.0,1589.3
72820,9.8756,20.0,1589.4
72821,9.8162,20.0,1589.4
72822,9.8162,20.0,1589.4
72823,9.8162,20.0,1589.4
72824,9.8162,20.0,1589.5
72825,9.8162,20.0,1589.5
72826,9.8162,20.0,1589.5
72827,9.8162,20.0,1589.5
72828,9.8162,20.0,1589.5
72829,9.8162,20.0,1589.6
72830,9.8162,20.0,1589.6
72831,9.8162,20.0,1589.6
72832,9.8162,20.0,1589.6
72833,9.8162,20.0,1589.6
72834,9.8162,20.0,1589.7
72835,9.8162,20.0,1589.7
72836,9.8162,20.0,1589.7
72837,9.8162,20.0,1589.7
72838,9.8162,20.0,1589.7
72839,9.8162,20.0,1589.8
72840,9.8162,20.0,1589.8
72841,9.7568,20.0,1589.8
72842,9.7568,20.0,1589.8
72843,9.7568,20.0,1589.8
72844,9.7568,20.0,1589.8
72845,9.7568,20.0,1589.9
72846,9.7568,20.0,1589.9
72847,9.7568,20.0,1589.9
72848,9.7568,20.0,1589.9
72849,9.7568,20.0,1590.0
72850,9.7568,20.0,1590.0
72851,9.7568,20.0,1590.0
72852,9.7568,20.0,1590.0
72853,9.7568,20.0,1590.0
72854,9.7568,20.0,1590.0
72855,9.7568,20.0,1590.1
72856,9.7568,20.0,1590.1
72857,9.7568,20.0,1590.1
72858,9.7568,20.0,1590.1
72859,9.7568,20.0,1590.1
72860,9.7568,20.0,1590.2
72861,9.6975,20.0,1590.2
72862,9.6975,20.0,1590.2
72863,9.6975,20.0,1590.2
72864,9.6975,20.0,1590.2
72865,9.6975,20.0,1590.2
72866,9.6975,20.0,1590.3
72867,9.6975,20.0,1590.3
72868,9.6975,20.0,1590.3
72869,9.6975,20.0,1590.3
72870,9.6975,20.0,1590.3
72871,9.6975,20.0,1590.4
72872,9.6975,20.0,1590.4
72873,9.6975,20.0,1590.4
72874,9.6975,20.0,1590.5
72875,9.6975,20.0,1590.5
72876,9.6975,20.0,1590.5
72877,9.6975,20.0,1590.5
72878,9.6975,20.0,1590.5
72879,9.6975,20.0,1590.6
72880,9.6975,20.0,1590.6
72881,9.6381,20.0,1590.6
72882,9.6381,20.0,1590.6
72883,9.6381,20.0,1590.7
72884,9.6381,20.0,1590.7
72885,9.6381,20.0,1590.7
72886,9.6381,20.0,1590.7
72887,9.6381,20.0,1590.7
72888,9.6381,20.0,1590.8
72889,9.6381,20.0,1590.8
72890,9.6381,20.0,1590.8
72891,9.6381,20.0,1590.8
72892,9.6381,20.0,1590.8
72893,9.6381,20.0,1590.8
72894,9.6381,20.0,1590.9
72895,9.6381,20.0,1590.9
72896,9.6381,20.0,1590.9
72897,9.6381,20.0,1590.9
72898,9.6381,20.0,1591.0
72899,9.6381,20.0,1591.0
72900,9.6381,20.0,1591.0
72901,9.5787,20.0,1591.0
72902,9.5787,20.0,1591.0
72903,9.5787,20.0,1591.1
72904,9.5787,20.0,1591.1
72905,9.5787,20.0,1591.1
72906,9.5787,20.0,1591.1
72907,9.5787,20.0,1591.1
72908,9.5787,20.0,1591.2
72909,9.5787,20.0,1591.2
72910,9.5787,20.0,1591.2
72911,9.5787,20.0,1591.2
72912,9.5787,20.0,1591.2
72913,9.5787,20.0,1591.3
72914,9.5787,20.0,1591.3
72915,9.5787,20.0,1591.3
72916,9.5787,20.0,1591.3
72917,9.5787,20.0,1591.3
72918,9.5787,20.0,1591.4
72919,9.5787,20.0,1591.4
72920,9.5787,20.0,1591.4
72921,9.5194,20.0,1591.4
72922,9.5194,20.0,1591.4
72923,9.5194,20.0,1591.5
72924,9.5194,20.0,1591.5
72925,9.5194,20.0,1591.5
72926,9.5194,20.0,1591.5
72927,9.5194,20.0,1591.6
72928,9.5194,20.0,1591.6
72929,9.5194,20.0,1591.6
72930,9.5194,20.0,1591.6
72931,9.5194,20.0,1591.6
72932,9.5194,20.0,1591.7
72933,9.5194,20.0,1591.7
72934,9.5194,20.0,1591.7
72935,9.5194,20.0,1591.7
72936,9.5194,20.0,1591.8
72937,9.5194,20.0,1591.8
72938,9.5194,20.0,1591.8
72939,9.5194,20.0,1591.8
72940,9.5194,20.0,1591.8
72941,9.4600,20.0,1591.9
72942,9.4600,20.0,1591.9
72943,9.4600,20.0,1591.9
72944,9.4600,20.0,1591.9
72945,9.4600,20.0,1592.0
72946,9.4600,20.0,1592.0
72947,9.4600,20.0,1592.0
72948,9.4600,20.0,1592.0
72949,9.4600,20.0,1592.1
72950,9.4600,20.0,1592.1
72951,9.4600,20.0,1592.1
72952,9.4600,20.0,1592.1
72953,9.4600,20.0,1592.1
72954,9.4600,20.0,1592.2
72955,9.4600,20.0,1592.2
72956,9.4600,20.0,1592.2
72957,9.4600,20.0,1592.2
72958,9.4600,20.0,1592.3
72959,9.4600,20.0,1592.3
72960,9.4600,20.0,1592.3
72961,9.4006,20.0,1592.5
72962,9.4006,20.0,1592.6
72963,9.4006,20.0,1592.6
72964,9.4006,20.0,1592.6
72965,9.4006,20.0,1592.6
72966,9.4006,20.0,1592.7
72967,9.4006,20.0,1592.7
72968,9.4006,20.0,1592.8
72969,9.4006,20.0,1592.8
72970,9.4006,20.0,1592.8
72971,9.4006,20.0,1592.8
72972,9.4006,20.0,1592.9
72973,9.4006,20.0,1592.9
72974,9.4006,20.0,1592.9
72975,9.4006,20.0,1592.9
72976,9.4006,20.0,1592.9
72977,9.4006,20.0,1593.0
72978,9.4006,20.0,1593.0
72979,9.4006,20.0,1593.0
72980,9.4006,20.0,1593.0
72981,9.3413,20.0,1593.1
72982,9.3413,20.0,1593.1
72983,9.3413,20.0,1593.1
72984,9.3413,20.0,1593.1
72985,9.3413,20.0,1593.2
72986,9.3413,20.0,1593.2
72987,9.3413,20.0,1593.2
72988,9.3413,20.0,1593.2
72989,9.3413,20.0,1593.2
72990,9.3413,20.0,1593.3
72991,9.3413,20.0,1593.3
72992,9.3413,20.0,1593.3
72993,9.3413,20.0,1593.3
72994,9.3413,20.0,1593.3
72995,9.3413,20.0,1593.4
72996,9.3413,20.0,1593.4
72997,9.3413,20.0,1593.4
72998,9.3413,20.0,1593.4
72999,9.3413,20.0,1593.4
73000,9.3413,20.0,1593.5
73001,9.2819,20.0,1593.5
73002,9.2819,20.0,1593.5
73003,9.2819,20.0,1593.5
73004,9.2819,20.0,1593.6
73005,9.2819,20.0,1593.6
73006,9.2819,20.0,1593.6
73007,9.2819,20.0,1593.6
73008,9.2819,20.0,1593.6
73009,9.2819,20.0,1593.7
73010,9.2819,20.0,1593.7
73011,9.2819,20.0,1593.7
73012,9.2819,20.0,1593.7
73013,9.2819,20.0,1593.8
73014,9.2819,20.0,1593.8
73015,9.2819,20.0,1593.8
73016,9.2819,20.0,1593.9
73017,9.2819,20.0,1593.9
73018,9.2819,20.0,1593.9
73019,9.2819,20.0,1593.9
73020,9.2819,20.0,1594.0
73021,9.2225,20.0,1594.0
73022,9.2225,20.0,1594.0
73023,9.2225,20.0,1594.0
73024,9.2225,20.0,1594.0
73025,9.2225,20.0,1594.1
73026,9.2225,20.0,1594.1
73027,9.2225,20.0,1594.1
73028,9.2225,20.0,1594.1
73029,9.2225,20.0,1594.1
73030,9.2225,20.0,1594.2
73031,9.2225,20.0,1594.2
73032,9.2225,20.0,1594.2
73033,9.2225,20.0,1594.2
73034,9.2225,20.0,1594.2
73035,9.2225,20.0,1594.3
73036,9.2225,20.0,1594.3
73037,9.2225,20.0,1594.3
73038,9.2225,20.0,1594.4
73039,9.2225,20.0,1594.4
73040,9.2225,20.0,1594.4
73041,9.1632,20.0,1594.5
73042,9.1632,20.0,1594.5
73043,9.1632,20.0,1594.5
73044,9.1632,20.0,1594.5
73045,9.1632,20.0,1594.6
73046,9.1632,20.0,1594.6
73047,9.1632,20.0,1594.6
73048,9.1632,20.0,1594.6
73049,9.1632,20.0,1594.7
73050,9.1632,20.0,1594.7
73051,9.1632,20.0,1594.7
73052,9.1632,20.0,1594.7
73053,9.1632,20.0,1594.8
73054,9.1632,20.0,1594.8
73055,9.1632,20.0,1594.8
73056,9.1632,20.0,1594.8
73057,9.1632,20.0,1594.9
73058,9.1632,20.0,1594.9
73059,9.1632,20.0,1594.9
73060,9.1632,20.0,1594.9
73061,9.1038,20.0,1595.0
73062,9.1038,20.0,1595.0
73063,9.1038,20.0,1595.0
73064,9.1038,20.0,1595.0
73065,9.1038,20.0,1595.0
73066,9.1038,20.0,1595.0
73067,9.1038,20.0,1595.1
73068,9.1038,20.0,1595.1
73069,9.1038,20.0,1595.1
73070,9.1038,20.0,1595.1
73071,9.1038,20.0,1595.1
73072,9.1038,20.0,1595.2
73073,9.1038,20.0,1595.2
73074,9.1038,20.0,1595.2
73075,9.1038,20.0,1595.2
73076,9.1038,20.0,1595.3
73077,9.1038,20.0,1595.3
73078,9.1038,20.0,1595.3
73079,9.1038,20.0,1595.3
73080,9.1038,20.0,1595.4
73081,9.0444,20.0,1595.4
73082,9.0444,20.0,1595.4
73083,9.0444,20.0,1595.4
73084,9.0444,20.0,1595.4
73085,9.0444,20.0,1595.5
73086,9.0444,20.0,1595.5
73087,9.0444,20.0,1595.5
73088,9.0444,20.0,1595.5
73089,9.0444,20.0,1595.6
73090,9.0444,20.0,1595.6
73091,9.0444,20.0,1595.6
73092,9.0444,20.0,1595.6
73093,9.0444,20.0,1595.6
73094,9.0444,20.0,1595.7
73095,9.0444,20.0,1595.7
73096,9.0444,20.0,1595.7
73097,9.0444,20.0,1595.7
73098,9.0444,20.0,1595.7
73099,9.0444,20.0,1595.8
73100,9.0444,20.0,1595.8
73101,8.9850,20.0,1595.8
73102,8.9850,20.0,1595.8
73103,8.9850,20.0,1595.9
73104,8.9850,20.0,1595.9
73105,8.9850,20.0,1595.9
73106,8.9850,20.0,1595.9
73107,8.9850,20.0,1596.0
73108,8.9850,20.0,1596.0
73109,8.9850,20.0,1596.0
73110,8.9850,20.0,1596.0
73111,8.9850,20.0,1596.1
73112,8.9850,20.0,1596.1
73113,8.9850,20.0,1596.1
73114,8.9850,20.0,1596.1
73115,8.9850,20.0,1596.2
73116,8.9850,20.0,1596.2
73117,8.9850,20.0,1596.2
73118,8.9850,20.0,1596.2
73119,8.9850,20.0,1596.3
73120,8.9850,20.0,1596.3
73121,8.9257,20.0,1596.3
73122,8.9257,20.0,1596.3
73123,8.9257,20.0,1596.3
73124,8.9257,20.0,1596.4
73125,8.9257,20.0,1596.4
73126,8.9257,20.0,1596.4
73127,8.9257,20.0,1596.4
73128,8.9257,20.0,1596.5
73129,8.9257,20.0,1596.5
73130,8.9257,20.0,1596.5
73131,8.9257,20.0,1596.5
73132,8.9257,20.0,1596.6
73133,8.9257,20.0,1596.6
73134,8.9257,20.0,1596.6
73135,8.9257,20.0,1596.6
73136,8.9257,20.0,1596.6
73137,8.9257,20.0,1596.7
73138,8.9257,20.0,1596.7
73139,8.9257,20.0,1596.7
73140,8.9257,20.0,1596.7
73141,8.8663,20.0,1596.8
73142,8.8663,20.0,1596.8
73143,8.8663,20.0,1596.8
73144,8.8663,20.0,1596.8
73145,8.8663,20.0,1596.9
73146,8.8663,20.0,1596.9
73147,8.8663,20.0,1596.9
73148,8.8663,20.0,1596.9
73149,8.8663,20.0,1596.9
73150,8.8663,20.0,1597.0
73151,8.8663,20.0,1597.0
73152,8.8663,20.0,1597.0
73153,8.8663,20.0,1597.0
73154,8.8663,20.0,1597.0
73155,8.8663,20.0,1597.1
73156,8.8663,20.0,1597.1
73157,8.8663,20.0,1597.1
73158,8.8663,20.0,1597.1
73159,8.8663,20.0,1597.2
73160,8.8663,20.0,1597.2
73161,8.8069,20.0,1597.2
73162,8.8069,20.0,1597.2
73163,8.8069,20.0,1597.2
73164,8.8069,20.0,1597.3
73165,8.8069,20.0,1597.3
73166,8.8069,20.0,1597.3
73167,8.8069,20.0,1597.3
73168,8.8069,20.0,1597.3
73169,8.8069,20.0,1597.4
73170,8.8069,20.0,1597.4
73171,8.8069,20.0,1597.4
73172,8.8069,20.0,1597.4
73173,8.8069,20.0,1597.4
73174,8.8069,20.0,1597.5
73175,8.8069,20.0,1597.5
73176,8.8069,20.0,1597.5
73177,8.8069,20.0,1597.5
73178,8.8069,20.0,1597.6
73179,8.8069,20.0,1597.6
73180,8.8069,20.0,1597.6
73181,8.7476,20.0,1597.6
73182,8.7476,20.0,1597.6
73183,8.7476,20.0,1597.7
73184,8.7476,20.0,1597.7
73185,8.7476,20.0,1597.7
73186,8.7476,20.0,1597.7
73187,8.7476,20.0,1597.7
73188,8.7476,20.0,1597.8
73189,8.7476,20.0,1597.8
73190,8.7476,20.0,1597.8
73191,8.7476,20.0,1597.8
73192,8.7476,20.0,1597.9
73193,8.7476,20.0,1597.9
73194,8.7476,20.0,1597.9
73195,8.7476,20.0,1597.9
73196,8.7476,20.0,1597.9
73197,8.7476,20.0,1598.0
73198,8.7476,20.0,1598.0
73199,8.7476,20.0,1598.0
73200,8.7476,20.0,1598.0
73201,8.6882,20.0,1598.1
73202,8.6882,20.0,1598.1
73203,8.6882,20.0,1598.1
73204,8.6882,20.0,1598.1
73205,8.6882,20.0,1598.1
73206,8.6882,20.0,1598.2
73207,8.6882,20.0,1598.2
73208,8.6882,20.0,1598.2
73209,8.6882,20.0,1598.2
73210,8.6882,20.0,1598.2
73211,8.6882,20.0,1598.3
73212,8.6882,20.0,1598.3
73213,8.6882,20.0,1598.3
73214,8.6882,20.0,1598.3
73215,8.6882,20.0,1598.3
73216,8.6882,20.0,1598.4
73217,8.6882,20.0,1598.7
73218,8.6882,20.0,1598.7
73219,8.6882,20.0,1598.7
73220,8.6882,20.0,1598.7
73221,8.6288,20.0,1598.7
73222,8.6288,20.0,1598.8
73223,8.6288,20.0,1598.8
73224,8.6288,20.0,1598.8
73225,8.6288,20.0,1598.8
73226,8.6288,20.0,1598.9
73227,8.6288,20.0,1598.9
73228,8.6288,20.0,1598.9
73229,8.6288,20.0,1598.9
73230,8.6288,20.0,1598.9
73231,8.6288,20.0,1599.0
73232,8.6288,20.0,1599.0
73233,8.6288,20.0,1599.0
73234,8.6288,20.0,1599.0
73235,8.6288,20.0,1599.1
73236,8.6288,20.0,1599.1
73237,8.6288,20.0,1599.1
73238,8.6288,20.0,1599.1
73239,8.6288,20.0,1599.1
73240,8.6288,20.0,1599.2
73241,8.5495,20.0,1599.2
73242,8.5495,20.0,1599.2
73243,8.5495,20.0,1599.2
73244,8.5495,20.0,1599.2
73245,8.5495,20.0,1599.3
73246,8.5495,20.0,1599.3
73247,8.5495,20.0,1599.3
73248,8.5495,20.0,1599.3
73249,8.5495,20.0,1599.4
73250,8.5495,20.0,1599.4
73251,8.5495,20.0,1599.4
73252,8.5495,20.0,1599.4
73253,8.5495,20.0,1599.4
73254,8.5495,20.0,1599.5
73255,8.5495,20.0,1599.5
73256,8.5495,20.0,1599.5
73257,8.5495,20.0,1599.5
73258,8.5495,20.0,1599.5
73259,8.5495,20.0,1599.6
73260,8.5495,20.0,1599.6
73261,8.4701,20.0,1599.6
73262,8.4701,20.0,1599.6
73263,8.4701,20.0,1599.7
73264,8.4701,20.0,1599.7
73265,8.4701,20.0,1599.7
73266,8.4701,20.0,1599.7
73267,8.4701,20.0,1599.7
73268,8.4701,20.0,1599.8
73269,8.4701,20.0,1599.8
73270,8.4701,20.0,1599.8
73271,8.4701,20.0,1599.8
73272,8.4701,20.0,1599.8
73273,8.4701,20.0,1599.9
73274,8.4701,20.0,1599.9
73275,8.4701,20.0,1599.9
73276,8.4701,20.0,1599.9
73277,8.4701,20.0,1600.0
73278,8.4701,20.0,1600.0
73279,8.4701,20.0,1600.0
73280,8.4701,20.0,1600.0
73281,8.3907,20.0,1600.0
73282,8.3907,20.0,1600.1
73283,8.3907,20.0,1600.1
73284,8.3907,20.0,1600.1
73285,8.3907,20.0,1600.1
73286,8.3907,20.0,1600.1
73287,8.3907,20.0,1600.2
73288,8.3907,20.0,1600.2
73289,8.3907,20.0,1600.2
73290,8.3907,20.0,1600.2
73291,8.3907,20.0,1600.2
73292,8.3907,20.0,1600.3
73293,8.3907,20.0,1600.3
73294,8.3907,20.0,1600.3
73295,8.3907,20.0,1600.3
73296,8.3907,20.0,1600.3
73297,8.3907,20.0,1600.4
73298,8.3907,20.0,1600.4
73299,8.3907,20.0,1600.4
73300,8.3907,20.0,1600.4
73301,8.3113,20.0,1600.5
73302,8.3113,20.0,1600.5
73303,8.3113,20.0,1600.5
73304,8.3113,20.0,1600.5
73305,8.3113,20.0,1600.5
73306,8.3113,20.0,1600.6
73307,8.3113,20.0,1600.6
73308,8.3113,20.0,1600.6
73309,8.3113,20.0,1600.6
73310,8.3113,20.0,1600.6
73311,8.3113,20.0,1600.7
73312,8.3113,20.0,1600.7
73313,8.3113,20.0,1600.7
73314,8.3113,20.0,1600.7
73315,8.3113,20.0,1600.8
73316,8.3113,20.0,1600.8
73317,8.3113,20.0,1600.8
73318,8.3113,20.0,1600.8
73319,8.3113,20.0,1600.8
73320,8.3113,20.0,1600.9
73321,8.2319,20.0,1600.9
73322,8.2319,20.0,1600.9
73323,8.2319,20.0,1600.9
73324,8.2319,20.0,1601.0
73325,8.2319,20.0,1601.0
73326,8.2319,20.0,1601.0
73327,8.2319,20.0,1601.0
73328,8.2319,20.0,1601.0
73329,8.2319,20.0,1601.1
73330,8.2319,20.0,1601.1
73331,8.2319,20.0,1601.1
73332,8.2319,20.0,1601.1
73333,8.2319,20.0,1601.1
73334,8.2319,20.0,1601.2
73335,8.2319,20.0,1601.2
73336,8.2319,20.0,1601.2
73337,8.2319,20.0,1601.2
73338,8.2319,20.0,1601.3
73339,8.2319,20.0,1601.3
73340,8.2319,20.0,1601.3
73341,8.1526,20.0,1601.3
73342,8.1526,20.0,1601.3
73343,8.1526,20.0,1601.4
73344,8.1526,20.0,1601.4
73345,8.1526,20.0,1601.4
73346,8.1526,20.0,1601.4
73347,8.1526,20.0,1601.4
73348,8.1526,20.0,1601.5
73349,8.1526,20.0,1601.5
73350,8.1526,20.0,1601.5
73351,8.1526,20.0,1601.5
73352,8.1526,20.0,1601.6
73353,8.1526,20.0,1601.6
73354,8.1526,20.0,1601.6
73355,8.1526,20.0,1601.6
73356,8.1526,20.0,1601.6
73357,8.1526,20.0,1601.7
73358,8.1526,20.0,1601.7
73359,8.1526,20.0,1601.7
73360,8.1526,20.0,1601.7
73361,8.0732,20.0,1601.8
73362,8.0732,20.0,1601.8
73363,8.0732,20.0,1601.8
73364,8.0732,20.0,1601.8
73365,8.0732,20.0,1601.9
73366,8.0732,20.0,1601.9
73367,8.0732,20.0,1601.9
73368,8.0732,20.0,1601.9
73369,8.0732,20.0,1601.9
73370,8.0732,20.0,1602.0
73371,8.0732,20.0,1602.0
73372,8.0732,20.0,1602.0
73373,8.0732,20.0,1602.0
73374,8.0732,20.0,1602.0
73375,8.0732,20.0,1602.1
73376,8.0732,20.0,1602.1
73377,8.0732,20.0,1602.1
73378,8.0732,20.0,1602.1
73379,8.0732,20.0,1602.1
73380,8.0732,20.0,1602.2
73381,7.9938,20.0,1602.2
73382,7.9938,20.0,1602.2
73383,7.9938,20.0,1602.2
73384,7.9938,20.0,1602.3
73385,7.9938,20.0,1602.3
73386,7.9938,20.0,1602.3
73387,7.9938,20.0,1602.3
73388,7.9938,20.0,1602.3
73389,7.9938,20.0,1602.4
73390,7.9938,20.0,1602.4
73391,7.9938,20.0,1602.4
73392,7.9938,20.0,1602.4
73393,7.9938,20.0,1602.4
73394,7.9938,20.0,1602.5
73395,7.9938,20.0,1602.5
73396,7.9938,20.0,1602.5
73397,7.9938,20.0,1602.5
73398,7.9938,20.0,1602.6
73399,7.9938,20.0,1602.6
73400,7.9938,20.0,1602.6
73401,7.9144,20.0,1602.6
73402,7.9144,20.0,1602.6
73403,7.9144,20.0,1602.7
73404,7.9144,20.0,1602.7
73405,7.9144,20.0,1602.7
73406,7.9144,20.0,1602.7
73407,7.9144,20.0,1602.8
73408,7.9144,20.0,1602.8
73409,7.9144,20.0,1602.8
73410,7.9144,20.0,1602.8
73411,7.9144,20.0,1602.8
73412,7.9144,20.0,1602.9
73413,7.9144,20.0,1602.9
73414,7.9144,20.0,1602.9
73415,7.9144,20.0,1602.9
73416,7.9144,20.0,1603.0
73417,7.9144,20.0,1603.0
73418,7.9144,20.0,1603.0
73419,7.9144,20.0,1603.0
73420,7.9144,20.0,1603.0
73421,7.8350,20.0,1603.1
73422,7.8350,20.0,1603.1
73423,7.8350,20.0,1603.1
73424,7.8350,20.0,1603.1
73425,7.8350,20.0,1603.1
73426,7.8350,20.0,1603.2
73427,7.8350,20.0,1603.2
73428,7.8350,20.0,1603.2
73429,7.8350,20.0,1603.2
73430,7.8350,20.0,1603.2
73431,7.8350,20.0,1603.3
73432,7.8350,20.0,1603.3
73433,7.8350,20.0,1603.3
73434,7.8350,20.0,1603.3
73435,7.8350,20.0,1603.4
73436,7.8350,20.0,1603.4
73437,7.8350,20.0,1603.4
73438,7.8350,20.0,1603.4
73439,7.8350,20.0,1603.4
73440,7.8350,20.0,1603.5
73441,7.7557,20.0,1603.5
73442,7.7557,20.0,1603.5
73443,7.7557,20.0,1603.5
73444,7.7557,20.0,1603.6
73445,7.7557,20.0,1603.6
73446,7.7557,20.0,1603.6
73447,7.7557,20.0,1603.6
73448,7.7557,20.0,1603.6
73449,7.7557,20.0,1603.7
73450,7.7557,20.0,1603.7
73451,7.7557,20.0,1603.7
73452,7.7557,20.0,1603.7
73453,7.7557,20.0,1603.7
73454,7.7557,20.0,1603.8
73455,7.7557,20.0,1603.8
73456,7.7557,20.0,1603.8
73457,7.7557,20.0,1603.8
73458,7.7557,20.0,1603.9
73459,7.7557,20.0,1603.9
73460,7.7557,20.0,1603.9
73461,7.6763,20.0,1603.9
73462,7.6763,20.0,1603.9
73463,7.6763,20.0,1604.0
73464,7.6763,20.0,1604.0
73465,7.6763,20.0,1604.0
73466,7.6763,20.0,1604.0
73467,7.6763,20.0,1604.1
73468,7.6763,20.0,1604.1
73469,7.6763,20.0,1604.1
73470,7.6763,20.0,1604.1
73471,7.6763,20.0,1604.1
73472,7.6763,20.0,1604.1
73473,7.6763,20.0,1604.2
73474,7.6763,20.0,1604.2
73475,7.6763,20.0,1604.2
73476,7.6763,20.0,1604.2
73477,7.6763,20.0,1604.3
73478,7.6763,20.0,1604.3
73479,7.6763,20.0,1604.3
73480,7.6763,20.0,1604.3
73481,7.5969,20.0,1604.3
73482,7.5969,20.0,1604.4
73483,7.5969,20.0,1604.4
73484,7.5969,20.0,1604.4
73485,7.5969,20.0,1604.4
73486,7.5969,20.0,1604.4
73487,7.5969,20.0,1604.5
73488,7.5969,20.0,1604.5
73489,7.5969,20.0,1604.5
73490,7.5969,20.0,1604.5
73491,7.5969,20.0,1604.5
73492,7.5969,20.0,1604.6
73493,7.5969,20.0,1604.6
73494,7.5969,20.0,1604.6
73495,7.5969,20.0,1604.6
73496,7.5969,20.0,1604.6
73497,7.5969,20.0,1604.7
73498,7.5969,20.0,1604.7
73499,7.5969,20.0,1604.7
73500,7.5969,20.0,1604.7
73501,7.5175,20.0,1604.7
73502,7.5175,20.0,1604.8
73503,7.5175,20.0,1604.8
73504,7.5175,20.0,1604.8
73505,7.5175,20.0,1604.8
73506,7.5175,20.0,1604.8
73507,7.5175,20.0,1604.9
73508,7.5175,20.0,1604.9
73509,7.5175,20.0,1604.9
73510,7.5175,20.0,1604.9
73511,7.5175,20.0,1604.9
73512,7.5175,20.0,1605.0
73513,7.5175,20.0,1605.0
73514,7.5175,20.0,1605.0
73515,7.5175,20.0,1605.0
73516,7.5175,20.0,1605.1
73517,7.5175,20.0,1605.1
73518,7.5175,20.0,1605.1
73519,7.5175,20.0,1605.1
73520,7.5175,20.0,1605.1
73521,7.4381,20.0,1605.2
73522,7.4381,20.0,1605.2
73523,7.4381,20.0,1605.2
73524,7.4381,20.0,1605.2
73525,7.4381,20.0,1605.3
73526,7.4381,20.0,1605.3
73527,7.4381,20.0,1605.3
73528,7.4381,20.0,1605.3
73529,7.4381,20.0,1605.3
73530,7.4381,20.0,1605.4
73531,7.4381,20.0,1605.4
73532,7.4381,20.0,1605.4
73533,7.4381,20.0,1605.4
73534,7.4381,20.0,1605.4
73535,7.4381,20.0,1605.5
73536,7.4381,20.0,1605.5
73537,7.4381,20.0,1605.5
73538,7.4381,20.0,1605.5
73539,7.4381,20.0,1605.6
73540,7.4381,20.0,1605.6
73541,7.3588,20.0,1605.6
73542,7.3588,20.0,1605.6
73543,7.3588,20.0,1605.6
73544,7.3588,20.0,1605.7
73545,7.3588,20.0,1605.7
73546,7.3588,20.0,1605.7
73547,7.3588,20.0,1605.7
73548,7.3588,20.0,1605.8
73549,7.3588,20.0,1605.8
73550,7.3588,20.0,1605.8
73551,7.3588,20.0,1605.8
73552,7.3588,20.0,1605.8
73553,7.3588,20.0,1605.8
73554,7.3588,20.0,1605.9
73555,7.3588,20.0,1605.9
73556,7.3588,20.0,1605.9
73557,7.3588,20.0,1605.9
73558,7.3588,20.0,1606.0
73559,7.3588,20.0,1606.0
73560,7.3588,20.0,1606.0
73561,7.2794,20.0,1606.0
73562,7.2794,20.0,1606.0
73563,7.2794,20.0,1606.1
73564,7.2794,20.0,1606.1
73565,7.2794,20.0,1606.1
73566,7.2794,20.0,1606.1
73567,7.2794,20.0,1606.1
73568,7.2794,20.0,1606.2
73569,7.2794,20.0,1606.2
73570,7.2794,20.0,1606.2
73571,7.2794,20.0,1606.2
73572,7.2794,20.0,1606.2
73573,7.2794,20.0,1606.3
73574,7.2794,20.0,1606.3
73575,7.2794,20.0,1606.3
73576,7.2794,20.0,1606.3
73577,7.2794,20.0,1606.3
73578,7.2794,20.0,1606.4
73579,7.2794,20.0,1606.4
73580,7.2794,20.0,1606.4
73581,7.2000,20.0,1606.4
73582,7.2000,20.0,1606.4
73583,7.2000,20.0,1606.5
73584,7.2000,20.0,1606.5
73585,7.2000,20.0,1606.5
73586,7.2000,20.0,1606.5
73587,7.2000,20.0,1606.6
73588,7.2000,20.0,1606.6
73589,7.2000,20.0,1606.6
73590,7.2000,20.0,1606.6
73591,7.2000,20.0,1606.6
73592,7.2000,20.0,1606.7
73593,7.2000,20.0,1606.7
73594,7.2000,20.0,1606.7
73595,7.2000,20.0,1606.7
73596,7.2000,20.0,1606.7
73597,7.2000,20.0,1606.8
73598,7.2000,20.0,1606.8
73599,7.2000,20.0,1606.8
73600,7.2000,20.0,1606.8
73601,7.1206,20.0,1606.9
73602,7.1206,20.0,1606.9
73603,7.1206,20.0,1606.9
73604,7.1206,20.0,1606.9
73605,7.1206,20.0,1606.9
73606,7.1206,20.0,1607.0
73607,7.1206,20.0,1607.0
73608,7.1206,20.0,1607.0
73609,7.1206,20.0,1607.0
73610,7.1206,20.0,1607.1
73611,7.1206,20.0,1607.1
73612,7.1206,20.0,1607.1
73613,7.1206,20.0,1607.1
73614,7.1206,20.0,1607.1
73615,7.1206,20.0,1607.1
73616,7.1206,20.0,1607.2
73617,7.1206,20.0,1607.2
73618,7.1206,20.0,1607.2
73619,7.1206,20.0,1607.2
73620,7.1206,20.0,1607.3
73621,7.0412,20.0,1607.3
73622,7.0412,20.0,1607.3
73623,7.0412,20.0,1607.3
73624,7.0412,20.0,1607.3
73625,7.0412,20.0,1607.4
73626,7.0412,20.0,1607.4
73627,7.0412,20.0,1607.4
73628,7.0412,20.0,1607.4
73629,7.0412,20.0,1607.5
73630,7.0412,20.0,1607.5
73631,7.0412,20.0,1607.5
73632,7.0412,20.0,1607.5
73633,7.0412,20.0,1607.6
73634,7.0412,20.0,1607.6
73635,7.0412,20.0,1607.6
73636,7.0412,20.0,1607.6
73637,7.0412,20.0,1607.6
73638,7.0412,20.0,1607.7
73639,7.0412,20.0,1607.7
73640,7.0412,20.0,1607.7
73641,6.9619,20.0,1607.7
73642,6.9619,20.0,1607.7
73643,6.9619,20.0,1607.8
73644,6.9619,20.0,1607.8
73645,6.9619,20.0,1607.8
73646,6.9619,20.0,1607.8
73647,6.9619,20.0,1607.8
73648,6.9619,20.0,1607.9
73649,6.9619,20.0,1607.9
73650,6.9619,20.0,1607.9
73651,6.9619,20.0,1607.9
73652,6.9619,20.0,1608.0
73653,6.9619,20.0,1608.0
73654,6.9619,20.0,1608.0
73655,6.9619,20.0,1608.0
73656,6.9619,20.0,1608.1
73657,6.9619,20.0,1608.1
73658,6.9619,20.0,1608.1
73659,6.9619,20.0,1608.1
73660,6.9619,20.0,1608.1
73661,6.8825,20.0,1608.2
73662,6.8825,20.0,1608.2
73663,6.8825,20.0,1608.2
73664,6.8825,20.0,1608.2
73665,6.8825,20.0,1608.2
73666,6.8825,20.0,1608.2
73667,6.8825,20.0,1608.3
73668,6.8825,20.0,1608.3
73669,6.8825,20.0,1608.3
73670,6.8825,20.0,1608.3
73671,6.8825,20.0,1608.4
73672,6.8825,20.0,1608.4
73673,6.8825,20.0,1608.4
73674,6.8825,20.0,1608.4
73675,6.8825,20.0,1608.4
73676,6.8825,20.0,1608.5
73677,6.8825,20.0,1608.5
73678,6.8825,20.0,1608.5
73679,6.8825,20.0,1608.5
73680,6.8825,20.0,1608.5
73681,6.8031,20.0,1608.6
73682,6.8031,20.0,1608.6
73683,6.8031,20.0,1608.6
73684,6.8031,20.0,1608.6
73685,6.8031,20.0,1608.7
73686,6.8031,20.0,1608.7
73687,6.8031,20.0,1608.7
73688,6.8031,20.0,1608.7
73689,6.8031,20.0,1608.8
73690,6.8031,20.0,1608.8
73691,6.8031,20.0,1608.8
73692,6.8031,20.0,1608.8
73693,6.8031,20.0,1608.8
73694,6.8031,20.0,1608.9
73695,6.8031,20.0,1608.9
73696,6.8031,20.0,1608.9
73697,6.8031,20.0,1608.9
73698,6.8031,20.0,1609.0
73699,6.8031,20.0,1609.0
73700,6.8031,20.0,1609.0
73701,6.8024,20.0,1609.0
73702,6.8024,20.0,1609.0
73703,6.8024,20.0,1609.0
73704,6.8024,20.0,1609.1
73705,6.8024,20.0,1609.1
73706,6.8024,20.0,1609.1
73707,6.8024,20.0,1609.1
73708,6.8024,20.0,1609.2
73709,6.8024,20.0,1609.2
73710,6.8024,20.0,1609.2
73711,6.8024,20.0,1609.2
73712,6.8024,20.0,1609.2
73713,6.8024,20.0,1609.3
73714,6.8024,20.0,1609.3
73715,6.8024,20.0,1609.3
73716,6.8024,20.0,1609.3
73717,6.8024,20.0,1609.4
73718,6.8024,20.0,1609.4
73719,6.8024,20.0,1609.4
73720,6.8024,20.0,1609.4
73721,6.8017,20.0,1609.4
73722,6.8017,20.0,1609.5
73723,6.8017,20.0,1609.5
73724,6.8017,20.0,1609.5
73725,6.8017,20.0,1609.5
73726,6.8017,20.0,1609.6
73727,6.8017,20.0,1609.6
73728,6.8017,20.0,1609.6
73729,6.8017,20.0,1609.9
73730,6.8017,20.0,1609.9
73731,6.8017,20.0,1609.9
73732,6.8017,20.0,1610.0
73733,6.8017,20.0,1610.0
73734,6.8017,20.0,1610.0
73735,6.8017,20.0,1610.0
73736,6.8017,20.0,1610.1
73737,6.8017,20.0,1610.1
73738,6.8017,20.0,1610.1
73739,6.8017,20.0,1610.1
73740,6.8017,20.0,1610.1
73741,6.8207,20.0,1610.2
73742,6.8207,20.0,1610.2
73743,6.8207,20.0,1610.2
73744,6.8207,20.0,1610.2
73745,6.8207,20.0,1610.2
73746,6.8207,20.0,1610.3
73747,6.8207,20.0,1610.3
73748,6.8207,20.0,1610.3
73749,6.8207,20.0,1610.3
73750,6.8207,20.0,1610.3
73751,6.8207,20.0,1610.4
73752,6.8207,20.0,1610.4
73753,6.8207,20.0,1610.4
73754,6.8207,20.0,1610.4
73755,6.8207,20.0,1610.4
73756,6.8207,20.0,1610.4
73757,6.8207,20.0,1610.5
73758,6.8207,20.0,1610.5
73759,6.8207,20.0,1610.5
73760,6.8207,20.0,1610.5
73761,6.8397,20.0,1610.6
73762,6.8397,20.0,1610.6
73763,6.8397,20.0,1610.6
73764,6.8397,20.0,1610.6
73765,6.8397,20.0,1610.6
73766,6.8397,20.0,1610.7
73767,6.8397,20.0,1610.7
73768,6.8397,20.0,1610.7
73769,6.8397,20.0,1610.7
73770,6.8397,20.0,1610.8
73771,6.8397,20.0,1610.8
73772,6.8397,20.0,1610.8
73773,6.8397,20.0,1610.8
73774,6.8397,20.0,1610.8
73775,6.8397,20.0,1610.9
73776,6.8397,20.0,1610.9
73777,6.8397,20.0,1610.9
73778,6.8397,20.0,1610.9
73779,6.8397,20.0,1611.0
73780,6.8397,20.0,1611.0
73781,6.8588,20.0,1611.0
73782,6.8588,20.0,1611.0
73783,6.8588,20.0,1611.0
73784,6.8588,20.0,1611.1
73785,6.8588,20.0,1611.1
73786,6.8588,20.0,1611.1
73787,6.8588,20.0,1611.1
73788,6.8588,20.0,1611.1
73789,6.8588,20.0,1611.2
73790,6.8588,20.0,1611.2
73791,6.8588,20.0,1611.2
73792,6.8588,20.0,1611.2
73793,6.8588,20.0,1611.2
73794,6.8588,20.0,1611.3
73795,6.8588,20.0,1611.3
73796,6.8588,20.0,1611.3
73797,6.8588,20.0,1611.3
73798,6.8588,20.0,1611.3
73799,6.8588,20.0,1611.4
73800,6.8588,20.0,1611.4
73801,6.8778,20.0,1611.4
73802,6.8778,20.0,1611.4
73803,6.8778,20.0,1611.4
73804,6.8778,20.0,1611.5
73805,6.8778,20.0,1611.5
73806,6.8778,20.0,1611.5
73807,6.8778,20.0,1611.5
73808,6.8778,20.0,1611.5
73809,6.8778,20.0,1611.6
73810,6.8778,20.0,1611.6
73811,6.8778,20.0,1611.6
73812,6.8778,20.0,1611.6
73813,6.8778,20.0,1611.7
73814,6.8778,20.0,1611.7
73815,6.8778,20.0,1611.7
73816,6.8778,20.0,1611.7
73817,6.8778,20.0,1611.7
73818,6.8778,20.0,1611.8
73819,6.8778,20.0,1611.8
73820,6.8778,20.0,1611.8
73821,6.8968,20.0,1611.8
73822,6.8968,20.0,1611.9
73823,6.8968,20.0,1611.9
73824,6.8968,20.0,1611.9
73825,6.8968,20.0,1611.9
73826,6.8968,20.0,1611.9
73827,6.8968,20.0,1612.0
73828,6.8968,20.0,1612.0
73829,6.8968,20.0,1612.0
73830,6.8968,20.0,1612.0
73831,6.8968,20.0,1612.1
73832,6.8968,20.0,1612.1
73833,6.8968,20.0,1612.1
73834,6.8968,20.0,1612.1
73835,6.8968,20.0,1612.1
73836,6.8968,20.0,1612.2
73837,6.8968,20.0,1612.2
73838,6.8968,20.0,1612.2
73839,6.8968,20.0,1612.2
73840,6.8968,20.0,1612.2
73841,6.9158,20.0,1612.3
73842,6.9158,20.0,1612.3
73843,6.9158,20.0,1612.3
73844,6.9158,20.0,1612.3
73845,6.9158,20.0,1612.3
73846,6.9158,20.0,1612.4
73847,6.9158,20.0,1612.4
73848,6.9158,20.0,1612.4
73849,6.9158,20.0,1612.4
73850,6.9158,20.0,1612.4
73851,6.9158,20.0,1612.5
73852,6.9158,20.0,1612.5
73853,6.9158,20.0,1612.5
73854,6.9158,20.0,1612.5
73855,6.9158,20.0,1612.5
73856,6.9158,20.0,1612.6
73857,6.9158,20.0,1612.6
73858,6.9158,20.0,1612.6
73859,6.9158,20.0,1612.6
73860,6.9158,20.0,1612.6
73861,6.9349,20.0,1612.7
73862,6.9349,20.0,1612.7
73863,6.9349,20.0,1612.7
73864,6.9349,20.0,1612.7
73865,6.9349,20.0,1612.7
73866,6.9349,20.0,1612.8
73867,6.9349,20.0,1612.8
73868,6.9349,20.0,1612.8
73869,6.9349,20.0,1612.8
73870,6.9349,20.0,1612.9
73871,6.9349,20.0,1612.9
73872,6.9349,20.0,1612.9
73873,6.9349,20.0,1612.9
73874,6.9349,20.0,1612.9
73875,6.9349,20.0,1613.0
73876,6.9349,20.0,1613.0
73877,6.9349,20.0,1613.0
73878,6.9349,20.0,1613.0
73879,6.9349,20.0,1613.1
73880,6.9349,20.0,1613.1
73881,6.9539,20.0,1613.1
73882,6.9539,20.0,1613.1
73883,6.9539,20.0,1613.1
73884,6.9539,20.0,1613.1
73885,6.9539,20.0,1613.1
73886,6.9539,20.0,1613.2
73887,6.9539,20.0,1613.2
73888,6.9539,20.0,1613.2
73889,6.9539,20.0,1613.2
73890,6.9539,20.0,1613.3
73891,6.9539,20.0,1613.3
73892,6.9539,20.0,1613.3
73893,6.9539,20.0,1613.3
73894,6.9539,20.0,1613.3
73895,6.9539,20.0,1613.4
73896,6.9539,20.0,1613.4
73897,6.9539,20.0,1613.4
73898,6.9539,20.0,1613.4
73899,6.9539,20.0,1613.5
73900,6.9539,20.0,1613.5
73901,6.9729,20.0,1613.5
73902,6.9729,20.0,1613.5
73903,6.9729,20.0,1613.5
73904,6.9729,20.0,1613.6
73905,6.9729,20.0,1613.6
73906,6.9729,20.0,1613.6
73907,6.9729,20.0,1613.6
73908,6.9729,20.0,1613.6
73909,6.9729,20.0,1613.7
73910,6.9729,20.0,1613.7
73911,6.9729,20.0,1613.7
73912,6.9729,20.0,1613.7
73913,6.9729,20.0,1613.7
73914,6.9729,20.0,1613.8
73915,6.9729,20.0,1613.8
73916,6.9729,20.0,1613.8
73917,6.9729,20.0,1613.8
73918,6.9729,20.0,1613.9
73919,6.9729,20.0,1613.9
73920,6.9729,20.0,1613.9
73921,6.9919,20.0,1613.9
73922,6.9919,20.0,1613.9
73923,6.9919,20.0,1613.9
73924,6.9919,20.0,1614.0
73925,6.9919,20.0,1614.0
73926,6.9919,20.0,1614.0
73927,6.9919,20.0,1614.0
73928,6.9919,20.0,1614.1
73929,6.9919,20.0,1614.1
73930,6.9919,20.0,1614.1
73931,6.9919,20.0,1614.1
73932,6.9919,20.0,1614.1
73933,6.9919,20.0,1614.2
73934,6.9919,20.0,1614.2
73935,6.9919,20.0,1614.2
73936,6.9919,20.0,1614.2
73937,6.9919,20.0,1614.3
73938,6.9919,20.0,1614.3
73939,6.9919,20.0,1614.3
73940,6.9919,20.0,1614.3
73941,7.0110,20.0,1614.3
73942,7.0110,20.0,1614.4
73943,7.0110,20.0,1614.4
73944,7.0110,20.0,1614.4
73945,7.0110,20.0,1614.4
73946,7.0110,20.0,1614.4
73947,7.0110,20.0,1614.5
73948,7.0110,20.0,1614.5
73949,7.0110,20.0,1614.5
73950,7.0110,20.0,1614.5
73951,7.0110,20.0,1614.5
73952,7.0110,20.0,1614.6
73953,7.0110,20.0,1614.6
73954,7.0110,20.0,1614.6
73955,7.0110,20.0,1614.6
73956,7.0110,20.0,1614.6
73957,7.0110,20.0,1614.6
73958,7.0110,20.0,1614.7
73959,7.0110,20.0,1614.7
73960,7.0110,20.0,1614.7
73961,7.0300,20.0,1614.7
73962,7.0300,20.0,1614.8
73963,7.0300,20.0,1614.8
73964,7.0300,20.0,1614.8
73965,7.0300,20.0,1614.8
73966,7.0300,20.0,1614.8
73967,7.0300,20.0,1614.9
73968,7.0300,20.0,1614.9
73969,7.0300,20.0,1614.9
73970,7.0300,20.0,1614.9
73971,7.0300,20.0,1614.9
73972,7.0300,20.0,1615.0
73973,7.0300,20.0,1615.0
73974,7.0300,20.0,1615.0
73975,7.0300,20.0,1615.0
73976,7.0300,20.0,1615.1
73977,7.0300,20.0,1615.1
73978,7.0300,20.0,1615.1
73979,7.0300,20.0,1615.1
73980,7.0300,20.0,1615.1
73981,7.0490,20.0,1615.2
73982,7.0490,20.0,1615.2
73983,7.0490,20.0,1615.2
73984,7.0490,20.0,1615.2
73985,7.0490,20.0,1615.2
73986,7.0490,20.0,1615.3
73987,7.0490,20.0,1615.3
73988,7.0490,20.0,1615.3
73989,7.0490,20.0,1615.3
73990,7.0490,20.0,1615.3
73991,7.0490,20.0,1615.4
73992,7.0490,20.0,1615.4
73993,7.0490,20.0,1615.4
73994,7.0490,20.0,1615.4
73995,7.0490,20.0,1615.4
73996,7.0490,20.0,1615.5
73997,7.0490,20.0,1615.5
73998,7.0490,20.0,1615.5
73999,7.0490,20.0,1615.5
74000,7.0490,20.0,1615.6
74001,7.0680,20.0,1615.6
74002,7.0680,20.0,1615.6
74003,7.0680,20.0,1615.6
74004,7.0680,20.0,1615.6
74005,7.0680,20.0,1615.7
74006,7.0680,20.0,1615.7
74007,7.0680,20.0,1615.7
74008,7.0680,20.0,1615.7
74009,7.0680,20.0,1615.7
74010,7.0680,20.0,1615.8
74011,7.0680,20.0,1615.8
74012,7.0680,20.0,1615.8
74013,7.0680,20.0,1615.8
74014,7.0680,20.0,1615.8
74015,7.0680,20.0,1615.9
74016,7.0680,20.0,1615.9
74017,7.0680,20.0,1615.9
74018,7.0680,20.0,1615.9
74019,7.0680,20.0,1615.9
74020,7.0680,20.0,1616.0
74021,7.0871,20.0,1616.0
74022,7.0871,20.0,1616.0
74023,7.0871,20.0,1616.1
74024,7.0871,20.0,1616.1
74025,7.0871,20.0,1616.1
74026,7.0871,20.0,1616.1
74027,7.0871,20.0,1616.1
74028,7.0871,20.0,1616.2
74029,7.0871,20.0,1616.2
74030,7.0871,20.0,1616.2
74031,7.0871,20.0,1616.2
74032,7.0871,20.0,1616.2
74033,7.0871,20.0,1616.2
74034,7.0871,20.0,1616.3
74035,7.0871,20.0,1616.3
74036,7.0871,20.0,1616.3
74037,7.0871,20.0,1616.3
74038,7.0871,20.0,1616.4
74039,7.0871,20.0,1616.4
74040,7.0871,20.0,1616.4
74041,7.1061,20.0,1616.4
74042,7.1061,20.0,1616.5
74043,7.1061,20.0,1616.5
74044,7.1061,20.0,1616.5
74045,7.1061,20.0,1616.5
74046,7.1061,20.0,1616.6
74047,7.1061,20.0,1616.6
74048,7.1061,20.0,1616.6
74049,7.1061,20.0,1616.6
74050,7.1061,20.0,1616.6
74051,7.1061,20.0,1616.7
74052,7.1061,20.0,1616.7
74053,7.1061,20.0,1616.7
74054,7.1061,20.0,1616.7
74055,7.1061,20.0,1616.8
74056,7.1061,20.0,1616.8
74057,7.1061,20.0,1616.8
74058,7.1061,20.0,1616.8
74059,7.1061,20.0,1616.8
74060,7.1061,20.0,1616.9
74061,7.1251,20.0,1616.9
74062,7.1251,20.0,1616.9
74063,7.1251,20.0,1616.9
74064,7.1251,20.0,1617.0
74065,7.1251,20.0,1617.0
74066,7.1251,20.0,1617.0
74067,7.1251,20.0,1617.0
74068,7.1251,20.0,1617.0
74069,7.1251,20.0,1617.1
74070,7.1251,20.0,1617.1
74071,7.1251,20.0,1617.1
74072,7.1251,20.0,1617.1
74073,7.1251,20.0,1617.2
74074,7.1251,20.0,1617.2
74075,7.1251,20.0,1617.2
74076,7.1251,20.0,1617.2
74077,7.1251,20.0,1617.2
74078,7.1251,20.0,1617.3
74079,7.1251,20.0,1617.3
74080,7.1251,20.0,1617.3
74081,7.1441,20.0,1617.3
74082,7.1441,20.0,1617.3
74083,7.1441,20.0,1617.4
74084,7.1441,20.0,1617.4
74085,7.1441,20.0,1617.4
74086,7.1441,20.0,1617.4
74087,7.1441,20.0,1617.4
74088,7.1441,20.0,1617.5
74089,7.1441,20.0,1617.5
74090,7.1441,20.0,1617.5
74091,7.1441,20.0,1617.5
74092,7.1441,20.0,1617.5
74093,7.1441,20.0,1617.6
74094,7.1441,20.0,1617.6
74095,7.1441,20.0,1617.6
74096,7.1441,20.0,1617.6
74097,7.1441,20.0,1617.6
74098,7.1441,20.0,1617.6
74099,7.1441,20.0,1617.7
74100,7.1441,20.0,1617.7
74101,7.1631,20.0,1617.7
74102,7.1631,20.0,1617.7
74103,7.1631,20.0,1617.8
74104,7.1631,20.0,1617.8
74105,7.1631,20.0,1617.8
74106,7.1631,20.0,1617.8
74107,7.1631,20.0,1617.8
74108,7.1631,20.0,1617.9
74109,7.1631,20.0,1617.9
74110,7.1631,20.0,1617.9
74111,7.1631,20.0,1617.9
74112,7.1631,20.0,1617.9
74113,7.1631,20.0,1618.0
74114,7.1631,20.0,1618.0
74115,7.1631,20.0,1618.0
74116,7.1631,20.0,1618.0
74117,7.1631,20.0,1618.0
74118,7.1631,20.0,1618.0
74119,7.1631,20.0,1618.1
74120,7.1631,20.0,1618.1
74121,7.1822,20.0,1618.1
74122,7.1822,20.0,1618.1
74123,7.1822,20.0,1618.2
74124,7.1822,20.0,1618.2
74125,7.1822,20.0,1618.2
74126,7.1822,20.0,1618.2
74127,7.1822,20.0,1618.2
74128,7.1822,20.0,1618.3
74129,7.1822,20.0,1618.3
74130,7.1822,20.0,1618.3
74131,7.1822,20.0,1618.3
74132,7.1822,20.0,1618.3
74133,7.1822,20.0,1618.4
74134,7.1822,20.0,1618.4
74135,7.1822,20.0,1618.4
74136,7.1822,20.0,1618.4
74137,7.1822,20.0,1618.4
74138,7.1822,20.0,1618.5
74139,7.1822,20.0,1618.5
74140,7.1822,20.0,1618.5
74141,7.2012,20.0,1618.5
74142,7.2012,20.0,1618.5
74143,7.2012,20.0,1618.6
74144,7.2012,20.0,1618.6
74145,7.2012,20.0,1618.6
74146,7.2012,20.0,1618.6
74147,7.2012,20.0,1618.7
74148,7.2012,20.0,1618.7
74149,7.2012,20.0,1618.7
74150,7.2012,20.0,1618.7
74151,7.2012,20.0,1618.7
74152,7.2012,20.0,1618.8
74153,7.2012,20.0,1618.8
74154,7.2012,20.0,1618.8
74155,7.2012,20.0,1618.8
74156,7.2012,20.0,1618.8
74157,7.2012,20.0,1618.9
74158,7.2012,20.0,1618.9
74159,7.2012,20.0,1618.9
74160,7.2012,20.0,1618.9
74161,7.2202,20.0,1618.9
74162,7.2202,20.0,1619.0
74163,7.2202,20.0,1619.0
74164,7.2202,20.0,1619.0
74165,7.2202,20.0,1619.0
74166,7.2202,20.0,1619.0
74167,7.2202,20.0,1619.1
74168,7.2202,20.0,1619.1
74169,7.2202,20.0,1619.1
74170,7.2202,20.0,1619.1
74171,7.2202,20.0,1619.1
74172,7.2202,20.0,1619.2
74173,7.2202,20.0,1619.2
74174,7.2202,20.0,1619.2
74175,7.2202,20.0,1619.2
74176,7.2202,20.0,1619.2
74177,7.2202,20.0,1619.3
74178,7.2202,20.0,1619.3
74179,7.2202,20.0,1619.3
74180,7.2202,20.0,1619.3
74181,7.2392,20.0,1619.3
74182,7.2392,20.0,1619.4
74183,7.2392,20.0,1619.4
74184,7.2392,20.0,1619.4
74185,7.2392,20.0,1619.4
74186,7.2392,20.0,1619.5
74187,7.2392,20.0,1619.5
74188,7.2392,20.0,1619.5
74189,7.2392,20.0,1619.5
74190,7.2392,20.0,1619.5
74191,7.2392,20.0,1619.6
74192,7.2392,20.0,1619.6
74193,7.2392,20.0,1619.6
74194,7.2392,20.0,1619.6
74195,7.2392,20.0,1619.6
74196,7.2392,20.0,1619.7
74197,7.2392,20.0,1619.7
74198,7.2392,20.0,1619.7
74199,7.2392,20.0,1619.7
74200,7.2392,20.0,1619.7
74201,7.2589,20.0,1619.8
74202,7.2589,20.0,1619.8
74203,7.2589,20.0,1619.8
74204,7.2589,20.0,1619.8
74205,7.2589,20.0,1619.8
74206,7.2589,20.0,1619.9
74207,7.2589,20.0,1619.9
74208,7.2589,20.0,1619.9
74209,7.2589,20.0,1619.9
74210,7.2589,20.0,1619.9
74211,7.2589,20.0,1619.9
74212,7.2589,20.0,1620.0
74213,7.2589,20.0,1620.0
74214,7.2589,20.0,1620.0
74215,7.2589,20.0,1620.0
74216,7.2589,20.0,1620.1
74217,7.2589,20.0,1620.1
74218,7.2589,20.0,1620.1
74219,7.2589,20.0,1620.1
74220,7.2589,20.0,1620.2
74221,7.2785,20.0,1620.2
74222,7.2785,20.0,1620.2
74223,7.2785,20.0,1620.2
74224,7.2785,20.0,1620.2
74225,7.2785,20.0,1620.3
74226,7.2785,20.0,1620.3
74227,7.2785,20.0,1620.3
74228,7.2785,20.0,1620.3
74229,7.2785,20.0,1620.3
74230,7.2785,20.0,1620.4
74231,7.2785,20.0,1620.4
74232,7.2785,20.0,1620.4
74233,7.2785,20.0,1620.4
74234,7.2785,20.0,1620.5
74235,7.2785,20.0,1620.5
74236,7.2785,20.0,1620.5
74237,7.2785,20.0,1620.5
74238,7.2785,20.0,1620.6
74239,7.2785,20.0,1620.6
74240,7.2785,20.0,1620.6
74241,7.2981,20.0,1620.9
74242,7.2981,20.0,1621.0
74243,7.2981,20.0,1621.0
74244,7.2981,20.0,1621.0
74245,7.2981,20.0,1621.0
74246,7.2981,20.0,1621.1
74247,7.2981,20.0,1621.1
74248,7.2981,20.0,1621.1
74249,7.2981,20.0,1621.1
74250,7.2981,20.0,1621.1
74251,7.2981,20.0,1621.1
74252,7.2981,20.0,1621.2
74253,7.2981,20.0,1621.2
74254,7.2981,20.0,1621.2
74255,7.2981,20.0,1621.2
74256,7.2981,20.0,1621.2
74257,7.2981,20.0,1621.3
74258,7.2981,20.0,1621.3
74259,7.2981,20.0,1621.3
74260,7.2981,20.0,1621.3
74261,7.3177,20.0,1621.3
74262,7.3177,20.0,1621.4
74263,7.3177,20.0,1621.4
74264,7.3177,20.0,1621.4
74265,7.3177,20.0,1621.4
74266,7.3177,20.0,1621.5
74267,7.3177,20.0,1621.5
74268,7.3177,20.0,1621.5
74269,7.3177,20.0,1621.5
74270,7.3177,20.0,1621.5
74271,7.3177,20.0,1621.6
74272,7.3177,20.0,1621.6
74273,7.3177,20.0,1621.6
74274,7.3177,20.0,1621.6
74275,7.3177,20.0,1621.6
74276,7.3177,20.0,1621.7
74277,7.3177,20.0,1621.7
74278,7.3177,20.0,1621.7
74279,7.3177,20.0,1621.7
74280,7.3177,20.0,1621.7
74281,7.3373,20.0,1621.8
74282,7.3373,20.0,1621.8
74283,7.3373,20.0,1621.8
74284,7.3373,20.0,1621.8
74285,7.3373,20.0,1621.8
74286,7.3373,20.0,1621.9
74287,7.3373,20.0,1621.9
74288,7.3373,20.0,1621.9
74289,7.3373,20.0,1621.9
74290,7.3373,20.0,1621.9
74291,7.3373,20.0,1622.0
74292,7.3373,20.0,1622.0
74293,7.3373,20.0,1622.0
74294,7.3373,20.0,1622.0
74295,7.3373,20.0,1622.1
74296,7.3373,20.0,1622.1
74297,7.3373,20.0,1622.1
74298,7.3373,20.0,1622.1
74299,7.3373,20.0,1622.1
74300,7.3373,20.0,1622.2
74301,7.3569,20.0,1622.2
74302,7.3569,20.0,1622.2
74303,7.3569,20.0,1622.2
74304,7.3569,20.0,1622.2
74305,7.3569,20.0,1622.3
74306,7.3569,20.0,1622.3
74307,7.3569,20.0,1622.3
74308,7.3569,20.0,1622.3
74309,7.3569,20.0,1622.4
74310,7.3569,20.0,1622.4
74311,7.3569,20.0,1622.4
74312,7.3569,20.0,1622.4
74313,7.3569,20.0,1622.4
74314,7.3569,20.0,1622.5
74315,7.3569,20.0,1622.5
74316,7.3569,20.0,1622.5
74317,7.3569,20.0,1622.5
74318,7.3569,20.0,1622.5
74319,7.3569,20.0,1622.6
74320,7.3569,20.0,1622.6
74321,7.3765,20.0,1622.6
74322,7.3765,20.0,1622.6
74323,7.3765,20.0,1622.7
74324,7.3765,20.0,1622.7
74325,7.3765,20.0,1622.7
74326,7.3765,20.0,1622.7
74327,7.3765,20.0,1622.8
74328,7.3765,20.0,1622.8
74329,7.3765,20.0,1622.8
74330,7.3765,20.0,1622.8
74331,7.3765,20.0,1622.8
74332,7.3765,20.0,1622.8
74333,7.3765,20.0,1622.9
74334,7.3765,20.0,1622.9
74335,7.3765,20.0,1622.9
74336,7.3765,20.0,1623.0
74337,7.3765,20.0,1623.0
74338,7.3765,20.0,1623.0
74339,7.3765,20.0,1623.0
74340,7.3765,20.0,1623.0
74341,7.3961,20.0,1623.1
74342,7.3961,20.0,1623.1
74343,7.3961,20.0,1623.1
74344,7.3961,20.0,1623.1
74345,7.3961,20.0,1623.1
74346,7.3961,20.0,1623.2
74347,7.3961,20.0,1623.2
74348,7.3961,20.0,1623.2
74349,7.3961,20.0,1623.2
74350,7.3961,20.0,1623.2
74351,7.3961,20.0,1623.3
74352,7.3961,20.0,1623.3
74353,7.3961,20.0,1623.3
74354,7.3961,20.0,1623.3
74355,7.3961,20.0,1623.3
74356,7.3961,20.0,1623.4
74357,7.3961,20.0,1623.4
74358,7.3961,20.0,1623.4
74359,7.3961,20.0,1623.4
74360,7.3961,20.0,1623.4
74361,7.4158,20.0,1623.5
74362,7.4158,20.0,1623.5
74363,7.4158,20.0,1623.5
74364,7.4158,20.0,1623.5
74365,7.4158,20.0,1623.5
74366,7.4158,20.0,1623.6
74367,7.4158,20.0,1623.6
74368,7.4158,20.0,1623.6
74369,7.4158,20.0,1623.6
74370,7.4158,20.0,1623.7
74371,7.4158,20.0,1623.7
74372,7.4158,20.0,1623.7
74373,7.4158,20.0,1623.7
74374,7.4158,20.0,1623.7
74375,7.4158,20.0,1623.8
74376,7.4158,20.0,1623.8
74377,7.4158,20.0,1623.8
74378,7.4158,20.0,1623.8
74379,7.4158,20.0,1623.9
74380,7.4158,20.0,1623.9
74381,7.4354,20.0,1623.9
74382,7.4354,20.0,1623.9
74383,7.4354,20.0,1624.0
74384,7.4354,20.0,1624.0
74385,7.4354,20.0,1624.0
74386,7.4354,20.0,1624.0
74387,7.4354,20.0,1624.0
74388,7.4354,20.0,1624.1
74389,7.4354,20.0,1624.1
74390,7.4354,20.0,1624.1
74391,7.4354,20.0,1624.1
74392,7.4354,20.0,1624.2
74393,7.4354,20.0,1624.2
74394,7.4354,20.0,1624.2
74395,7.4354,20.0,1624.2
74396,7.4354,20.0,1624.3
74397,7.4354,20.0,1624.3
74398,7.4354,20.0,1624.3
74399,7.4354,20.0,1624.3
74400,7.4354,20.0,1624.3
74401,7.4550,20.0,1624.4
74402,7.4550,20.0,1624.4
74403,7.4550,20.0,1624.4
74404,7.4550,20.0,1624.4
74405,7.4550,20.0,1624.5
74406,7.4550,20.0,1624.5
74407,7.4550,20.0,1624.5
74408,7.4550,20.0,1624.5
74409,7.4550,20.0,1624.5
74410,7.4550,20.0,1624.6
74411,7.4550,20.0,1624.6
74412,7.4550,20.0,1624.6
74413,7.4550,20.0,1624.6
74414,7.4550,20.0,1624.7
74415,7.4550,20.0,1624.7
74416,7.4550,20.0,1624.7
74417,7.4550,20.0,1624.7
74418,7.4550,20.0,1624.7
74419,7.4550,20.0,1624.8
74420,7.4550,20.0,1624.8
74421,7.4746,20.0,1624.8
74422,7.4746,20.0,1624.8
74423,7.4746,20.0,1624.9
74424,7.4746,20.0,1624.9
74425,7.4746,20.0,1624.9
74426,7.4746,20.0,1624.9
74427,7.4746,20.0,1625.0
74428,7.4746,20.0,1625.0
74429,7.4746,20.0,1625.0
74430,7.4746,20.0,1625.0
74431,7.4746,20.0,1625.0
74432,7.4746,20.0,1625.1
74433,7.4746,20.0,1625.1
74434,7.4746,20.0,1625.1
74435,7.4746,20.0,1625.1
74436,7.4746,20.0,1625.2
74437,7.4746,20.0,1625.2
74438,7.4746,20.0,1625.2
74439,7.4746,20.0,1625.2
74440,7.4746,20.0,1625.2
74441,7.4942,20.0,1625.3
74442,7.4942,20.0,1625.3
74443,7.4942,20.0,1625.3
74444,7.4942,20.0,1625.3
74445,7.4942,20.0,1625.4
74446,7.4942,20.0,1625.4
74447,7.4942,20.0,1625.4
74448,7.4942,20.0,1625.4
74449,7.4942,20.0,1625.4
74450,7.4942,20.0,1625.5
74451,7.4942,20.0,1625.5
74452,7.4942,20.0,1625.5
74453,7.4942,20.0,1625.5
74454,7.4942,20.0,1625.5
74455,7.4942,20.0,1625.6
74456,7.4942,20.0,1625.6
74457,7.4942,20.0,1625.6
74458,7.4942,20.0,1625.6
74459,7.4942,20.0,1625.6
74460,7.4942,20.0,1625.7
74461,7.5138,20.0,1625.7
74462,7.5138,20.0,1625.7
74463,7.5138,20.0,1625.7
74464,7.5138,20.0,1625.7
74465,7.5138,20.0,1625.8
74466,7.5138,20.0,1625.8
74467,7.5138,20.0,1625.8
74468,7.5138,20.0,1625.8
74469,7.5138,20.0,1625.8
74470,7.5138,20.0,1625.9
74471,7.5138,20.0,1625.9
74472,7.5138,20.0,1625.9
74473,7.5138,20.0,1625.9
74474,7.5138,20.0,1625.9
74475,7.5138,20.0,1626.0
74476,7.5138,20.0,1626.0
74477,7.5138,20.0,1626.0
74478,7.5138,20.0,1626.0
74479,7.5138,20.0,1626.1
74480,7.5138,20.0,1626.1
74481,7.5334,20.0,1626.1
74482,7.5334,20.0,1626.1
74483,7.5334,20.0,1626.1
74484,7.5334,20.0,1626.2
74485,7.5334,20.0,1626.2
74486,7.5334,20.0,1626.2
74487,7.5334,20.0,1626.2
74488,7.5334,20.0,1626.2
74489,7.5334,20.0,1626.3
74490,7.5334,20.0,1626.3
74491,7.5334,20.0,1626.3
74492,7.5334,20.0,1626.3
74493,7.5334,20.0,1626.4
74494,7.5334,20.0,1626.4
74495,7.5334,20.0,1626.4
74496,7.5334,20.0,1626.4
74497,7.5334,20.0,1626.4
74498,7.5334,20.0,1626.5
74499,7.5334,20.0,1626.5
74500,7.5334,20.0,1626.5
74501,7.5530,20.0,1626.6
74502,7.5530,20.0,1626.6
74503,7.5530,20.0,1626.6
74504,7.5530,20.0,1626.6
74505,7.5530,20.0,1626.6
74506,7.5530,20.0,1626.7
74507,7.5530,20.0,1626.7
74508,7.5530,20.0,1626.7
74509,7.5530,20.0,1626.7
74510,7.5530,20.0,1626.7
74511,7.5530,20.0,1626.7
74512,7.5530,20.0,1626.8
74513,7.5530,20.0,1626.8
74514,7.5530,20.0,1626.8
74515,7.5530,20.0,1626.8
74516,7.5530,20.0,1626.9
74517,7.5530,20.0,1626.9
74518,7.5530,20.0,1626.9
74519,7.5530,20.0,1626.9
74520,7.5530,20.0,1626.9
74521,7.5727,20.0,1627.0
74522,7.5727,20.0,1627.0
74523,7.5727,20.0,1627.0
74524,7.5727,20.0,1627.0
74525,7.5727,20.0,1627.0
74526,7.5727,20.0,1627.1
74527,7.5727,20.0,1627.1
74528,7.5727,20.0,1627.1
74529,7.5727,20.0,1627.1
74530,7.5727,20.0,1627.2
74531,7.5727,20.0,1627.2
74532,7.5727,20.0,1627.2
74533,7.5727,20.0,1627.2
74534,7.5727,20.0,1627.3
74535,7.5727,20.0,1627.3
74536,7.5727,20.0,1627.3
74537,7.5727,20.0,1627.3
74538,7.5727,20.0,1627.3
74539,7.5727,20.0,1627.4
74540,7.5727,20.0,1627.4
74541,7.5923,20.0,1627.4
74542,7.5923,20.0,1627.4
74543,7.5923,20.0,1627.4
74544,7.5923,20.0,1627.5
74545,7.5923,20.0,1627.5
74546,7.5923,20.0,1627.5
74547,7.5923,20.0,1627.5
74548,7.5923,20.0,1627.5
74549,7.5923,20.0,1627.5
74550,7.5923,20.0,1627.6
74551,7.5923,20.0,1627.6
74552,7.5923,20.0,1627.6
74553,7.5923,20.0,1627.6
74554,7.5923,20.0,1627.7
74555,7.5923,20.0,1627.7
74556,7.5923,20.0,1627.7
74557,7.5923,20.0,1627.7
74558,7.5923,20.0,1627.7
74559,7.5923,20.0,1627.8
74560,7.5923,20.0,1627.8
74561,7.6119,20.0,1627.8
74562,7.6119,20.0,1627.8
74563,7.6119,20.0,1627.9
74564,7.6119,20.0,1627.9
74565,7.6119,20.0,1627.9
74566,7.6119,20.0,1627.9
74567,7.6119,20.0,1627.9
74568,7.6119,20.0,1628.0
74569,7.6119,20.0,1628.0
74570,7.6119,20.0,1628.0
74571,7.6119,20.0,1628.0
74572,7.6119,20.0,1628.0
74573,7.6119,20.0,1628.1
74574,7.6119,20.0,1628.1
74575,7.6119,20.0,1628.1
74576,7.6119,20.0,1628.1
74577,7.6119,20.0,1628.2
74578,7.6119,20.0,1628.2
74579,7.6119,20.0,1628.2
74580,7.6119,20.0,1628.2
74581,7.6315,20.0,1628.2
74582,7.6315,20.0,1628.3
74583,7.6315,20.0,1628.3
74584,7.6315,20.0,1628.3
74585,7.6315,20.0,1628.3
74586,7.6315,20.0,1628.4
74587,7.6315,20.0,1628.4
74588,7.6315,20.0,1628.4
74589,7.6315,20.0,1628.4
74590,7.6315,20.0,1628.4
74591,7.6315,20.0,1628.4
74592,7.6315,20.0,1628.5
74593,7.6315,20.0,1628.5
74594,7.6315,20.0,1628.5
74595,7.6315,20.0,1628.5
74596,7.6315,20.0,1628.5
74597,7.6315,20.0,1628.6
74598,7.6315,20.0,1628.6
74599,7.6315,20.0,1628.6
74600,7.6315,20.0,1628.6
74601,7.6511,20.0,1628.7
74602,7.6511,20.0,1628.7
74603,7.6511,20.0,1628.7
74604,7.6511,20.0,1628.7
74605,7.6511,20.0,1628.7
74606,7.6511,20.0,1628.8
74607,7.6511,20.0,1628.8
74608,7.6511,20.0,1628.8
74609,7.6511,20.0,1628.8
74610,7.6511,20.0,1628.8
74611,7.6511,20.0,1628.9
74612,7.6511,20.0,1628.9
74613,7.6511,20.0,1628.9
74614,7.6511,20.0,1628.9
74615,7.6511,20.0,1628.9
74616,7.6511,20.0,1629.0
74617,7.6511,20.0,1629.0
74618,7.6511,20.0,1629.0
74619,7.6511,20.0,1629.0
74620,7.6511,20.0,1629.1
74621,7.6707,20.0,1629.1
74622,7.6707,20.0,1629.1
74623,7.6707,20.0,1629.1
74624,7.6707,20.0,1629.2
74625,7.6707,20.0,1629.2
74626,7.6707,20.0,1629.2
74627,7.6707,20.0,1629.2
74628,7.6707,20.0,1629.2
74629,7.6707,20.0,1629.3
74630,7.6707,20.0,1629.3
74631,7.6707,20.0,1629.3
74632,7.6707,20.0,1629.3
74633,7.6707,20.0,1629.4
74634,7.6707,20.0,1629.4
74635,7.6707,20.0,1629.4
74636,7.6707,20.0,1629.4
74637,7.6707,20.0,1629.4
74638,7.6707,20.0,1629.5
74639,7.6707,20.0,1629.5
74640,7.6707,20.0,1629.5
74641,7.6903,20.0,1629.5
74642,7.6903,20.0,1629.6
74643,7.6903,20.0,1629.6
74644,7.6903,20.0,1629.6
74645,7.6903,20.0,1629.6
74646,7.6903,20.0,1629.7
74647,7.6903,20.0,1629.7
74648,7.6903,20.0,1629.7
74649,7.6903,20.0,1629.7
74650,7.6903,20.0,1629.7
74651,7.6903,20.0,1629.8
74652,7.6903,20.0,1629.8
74653,7.6903,20.0,1629.8
74654,7.6903,20.0,1629.8
74655,7.6903,20.0,1629.8
74656,7.6903,20.0,1629.9
74657,7.6903,20.0,1629.9
74658,7.6903,20.0,1629.9
74659,7.6903,20.0,1629.9
74660,7.6903,20.0,1629.9
74661,7.7099,20.0,1630.0
74662,7.7099,20.0,1630.0
74663,7.7099,20.0,1630.0
74664,7.7099,20.0,1630.0
74665,7.7099,20.0,1630.0
74666,7.7099,20.0,1630.1
74667,7.7099,20.0,1630.1
74668,7.7099,20.0,1630.1
74669,7.7099,20.0,1630.1
74670,7.7099,20.0,1630.1
74671,7.7099,20.0,1630.2
74672,7.7099,20.0,1630.2
74673,7.7099,20.0,1630.2
74674,7.7099,20.0,1630.2
74675,7.7099,20.0,1630.2
74676,7.7099,20.0,1630.3
74677,7.7099,20.0,1630.3
74678,7.7099,20.0,1630.3
74679,7.7099,20.0,1630.3
74680,7.7099,20.0,1630.4
74681,7.7296,20.0,1630.4
74682,7.7296,20.0,1630.4
74683,7.7296,20.0,1630.4
74684,7.7296,20.0,1630.4
74685,7.7296,20.0,1630.5
74686,7.7296,20.0,1630.5
74687,7.7296,20.0,1630.5
74688,7.7296,20.0,1630.5
74689,7.7296,20.0,1630.5
74690,7.7296,20.0,1630.5
74691,7.7296,20.0,1630.6
74692,7.7296,20.0,1630.6
74693,7.7296,20.0,1630.6
74694,7.7296,20.0,1630.6
74695,7.7296,20.0,1630.6
74696,7.7296,20.0,1630.7
74697,7.7296,20.0,1630.7
74698,7.7296,20.0,1630.7
74699,7.7296,20.0,1630.7
74700,7.7296,20.0,1630.8
74701,7.7492,20.0,1630.8
74702,7.7492,20.0,1630.8
74703,7.7492,20.0,1630.8
74704,7.7492,20.0,1630.8
74705,7.7492,20.0,1630.9
74706,7.7492,20.0,1630.9
74707,7.7492,20.0,1630.9
74708,7.7492,20.0,1630.9
74709,7.7492,20.0,1630.9
74710,7.7492,20.0,1630.9
74711,7.7492,20.0,1631.0
74712,7.7492,20.0,1631.0
74713,7.7492,20.0,1631.0
74714,7.7492,20.0,1631.0
74715,7.7492,20.0,1631.0
74716,7.7492,20.0,1631.1
74717,7.7492,20.0,1631.1
74718,7.7492,20.0,1631.1
74719,7.7492,20.0,1631.1
74720,7.7492,20.0,1631.2
74721,7.7489,20.0,1631.2
74722,7.7489,20.0,1631.2
74723,7.7489,20.0,1631.2
74724,7.7489,20.0,1631.2
74725,7.7489,20.0,1631.2
74726,7.7489,20.0,1631.3
74727,7.7489,20.0,1631.3
74728,7.7489,20.0,1631.3
74729,7.7489,20.0,1631.3
74730,7.7489,20.0,1631.3
74731,7.7489,20.0,1631.4
74732,7.7489,20.0,1631.4
74733,7.7489,20.0,1631.4
74734,7.7489,20.0,1631.4
74735,7.7489,20.0,1631.5
74736,7.7489,20.0,1631.5
74737,7.7489,20.0,1631.5
74738,7.7489,20.0,1631.5
74739,7.7489,20.0,1631.5
74740,7.7489,20.0,1631.6
74741,7.7486,20.0,1631.6
74742,7.7486,20.0,1631.6
74743,7.7486,20.0,1631.6
74744,7.7486,20.0,1631.6
74745,7.7486,20.0,1631.7
74746,7.7486,20.0,1631.7
74747,7.7486,20.0,1631.7
74748,7.7486,20.0,1631.7
74749,7.7486,20.0,1631.8
74750,7.7486,20.0,1631.8
74751,7.7486,20.0,1631.8
74752,7.7486,20.0,1631.8
74753,7.7486,20.0,1632.1
74754,7.7486,20.0,1632.1
74755,7.7486,20.0,1632.1
74756,7.7486,20.0,1632.2
74757,7.7486,20.0,1632.2
74758,7.7486,20.0,1632.2
74759,7.7486,20.0,1632.2
74760,7.7486,20.0,1632.2
74761,7.8079,20.0,1632.3
74762,7.8079,20.0,1632.3
74763,7.8079,20.0,1632.3
74764,7.8079,20.0,1632.3
74765,7.8079,20.0,1632.3
74766,7.8079,20.0,1632.4
74767,7.8079,20.0,1632.4
74768,7.8079,20.0,1632.4
74769,7.8079,20.0,1632.4
74770,7.8079,20.0,1632.4
74771,7.8079,20.0,1632.4
74772,7.8079,20.0,1632.5
74773,7.8079,20.0,1632.5
74774,7.8079,20.0,1632.5
74775,7.8079,20.0,1632.5
74776,7.8079,20.0,1632.6
74777,7.8079,20.0,1632.6
74778,7.8079,20.0,1632.6
74779,7.8079,20.0,1632.6
74780,7.8079,20.0,1632.7
74781,7.8673,20.0,1632.7
74782,7.8673,20.0,1632.7
74783,7.8673,20.0,1632.7
74784,7.8673,20.0,1632.7
74785,7.8673,20.0,1632.8
74786,7.8673,20.0,1632.8
74787,7.8673,20.0,1632.8
74788,7.8673,20.0,1632.8
74789,7.8673,20.0,1632.8
74790,7.8673,20.0,1632.9
74791,7.8673,20.0,1632.9
74792,7.8673,20.0,1632.9
74793,7.8673,20.0,1632.9
74794,7.8673,20.0,1633.0
74795,7.8673,20.0,1633.0
74796,7.8673,20.0,1633.0
74797,7.8673,20.0,1633.0
74798,7.8673,20.0,1633.0
74799,7.8673,20.0,1633.1
74800,7.8673,20.0,1633.1
74801,7.9267,20.0,1633.1
74802,7.9267,20.0,1633.1
74803,7.9267,20.0,1633.2
74804,7.9267,20.0,1633.2
74805,7.9267,20.0,1633.2
74806,7.9267,20.0,1633.2
74807,7.9267,20.0,1633.2
74808,7.9267,20.0,1633.3
74809,7.9267,20.0,1633.3
74810,7.9267,20.0,1633.3
74811,7.9267,20.0,1633.3
74812,7.9267,20.0,1633.3
74813,7.9267,20.0,1633.4
74814,7.9267,20.0,1633.4
74815,7.9267,20.0,1633.4
74816,7.9267,20.0,1633.4
74817,7.9267,20.0,1633.5
74818,7.9267,20.0,1633.5
74819,7.9267,20.0,1633.5
74820,7.9267,20.0,1633.5
74821,7.9861,20.0,1633.5
74822,7.9861,20.0,1633.6
74823,7.9861,20.0,1633.6
74824,7.9861,20.0,1633.6
74825,7.9861,20.0,1633.6
74826,7.9861,20.0,1633.6
74827,7.9861,20.0,1633.7
74828,7.9861,20.0,1633.7
74829,7.9861,20.0,1633.7
74830,7.9861,20.0,1633.7
74831,7.9861,20.0,1633.8
74832,7.9861,20.0,1633.8
74833,7.9861,20.0,1633.8
74834,7.9861,20.0,1633.8
74835,7.9861,20.0,1633.9
74836,7.9861,20.0,1633.9
74837,7.9861,20.0,1633.9
74838,7.9861,20.0,1633.9
74839,7.9861,20.0,1633.9
74840,7.9861,20.0,1634.0
74841,8.0454,20.0,1634.0
74842,8.0454,20.0,1634.0
74843,8.0454,20.0,1634.0
74844,8.0454,20.0,1634.0
74845,8.0454,20.0,1634.1
74846,8.0454,20.0,1634.1
74847,8.0454,20.0,1634.1
74848,8.0454,20.0,1634.1
74849,8.0454,20.0,1634.2
74850,8.0454,20.0,1634.2
74851,8.0454,20.0,1634.2
74852,8.0454,20.0,1634.2
74853,8.0454,20.0,1634.3
74854,8.0454,20.0,1634.3
74855,8.0454,20.0,1634.3
74856,8.0454,20.0,1634.3
74857,8.0454,20.0,1634.3
74858,8.0454,20.0,1634.4
74859,8.0454,20.0,1634.4
74860,8.0454,20.0,1634.4
74861,8.1048,20.0,1634.4
74862,8.1048,20.0,1634.4
74863,8.1048,20.0,1634.5
74864,8.1048,20.0,1634.5
74865,8.1048,20.0,1634.5
74866,8.1048,20.0,1634.5
74867,8.1048,20.0,1634.6
74868,8.1048,20.0,1634.6
74869,8.1048,20.0,1634.6
74870,8.1048,20.0,1634.6
74871,8.1048,20.0,1634.6
74872,8.1048,20.0,1634.6
74873,8.1048,20.0,1634.7
74874,8.1048,20.0,1634.7
74875,8.1048,20.0,1634.7
74876,8.1048,20.0,1634.7
74877,8.1048,20.0,1634.8
74878,8.1048,20.0,1634.8
74879,8.1048,20.0,1634.8
74880,8.1048,20.0,1634.8
74881,8.1642,20.0,1634.8
74882,8.1642,20.0,1634.9
74883,8.1642,20.0,1634.9
74884,8.1642,20.0,1634.9
74885,8.1642,20.0,1634.9
74886,8.1642,20.0,1634.9
74887,8.1642,20.0,1635.0
74888,8.1642,20.0,1635.0
74889,8.1642,20.0,1635.0
74890,8.1642,20.0,1635.0
74891,8.1642,20.0,1635.0
74892,8.1642,20.0,1635.1
74893,8.1642,20.0,1635.1
74894,8.1642,20.0,1635.1
74895,8.1642,20.0,1635.1
74896,8.1642,20.0,1635.2
74897,8.1642,20.0,1635.2
74898,8.1642,20.0,1635.2
74899,8.1642,20.0,1635.2
74900,8.1642,20.0,1635.2
74901,8.2235,20.0,1635.3
74902,8.2235,20.0,1635.3
74903,8.2235,20.0,1635.3
74904,8.2235,20.0,1635.3
74905,8.2235,20.0,1635.3
74906,8.2235,20.0,1635.4
74907,8.2235,20.0,1635.4
74908,8.2235,20.0,1635.4
74909,8.2235,20.0,1635.4
74910,8.2235,20.0,1635.4
74911,8.2235,20.0,1635.5
74912,8.2235,20.0,1635.5
74913,8.2235,20.0,1635.5
74914,8.2235,20.0,1635.5
74915,8.2235,20.0,1635.6
74916,8.2235,20.0,1635.6
74917,8.2235,20.0,1635.6
74918,8.2235,20.0,1635.6
74919,8.2235,20.0,1635.6
74920,8.2235,20.0,1635.7
74921,8.2829,20.0,1635.7
74922,8.2829,20.0,1635.7
74923,8.2829,20.0,1635.7
74924,8.2829,20.0,1635.7
74925,8.2829,20.0,1635.8
74926,8.2829,20.0,1635.8
74927,8.2829,20.0,1635.8
74928,8.2829,20.0,1635.8
74929,8.2829,20.0,1635.8
74930,8.2829,20.0,1635.9
74931,8.2829,20.0,1635.9
74932,8.2829,20.0,1635.9
74933,8.2829,20.0,1635.9
74934,8.2829,20.0,1636.0
74935,8.2829,20.0,1636.0
74936,8.2829,20.0,1636.0
74937,8.2829,20.0,1636.0
74938,8.2829,20.0,1636.0
74939,8.2829,20.0,1636.1
74940,8.2829,20.0,1636.1
74941,8.3423,20.0,1636.1
74942,8.3423,20.0,1636.1
74943,8.3423,20.0,1636.1
74944,8.3423,20.0,1636.2
74945,8.3423,20.0,1636.2
74946,8.3423,20.0,1636.2
74947,8.3423,20.0,1636.2
74948,8.3423,20.0,1636.3
74949,8.3423,20.0,1636.3
74950,8.3423,20.0,1636.3
74951,8.3423,20.0,1636.3
74952,8.3423,20.0,1636.3
74953,8.3423,20.0,1636.3
74954,8.3423,20.0,1636.4
74955,8.3423,20.0,1636.4
74956,8.3423,20.0,1636.4
74957,8.3423,20.0,1636.4
74958,8.3423,20.0,1636.4
74959,8.3423,20.0,1636.4
74960,8.3423,20.0,1636.5
74961,8.4017,20.0,1636.5
74962,8.4017,20.0,1636.5
74963,8.4017,20.0,1636.5
74964,8.4017,20.0,1636.6
74965,8.4017,20.0,1636.6
74966,8.4017,20.0,1636.6
74967,8.4017,20.0,1636.6
74968,8.4017,20.0,1636.7
74969,8.4017,20.0,1636.7
74970,8.4017,20.0,1636.7
74971,8.4017,20.0,1636.7
74972,8.4017,20.0,1636.8
74973,8.4017,20.0,1636.8
74974,8.4017,20.0,1636.8
74975,8.4017,20.0,1636.8
74976,8.4017,20.0,1636.8
74977,8.4017,20.0,1636.9
74978,8.4017,20.0,1636.9
74979,8.4017,20.0,1636.9
74980,8.4017,20.0,1636.9
74981,8.4610,20.0,1637.0
74982,8.4610,20.0,1637.0
74983,8.4610,20.0,1637.0
74984,8.4610,20.0,1637.0
74985,8.4610,20.0,1637.0
74986,8.4610,20.0,1637.1
74987,8.4610,20.0,1637.1
74988,8.4610,20.0,1637.1
74989,8.4610,20.0,1637.1
74990,8.4610,20.0,1637.2
74991,8.4610,20.0,1637.2
74992,8.4610,20.0,1637.2
74993,8.4610,20.0,1637.2
74994,8.4610,20.0,1637.3
74995,8.4610,20.0,1637.3
74996,8.4610,20.0,1637.3
74997,8.4610,20.0,1637.3
74998,8.4610,20.0,1637.3
74999,8.4610,20.0,1637.4
75000,8.4610,20.0,1637.4
75001,8.5204,20.0,1637.4
75002,8.5204,20.0,1637.4
75003,8.5204,20.0,1637.4
75004,8.5204,20.0,1637.5
75005,8.5204,20.0,1637.5
75006,8.5204,20.0,1637.5
75007,8.5204,20.0,1637.5
75008,8.5204,20.0,1637.5
75009,8.5204,20.0,1637.6
75010,8.5204,20.0,1637.6
75011,8.5204,20.0,1637.6
75012,8.5204,20.0,1637.6
75013,8.5204,20.0,1637.6
75014,8.5204,20.0,1637.7
75015,8.5204,20.0,1637.7
75016,8.5204,20.0,1637.7
75017,8.5204,20.0,1637.7
75018,8.5204,20.0,1637.8
75019,8.5204,20.0,1637.8
75020,8.5204,20.0,1637.8
75021,8.5798,20.0,1637.8
75022,8.5798,20.0,1637.9
75023,8.5798,20.0,1637.9
75024,8.5798,20.0,1637.9
75025,8.5798,20.0,1637.9
75026,8.5798,20.0,1637.9
75027,8.5798,20.0,1638.0
75028,8.5798,20.0,1638.0
75029,8.5798,20.0,1638.0
75030,8.5798,20.0,1638.0
75031,8.5798,20.0,1638.0
75032,8.5798,20.0,1638.1
75033,8.5798,20.0,1638.1
75034,8.5798,20.0,1638.1
75035,8.5798,20.0,1638.2
75036,8.5798,20.0,1638.2
75037,8.5798,20.0,1638.2
75038,8.5798,20.0,1638.2
75039,8.5798,20.0,1638.2
75040,8.5798,20.0,1638.3
75041,8.6391,20.0,1638.3
75042,8.6391,20.0,1638.3
75043,8.6391,20.0,1638.3
75044,8.6391,20.0,1638.4
75045,8.6391,20.0,1638.4
75046,8.6391,20.0,1638.4
75047,8.6391,20.0,1638.4
75048,8.6391,20.0,1638.4
75049,8.6391,20.0,1638.5
75050,8.6391,20.0,1638.5
75051,8.6391,20.0,1638.5
75052,8.6391,20.0,1638.5
75053,8.6391,20.0,1638.5
75054,8.6391,20.0,1638.6
75055,8.6391,20.0,1638.6
75056,8.6391,20.0,1638.6
75057,8.6391,20.0,1638.6
75058,8.6391,20.0,1638.6
75059,8.6391,20.0,1638.7
75060,8.6391,20.0,1638.7
75061,8.6985,20.0,1638.7
75062,8.6985,20.0,1638.7
75063,8.6985,20.0,1638.7
75064,8.6985,20.0,1638.8
75065,8.6985,20.0,1638.8
75066,8.6985,20.0,1638.8
75067,8.6985,20.0,1638.8
75068,8.6985,20.0,1638.9
75069,8.6985,20.0,1638.9
75070,8.6985,20.0,1638.9
75071,8.6985,20.0,1638.9
75072,8.6985,20.0,1638.9
75073,8.6985,20.0,1639.0
75074,8.6985,20.0,1639.0
75075,8.6985,20.0,1639.0
75076,8.6985,20.0,1639.0
75077,8.6985,20.0,1639.1
75078,8.6985,20.0,1639.1
75079,8.6985,20.0,1639.1
75080,8.6985,20.0,1639.1
75081,8.7579,20.0,1639.1
75082,8.7579,20.0,1639.2
75083,8.7579,20.0,1639.2
75084,8.7579,20.0,1639.2
75085,8.7579,20.0,1639.2
75086,8.7579,20.0,1639.2
75087,8.7579,20.0,1639.3
75088,8.7579,20.0,1639.3
75089,8.7579,20.0,1639.3
75090,8.7579,20.0,1639.3
75091,8.7579,20.0,1639.4
75092,8.7579,20.0,1639.4
75093,8.7579,20.0,1639.4
75094,8.7579,20.0,1639.4
75095,8.7579,20.0,1639.4
75096,8.7579,20.0,1639.5
75097,8.7579,20.0,1639.5
75098,8.7579,20.0,1639.5
75099,8.7579,20.0,1639.5
75100,8.7579,20.0,1639.6
75101,8.8172,20.0,1639.6
75102,8.8172,20.0,1639.6
75103,8.8172,20.0,1639.6
75104,8.8172,20.0,1639.7
75105,8.8172,20.0,1639.7
75106,8.8172,20.0,1639.7
75107,8.8172,20.0,1639.7
75108,8.8172,20.0,1639.7
75109,8.8172,20.0,1639.8
75110,8.8172,20.0,1639.8
75111,8.8172,20.0,1639.8
75112,8.8172,20.0,1639.8
75113,8.8172,20.0,1639.8
75114,8.8172,20.0,1639.9
75115,8.8172,20.0,1639.9
75116,8.8172,20.0,1639.9
75117,8.8172,20.0,1639.9
75118,8.8172,20.0,1640.0
75119,8.8172,20.0,1640.0
75120,8.8172,20.0,1640.0
75121,8.8766,20.0,1640.0
75122,8.8766,20.0,1640.0
75123,8.8766,20.0,1640.1
75124,8.8766,20.0,1640.1
75125,8.8766,20.0,1640.1
75126,8.8766,20.0,1640.1
75127,8.8766,20.0,1640.1
75128,8.8766,20.0,1640.1
75129,8.8766,20.0,1640.2
75130,8.8766,20.0,1640.2
75131,8.8766,20.0,1640.2
75132,8.8766,20.0,1640.2
75133,8.8766,20.0,1640.3
75134,8.8766,20.0,1640.3
75135,8.8766,20.0,1640.3
75136,8.8766,20.0,1640.3
75137,8.8766,20.0,1640.4
75138,8.8766,20.0,1640.4
75139,8.8766,20.0,1640.4
75140,8.8766,20.0,1640.4
75141,8.9360,20.0,1640.5
75142,8.9360,20.0,1640.5
75143,8.9360,20.0,1640.5
75144,8.9360,20.0,1640.5
75145,8.9360,20.0,1640.5
75146,8.9360,20.0,1640.6
75147,8.9360,20.0,1640.6
75148,8.9360,20.0,1640.6
75149,8.9360,20.0,1640.6
75150,8.9360,20.0,1640.6
75151,8.9360,20.0,1640.7
75152,8.9360,20.0,1640.7
75153,8.9360,20.0,1640.7
75154,8.9360,20.0,1640.7
75155,8.9360,20.0,1640.7
75156,8.9360,20.0,1640.8
75157,8.9360,20.0,1640.8
75158,8.9360,20.0,1640.8
75159,8.9360,20.0,1640.8
75160,8.9360,20.0,1640.8
75161,8.9954,20.0,1640.9
75162,8.9954,20.0,1640.9
75163,8.9954,20.0,1640.9
75164,8.9954,20.0,1640.9
75165,8.9954,20.0,1640.9
75166,8.9954,20.0,1641.0
75167,8.9954,20.0,1641.0
75168,8.9954,20.0,1641.0
75169,8.9954,20.0,1641.0
75170,8.9954,20.0,1641.0
75171,8.9954,20.0,1641.1
75172,8.9954,20.0,1641.1
75173,8.9954,20.0,1641.1
75174,8.9954,20.0,1641.1
75175,8.9954,20.0,1641.1
75176,8.9954,20.0,1641.2
75177,8.9954,20.0,1641.2
75178,8.9954,20.0,1641.2
75179,8.9954,20.0,1641.2
75180,8.9954,20.0,1641.3
75181,9.0547,20.0,1641.3
75182,9.0547,20.0,1641.3
75183,9.0547,20.0,1641.3
75184,9.0547,20.0,1641.3
75185,9.0547,20.0,1641.4
75186,9.0547,20.0,1641.4
75187,9.0547,20.0,1641.4
75188,9.0547,20.0,1641.4
75189,9.0547,20.0,1641.4
75190,9.0547,20.0,1641.5
75191,9.0547,20.0,1641.5
75192,9.0547,20.0,1641.5
75193,9.0547,20.0,1641.5
75194,9.0547,20.0,1641.6
75195,9.0547,20.0,1641.6
75196,9.0547,20.0,1641.6
75197,9.0547,20.0,1641.6
75198,9.0547,20.0,1641.6
75199,9.0547,20.0,1641.7
75200,9.0547,20.0,1641.7
75201,9.1141,20.0,1641.7
75202,9.1141,20.0,1641.7
75203,9.1141,20.0,1641.8
75204,9.1141,20.0,1641.8
75205,9.1141,20.0,1641.8
75206,9.1141,20.0,1641.8
75207,9.1141,20.0,1641.8
75208,9.1141,20.0,1641.9
75209,9.1141,20.0,1641.9
75210,9.1141,20.0,1641.9
75211,9.1141,20.0,1641.9
75212,9.1141,20.0,1641.9
75213,9.1141,20.0,1642.0
75214,9.1141,20.0,1642.0
75215,9.1141,20.0,1642.0
75216,9.1141,20.0,1642.0
75217,9.1141,20.0,1642.1
75218,9.1141,20.0,1642.1
75219,9.1141,20.0,1642.1
75220,9.1141,20.0,1642.1
75221,9.1735,20.0,1642.1
75222,9.1735,20.0,1642.2
75223,9.1735,20.0,1642.2
75224,9.1735,20.0,1642.2
75225,9.1735,20.0,1642.2
75226,9.1735,20.0,1642.2
75227,9.1735,20.0,1642.3
75228,9.1735,20.0,1642.3
75229,9.1735,20.0,1642.3
75230,9.1735,20.0,1642.3
75231,9.1735,20.0,1642.4
75232,9.1735,20.0,1642.4
75233,9.1735,20.0,1642.4
75234,9.1735,20.0,1642.4
75235,9.1735,20.0,1642.4
75236,9.1735,20.0,1642.5
75237,9.1735,20.0,1642.5
75238,9.1735,20.0,1642.5
75239,9.1735,20.0,1642.5
75240,9.1735,20.0,1642.6
75241,9.2529,20.0,1642.6
75242,9.2529,20.0,1642.6
75243,9.2529,20.0,1642.6
75244,9.2529,20.0,1642.6
75245,9.2529,20.0,1642.7
75246,9.2529,20.0,1642.7
75247,9.2529,20.0,1642.7
75248,9.2529,20.0,1642.7
75249,9.2529,20.0,1642.7
75250,9.2529,20.0,1642.8
75251,9.2529,20.0,1642.8
75252,9.2529,20.0,1642.8
75253,9.2529,20.0,1642.8
75254,9.2529,20.0,1642.8
75255,9.2529,20.0,1642.9
75256,9.2529,20.0,1642.9
75257,9.2529,20.0,1642.9
75258,9.2529,20.0,1642.9
75259,9.2529,20.0,1643.0
75260,9.2529,20.0,1643.0
75261,9.3322,20.0,1643.0
75262,9.3322,20.0,1643.0
75263,9.3322,20.0,1643.0
75264,9.3322,20.0,1643.1
75265,9.3322,20.0,1643.4
75266,9.3322,20.0,1643.4
75267,9.3322,20.0,1643.4
75268,9.3322,20.0,1643.4
75269,9.3322,20.0,1643.4
75270,9.3322,20.0,1643.4
75271,9.3322,20.0,1643.5
75272,9.3322,20.0,1643.5
75273,9.3322,20.0,1643.5
75274,9.3322,20.0,1643.5
75275,9.3322,20.0,1643.5
75276,9.3322,20.0,1643.6
75277,9.3322,20.0,1643.6
75278,9.3322,20.0,1643.6
75279,9.3322,20.0,1643.6
75280,9.3322,20.0,1643.6
75281,9.4116,20.0,1643.7
75282,9.4116,20.0,1643.7
75283,9.4116,20.0,1643.7
75284,9.4116,20.0,1643.7
75285,9.4116,20.0,1643.8
75286,9.4116,20.0,1643.8
75287,9.4116,20.0,1643.8
75288,9.4116,20.0,1643.8
75289,9.4116,20.0,1643.8
75290,9.4116,20.0,1643.8
75291,9.4116,20.0,1643.9
75292,9.4116,20.0,1643.9
75293,9.4116,20.0,1643.9
75294,9.4116,20.0,1643.9
75295,9.4116,20.0,1644.0
75296,9.4116,20.0,1644.0
75297,9.4116,20.0,1644.0
75298,9.4116,20.0,1644.0
75299,9.4116,20.0,1644.0
75300,9.4116,20.0,1644.1
75301,9.4910,20.0,1644.1
75302,9.4910,20.0,1644.1
75303,9.4910,20.0,1644.1
75304,9.4910,20.0,1644.1
75305,9.4910,20.0,1644.1
75306,9.4910,20.0,1644.2
75307,9.4910,20.0,1644.2
75308,9.4910,20.0,1644.2
75309,9.4910,20.0,1644.2
75310,9.4910,20.0,1644.3
75311,9.4910,20.0,1644.3
75312,9.4910,20.0,1644.3
75313,9.4910,20.0,1644.3
75314,9.4910,20.0,1644.3
75315,9.4910,20.0,1644.4
75316,9.4910,20.0,1644.4
75317,9.4910,20.0,1644.4
75318,9.4910,20.0,1644.4
75319,9.4910,20.0,1644.4
75320,9.4910,20.0,1644.5
75321,9.5704,20.0,1644.5
75322,9.5704,20.0,1644.5
75323,9.5704,20.0,1644.5
75324,9.5704,20.0,1644.5
75325,9.5704,20.0,1644.6
75326,9.5704,20.0,1644.6
75327,9.5704,20.0,1644.6
75328,9.5704,20.0,1644.6
75329,9.5704,20.0,1644.6
75330,9.5704,20.0,1644.7
75331,9.5704,20.0,1644.7
75332,9.5704,20.0,1644.7
75333,9.5704,20.0,1644.7
75334,9.5704,20.0,1644.8
75335,9.5704,20.0,1644.8
75336,9.5704,20.0,1644.8
75337,9.5704,20.0,1644.8
75338,9.5704,20.0,1644.8
75339,9.5704,20.0,1644.8
75340,9.5704,20.0,1644.9
75341,9.6498,20.0,1644.9
75342,9.6498,20.0,1644.9
75343,9.6498,20.0,1644.9
75344,9.6498,20.0,1644.9
75345,9.6498,20.0,1645.0
75346,9.6498,20.0,1645.0
75347,9.6498,20.0,1645.0
75348,9.6498,20.0,1645.0
75349,9.6498,20.0,1645.1
75350,9.6498,20.0,1645.1
75351,9.6498,20.0,1645.1
75352,9.6498,20.0,1645.1
75353,9.6498,20.0,1645.1
75354,9.6498,20.0,1645.2
75355,9.6498,20.0,1645.2
75356,9.6498,20.0,1645.2
75357,9.6498,20.0,1645.2
75358,9.6498,20.0,1645.2
75359,9.6498,20.0,1645.3
75360,9.6498,20.0,1645.3
75361,9.7291,20.0,1645.3
75362,9.7291,20.0,1645.3
75363,9.7291,20.0,1645.4
75364,9.7291,20.0,1645.4
75365,9.7291,20.0,1645.4
75366,9.7291,20.0,1645.4
75367,9.7291,20.0,1645.4
75368,9.7291,20.0,1645.5
75369,9.7291,20.0,1645.5
75370,9.7291,20.0,1645.5
75371,9.7291,20.0,1645.5
75372,9.7291,20.0,1645.5
75373,9.7291,20.0,1645.5
75374,9.7291,20.0,1645.6
75375,9.7291,20.0,1645.6
75376,9.7291,20.0,1645.6
75377,9.7291,20.0,1645.6
75378,9.7291,20.0,1645.7
75379,9.7291,20.0,1645.7
75380,9.7291,20.0,1645.7
75381,9.8085,20.0,1645.7
75382,9.8085,20.0,1645.8
75383,9.8085,20.0,1645.8
75384,9.8085,20.0,1645.8
75385,9.8085,20.0,1645.8
75386,9.8085,20.0,1645.8
75387,9.8085,20.0,1645.8
75388,9.8085,20.0,1645.9
75389,9.8085,20.0,1645.9
75390,9.8085,20.0,1645.9
75391,9.8085,20.0,1645.9
75392,9.8085,20.0,1646.0
75393,9.8085,20.0,1646.0
75394,9.8085,20.0,1646.0
75395,9.8085,20.0,1646.0
75396,9.8085,20.0,1646.0
75397,9.8085,20.0,1646.1
75398,9.8085,20.0,1646.1
75399,9.8085,20.0,1646.1
75400,9.8085,20.0,1646.1
75401,9.8879,20.0,1646.1
75402,9.8879,20.0,1646.2
75403,9.8879,20.0,1646.2
75404,9.8879,20.0,1646.2
75405,9.8879,20.0,1646.2
75406,9.8879,20.0,1646.3
75407,9.8879,20.0,1646.3
75408,9.8879,20.0,1646.3
75409,9.8879,20.0,1646.3
75410,9.8879,20.0,1646.4
75411,9.8879,20.0,1646.4
75412,9.8879,20.0,1646.4
75413,9.8879,20.0,1646.4
75414,9.8879,20.0,1646.4
75415,9.8879,20.0,1646.5
75416,9.8879,20.0,1646.5
75417,9.8879,20.0,1646.5
75418,9.8879,20.0,1646.5
75419,9.8879,20.0,1646.5
75420,9.8879,20.0,1646.6
75421,9.9673,20.0,1646.6
75422,9.9673,20.0,1646.6
75423,9.9673,20.0,1646.6
75424,9.9673,20.0,1646.7
75425,9.9673,20.0,1646.7
75426,9.9673,20.0,1646.7
75427,9.9673,20.0,1646.7
75428,9.9673,20.0,1646.8
75429,9.9673,20.0,1646.8
75430,9.9673,20.0,1646.8
75431,9.9673,20.0,1646.8
75432,9.9673,20.0,1646.9
75433,9.9673,20.0,1646.9
75434,9.9673,20.0,1646.9
75435,9.9673,20.0,1646.9
75436,9.9673,20.0,1646.9
75437,9.9673,20.0,1647.0
75438,9.9673,20.0,1647.0
75439,9.9673,20.0,1647.0
75440,9.9673,20.0,1647.0
75441,10.0467,20.0,1647.1
75442,10.0467,20.0,1647.1
75443,10.0467,20.0,1647.1
75444,10.0467,20.0,1647.1
75445,10.0467,20.0,1647.2
75446,10.0467,20.0,1647.2
75447,10.0467,20.0,1647.2
75448,10.0467,20.0,1647.2
75449,10.0467,20.0,1647.2
75450,10.0467,20.0,1647.3
75451,10.0467,20.0,1647.3
75452,10.0467,20.0,1647.3
75453,10.0467,20.0,1647.3
75454,10.0467,20.0,1647.3
75455,10.0467,20.0,1647.4
75456,10.0467,20.0,1647.4
75457,10.0467,20.0,1647.4
75458,10.0467,20.0,1647.4
75459,10.0467,20.0,1647.5
75460,10.0467,20.0,1647.5
75461,10.1261,20.0,1647.5
75462,10.1261,20.0,1647.5
75463,10.1261,20.0,1647.5
75464,10.1261,20.0,1647.6
75465,10.1261,20.0,1647.6
75466,10.1261,20.0,1647.6
75467,10.1261,20.0,1647.6
75468,10.1261,20.0,1647.7
75469,10.1261,20.0,1647.7
75470,10.1261,20.0,1647.7
75471,10.1261,20.0,1647.7
75472,10.1261,20.0,1647.7
75473,10.1261,20.0,1647.8
75474,10.1261,20.0,1647.8
75475,10.1261,20.0,1647.8
75476,10.1261,20.0,1647.8
75477,10.1261,20.0,1647.8
75478,10.1261,20.0,1647.9
75479,10.1261,20.0,1647.9
75480,10.1261,20.0,1647.9
75481,10.2054,20.0,1647.9
75482,10.2054,20.0,1647.9
75483,10.2054,20.0,1648.0
75484,10.2054,20.0,1648.0
75485,10.2054,20.0,1648.0
75486,10.2054,20.0,1648.0
75487,10.2054,20.0,1648.1
75488,10.2054,20.0,1648.1
75489,10.2054,20.0,1648.1
75490,10.2054,20.0,1648.1
75491,10.2054,20.0,1648.1
75492,10.2054,20.0,1648.2
75493,10.2054,20.0,1648.2
75494,10.2054,20.0,1648.2
75495,10.2054,20.0,1648.2
75496,10.2054,20.0,1648.2
75497,10.2054,20.0,1648.3
75498,10.2054,20.0,1648.3
75499,10.2054,20.0,1648.3
75500,10.2054,20.0,1648.3
75501,10.2848,20.0,1648.4
75502,10.2848,20.0,1648.4
75503,10.2848,20.0,1648.4
75504,10.2848,20.0,1648.4
75505,10.2848,20.0,1648.4
75506,10.2848,20.0,1648.5
75507,10.2848,20.0,1648.5
75508,10.2848,20.0,1648.5
75509,10.2848,20.0,1648.5
75510,10.2848,20.0,1648.5
75511,10.2848,20.0,1648.6
75512,10.2848,20.0,1648.6
75513,10.2848,20.0,1648.6
75514,10.2848,20.0,1648.6
75515,10.2848,20.0,1648.6
75516,10.2848,20.0,1648.7
75517,10.2848,20.0,1648.7
75518,10.2848,20.0,1648.7
75519,10.2848,20.0,1648.7
75520,10.2848,20.0,1648.8
75521,10.3642,20.0,1648.8
75522,10.3642,20.0,1648.8
75523,10.3642,20.0,1648.8
75524,10.3642,20.0,1648.8
75525,10.3642,20.0,1648.8
75526,10.3642,20.0,1648.9
75527,10.3642,20.0,1648.9
75528,10.3642,20.0,1648.9
75529,10.3642,20.0,1648.9
75530,10.3642,20.0,1648.9
75531,10.3642,20.0,1649.0
75532,10.3642,20.0,1649.0
75533,10.3642,20.0,1649.0
75534,10.3642,20.0,1649.0
75535,10.3642,20.0,1649.0
75536,10.3642,20.0,1649.1
75537,10.3642,20.0,1649.1
75538,10.3642,20.0,1649.1
75539,10.3642,20.0,1649.1
75540,10.3642,20.0,1649.2
75541,10.4436,20.0,1649.2
75542,10.4436,20.0,1649.2
75543,10.4436,20.0,1649.2
75544,10.4436,20.0,1649.3
75545,10.4436,20.0,1649.3
75546,10.4436,20.0,1649.3
75547,10.4436,20.0,1649.3
75548,10.4436,20.0,1649.4
75549,10.4436,20.0,1649.4
75550,10.4436,20.0,1649.4
75551,10.4436,20.0,1649.4
75552,10.4436,20.0,1649.4
75553,10.4436,20.0,1649.5
75554,10.4436,20.0,1649.5
75555,10.4436,20.0,1649.5
75556,10.4436,20.0,1649.5
75557,10.4436,20.0,1649.5
75558,10.4436,20.0,1649.6
75559,10.4436,20.0,1649.6
75560,10.4436,20.0,1649.6
75561,10.5230,20.0,1649.6
75562,10.5230,20.0,1649.7
75563,10.5230,20.0,1649.7
75564,10.5230,20.0,1649.7
75565,10.5230,20.0,1649.7
75566,10.5230,20.0,1649.7
75567,10.5230,20.0,1649.8
75568,10.5230,20.0,1649.8
75569,10.5230,20.0,1649.8
75570,10.5230,20.0,1649.8
75571,10.5230,20.0,1649.8
75572,10.5230,20.0,1649.9
75573,10.5230,20.0,1649.9
75574,10.5230,20.0,1649.9
75575,10.5230,20.0,1649.9
75576,10.5230,20.0,1649.9
75577,10.5230,20.0,1650.0
75578,10.5230,20.0,1650.0
75579,10.5230,20.0,1650.0
75580,10.5230,20.0,1650.0
75581,10.6023,20.0,1650.0
75582,10.6023,20.0,1650.1
75583,10.6023,20.0,1650.1
75584,10.6023,20.0,1650.1
75585,10.6023,20.0,1650.1
75586,10.6023,20.0,1650.1
75587,10.6023,20.0,1650.2
75588,10.6023,20.0,1650.2
75589,10.6023,20.0,1650.2
75590,10.6023,20.0,1650.2
75591,10.6023,20.0,1650.2
75592,10.6023,20.0,1650.3
75593,10.6023,20.0,1650.3
75594,10.6023,20.0,1650.3
75595,10.6023,20.0,1650.3
75596,10.6023,20.0,1650.4
75597,10.6023,20.0,1650.4
75598,10.6023,20.0,1650.4
75599,10.6023,20.0,1650.4
75600,10.6023,20.0,1650.5
75601,10.6817,20.0,1650.5
75602,10.6817,20.0,1650.5
75603,10.6817,20.0,1650.5
75604,10.6817,20.0,1650.5
75605,10.6817,20.0,1650.5
75606,10.6817,20.0,1650.6
75607,10.6817,20.0,1650.6
75608,10.6817,20.0,1650.6
75609,10.6817,20.0,1650.6
75610,10.6817,20.0,1650.6
75611,10.6817,20.0,1650.7
75612,10.6817,20.0,1650.7
75613,10.6817,20.0,1650.7
75614,10.6817,20.0,1650.7
75615,10.6817,20.0,1650.7
75616,10.6817,20.0,1650.8
75617,10.6817,20.0,1650.8
75618,10.6817,20.0,1650.8
75619,10.6817,20.0,1650.8
75620,10.6817,20.0,1650.8
75621,10.7611,20.0,1650.9
75622,10.7611,20.0,1650.9
75623,10.7611,20.0,1650.9
75624,10.7611,20.0,1650.9
75625,10.7611,20.0,1650.9
75626,10.7611,20.0,1651.0
75627,10.7611,20.0,1651.0
75628,10.7611,20.0,1651.0
75629,10.7611,20.0,1651.0
75630,10.7611,20.0,1651.1
75631,10.7611,20.0,1651.1
75632,10.7611,20.0,1651.1
75633,10.7611,20.0,1651.1
75634,10.7611,20.0,1651.1
75635,10.7611,20.0,1651.2
75636,10.7611,20.0,1651.2
75637,10.7611,20.0,1651.2
75638,10.7611,20.0,1651.2
75639,10.7611,20.0,1651.2
75640,10.7611,20.0,1651.3
75641,10.8405,20.0,1651.3
75642,10.8405,20.0,1651.3
75643,10.8405,20.0,1651.3
75644,10.8405,20.0,1651.4
75645,10.8405,20.0,1651.4
75646,10.8405,20.0,1651.4
75647,10.8405,20.0,1651.4
75648,10.8405,20.0,1651.5
75649,10.8405,20.0,1651.5
75650,10.8405,20.0,1651.5
75651,10.8405,20.0,1651.5
75652,10.8405,20.0,1651.5
75653,10.8405,20.0,1651.6
75654,10.8405,20.0,1651.6
75655,10.8405,20.0,1651.6
75656,10.8405,20.0,1651.6
75657,10.8405,20.0,1651.7
75658,10.8405,20.0,1651.7
75659,10.8405,20.0,1651.7
75660,10.8405,20.0,1651.7
75661,10.9199,20.0,1651.8
75662,10.9199,20.0,1651.8
75663,10.9199,20.0,1651.8
75664,10.9199,20.0,1651.8
75665,10.9199,20.0,1651.8
75666,10.9199,20.0,1651.9
75667,10.9199,20.0,1651.9
75668,10.9199,20.0,1651.9
75669,10.9199,20.0,1651.9
75670,10.9199,20.0,1651.9
75671,10.9199,20.0,1652.0
75672,10.9199,20.0,1652.0
75673,10.9199,20.0,1652.0
75674,10.9199,20.0,1652.0
75675,10.9199,20.0,1652.1
75676,10.9199,20.0,1652.1
75677,10.9199,20.0,1652.1
75678,10.9199,20.0,1652.1
75679,10.9199,20.0,1652.1
75680,10.9199,20.0,1652.2
75681,10.9993,20.0,1652.2
75682,10.9993,20.0,1652.2
75683,10.9993,20.0,1652.2
75684,10.9993,20.0,1652.2
75685,10.9993,20.0,1652.3
75686,10.9993,20.0,1652.3
75687,10.9993,20.0,1652.3
75688,10.9993,20.0,1652.4
75689,10.9993,20.0,1652.4
75690,10.9993,20.0,1652.4
75691,10.9993,20.0,1652.4
75692,10.9993,20.0,1652.4
75693,10.9993,20.0,1652.5
75694,10.9993,20.0,1652.5
75695,10.9993,20.0,1652.5
75696,10.9993,20.0,1652.5
75697,10.9993,20.0,1652.6
75698,10.9993,20.0,1652.6
75699,10.9993,20.0,1652.6
75700,10.9993,20.0,1652.6
75701,11.0786,20.0,1652.6
75702,11.0786,20.0,1652.7
75703,11.0786,20.0,1652.7
75704,11.0786,20.0,1652.7
75705,11.0786,20.0,1652.7
75706,11.0786,20.0,1652.7
75707,11.0786,20.0,1652.8
75708,11.0786,20.0,1652.8
75709,11.0786,20.0,1652.8
75710,11.0786,20.0,1652.8
75711,11.0786,20.0,1652.8
75712,11.0786,20.0,1652.9
75713,11.0786,20.0,1652.9
75714,11.0786,20.0,1652.9
75715,11.0786,20.0,1652.9
75716,11.0786,20.0,1652.9
75717,11.0786,20.0,1653.0
75718,11.0786,20.0,1653.0
75719,11.0786,20.0,1653.0
75720,11.0786,20.0,1653.0
75721,11.1580,20.0,1653.0
75722,11.1580,20.0,1653.1
75723,11.1580,20.0,1653.1
75724,11.1580,20.0,1653.1
75725,11.1580,20.0,1653.1
75726,11.1580,20.0,1653.1
75727,11.1580,20.0,1653.2
75728,11.1580,20.0,1653.2
75729,11.1580,20.0,1653.2
75730,11.1580,20.0,1653.2
75731,11.1580,20.0,1653.2
75732,11.1580,20.0,1653.3
75733,11.1580,20.0,1653.3
75734,11.1580,20.0,1653.3
75735,11.1580,20.0,1653.3
75736,11.1580,20.0,1653.3
75737,11.1580,20.0,1653.4
75738,11.1580,20.0,1653.4
75739,11.1580,20.0,1653.4
75740,11.1580,20.0,1653.4
75741,11.2177,20.0,1653.4
75742,11.2177,20.0,1653.5
75743,11.2177,20.0,1653.5
75744,11.2177,20.0,1653.5
75745,11.2177,20.0,1653.5
75746,11.2177,20.0,1653.5
75747,11.2177,20.0,1653.6
75748,11.2177,20.0,1653.6
75749,11.2177,20.0,1653.6
75750,11.2177,20.0,1653.6
75751,11.2177,20.0,1653.7
75752,11.2177,20.0,1653.7
75753,11.2177,20.0,1653.7
75754,11.2177,20.0,1653.7
75755,11.2177,20.0,1653.7
75756,11.2177,20.0,1653.8
75757,11.2177,20.0,1653.8
75758,11.2177,20.0,1653.8
75759,11.2177,20.0,1653.8
75760,11.2177,20.0,1653.9
75761,11.2774,20.0,1653.9
75762,11.2774,20.0,1653.9
75763,11.2774,20.0,1653.9
75764,11.2774,20.0,1653.9
75765,11.2774,20.0,1654.0
75766,11.2774,20.0,1654.0
75767,11.2774,20.0,1654.0
75768,11.2774,20.0,1654.0
75769,11.2774,20.0,1654.0
75770,11.2774,20.0,1654.1
75771,11.2774,20.0,1654.1
75772,11.2774,20.0,1654.1
75773,11.2774,20.0,1654.1
75774,11.2774,20.0,1654.2
75775,11.2774,20.0,1654.2
75776,11.2774,20.0,1654.2
75777,11.2774,20.0,1654.5
75778,11.2774,20.0,1654.5
75779,11.2774,20.0,1654.5
75780,11.2774,20.0,1654.6
75781,11.3170,20.0,1654.6
75782,11.3170,20.0,1654.6
75783,11.3170,20.0,1654.6
75784,11.3170,20.0,1654.6
75785,11.3170,20.0,1654.7
75786,11.3170,20.0,1654.7
75787,11.3170,20.0,1654.7
75788,11.3170,20.0,1654.7
75789,11.3170,20.0,1654.7
75790,11.3170,20.0,1654.7
75791,11.3170,20.0,1654.8
75792,11.3170,20.0,1654.8
75793,11.3170,20.0,1654.8
75794,11.3170,20.0,1654.8
75795,11.3170,20.0,1654.9
75796,11.3170,20.0,1654.9
75797,11.3170,20.0,1654.9
75798,11.3170,20.0,1654.9
75799,11.3170,20.0,1654.9
75800,11.3170,20.0,1655.0
75801,11.3369,20.0,1655.0
75802,11.3369,20.0,1655.0
75803,11.3369,20.0,1655.0
75804,11.3369,20.0,1655.1
75805,11.3369,20.0,1655.1
75806,11.3369,20.0,1655.1
75807,11.3369,20.0,1655.1
75808,11.3369,20.0,1655.1
75809,11.3369,20.0,1655.2
75810,11.3369,20.0,1655.2
75811,11.3369,20.0,1655.2
75812,11.3369,20.0,1655.2
75813,11.3369,20.0,1655.2
75814,11.3369,20.0,1655.3
75815,11.3369,20.0,1655.3
75816,11.3369,20.0,1655.3
75817,11.3369,20.0,1655.3
75818,11.3369,20.0,1655.3
75819,11.3369,20.0,1655.4
75820,11.3369,20.0,1655.4
75821,11.3568,20.0,1655.4
75822,11.3568,20.0,1655.4
75823,11.3568,20.0,1655.5
75824,11.3568,20.0,1655.5
75825,11.3568,20.0,1655.5
75826,11.3568,20.0,1655.5
75827,11.3568,20.0,1655.5
75828,11.3568,20.0,1655.6
75829,11.3568,20.0,1655.6
75830,11.3568,20.0,1655.6
75831,11.3568,20.0,1655.6
75832,11.3568,20.0,1655.6
75833,11.3568,20.0,1655.7
75834,11.3568,20.0,1655.7
75835,11.3568,20.0,1655.7
75836,11.3568,20.0,1655.7
75837,11.3568,20.0,1655.8
75838,11.3568,20.0,1655.8
75839,11.3568,20.0,1655.8
75840,11.3568,20.0,1655.8
75841,11.3766,20.0,1655.8
75842,11.3766,20.0,1655.9
75843,11.3766,20.0,1655.9
75844,11.3766,20.0,1655.9
75845,11.3766,20.0,1655.9
75846,11.3766,20.0,1655.9
75847,11.3766,20.0,1656.0
75848,11.3766,20.0,1656.0
75849,11.3766,20.0,1656.0
75850,11.3766,20.0,1656.0
75851,11.3766,20.0,1656.0
75852,11.3766,20.0,1656.1
75853,11.3766,20.0,1656.1
75854,11.3766,20.0,1656.1
75855,11.3766,20.0,1656.1
75856,11.3766,20.0,1656.1
75857,11.3766,20.0,1656.2
75858,11.3766,20.0,1656.2
75859,11.3766,20.0,1656.2
75860,11.3766,20.0,1656.2
75861,11.3965,20.0,1656.2
75862,11.3965,20.0,1656.3
75863,11.3965,20.0,1656.3
75864,11.3965,20.0,1656.3
75865,11.3965,20.0,1656.3
75866,11.3965,20.0,1656.4
75867,11.3965,20.0,1656.4
75868,11.3965,20.0,1656.4
75869,11.3965,20.0,1656.4
75870,11.3965,20.0,1656.4
75871,11.3965,20.0,1656.5
75872,11.3965,20.0,1656.5
75873,11.3965,20.0,1656.5
75874,11.3965,20.0,1656.5
75875,11.3965,20.0,1656.5
75876,11.3965,20.0,1656.6
75877,11.3965,20.0,1656.6
75878,11.3965,20.0,1656.6
75879,11.3965,20.0,1656.6
75880,11.3965,20.0,1656.7
75881,11.4164,20.0,1656.7
75882,11.4164,20.0,1656.7
75883,11.4164,20.0,1656.7
75884,11.4164,20.0,1656.7
75885,11.4164,20.0,1656.7
75886,11.4164,20.0,1656.8
75887,11.4164,20.0,1656.8
75888,11.4164,20.0,1656.8
75889,11.4164,20.0,1656.8
75890,11.4164,20.0,1656.8
75891,11.4164,20.0,1656.9
75892,11.4164,20.0,1656.9
75893,11.4164,20.0,1656.9
75894,11.4164,20.0,1656.9
75895,11.4164,20.0,1657.0
75896,11.4164,20.0,1657.0
75897,11.4164,20.0,1657.0
75898,11.4164,20.0,1657.0
75899,11.4164,20.0,1657.0
75900,11.4164,20.0,1657.0
75901,11.4363,20.0,1657.1
75902,11.4363,20.0,1657.1
75903,11.4363,20.0,1657.1
75904,11.4363,20.0,1657.1
75905,11.4363,20.0,1657.1
75906,11.4363,20.0,1657.2
75907,11.4363,20.0,1657.2
75908,11.4363,20.0,1657.2
75909,11.4363,20.0,1657.2
75910,11.4363,20.0,1657.2
75911,11.4363,20.0,1657.3
75912,11.4363,20.0,1657.3
75913,11.4363,20.0,1657.3
75914,11.4363,20.0,1657.3
75915,11.4363,20.0,1657.4
75916,11.4363,20.0,1657.4
75917,11.4363,20.0,1657.4
75918,11.4363,20.0,1657.4
75919,11.4363,20.0,1657.4
75920,11.4363,20.0,1657.4
75921,11.4562,20.0,1657.5
75922,11.4562,20.0,1657.5
75923,11.4562,20.0,1657.5
75924,11.4562,20.0,1657.5
75925,11.4562,20.0,1657.6
75926,11.4562,20.0,1657.6
75927,11.4562,20.0,1657.6
75928,11.4562,20.0,1657.6
75929,11.4562,20.0,1657.7
75930,11.4562,20.0,1657.7
75931,11.4562,20.0,1657.7
75932,11.4562,20.0,1657.7
75933,11.4562,20.0,1657.7
75934,11.4562,20.0,1657.8
75935,11.4562,20.0,1657.8
75936,11.4562,20.0,1657.8
75937,11.4562,20.0,1657.8
75938,11.4562,20.0,1657.8
75939,11.4562,20.0,1657.9
75940,11.4562,20.0,1657.9
75941,11.4761,20.0,1657.9
75942,11.4761,20.0,1657.9
75943,11.4761,20.0,1657.9
75944,11.4761,20.0,1658.0
75945,11.4761,20.0,1658.0
75946,11.4761,20.0,1658.0
75947,11.4761,20.0,1658.0
75948,11.4761,20.0,1658.1
75949,11.4761,20.0,1658.1
75950,11.4761,20.0,1658.1
75951,11.4761,20.0,1658.1
75952,11.4761,20.0,1658.1
75953,11.4761,20.0,1658.1
75954,11.4761,20.0,1658.2
75955,11.4761,20.0,1658.2
75956,11.4761,20.0,1658.2
75957,11.4761,20.0,1658.2
75958,11.4761,20.0,1658.3
75959,11.4761,20.0,1658.3
75960,11.4761,20.0,1658.3
75961,11.4960,20.0,1658.3
75962,11.4960,20.0,1658.3
75963,11.4960,20.0,1658.4
75964,11.4960,20.0,1658.4
75965,11.4960,20.0,1658.4
75966,11.4960,20.0,1658.4
75967,11.4960,20.0,1658.4
75968,11.4960,20.0,1658.5
75969,11.4960,20.0,1658.5
75970,11.4960,20.0,1658.5
75971,11.4960,20.0,1658.5
75972,11.4960,20.0,1658.6
75973,11.4960,20.0,1658.6
75974,11.4960,20.0,1658.6
75975,11.4960,20.0,1658.6
75976,11.4960,20.0,1658.6
75977,11.4960,20.0,1658.7
75978,11.4960,20.0,1658.7
75979,11.4960,20.0,1658.7
75980,11.4960,20.0,1658.7
75981,11.5159,20.0,1658.7
75982,11.5159,20.0,1658.8
75983,11.5159,20.0,1658.8
75984,11.5159,20.0,1658.8
75985,11.5159,20.0,1658.8
75986,11.5159,20.0,1658.9
75987,11.5159,20.0,1658.9
75988,11.5159,20.0,1658.9
75989,11.5159,20.0,1658.9
75990,11.5159,20.0,1659.0
75991,11.5159,20.0,1659.0
75992,11.5159,20.0,1659.0
75993,11.5159,20.0,1659.0
75994,11.5159,20.0,1659.0
75995,11.5159,20.0,1659.1
75996,11.5159,20.0,1659.1
75997,11.5159,20.0,1659.1
75998,11.5159,20.0,1659.1
75999,11.5159,20.0,1659.1
76000,11.5159,20.0,1659.1
76001,11.5358,20.0,1659.2
76002,11.5358,20.0,1659.2
76003,11.5358,20.0,1659.2
76004,11.5358,20.0,1659.2
76005,11.5358,20.0,1659.3
76006,11.5358,20.0,1659.3
76007,11.5358,20.0,1659.3
76008,11.5358,20.0,1659.3
76009,11.5358,20.0,1659.4
76010,11.5358,20.0,1659.4
76011,11.5358,20.0,1659.4
76012,11.5358,20.0,1659.4
76013,11.5358,20.0,1659.4
76014,11.5358,20.0,1659.5
76015,11.5358,20.0,1659.5
76016,11.5358,20.0,1659.5
76017,11.5358,20.0,1659.5
76018,11.5358,20.0,1659.5
76019,11.5358,20.0,1659.6
76020,11.5358,20.0,1659.6
76021,11.5557,20.0,1659.6
76022,11.5557,20.0,1659.6
76023,11.5557,20.0,1659.7
76024,11.5557,20.0,1659.7
76025,11.5557,20.0,1659.7
76026,11.5557,20.0,1659.7
76027,11.5557,20.0,1659.8
76028,11.5557,20.0,1659.8
76029,11.5557,20.0,1659.8
76030,11.5557,20.0,1659.8
76031,11.5557,20.0,1659.8
76032,11.5557,20.0,1659.8
76033,11.5557,20.0,1659.9
76034,11.5557,20.0,1659.9
76035,11.5557,20.0,1659.9
76036,11.5557,20.0,1659.9
76037,11.5557,20.0,1660.0
76038,11.5557,20.0,1660.0
76039,11.5557,20.0,1660.0
76040,11.5557,20.0,1660.0
76041,11.5756,20.0,1660.0
76042,11.5756,20.0,1660.1
76043,11.5756,20.0,1660.1
76044,11.5756,20.0,1660.1
76045,11.5756,20.0,1660.1
76046,11.5756,20.0,1660.1
76047,11.5756,20.0,1660.2
76048,11.5756,20.0,1660.2
76049,11.5756,20.0,1660.2
76050,11.5756,20.0,1660.2
76051,11.5756,20.0,1660.3
76052,11.5756,20.0,1660.3
76053,11.5756,20.0,1660.3
76054,11.5756,20.0,1660.3
76055,11.5756,20.0,1660.3
76056,11.5756,20.0,1660.4
76057,11.5756,20.0,1660.4
76058,11.5756,20.0,1660.4
76059,11.5756,20.0,1660.4
76060,11.5756,20.0,1660.5
76061,11.5955,20.0,1660.5
76062,11.5955,20.0,1660.5
76063,11.5955,20.0,1660.5
76064,11.5955,20.0,1660.5
76065,11.5955,20.0,1660.6
76066,11.5955,20.0,1660.6
76067,11.5955,20.0,1660.6
76068,11.5955,20.0,1660.6
76069,11.5955,20.0,1660.6
76070,11.5955,20.0,1660.7
76071,11.5955,20.0,1660.7
76072,11.5955,20.0,1660.7
76073,11.5955,20.0,1660.7
76074,11.5955,20.0,1660.7
76075,11.5955,20.0,1660.8
76076,11.5955,20.0,1660.8
76077,11.5955,20.0,1660.8
76078,11.5955,20.0,1660.8
76079,11.5955,20.0,1660.8
76080,11.5955,20.0,1660.9
76081,11.6154,20.0,1660.9
76082,11.6154,20.0,1660.9
76083,11.6154,20.0,1660.9
76084,11.6154,20.0,1660.9
76085,11.6154,20.0,1661.0
76086,11.6154,20.0,1661.0
76087,11.6154,20.0,1661.0
76088,11.6154,20.0,1661.0
76089,11.6154,20.0,1661.0
76090,11.6154,20.0,1661.1
76091,11.6154,20.0,1661.1
76092,11.6154,20.0,1661.1
76093,11.6154,20.0,1661.1
76094,11.6154,20.0,1661.1
76095,11.6154,20.0,1661.2
76096,11.6154,20.0,1661.2
76097,11.6154,20.0,1661.2
76098,11.6154,20.0,1661.2
76099,11.6154,20.0,1661.2
76100,11.6154,20.0,1661.3
76101,11.6353,20.0,1661.3
76102,11.6353,20.0,1661.3
76103,11.6353,20.0,1661.3
76104,11.6353,20.0,1661.3
76105,11.6353,20.0,1661.4
76106,11.6353,20.0,1661.4
76107,11.6353,20.0,1661.4
76108,11.6353,20.0,1661.4
76109,11.6353,20.0,1661.4
76110,11.6353,20.0,1661.5
76111,11.6353,20.0,1661.5
76112,11.6353,20.0,1661.5
76113,11.6353,20.0,1661.5
76114,11.6353,20.0,1661.6
76115,11.6353,20.0,1661.6
76116,11.6353,20.0,1661.6
76117,11.6353,20.0,1661.6
76118,11.6353,20.0,1661.6
76119,11.6353,20.0,1661.7
76120,11.6353,20.0,1661.7
76121,11.6552,20.0,1661.7
76122,11.6552,20.0,1661.7
76123,11.6552,20.0,1661.7
76124,11.6552,20.0,1661.8
76125,11.6552,20.0,1661.8
76126,11.6552,20.0,1661.8
76127,11.6552,20.0,1661.8
76128,11.6552,20.0,1661.8
76129,11.6552,20.0,1661.9
76130,11.6552,20.0,1661.9
76131,11.6552,20.0,1661.9
76132,11.6552,20.0,1661.9
76133,11.6552,20.0,1661.9
76134,11.6552,20.0,1662.0
76135,11.6552,20.0,1662.0
76136,11.6552,20.0,1662.0
76137,11.6552,20.0,1662.0
76138,11.6552,20.0,1662.0
76139,11.6552,20.0,1662.1
76140,11.6552,20.0,1662.1
76141,11.6751,20.0,1662.1
76142,11.6751,20.0,1662.1
76143,11.6751,20.0,1662.2
76144,11.6751,20.0,1662.2
76145,11.6751,20.0,1662.2
76146,11.6751,20.0,1662.2
76147,11.6751,20.0,1662.2
76148,11.6751,20.0,1662.3
76149,11.6751,20.0,1662.3
76150,11.6751,20.0,1662.3
76151,11.6751,20.0,1662.3
76152,11.6751,20.0,1662.3
76153,11.6751,20.0,1662.3
76154,11.6751,20.0,1662.4
76155,11.6751,20.0,1662.4
76156,11.6751,20.0,1662.4
76157,11.6751,20.0,1662.4
76158,11.6751,20.0,1662.5
76159,11.6751,20.0,1662.5
76160,11.6751,20.0,1662.5
76161,11.6950,20.0,1662.5
76162,11.6950,20.0,1662.5
76163,11.6950,20.0,1662.6
76164,11.6950,20.0,1662.6
76165,11.6950,20.0,1662.6
76166,11.6950,20.0,1662.6
76167,11.6950,20.0,1662.7
76168,11.6950,20.0,1662.7
76169,11.6950,20.0,1662.7
76170,11.6950,20.0,1662.7
76171,11.6950,20.0,1662.7
76172,11.6950,20.0,1662.8
76173,11.6950,20.0,1662.8
76174,11.6950,20.0,1662.8
76175,11.6950,20.0,1662.8
76176,11.6950,20.0,1662.8
76177,11.6950,20.0,1662.9
76178,11.6950,20.0,1662.9
76179,11.6950,20.0,1662.9
76180,11.6950,20.0,1662.9
76181,11.7149,20.0,1662.9
76182,11.7149,20.0,1663.0
76183,11.7149,20.0,1663.0
76184,11.7149,20.0,1663.0
76185,11.7149,20.0,1663.0
76186,11.7149,20.0,1663.0
76187,11.7149,20.0,1663.1
76188,11.7149,20.0,1663.1
76189,11.7149,20.0,1663.1
76190,11.7149,20.0,1663.1
76191,11.7149,20.0,1663.1
76192,11.7149,20.0,1663.2
76193,11.7149,20.0,1663.2
76194,11.7149,20.0,1663.2
76195,11.7149,20.0,1663.2
76196,11.7149,20.0,1663.2
76197,11.7149,20.0,1663.3
76198,11.7149,20.0,1663.3
76199,11.7149,20.0,1663.3
76200,11.7149,20.0,1663.3
76201,11.7348,20.0,1663.3
76202,11.7348,20.0,1663.4
76203,11.7348,20.0,1663.4
76204,11.7348,20.0,1663.4
76205,11.7348,20.0,1663.4
76206,11.7348,20.0,1663.5
76207,11.7348,20.0,1663.5
76208,11.7348,20.0,1663.5
76209,11.7348,20.0,1663.5
76210,11.7348,20.0,1663.5
76211,11.7348,20.0,1663.6
76212,11.7348,20.0,1663.6
76213,11.7348,20.0,1663.6
76214,11.7348,20.0,1663.6
76215,11.7348,20.0,1663.6
76216,11.7348,20.0,1663.7
76217,11.7348,20.0,1663.7
76218,11.7348,20.0,1663.7
76219,11.7348,20.0,1663.7
76220,11.7348,20.0,1663.7
76221,11.7547,20.0,1663.8
76222,11.7547,20.0,1663.8
76223,11.7547,20.0,1663.8
76224,11.7547,20.0,1663.8
76225,11.7547,20.0,1663.9
76226,11.7547,20.0,1663.9
76227,11.7547,20.0,1663.9
76228,11.7547,20.0,1663.9
76229,11.7547,20.0,1664.0
76230,11.7547,20.0,1664.0
76231,11.7547,20.0,1664.0
76232,11.7547,20.0,1664.0
76233,11.7547,20.0,1664.0
76234,11.7547,20.0,1664.1
76235,11.7547,20.0,1664.1
76236,11.7547,20.0,1664.1
76237,11.7547,20.0,1664.1
76238,11.7547,20.0,1664.1
76239,11.7547,20.0,1664.2
76240,11.7547,20.0,1664.2
76241,11.7746,20.0,1664.2
76242,11.7746,20.0,1664.2
76243,11.7746,20.0,1664.2
76244,11.7746,20.0,1664.3
76245,11.7746,20.0,1664.3
76246,11.7746,20.0,1664.3
76247,11.7746,20.0,1664.3
76248,11.7746,20.0,1664.4
76249,11.7746,20.0,1664.4
76250,11.7746,20.0,1664.4
76251,11.7746,20.0,1664.4
76252,11.7746,20.0,1664.4
76253,11.7746,20.0,1664.5
76254,11.7746,20.0,1664.5
76255,11.7746,20.0,1664.5
76256,11.7746,20.0,1664.5
76257,11.7746,20.0,1664.6
76258,11.7746,20.0,1664.6
76259,11.7746,20.0,1664.6
76260,11.7746,20.0,1664.6
76261,11.7944,20.0,1664.6
76262,11.7944,20.0,1664.7
76263,11.7944,20.0,1664.7
76264,11.7944,20.0,1664.7
76265,11.7944,20.0,1664.7
76266,11.7944,20.0,1664.7
76267,11.7944,20.0,1664.8
76268,11.7944,20.0,1664.8
76269,11.7944,20.0,1664.8
76270,11.7944,20.0,1664.8
76271,11.7944,20.0,1664.8
76272,11.7944,20.0,1664.9
76273,11.7944,20.0,1664.9
76274,11.7944,20.0,1664.9
76275,11.7944,20.0,1664.9
76276,11.7944,20.0,1664.9
76277,11.7944,20.0,1665.0
76278,11.7944,20.0,1665.0
76279,11.7944,20.0,1665.0
76280,11.7944,20.0,1665.0
76281,11.8143,20.0,1665.0
76282,11.8143,20.0,1665.1
76283,11.8143,20.0,1665.1
76284,11.8143,20.0,1665.1
76285,11.8143,20.0,1665.1
76286,11.8143,20.0,1665.1
76287,11.8143,20.0,1665.2
76288,11.8143,20.0,1665.2
76289,11.8143,20.0,1665.5
76290,11.8143,20.0,1665.5
76291,11.8143,20.0,1665.5
76292,11.8143,20.0,1665.5
76293,11.8143,20.0,1665.6
76294,11.8143,20.0,1665.6
76295,11.8143,20.0,1665.6
76296,11.8143,20.0,1665.6
76297,11.8143,20.0,1665.7
76298,11.8143,20.0,1665.7
76299,11.8143,20.0,1665.7
76300,11.8143,20.0,1665.7
76301,11.8149,20.0,1665.7
76302,11.8149,20.0,1665.8
76303,11.8149,20.0,1665.8
76304,11.8149,20.0,1665.8
76305,11.8149,20.0,1665.8
76306,11.8149,20.0,1665.8
76307,11.8149,20.0,1665.9
76308,11.8149,20.0,1665.9
76309,11.8149,20.0,1665.9
76310,11.8149,20.0,1665.9
76311,11.8149,20.0,1666.0
76312,11.8149,20.0,1666.0
76313,11.8149,20.0,1666.0
76314,11.8149,20.0,1666.0
76315,11.8149,20.0,1666.0
76316,11.8149,20.0,1666.1
76317,11.8149,20.0,1666.1
76318,11.8149,20.0,1666.1
76319,11.8149,20.0,1666.1
76320,11.8149,20.0,1666.1
76321,11.8153,20.0,1666.2
76322,11.8153,20.0,1666.2
76323,11.8153,20.0,1666.2
76324,11.8153,20.0,1666.2
76325,11.8153,20.0,1666.3
76326,11.8153,20.0,1666.3
76327,11.8153,20.0,1666.3
76328,11.8153,20.0,1666.3
76329,11.8153,20.0,1666.3
76330,11.8153,20.0,1666.4
76331,11.8153,20.0,1666.4
76332,11.8153,20.0,1666.4
76333,11.8153,20.0,1666.4
76334,11.8153,20.0,1666.4
76335,11.8153,20.0,1666.5
76336,11.8153,20.0,1666.5
76337,11.8153,20.0,1666.5
76338,11.8153,20.0,1666.5
76339,11.8153,20.0,1666.6
76340,11.8153,20.0,1666.6
76341,11.8156,20.0,1666.6
76342,11.8156,20.0,1666.6
76343,11.8156,20.0,1666.6
76344,11.8156,20.0,1666.7
76345,11.8156,20.0,1666.7
76346,11.8156,20.0,1666.7
76347,11.8156,20.0,1666.7
76348,11.8156,20.0,1666.7
76349,11.8156,20.0,1666.8
76350,11.8156,20.0,1666.8
76351,11.8156,20.0,1666.8
76352,11.8156,20.0,1666.9
76353,11.8156,20.0,1666.9
76354,11.8156,20.0,1666.9
76355,11.8156,20.0,1666.9
76356,11.8156,20.0,1666.9
76357,11.8156,20.0,1667.0
76358,11.8156,20.0,1667.0
76359,11.8156,20.0,1667.0
76360,11.8156,20.0,1667.0
76361,11.8160,20.0,1667.0
76362,11.8160,20.0,1667.1
76363,11.8160,20.0,1667.1
76364,11.8160,20.0,1667.1
76365,11.8160,20.0,1667.1
76366,11.8160,20.0,1667.1
76367,11.8160,20.0,1667.2
76368,11.8160,20.0,1667.2
76369,11.8160,20.0,1667.2
76370,11.8160,20.0,1667.2
76371,11.8160,20.0,1667.3
76372,11.8160,20.0,1667.3
76373,11.8160,20.0,1667.3
76374,11.8160,20.0,1667.3
76375,11.8160,20.0,1667.3
76376,11.8160,20.0,1667.4
76377,11.8160,20.0,1667.4
76378,11.8160,20.0,1667.4
76379,11.8160,20.0,1667.4
76380,11.8160,20.0,1667.4
76381,11.8164,20.0,1667.5
76382,11.8164,20.0,1667.5
76383,11.8164,20.0,1667.5
76384,11.8164,20.0,1667.5
76385,11.8164,20.0,1667.6
76386,11.8164,20.0,1667.6
76387,11.8164,20.0,1667.6
76388,11.8164,20.0,1667.6
76389,11.8164,20.0,1667.6
76390,11.8164,20.0,1667.7
76391,11.8164,20.0,1667.7
76392,11.8164,20.0,1667.7
76393,11.8164,20.0,1667.7
76394,11.8164,20.0,1667.8
76395,11.8164,20.0,1667.8
76396,11.8164,20.0,1667.8
76397,11.8164,20.0,1667.8
76398,11.8164,20.0,1667.8
76399,11.8164,20.0,1667.9
76400,11.8164,20.0,1667.9
76401,11.8168,20.0,1667.9
76402,11.8168,20.0,1667.9
76403,11.8168,20.0,1668.0
76404,11.8168,20.0,1668.0
76405,11.8168,20.0,1668.0
76406,11.8168,20.0,1668.0
76407,11.8168,20.0,1668.0
76408,11.8168,20.0,1668.1
76409,11.8168,20.0,1668.1
76410,11.8168,20.0,1668.1
76411,11.8168,20.0,1668.1
76412,11.8168,20.0,1668.2
76413,11.8168,20.0,1668.2
76414,11.8168,20.0,1668.2
76415,11.8168,20.0,1668.2
76416,11.8168,20.0,1668.2
76417,11.8168,20.0,1668.3
76418,11.8168,20.0,1668.3
76419,11.8168,20.0,1668.3
76420,11.8168,20.0,1668.3
76421,11.8171,20.0,1668.4
76422,11.8171,20.0,1668.4
76423,11.8171,20.0,1668.4
76424,11.8171,20.0,1668.4
76425,11.8171,20.0,1668.4
76426,11.8171,20.0,1668.5
76427,11.8171,20.0,1668.5
76428,11.8171,20.0,1668.5
76429,11.8171,20.0,1668.5
76430,11.8171,20.0,1668.6
76431,11.8171,20.0,1668.6
76432,11.8171,20.0,1668.6
76433,11.8171,20.0,1668.6
76434,11.8171,20.0,1668.6
76435,11.8171,20.0,1668.7
76436,11.8171,20.0,1668.7
76437,11.8171,20.0,1668.7
76438,11.8171,20.0,1668.7
76439,11.8171,20.0,1668.7
76440,11.8171,20.0,1668.8
76441,11.8175,20.0,1668.8
76442,11.8175,20.0,1668.8
76443,11.8175,20.0,1668.8
76444,11.8175,20.0,1668.9
76445,11.8175,20.0,1668.9
76446,11.8175,20.0,1668.9
76447,11.8175,20.0,1668.9
76448,11.8175,20.0,1668.9
76449,11.8175,20.0,1669.0
76450,11.8175,20.0,1669.0
76451,11.8175,20.0,1669.0
76452,11.8175,20.0,1669.0
76453,11.8175,20.0,1669.0
76454,11.8175,20.0,1669.1
76455,11.8175,20.0,1669.1
76456,11.8175,20.0,1669.1
76457,11.8175,20.0,1669.1
76458,11.8175,20.0,1669.1
76459,11.8175,20.0,1669.2
76460,11.8175,20.0,1669.2
76461,11.8179,20.0,1669.2
76462,11.8179,20.0,1669.2
76463,11.8179,20.0,1669.3
76464,11.8179,20.0,1669.3
76465,11.8179,20.0,1669.3
76466,11.8179,20.0,1669.3
76467,11.8179,20.0,1669.3
76468,11.8179,20.0,1669.4
76469,11.8179,20.0,1669.4
76470,11.8179,20.0,1669.4
76471,11.8179,20.0,1669.4
76472,11.8179,20.0,1669.4
76473,11.8179,20.0,1669.5
76474,11.8179,20.0,1669.5
76475,11.8179,20.0,1669.5
76476,11.8179,20.0,1669.5
76477,11.8179,20.0,1669.6
76478,11.8179,20.0,1669.6
76479,11.8179,20.0,1669.6
76480,11.8179,20.0,1669.6
76481,11.8183,20.0,1669.6
76482,11.8183,20.0,1669.7
76483,11.8183,20.0,1669.7
76484,11.8183,20.0,1669.7
76485,11.8183,20.0,1669.7
76486,11.8183,20.0,1669.8
76487,11.8183,20.0,1669.8
76488,11.8183,20.0,1669.8
76489,11.8183,20.0,1669.8
76490,11.8183,20.0,1669.8
76491,11.8183,20.0,1669.9
76492,11.8183,20.0,1669.9
76493,11.8183,20.0,1669.9
76494,11.8183,20.0,1669.9
76495,11.8183,20.0,1669.9
76496,11.8183,20.0,1670.0
76497,11.8183,20.0,1670.0
76498,11.8183,20.0,1670.0
76499,11.8183,20.0,1670.0
76500,11.8183,20.0,1670.0
76501,11.8187,20.0,1670.1
76502,11.8187,20.0,1670.1
76503,11.8187,20.0,1670.1
76504,11.8187,20.0,1670.1
76505,11.8187,20.0,1670.1
76506,11.8187,20.0,1670.2
76507,11.8187,20.0,1670.2
76508,11.8187,20.0,1670.2
76509,11.8187,20.0,1670.2
76510,11.8187,20.0,1670.2
76511,11.8187,20.0,1670.3
76512,11.8187,20.0,1670.3
76513,11.8187,20.0,1670.3
76514,11.8187,20.0,1670.3
76515,11.8187,20.0,1670.3
76516,11.8187,20.0,1670.4
76517,11.8187,20.0,1670.4
76518,11.8187,20.0,1670.4
76519,11.8187,20.0,1670.4
76520,11.8187,20.0,1670.5
76521,11.8190,20.0,1670.5
76522,11.8190,20.0,1670.5
76523,11.8190,20.0,1670.5
76524,11.8190,20.0,1670.5
76525,11.8190,20.0,1670.6
76526,11.8190,20.0,1670.6
76527,11.8190,20.0,1670.6
76528,11.8190,20.0,1670.6
76529,11.8190,20.0,1670.7
76530,11.8190,20.0,1670.7
76531,11.8190,20.0,1670.7
76532,11.8190,20.0,1670.7
76533,11.8190,20.0,1670.7
76534,11.8190,20.0,1670.8
76535,11.8190,20.0,1670.8
76536,11.8190,20.0,1670.8
76537,11.8190,20.0,1670.8
76538,11.8190,20.0,1670.8
76539,11.8190,20.0,1670.8
76540,11.8190,20.0,1670.9
76541,11.8194,20.0,1670.9
76542,11.8194,20.0,1670.9
76543,11.8194,20.0,1670.9
76544,11.8194,20.0,1671.0
76545,11.8194,20.0,1671.0
76546,11.8194,20.0,1671.0
76547,11.8194,20.0,1671.0
76548,11.8194,20.0,1671.0
76549,11.8194,20.0,1671.0
76550,11.8194,20.0,1671.1
76551,11.8194,20.0,1671.1
76552,11.8194,20.0,1671.1
76553,11.8194,20.0,1671.1
76554,11.8194,20.0,1671.1
76555,11.8194,20.0,1671.2
76556,11.8194,20.0,1671.2
76557,11.8194,20.0,1671.2
76558,11.8194,20.0,1671.2
76559,11.8194,20.0,1671.3
76560,11.8194,20.0,1671.3
76561,11.8198,20.0,1671.3
76562,11.8198,20.0,1671.3
76563,11.8198,20.0,1671.3
76564,11.8198,20.0,1671.4
76565,11.8198,20.0,1671.4
76566,11.8198,20.0,1671.4
76567,11.8198,20.0,1671.4
76568,11.8198,20.0,1671.5
76569,11.8198,20.0,1671.5
76570,11.8198,20.0,1671.5
76571,11.8198,20.0,1671.5
76572,11.8198,20.0,1671.5
76573,11.8198,20.0,1671.6
76574,11.8198,20.0,1671.6
76575,11.8198,20.0,1671.6
76576,11.8198,20.0,1671.6
76577,11.8198,20.0,1671.7
76578,11.8198,20.0,1671.7
76579,11.8198,20.0,1671.7
76580,11.8198,20.0,1671.7
76581,11.8202,20.0,1671.7
76582,11.8202,20.0,1671.7
76583,11.8202,20.0,1671.8
76584,11.8202,20.0,1671.8
76585,11.8202,20.0,1671.8
76586,11.8202,20.0,1671.8
76587,11.8202,20.0,1671.9
76588,11.8202,20.0,1671.9
76589,11.8202,20.0,1671.9
76590,11.8202,20.0,1671.9
76591,11.8202,20.0,1671.9
76592,11.8202,20.0,1671.9
76593,11.8202,20.0,1672.0
76594,11.8202,20.0,1672.0
76595,11.8202,20.0,1672.0
76596,11.8202,20.0,1672.0
76597,11.8202,20.0,1672.1
76598,11.8202,20.0,1672.1
76599,11.8202,20.0,1672.1
76600,11.8202,20.0,1672.1
76601,11.8205,20.0,1672.2
76602,11.8205,20.0,1672.2
76603,11.8205,20.0,1672.2
76604,11.8205,20.0,1672.2
76605,11.8205,20.0,1672.2
76606,11.8205,20.0,1672.2
76607,11.8205,20.0,1672.3
76608,11.8205,20.0,1672.3
76609,11.8205,20.0,1672.3
76610,11.8205,20.0,1672.3
76611,11.8205,20.0,1672.3
76612,11.8205,20.0,1672.4
76613,11.8205,20.0,1672.4
76614,11.8205,20.0,1672.4
76615,11.8205,20.0,1672.4
76616,11.8205,20.0,1672.4
76617,11.8205,20.0,1672.5
76618,11.8205,20.0,1672.5
76619,11.8205,20.0,1672.5
76620,11.8205,20.0,1672.5
76621,11.8209,20.0,1672.6
76622,11.8209,20.0,1672.6
76623,11.8209,20.0,1672.6
76624,11.8209,20.0,1672.6
76625,11.8209,20.0,1672.7
76626,11.8209,20.0,1672.7
76627,11.8209,20.0,1672.7
76628,11.8209,20.0,1672.7
76629,11.8209,20.0,1672.7
76630,11.8209,20.0,1672.8
76631,11.8209,20.0,1672.8
76632,11.8209,20.0,1672.8
76633,11.8209,20.0,1672.8
76634,11.8209,20.0,1672.8
76635,11.8209,20.0,1672.9
76636,11.8209,20.0,1672.9
76637,11.8209,20.0,1672.9
76638,11.8209,20.0,1672.9
76639,11.8209,20.0,1672.9
76640,11.8209,20.0,1673.0
76641,11.8213,20.0,1673.0
76642,11.8213,20.0,1673.0
76643,11.8213,20.0,1673.0
76644,11.8213,20.0,1673.1
76645,11.8213,20.0,1673.1
76646,11.8213,20.0,1673.1
76647,11.8213,20.0,1673.1
76648,11.8213,20.0,1673.1
76649,11.8213,20.0,1673.2
76650,11.8213,20.0,1673.2
76651,11.8213,20.0,1673.2
76652,11.8213,20.0,1673.2
76653,11.8213,20.0,1673.2
76654,11.8213,20.0,1673.3
76655,11.8213,20.0,1673.3
76656,11.8213,20.0,1673.3
76657,11.8213,20.0,1673.3
76658,11.8213,20.0,1673.3
76659,11.8213,20.0,1673.4
76660,11.8213,20.0,1673.4
76661,11.8217,20.0,1673.4
76662,11.8217,20.0,1673.4
76663,11.8217,20.0,1673.5
76664,11.8217,20.0,1673.5
76665,11.8217,20.0,1673.5
76666,11.8217,20.0,1673.5
76667,11.8217,20.0,1673.5
76668,11.8217,20.0,1673.6
76669,11.8217,20.0,1673.6
76670,11.8217,20.0,1673.6
76671,11.8217,20.0,1673.6
76672,11.8217,20.0,1673.6
76673,11.8217,20.0,1673.7
76674,11.8217,20.0,1673.7
76675,11.8217,20.0,1673.7
76676,11.8217,20.0,1673.7
76677,11.8217,20.0,1673.7
76678,11.8217,20.0,1673.8
76679,11.8217,20.0,1673.8
76680,11.8217,20.0,1673.8
76681,11.8221,20.0,1673.8
76682,11.8221,20.0,1673.9
76683,11.8221,20.0,1673.9
76684,11.8221,20.0,1673.9
76685,11.8221,20.0,1673.9
76686,11.8221,20.0,1673.9
76687,11.8221,20.0,1673.9
76688,11.8221,20.0,1674.0
76689,11.8221,20.0,1674.0
76690,11.8221,20.0,1674.0
76691,11.8221,20.0,1674.0
76692,11.8221,20.0,1674.1
76693,11.8221,20.0,1674.1
76694,11.8221,20.0,1674.1
76695,11.8221,20.0,1674.1
76696,11.8221,20.0,1674.1
76697,11.8221,20.0,1674.1
76698,11.8221,20.0,1674.2
76699,11.8221,20.0,1674.2
76700,11.8221,20.0,1674.2
76701,11.8224,20.0,1674.2
76702,11.8224,20.0,1674.3
76703,11.8224,20.0,1674.3
76704,11.8224,20.0,1674.3
76705,11.8224,20.0,1674.3
76706,11.8224,20.0,1674.3
76707,11.8224,20.0,1674.4
76708,11.8224,20.0,1674.4
76709,11.8224,20.0,1674.4
76710,11.8224,20.0,1674.4
76711,11.8224,20.0,1674.4
76712,11.8224,20.0,1674.5
76713,11.8224,20.0,1674.5
76714,11.8224,20.0,1674.5
76715,11.8224,20.0,1674.5
76716,11.8224,20.0,1674.5
76717,11.8224,20.0,1674.6
76718,11.8224,20.0,1674.6
76719,11.8224,20.0,1674.6
76720,11.8224,20.0,1674.6
76721,11.8228,20.0,1674.6
76722,11.8228,20.0,1674.7
76723,11.8228,20.0,1674.7
76724,11.8228,20.0,1674.7
76725,11.8228,20.0,1674.7
76726,11.8228,20.0,1674.7
76727,11.8228,20.0,1674.8
76728,11.8228,20.0,1674.8
76729,11.8228,20.0,1674.8
76730,11.8228,20.0,1674.8
76731,11.8228,20.0,1674.9
76732,11.8228,20.0,1674.9
76733,11.8228,20.0,1674.9
76734,11.8228,20.0,1674.9
76735,11.8228,20.0,1674.9
76736,11.8228,20.0,1674.9
76737,11.8228,20.0,1675.0
76738,11.8228,20.0,1675.0
76739,11.8228,20.0,1675.0
76740,11.8228,20.0,1675.0
76741,11.8232,20.0,1675.1
76742,11.8232,20.0,1675.1
76743,11.8232,20.0,1675.1
76744,11.8232,20.0,1675.1
76745,11.8232,20.0,1675.1
76746,11.8232,20.0,1675.2
76747,11.8232,20.0,1675.2
76748,11.8232,20.0,1675.2
76749,11.8232,20.0,1675.2
76750,11.8232,20.0,1675.2
76751,11.8232,20.0,1675.3
76752,11.8232,20.0,1675.3
76753,11.8232,20.0,1675.3
76754,11.8232,20.0,1675.3
76755,11.8232,20.0,1675.3
76756,11.8232,20.0,1675.4
76757,11.8232,20.0,1675.4
76758,11.8232,20.0,1675.4
76759,11.8232,20.0,1675.4
76760,11.8232,20.0,1675.4
76761,11.7639,20.0,1675.5
76762,11.7639,20.0,1675.5
76763,11.7639,20.0,1675.5
76764,11.7639,20.0,1675.5
76765,11.7639,20.0,1675.5
76766,11.7639,20.0,1675.6
76767,11.7639,20.0,1675.6
76768,11.7639,20.0,1675.6
76769,11.7639,20.0,1675.6
76770,11.7639,20.0,1675.7
76771,11.7639,20.0,1675.7
76772,11.7639,20.0,1675.7
76773,11.7639,20.0,1675.7
76774,11.7639,20.0,1675.7
76775,11.7639,20.0,1675.8
76776,11.7639,20.0,1675.8
76777,11.7639,20.0,1675.8
76778,11.7639,20.0,1675.8
76779,11.7639,20.0,1675.8
76780,11.7639,20.0,1675.9
76781,11.7046,20.0,1675.9
76782,11.7046,20.0,1675.9
76783,11.7046,20.0,1675.9
76784,11.7046,20.0,1676.0
76785,11.7046,20.0,1676.0
76786,11.7046,20.0,1676.0
76787,11.7046,20.0,1676.0
76788,11.7046,20.0,1676.0
76789,11.7046,20.0,1676.1
76790,11.7046,20.0,1676.1
76791,11.7046,20.0,1676.1
76792,11.7046,20.0,1676.1
76793,11.7046,20.0,1676.1
76794,11.7046,20.0,1676.2
76795,11.7046,20.0,1676.2
76796,11.7046,20.0,1676.2
76797,11.7046,20.0,1676.2
76798,11.7046,20.0,1676.2
76799,11.7046,20.0,1676.3
76800,11.7046,20.0,1676.3
76801,11.6453,20.0,1676.6
76802,11.6453,20.0,1676.6
76803,11.6453,20.0,1676.6
76804,11.6453,20.0,1676.7
76805,11.6453,20.0,1676.7
76806,11.6453,20.0,1676.7
76807,11.6453,20.0,1676.7
76808,11.6453,20.0,1676.7
76809,11.6453,20.0,1676.8
76810,11.6453,20.0,1676.8
76811,11.6453,20.0,1676.8
76812,11.6453,20.0,1676.8
76813,11.6453,20.0,1676.8
76814,11.6453,20.0,1676.9
76815,11.6453,20.0,1676.9
76816,11.6453,20.0,1676.9
76817,11.6453,20.0,1676.9
76818,11.6453,20.0,1677.0
76819,11.6453,20.0,1677.0
76820,11.6453,20.0,1677.0
76821,11.6059,20.0,1677.0
76822,11.6059,20.0,1677.0
76823,11.6059,20.0,1677.1
76824,11.6059,20.0,1677.1
76825,11.6059,20.0,1677.1
76826,11.6059,20.0,1677.1
76827,11.6059,20.0,1677.1
76828,11.6059,20.0,1677.2
76829,11.6059,20.0,1677.2
76830,11.6059,20.0,1677.2
76831,11.6059,20.0,1677.2
76832,11.6059,20.0,1677.2
76833,11.6059,20.0,1677.3
76834,11.6059,20.0,1677.3
76835,11.6059,20.0,1677.3
76836,11.6059,20.0,1677.3
76837,11.6059,20.0,1677.4
76838,11.6059,20.0,1677.4
76839,11.6059,20.0,1677.4
76840,11.6059,20.0,1677.4
76841,11.5665,20.0,1677.4
76842,11.5665,20.0,1677.4
76843,11.5665,20.0,1677.5
76844,11.5665,20.0,1677.5
76845,11.5665,20.0,1677.5
76846,11.5665,20.0,1677.5
76847,11.5665,20.0,1677.5
76848,11.5665,20.0,1677.6
76849,11.5665,20.0,1677.6
76850,11.5665,20.0,1677.6
76851,11.5665,20.0,1677.6
76852,11.5665,20.0,1677.6
76853,11.5665,20.0,1677.7
76854,11.5665,20.0,1677.7
76855,11.5665,20.0,1677.7
76856,11.5665,20.0,1677.7
76857,11.5665,20.0,1677.8
76858,11.5665,20.0,1677.8
76859,11.5665,20.0,1677.8
76860,11.5665,20.0,1677.8
76861,11.5271,20.0,1677.9
76862,11.5271,20.0,1677.9
76863,11.5271,20.0,1677.9
76864,11.5271,20.0,1677.9
76865,11.5271,20.0,1677.9
76866,11.5271,20.0,1678.0
76867,11.5271,20.0,1678.0
76868,11.5271,20.0,1678.0
76869,11.5271,20.0,1678.0
76870,11.5271,20.0,1678.1
76871,11.5271,20.0,1678.1
76872,11.5271,20.0,1678.1
76873,11.5271,20.0,1678.1
76874,11.5271,20.0,1678.1
76875,11.5271,20.0,1678.1
76876,11.5271,20.0,1678.2
76877,11.5271,20.0,1678.2
76878,11.5271,20.0,1678.2
76879,11.5271,20.0,1678.2
76880,11.5271,20.0,1678.3
76881,11.4877,20.0,1678.3
76882,11.4877,20.0,1678.3
76883,11.4877,20.0,1678.3
76884,11.4877,20.0,1678.4
76885,11.4877,20.0,1678.4
76886,11.4877,20.0,1678.4
76887,11.4877,20.0,1678.4
76888,11.4877,20.0,1678.4
76889,11.4877,20.0,1678.5
76890,11.4877,20.0,1678.5
76891,11.4877,20.0,1678.5
76892,11.4877,20.0,1678.5
76893,11.4877,20.0,1678.5
76894,11.4877,20.0,1678.5
76895,11.4877,20.0,1678.6
76896,11.4877,20.0,1678.6
76897,11.4877,20.0,1678.6
76898,11.4877,20.0,1678.6
76899,11.4877,20.0,1678.7
76900,11.4877,20.0,1678.7
76901,11.4483,20.0,1678.7
76902,11.4483,20.0,1678.7
76903,11.4483,20.0,1678.7
76904,11.4483,20.0,1678.8
76905,11.4483,20.0,1678.8
76906,11.4483,20.0,1678.8
76907,11.4483,20.0,1678.8
76908,11.4483,20.0,1678.9
76909,11.4483,20.0,1678.9
76910,11.4483,20.0,1678.9
76911,11.4483,20.0,1678.9
76912,11.4483,20.0,1678.9
76913,11.4483,20.0,1678.9
76914,11.4483,20.0,1679.0
76915,11.4483,20.0,1679.0
76916,11.4483,20.0,1679.0
76917,11.4483,20.0,1679.0
76918,11.4483,20.0,1679.1
76919,11.4483,20.0,1679.1
76920,11.4483,20.0,1679.1
76921,11.4088,20.0,1679.1
76922,11.4088,20.0,1679.1
76923,11.4088,20.0,1679.2
76924,11.4088,20.0,1679.2
76925,11.4088,20.0,1679.2
76926,11.4088,20.0,1679.2
76927,11.4088,20.0,1679.2
76928,11.4088,20.0,1679.3
76929,11.4088,20.0,1679.3
76930,11.4088,20.0,1679.3
76931,11.4088,20.0,1679.3
76932,11.4088,20.0,1679.3
76933,11.4088,20.0,1679.4
76934,11.4088,20.0,1679.4
76935,11.4088,20.0,1679.4
76936,11.4088,20.0,1679.4
76937,11.4088,20.0,1679.4
76938,11.4088,20.0,1679.5
76939,11.4088,20.0,1679.5
76940,11.4088,20.0,1679.5
76941,11.3694,20.0,1679.5
76942,11.3694,20.0,1679.6
76943,11.3694,20.0,1679.6
76944,11.3694,20.0,1679.6
76945,11.3694,20.0,1679.6
76946,11.3694,20.0,1679.6
76947,11.3694,20.0,1679.7
76948,11.3694,20.0,1679.7
76949,11.3694,20.0,1679.7
76950,11.3694,20.0,1679.7
76951,11.3694,20.0,1679.7
76952,11.3694,20.0,1679.8
76953,11.3694,20.0,1679.8
76954,11.3694,20.0,1679.8
76955,11.3694,20.0,1679.8
76956,11.3694,20.0,1679.8
76957,11.3694,20.0,1679.9
76958,11.3694,20.0,1679.9
76959,11.3694,20.0,1679.9
76960,11.3694,20.0,1679.9
76961,11.3300,20.0,1679.9
76962,11.3300,20.0,1680.0
76963,11.3300,20.0,1680.0
76964,11.3300,20.0,1680.0
76965,11.3300,20.0,1680.1
76966,11.3300,20.0,1680.1
76967,11.3300,20.0,1680.1
76968,11.3300,20.0,1680.1
76969,11.3300,20.0,1680.1
76970,11.3300,20.0,1680.2
76971,11.3300,20.0,1680.2
76972,11.3300,20.0,1680.2
76973,11.3300,20.0,1680.2
76974,11.3300,20.0,1680.2
76975,11.3300,20.0,1680.3
76976,11.3300,20.0,1680.3
76977,11.3300,20.0,1680.3
76978,11.3300,20.0,1680.3
76979,11.3300,20.0,1680.3
76980,11.3300,20.0,1680.4
76981,11.2906,20.0,1680.4
76982,11.2906,20.0,1680.4
76983,11.2906,20.0,1680.4
76984,11.2906,20.0,1680.4
76985,11.2906,20.0,1680.5
76986,11.2906,20.0,1680.5
76987,11.2906,20.0,1680.5
76988,11.2906,20.0,1680.5
76989,11.2906,20.0,1680.5
76990,11.2906,20.0,1680.6
76991,11.2906,20.0,1680.6
76992,11.2906,20.0,1680.6
76993,11.2906,20.0,1680.6
76994,11.2906,20.0,1680.6
76995,11.2906,20.0,1680.7
76996,11.2906,20.0,1680.7
76997,11.2906,20.0,1680.7
76998,11.2906,20.0,1680.7
76999,11.2906,20.0,1680.7
77000,11.2906,20.0,1680.8
77001,11.2512,20.0,1680.8
77002,11.2512,20.0,1680.8
77003,11.2512,20.0,1680.8
77004,11.2512,20.0,1680.8
77005,11.2512,20.0,1680.9
77006,11.2512,20.0,1680.9
77007,11.2512,20.0,1680.9
77008,11.2512,20.0,1680.9
77009,11.2512,20.0,1680.9
77010,11.2512,20.0,1681.0
77011,11.2512,20.0,1681.0
77012,11.2512,20.0,1681.0
77013,11.2512,20.0,1681.0
77014,11.2512,20.0,1681.1
77015,11.2512,20.0,1681.1
77016,11.2512,20.0,1681.1
77017,11.2512,20.0,1681.1
77018,11.2512,20.0,1681.1
77019,11.2512,20.0,1681.2
77020,11.2512,20.0,1681.2
77021,11.2118,20.0,1681.2
77022,11.2118,20.0,1681.2
77023,11.2118,20.0,1681.3
77024,11.2118,20.0,1681.3
77025,11.2118,20.0,1681.3
77026,11.2118,20.0,1681.3
77027,11.2118,20.0,1681.3
77028,11.2118,20.0,1681.4
77029,11.2118,20.0,1681.4
77030,11.2118,20.0,1681.4
77031,11.2118,20.0,1681.4
77032,11.2118,20.0,1681.4
77033,11.2118,20.0,1681.5
77034,11.2118,20.0,1681.5
77035,11.2118,20.0,1681.5
77036,11.2118,20.0,1681.5
77037,11.2118,20.0,1681.6
77038,11.2118,20.0,1681.6
77039,11.2118,20.0,1681.6
77040,11.2118,20.0,1681.6
77041,11.1723,20.0,1681.6
77042,11.1723,20.0,1681.7
77043,11.1723,20.0,1681.7
77044,11.1723,20.0,1681.7
77045,11.1723,20.0,1681.7
77046,11.1723,20.0,1681.7
77047,11.1723,20.0,1681.8
77048,11.1723,20.0,1681.8
77049,11.1723,20.0,1681.8
77050,11.1723,20.0,1681.8
77051,11.1723,20.0,1681.8
77052,11.1723,20.0,1681.9
77053,11.1723,20.0,1681.9
77054,11.1723,20.0,1681.9
77055,11.1723,20.0,1681.9
77056,11.1723,20.0,1681.9
77057,11.1723,20.0,1682.0
77058,11.1723,20.0,1682.0
77059,11.1723,20.0,1682.0
77060,11.1723,20.0,1682.0
77061,11.1329,20.0,1682.1
77062,11.1329,20.0,1682.1
77063,11.1329,20.0,1682.1
77064,11.1329,20.0,1682.1
77065,11.1329,20.0,1682.1
77066,11.1329,20.0,1682.1
77067,11.1329,20.0,1682.2
77068,11.1329,20.0,1682.2
77069,11.1329,20.0,1682.2
77070,11.1329,20.0,1682.2
77071,11.1329,20.0,1682.3
77072,11.1329,20.0,1682.3
77073,11.1329,20.0,1682.3
77074,11.1329,20.0,1682.3
77075,11.1329,20.0,1682.3
77076,11.1329,20.0,1682.4
77077,11.1329,20.0,1682.4
77078,11.1329,20.0,1682.4
77079,11.1329,20.0,1682.4
77080,11.1329,20.0,1682.4
77081,11.0935,20.0,1682.5
77082,11.0935,20.0,1682.5
77083,11.0935,20.0,1682.5
77084,11.0935,20.0,1682.5
77085,11.0935,20.0,1682.6
77086,11.0935,20.0,1682.6
77087,11.0935,20.0,1682.6
77088,11.0935,20.0,1682.6
77089,11.0935,20.0,1682.7
77090,11.0935,20.0,1682.7
77091,11.0935,20.0,1682.7
77092,11.0935,20.0,1682.7
77093,11.0935,20.0,1682.7
77094,11.0935,20.0,1682.7
77095,11.0935,20.0,1682.8
77096,11.0935,20.0,1682.8
77097,11.0935,20.0,1682.8
77098,11.0935,20.0,1682.8
77099,11.0935,20.0,1682.9
77100,11.0935,20.0,1682.9
77101,11.0541,20.0,1682.9
77102,11.0541,20.0,1682.9
77103,11.0541,20.0,1682.9
77104,11.0541,20.0,1683.0
77105,11.0541,20.0,1683.0
77106,11.0541,20.0,1683.0
77107,11.0541,20.0,1683.0
77108,11.0541,20.0,1683.0
77109,11.0541,20.0,1683.1
77110,11.0541,20.0,1683.1
77111,11.0541,20.0,1683.1
77112,11.0541,20.0,1683.1
77113,11.0541,20.0,1683.1
77114,11.0541,20.0,1683.2
77115,11.0541,20.0,1683.2
77116,11.0541,20.0,1683.2
77117,11.0541,20.0,1683.2
77118,11.0541,20.0,1683.2
77119,11.0541,20.0,1683.2
77120,11.0541,20.0,1683.2
77121,11.0147,20.0,1683.3
77122,11.0147,20.0,1683.3
77123,11.0147,20.0,1683.3
77124,11.0147,20.0,1683.3
77125,11.0147,20.0,1683.4
77126,11.0147,20.0,1683.4
77127,11.0147,20.0,1683.4
77128,11.0147,20.0,1683.4
77129,11.0147,20.0,1683.4
77130,11.0147,20.0,1683.5
77131,11.0147,20.0,1683.5
77132,11.0147,20.0,1683.5
77133,11.0147,20.0,1683.5
77134,11.0147,20.0,1683.5
77135,11.0147,20.0,1683.6
77136,11.0147,20.0,1683.6
77137,11.0147,20.0,1683.6
77138,11.0147,20.0,1683.6
77139,11.0147,20.0,1683.6
77140,11.0147,20.0,1683.7
77141,10.9753,20.0,1683.7
77142,10.9753,20.0,1683.7
77143,10.9753,20.0,1683.7
77144,10.9753,20.0,1683.8
77145,10.9753,20.0,1683.8
77146,10.9753,20.0,1683.8
77147,10.9753,20.0,1683.8
77148,10.9753,20.0,1683.8
77149,10.9753,20.0,1683.9
77150,10.9753,20.0,1683.9
77151,10.9753,20.0,1683.9
77152,10.9753,20.0,1683.9
77153,10.9753,20.0,1684.0
77154,10.9753,20.0,1684.0
77155,10.9753,20.0,1684.0
77156,10.9753,20.0,1684.0
77157,10.9753,20.0,1684.0
77158,10.9753,20.0,1684.0
77159,10.9753,20.0,1684.1
77160,10.9753,20.0,1684.1
77161,10.9359,20.0,1684.1
77162,10.9359,20.0,1684.1
77163,10.9359,20.0,1684.1
77164,10.9359,20.0,1684.2
77165,10.9359,20.0,1684.2
77166,10.9359,20.0,1684.2
77167,10.9359,20.0,1684.2
77168,10.9359,20.0,1684.2
77169,10.9359,20.0,1684.3
77170,10.9359,20.0,1684.3
77171,10.9359,20.0,1684.3
77172,10.9359,20.0,1684.3
77173,10.9359,20.0,1684.3
77174,10.9359,20.0,1684.4
77175,10.9359,20.0,1684.4
77176,10.9359,20.0,1684.4
77177,10.9359,20.0,1684.4
77178,10.9359,20.0,1684.5
77179,10.9359,20.0,1684.5
77180,10.9359,20.0,1684.5
77181,10.8964,20.0,1684.5
77182,10.8964,20.0,1684.6
77183,10.8964,20.0,1684.6
77184,10.8964,20.0,1684.6
77185,10.8964,20.0,1684.6
77186,10.8964,20.0,1684.6
77187,10.8964,20.0,1684.7
77188,10.8964,20.0,1684.7
77189,10.8964,20.0,1684.7
77190,10.8964,20.0,1684.7
77191,10.8964,20.0,1684.7
77192,10.8964,20.0,1684.8
77193,10.8964,20.0,1684.8
77194,10.8964,20.0,1684.8
77195,10.8964,20.0,1684.8
77196,10.8964,20.0,1684.9
77197,10.8964,20.0,1684.9
77198,10.8964,20.0,1684.9
77199,10.8964,20.0,1684.9
77200,10.8964,20.0,1684.9
77201,10.8570,20.0,1685.0
77202,10.8570,20.0,1685.0
77203,10.8570,20.0,1685.0
77204,10.8570,20.0,1685.0
77205,10.8570,20.0,1685.1
77206,10.8570,20.0,1685.1
77207,10.8570,20.0,1685.1
77208,10.8570,20.0,1685.1
77209,10.8570,20.0,1685.1
77210,10.8570,20.0,1685.1
77211,10.8570,20.0,1685.2
77212,10.8570,20.0,1685.2
77213,10.8570,20.0,1685.2
77214,10.8570,20.0,1685.2
77215,10.8570,20.0,1685.2
77216,10.8570,20.0,1685.3
77217,10.8570,20.0,1685.3
77218,10.8570,20.0,1685.3
77219,10.8570,20.0,1685.3
77220,10.8570,20.0,1685.3
77221,10.8176,20.0,1685.4
77222,10.8176,20.0,1685.4
77223,10.8176,20.0,1685.4
77224,10.8176,20.0,1685.4
77225,10.8176,20.0,1685.4
77226,10.8176,20.0,1685.5
77227,10.8176,20.0,1685.5
77228,10.8176,20.0,1685.5
77229,10.8176,20.0,1685.5
77230,10.8176,20.0,1685.5
77231,10.8176,20.0,1685.6
77232,10.8176,20.0,1685.6
77233,10.8176,20.0,1685.6
77234,10.8176,20.0,1685.6
77235,10.8176,20.0,1685.7
77236,10.8176,20.0,1685.7
77237,10.8176,20.0,1685.7
77238,10.8176,20.0,1685.7
77239,10.8176,20.0,1685.7
77240,10.8176,20.0,1685.8
77241,10.7782,20.0,1685.8
77242,10.7782,20.0,1685.8
77243,10.7782,20.0,1685.8
77244,10.7782,20.0,1685.9
77245,10.7782,20.0,1685.9
77246,10.7782,20.0,1685.9
77247,10.7782,20.0,1685.9
77248,10.7782,20.0,1686.0
77249,10.7782,20.0,1686.0
77250,10.7782,20.0,1686.0
77251,10.7782,20.0,1686.0
77252,10.7782,20.0,1686.0
77253,10.7782,20.0,1686.0
77254,10.7782,20.0,1686.1
77255,10.7782,20.0,1686.1
77256,10.7782,20.0,1686.1
77257,10.7782,20.0,1686.1
77258,10.7782,20.0,1686.2
77259,10.7782,20.0,1686.2
77260,10.7782,20.0,1686.2
77261,10.7388,20.0,1686.2
77262,10.7388,20.0,1686.2
77263,10.7388,20.0,1686.3
77264,10.7388,20.0,1686.3
77265,10.7388,20.0,1686.3
77266,10.7388,20.0,1686.3
77267,10.7388,20.0,1686.3
77268,10.7388,20.0,1686.3
77269,10.7388,20.0,1686.4
77270,10.7388,20.0,1686.4
77271,10.7388,20.0,1686.4
77272,10.7388,20.0,1686.4
77273,10.7388,20.0,1686.5
77274,10.7388,20.0,1686.5
77275,10.7388,20.0,1686.5
77276,10.7388,20.0,1686.5
77277,10.7388,20.0,1686.5
77278,10.7388,20.0,1686.5
77279,10.7388,20.0,1686.6
77280,10.7388,20.0,1686.6
77281,10.6994,20.0,1686.6
77282,10.6994,20.0,1686.6
77283,10.6994,20.0,1686.7
77284,10.6994,20.0,1686.7
77285,10.6994,20.0,1686.7
77286,10.6994,20.0,1686.7
77287,10.6994,20.0,1686.8
77288,10.6994,20.0,1686.8
77289,10.6994,20.0,1686.8
77290,10.6994,20.0,1686.8
77291,10.6994,20.0,1686.8
77292,10.6994,20.0,1686.9
77293,10.6994,20.0,1686.9
77294,10.6994,20.0,1686.9
77295,10.6994,20.0,1686.9
77296,10.6994,20.0,1686.9
77297,10.6994,20.0,1687.0
77298,10.6994,20.0,1687.0
77299,10.6994,20.0,1687.0
77300,10.6994,20.0,1687.0
77301,10.6599,20.0,1687.0
77302,10.6599,20.0,1687.1
77303,10.6599,20.0,1687.1
77304,10.6599,20.0,1687.1
77305,10.6599,20.0,1687.1
77306,10.6599,20.0,1687.1
77307,10.6599,20.0,1687.2
77308,10.6599,20.0,1687.2
77309,10.6599,20.0,1687.2
77310,10.6599,20.0,1687.2
77311,10.6599,20.0,1687.2
77312,10.6599,20.0,1687.3
77313,10.6599,20.0,1687.5
77314,10.6599,20.0,1687.6
77315,10.6599,20.0,1687.6
77316,10.6599,20.0,1687.6
77317,10.6599,20.0,1687.6
77318,10.6599,20.0,1687.7
77319,10.6599,20.0,1687.7
77320,10.6599,20.0,1687.7
77321,10.6599,20.0,1687.7
77322,10.6599,20.0,1687.7
77323,10.6599,20.0,1687.8
77324,10.6599,20.0,1687.8
77325,10.6599,20.0,1687.8
77326,10.6599,20.0,1687.8
77327,10.6599,20.0,1687.9
77328,10.6599,20.0,1687.9
77329,10.6599,20.0,1687.9
77330,10.6599,20.0,1687.9
77331,10.6599,20.0,1687.9
77332,10.6599,20.0,1688.0
77333,10.6599,20.0,1688.0
77334,10.6599,20.0,1688.0
77335,10.6599,20.0,1688.0
77336,10.6599,20.0,1688.0
77337,10.6599,20.0,1688.1
77338,10.6599,20.0,1688.1
77339,10.6599,20.0,1688.1
77340,10.6599,20.0,1688.1
77341,10.6601,20.0,1688.2
77342,10.6601,20.0,1688.2
77343,10.6601,20.0,1688.2
77344,10.6601,20.0,1688.2
77345,10.6601,20.0,1688.2
77346,10.6601,20.0,1688.2
77347,10.6601,20.0,1688.3
77348,10.6601,20.0,1688.3
77349,10.6601,20.0,1688.3
77350,10.6601,20.0,1688.3
77351,10.6601,20.0,1688.4
77352,10.6601,20.0,1688.4
77353,10.6601,20.0,1688.4
77354,10.6601,20.0,1688.4
77355,10.6601,20.0,1688.4
77356,10.6601,20.0,1688.4
77357,10.6601,20.0,1688.5
77358,10.6601,20.0,1688.5
77359,10.6601,20.0,1688.5
77360,10.6601,20.0,1688.5
77361,10.6602,20.0,1688.5
77362,10.6602,20.0,1688.6
77363,10.6602,20.0,1688.6
77364,10.6602,20.0,1688.6
77365,10.6602,20.0,1688.6
77366,10.6602,20.0,1688.7
77367,10.6602,20.0,1688.7
77368,10.6602,20.0,1688.7
77369,10.6602,20.0,1688.7
77370,10.6602,20.0,1688.7
77371,10.6602,20.0,1688.7
77372,10.6602,20.0,1688.8
77373,10.6602,20.0,1688.8
77374,10.6602,20.0,1688.8
77375,10.6602,20.0,1688.8
77376,10.6602,20.0,1688.9
77377,10.6602,20.0,1688.9
77378,10.6602,20.0,1688.9
77379,10.6602,20.0,1688.9
77380,10.6602,20.0,1689.0
77381,10.6604,20.0,1689.0
77382,10.6604,20.0,1689.0
77383,10.6604,20.0,1689.0
77384,10.6604,20.0,1689.1
77385,10.6604,20.0,1689.1
77386,10.6604,20.0,1689.1
77387,10.6604,20.0,1689.1
77388,10.6604,20.0,1689.1
77389,10.6604,20.0,1689.2
77390,10.6604,20.0,1689.2
77391,10.6604,20.0,1689.2
77392,10.6604,20.0,1689.2
77393,10.6604,20.0,1689.3
77394,10.6604,20.0,1689.3
77395,10.6604,20.0,1689.3
77396,10.6604,20.0,1689.3
77397,10.6604,20.0,1689.3
77398,10.6604,20.0,1689.4
77399,10.6604,20.0,1689.4
77400,10.6604,20.0,1689.4
77401,10.6605,20.0,1689.4
77402,10.6605,20.0,1689.4
77403,10.6605,20.0,1689.4
77404,10.6605,20.0,1689.5
77405,10.6605,20.0,1689.5
77406,10.6605,20.0,1689.5
77407,10.6605,20.0,1689.5
77408,10.6605,20.0,1689.5
77409,10.6605,20.0,1689.6
77410,10.6605,20.0,1689.6
77411,10.6605,20.0,1689.6
77412,10.6605,20.0,1689.6
77413,10.6605,20.0,1689.6
77414,10.6605,20.0,1689.7
77415,10.6605,20.0,1689.7
77416,10.6605,20.0,1689.7
77417,10.6605,20.0,1689.7
77418,10.6605,20.0,1689.8
77419,10.6605,20.0,1689.8
77420,10.6605,20.0,1689.8
77421,10.6607,20.0,1689.8
77422,10.6607,20.0,1689.9
77423,10.6607,20.0,1689.9
77424,10.6607,20.0,1689.9
77425,10.6607,20.0,1689.9
77426,10.6607,20.0,1690.0
77427,10.6607,20.0,1690.0
77428,10.6607,20.0,1690.0
77429,10.6607,20.0,1690.0
77430,10.6607,20.0,1690.0
77431,10.6607,20.0,1690.1
77432,10.6607,20.0,1690.1
77433,10.6607,20.0,1690.1
77434,10.6607,20.0,1690.1
77435,10.6607,20.0,1690.2
77436,10.6607,20.0,1690.2
77437,10.6607,20.0,1690.2
77438,10.6607,20.0,1690.2
77439,10.6607,20.0,1690.2
77440,10.6607,20.0,1690.3
77441,10.6608,20.0,1690.3
77442,10.6608,20.0,1690.3
77443,10.6608,20.0,1690.3
77444,10.6608,20.0,1690.3
77445,10.6608,20.0,1690.4
77446,10.6608,20.0,1690.4
77447,10.6608,20.0,1690.4
77448,10.6608,20.0,1690.4
77449,10.6608,20.0,1690.4
77450,10.6608,20.0,1690.5
77451,10.6608,20.0,1690.5
77452,10.6608,20.0,1690.5
77453,10.6608,20.0,1690.5
77454,10.6608,20.0,1690.5
77455,10.6608,20.0,1690.6
77456,10.6608,20.0,1690.6
77457,10.6608,20.0,1690.6
77458,10.6608,20.0,1690.6
77459,10.6608,20.0,1690.7
77460,10.6608,20.0,1690.7
77461,10.6610,20.0,1690.7
77462,10.6610,20.0,1690.7
77463,10.6610,20.0,1690.7
77464,10.6610,20.0,1690.8
77465,10.6610,20.0,1690.8
77466,10.6610,20.0,1690.8
77467,10.6610,20.0,1690.8
77468,10.6610,20.0,1690.8
77469,10.6610,20.0,1690.9
77470,10.6610,20.0,1690.9
77471,10.6610,20.0,1690.9
77472,10.6610,20.0,1690.9
77473,10.6610,20.0,1691.0
77474,10.6610,20.0,1691.0
77475,10.6610,20.0,1691.0
77476,10.6610,20.0,1691.0
77477,10.6610,20.0,1691.0
77478,10.6610,20.0,1691.1
77479,10.6610,20.0,1691.1
77480,10.6610,20.0,1691.1
77481,10.6612,20.0,1691.1
77482,10.6612,20.0,1691.2
77483,10.6612,20.0,1691.2
77484,10.6612,20.0,1691.2
77485,10.6612,20.0,1691.2
77486,10.6612,20.0,1691.2
77487,10.6612,20.0,1691.3
77488,10.6612,20.0,1691.3
77489,10.6612,20.0,1691.3
77490,10.6612,20.0,1691.3
77491,10.6612,20.0,1691.4
77492,10.6612,20.0,1691.4
77493,10.6612,20.0,1691.4
77494,10.6612,20.0,1691.4
77495,10.6612,20.0,1691.4
77496,10.6612,20.0,1691.5
77497,10.6612,20.0,1691.5
77498,10.6612,20.0,1691.5
77499,10.6612,20.0,1691.5
77500,10.6612,20.0,1691.5
77501,10.6613,20.0,1691.6
77502,10.6613,20.0,1691.6
77503,10.6613,20.0,1691.6
77504,10.6613,20.0,1691.6
77505,10.6613,20.0,1691.7
77506,10.6613,20.0,1691.7
77507,10.6613,20.0,1691.7
77508,10.6613,20.0,1691.7
77509,10.6613,20.0,1691.7
77510,10.6613,20.0,1691.8
77511,10.6613,20.0,1691.8
77512,10.6613,20.0,1691.8
77513,10.6613,20.0,1691.8
77514,10.6613,20.0,1691.8
77515,10.6613,20.0,1691.9
77516,10.6613,20.0,1691.9
77517,10.6613,20.0,1691.9
77518,10.6613,20.0,1691.9
77519,10.6613,20.0,1691.9
77520,10.6613,20.0,1692.0
77521,10.6615,20.0,1692.0
77522,10.6615,20.0,1692.0
77523,10.6615,20.0,1692.0
77524,10.6615,20.0,1692.1
77525,10.6615,20.0,1692.1
77526,10.6615,20.0,1692.1
77527,10.6615,20.0,1692.1
77528,10.6615,20.0,1692.2
77529,10.6615,20.0,1692.2
77530,10.6615,20.0,1692.2
77531,10.6615,20.0,1692.2
77532,10.6615,20.0,1692.2
77533,10.6615,20.0,1692.3
77534,10.6615,20.0,1692.3
77535,10.6615,20.0,1692.3
77536,10.6615,20.0,1692.3
77537,10.6615,20.0,1692.3
77538,10.6615,20.0,1692.4
77539,10.6615,20.0,1692.4
77540,10.6615,20.0,1692.4
77541,10.6616,20.0,1692.4
77542,10.6616,20.0,1692.4
77543,10.6616,20.0,1692.5
77544,10.6616,20.0,1692.5
77545,10.6616,20.0,1692.5
77546,10.6616,20.0,1692.5
77547,10.6616,20.0,1692.5
77548,10.6616,20.0,1692.6
77549,10.6616,20.0,1692.6
77550,10.6616,20.0,1692.6
77551,10.6616,20.0,1692.6
77552,10.6616,20.0,1692.7
77553,10.6616,20.0,1692.7
77554,10.6616,20.0,1692.7
77555,10.6616,20.0,1692.7
77556,10.6616,20.0,1692.7
77557,10.6616,20.0,1692.8
77558,10.6616,20.0,1692.8
77559,10.6616,20.0,1692.8
77560,10.6616,20.0,1692.8
77561,10.6618,20.0,1692.8
77562,10.6618,20.0,1692.9
77563,10.6618,20.0,1692.9
77564,10.6618,20.0,1692.9
77565,10.6618,20.0,1692.9
77566,10.6618,20.0,1692.9
77567,10.6618,20.0,1693.0
77568,10.6618,20.0,1693.0
77569,10.6618,20.0,1693.0
77570,10.6618,20.0,1693.0
77571,10.6618,20.0,1693.0
77572,10.6618,20.0,1693.1
77573,10.6618,20.0,1693.1
77574,10.6618,20.0,1693.1
77575,10.6618,20.0,1693.1
77576,10.6618,20.0,1693.2
77577,10.6618,20.0,1693.2
77578,10.6618,20.0,1693.2
77579,10.6618,20.0,1693.2
77580,10.6618,20.0,1693.2
77581,10.6619,20.0,1693.2
77582,10.6619,20.0,1693.3
77583,10.6619,20.0,1693.3
77584,10.6619,20.0,1693.3
77585,10.6619,20.0,1693.3
77586,10.6619,20.0,1693.4
77587,10.6619,20.0,1693.4
77588,10.6619,20.0,1693.4
77589,10.6619,20.0,1693.4
77590,10.6619,20.0,1693.4
77591,10.6619,20.0,1693.5
77592,10.6619,20.0,1693.5
77593,10.6619,20.0,1693.5
77594,10.6619,20.0,1693.5
77595,10.6619,20.0,1693.5
77596,10.6619,20.0,1693.6
77597,10.6619,20.0,1693.6
77598,10.6619,20.0,1693.6
77599,10.6619,20.0,1693.6
77600,10.6619,20.0,1693.7
77601,10.6621,20.0,1693.7
77602,10.6621,20.0,1693.7
77603,10.6621,20.0,1693.7
77604,10.6621,20.0,1693.7
77605,10.6621,20.0,1693.8
77606,10.6621,20.0,1693.8
77607,10.6621,20.0,1693.8
77608,10.6621,20.0,1693.8
77609,10.6621,20.0,1693.8
77610,10.6621,20.0,1693.9
77611,10.6621,20.0,1693.9
77612,10.6621,20.0,1693.9
77613,10.6621,20.0,1693.9
77614,10.6621,20.0,1693.9
77615,10.6621,20.0,1694.0
77616,10.6621,20.0,1694.0
77617,10.6621,20.0,1694.0
77618,10.6621,20.0,1694.0
77619,10.6621,20.0,1694.0
77620,10.6621,20.0,1694.1
77621,10.6622,20.0,1694.1
77622,10.6622,20.0,1694.1
77623,10.6622,20.0,1694.1
77624,10.6622,20.0,1694.1
77625,10.6622,20.0,1694.2
77626,10.6622,20.0,1694.2
77627,10.6622,20.0,1694.2
77628,10.6622,20.0,1694.2
77629,10.6622,20.0,1694.3
77630,10.6622,20.0,1694.3
77631,10.6622,20.0,1694.3
77632,10.6622,20.0,1694.3
77633,10.6622,20.0,1694.3
77634,10.6622,20.0,1694.4
77635,10.6622,20.0,1694.4
77636,10.6622,20.0,1694.4
77637,10.6622,20.0,1694.4
77638,10.6622,20.0,1694.5
77639,10.6622,20.0,1694.5
77640,10.6622,20.0,1694.5
77641,10.6624,20.0,1694.5
77642,10.6624,20.0,1694.5
77643,10.6624,20.0,1694.6
77644,10.6624,20.0,1694.6
77645,10.6624,20.0,1694.6
77646,10.6624,20.0,1694.6
77647,10.6624,20.0,1694.7
77648,10.6624,20.0,1694.7
77649,10.6624,20.0,1694.7
77650,10.6624,20.0,1694.7
77651,10.6624,20.0,1694.7
77652,10.6624,20.0,1694.8
77653,10.6624,20.0,1694.8
77654,10.6624,20.0,1694.8
77655,10.6624,20.0,1694.8
77656,10.6624,20.0,1694.9
77657,10.6624,20.0,1694.9
77658,10.6624,20.0,1694.9
77659,10.6624,20.0,1694.9
77660,10.6624,20.0,1694.9
77661,10.6625,20.0,1695.0
77662,10.6625,20.0,1695.0
77663,10.6625,20.0,1695.0
77664,10.6625,20.0,1695.0
77665,10.6625,20.0,1695.0
77666,10.6625,20.0,1695.1
77667,10.6625,20.0,1695.1
77668,10.6625,20.0,1695.1
77669,10.6625,20.0,1695.1
77670,10.6625,20.0,1695.1
77671,10.6625,20.0,1695.2
77672,10.6625,20.0,1695.2
77673,10.6625,20.0,1695.2
77674,10.6625,20.0,1695.2
77675,10.6625,20.0,1695.2
77676,10.6625,20.0,1695.3
77677,10.6625,20.0,1695.3
77678,10.6625,20.0,1695.3
77679,10.6625,20.0,1695.3
77680,10.6625,20.0,1695.3
77681,10.6627,20.0,1695.4
77682,10.6627,20.0,1695.4
77683,10.6627,20.0,1695.4
77684,10.6627,20.0,1695.4
77685,10.6627,20.0,1695.4
77686,10.6627,20.0,1695.5
77687,10.6627,20.0,1695.5
77688,10.6627,20.0,1695.5
77689,10.6627,20.0,1695.5
77690,10.6627,20.0,1695.5
77691,10.6627,20.0,1695.6
77692,10.6627,20.0,1695.6
77693,10.6627,20.0,1695.6
77694,10.6627,20.0,1695.6
77695,10.6627,20.0,1695.7
77696,10.6627,20.0,1695.7
77697,10.6627,20.0,1695.7
77698,10.6627,20.0,1695.7
77699,10.6627,20.0,1695.7
77700,10.6627,20.0,1695.8
77701,10.6628,20.0,1695.8
77702,10.6628,20.0,1695.8
77703,10.6628,20.0,1695.8
77704,10.6628,20.0,1695.8
77705,10.6628,20.0,1695.9
77706,10.6628,20.0,1695.9
77707,10.6628,20.0,1695.9
77708,10.6628,20.0,1695.9
77709,10.6628,20.0,1695.9
77710,10.6628,20.0,1696.0
77711,10.6628,20.0,1696.0
77712,10.6628,20.0,1696.0
77713,10.6628,20.0,1696.0
77714,10.6628,20.0,1696.0
77715,10.6628,20.0,1696.1
77716,10.6628,20.0,1696.1
77717,10.6628,20.0,1696.1
77718,10.6628,20.0,1696.1
77719,10.6628,20.0,1696.2
77720,10.6628,20.0,1696.2
77721,10.6630,20.0,1696.2
77722,10.6630,20.0,1696.2
77723,10.6630,20.0,1696.2
77724,10.6630,20.0,1696.3
77725,10.6630,20.0,1696.3
77726,10.6630,20.0,1696.3
77727,10.6630,20.0,1696.3
77728,10.6630,20.0,1696.4
77729,10.6630,20.0,1696.4
77730,10.6630,20.0,1696.4
77731,10.6630,20.0,1696.4
77732,10.6630,20.0,1696.4
77733,10.6630,20.0,1696.5
77734,10.6630,20.0,1696.5
77735,10.6630,20.0,1696.5
77736,10.6630,20.0,1696.5
77737,10.6630,20.0,1696.5
77738,10.6630,20.0,1696.6
77739,10.6630,20.0,1696.6
77740,10.6630,20.0,1696.6
77741,10.6631,20.0,1696.6
77742,10.6631,20.0,1696.7
77743,10.6631,20.0,1696.7
77744,10.6631,20.0,1696.7
77745,10.6631,20.0,1696.7
77746,10.6631,20.0,1696.7
77747,10.6631,20.0,1696.8
77748,10.6631,20.0,1696.8
77749,10.6631,20.0,1696.8
77750,10.6631,20.0,1696.8
77751,10.6631,20.0,1696.9
77752,10.6631,20.0,1696.9
77753,10.6631,20.0,1696.9
77754,10.6631,20.0,1696.9
77755,10.6631,20.0,1696.9
77756,10.6631,20.0,1697.0
77757,10.6631,20.0,1697.0
77758,10.6631,20.0,1697.0
77759,10.6631,20.0,1697.0
77760,10.6631,20.0,1697.1
77761,10.6633,20.0,1697.1
77762,10.6633,20.0,1697.1
77763,10.6633,20.0,1697.1
77764,10.6633,20.0,1697.2
77765,10.6633,20.0,1697.2
77766,10.6633,20.0,1697.2
77767,10.6633,20.0,1697.2
77768,10.6633,20.0,1697.3
77769,10.6633,20.0,1697.3
77770,10.6633,20.0,1697.3
77771,10.6633,20.0,1697.3
77772,10.6633,20.0,1697.3
77773,10.6633,20.0,1697.4
77774,10.6633,20.0,1697.4
77775,10.6633,20.0,1697.4
77776,10.6633,20.0,1697.4
77777,10.6633,20.0,1697.4
77778,10.6633,20.0,1697.5
77779,10.6633,20.0,1697.5
77780,10.6633,20.0,1697.5
77781,10.6835,20.0,1697.5
77782,10.6835,20.0,1697.5
77783,10.6835,20.0,1697.6
77784,10.6835,20.0,1697.6
77785,10.6835,20.0,1697.6
77786,10.6835,20.0,1697.6
77787,10.6835,20.0,1697.7
77788,10.6835,20.0,1697.7
77789,10.6835,20.0,1697.7
77790,10.6835,20.0,1697.7
77791,10.6835,20.0,1697.8
77792,10.6835,20.0,1697.8
77793,10.6835,20.0,1697.8
77794,10.6835,20.0,1697.8
77795,10.6835,20.0,1697.8
77796,10.6835,20.0,1697.9
77797,10.6835,20.0,1697.9
77798,10.6835,20.0,1697.9
77799,10.6835,20.0,1697.9
77800,10.6835,20.0,1698.0
77801,10.7234,20.0,1698.0
77802,10.7234,20.0,1698.0
77803,10.7234,20.0,1698.0
77804,10.7234,20.0,1698.0
77805,10.7234,20.0,1698.1
77806,10.7234,20.0,1698.1
77807,10.7234,20.0,1698.1
77808,10.7234,20.0,1698.1
77809,10.7234,20.0,1698.1
77810,10.7234,20.0,1698.2
77811,10.7234,20.0,1698.2
77812,10.7234,20.0,1698.2
77813,10.7234,20.0,1698.2
77814,10.7234,20.0,1698.2
77815,10.7234,20.0,1698.3
77816,10.7234,20.0,1698.3
77817,10.7234,20.0,1698.3
77818,10.7234,20.0,1698.3
77819,10.7234,20.0,1698.4
77820,10.7234,20.0,1698.4
77821,10.7633,20.0,1698.4
77822,10.7633,20.0,1698.4
77823,10.7633,20.0,1698.4
77824,10.7633,20.0,1698.4
77825,10.7633,20.0,1698.8
77826,10.7633,20.0,1698.8
77827,10.7633,20.0,1698.8
77828,10.7633,20.0,1698.8
77829,10.7633,20.0,1698.9
77830,10.7633,20.0,1698.9
77831,10.7633,20.0,1698.9
77832,10.7633,20.0,1698.9
77833,10.7633,20.0,1698.9
77834,10.7633,20.0,1699.0
77835,10.7633,20.0,1699.0
77836,10.7633,20.0,1699.0
77837,10.7633,20.0,1699.0
77838,10.7633,20.0,1699.0
77839,10.7633,20.0,1699.1
77840,10.7633,20.0,1699.1
77841,10.7832,20.0,1699.1
77842,10.7832,20.0,1699.1
77843,10.7832,20.0,1699.1
77844,10.7832,20.0,1699.2
77845,10.7832,20.0,1699.2
77846,10.7832,20.0,1699.2
77847,10.7832,20.0,1699.2
77848,10.7832,20.0,1699.2
77849,10.7832,20.0,1699.3
77850,10.7832,20.0,1699.3
77851,10.7832,20.0,1699.3
77852,10.7832,20.0,1699.3
77853,10.7832,20.0,1699.4
77854,10.7832,20.0,1699.4
77855,10.7832,20.0,1699.4
77856,10.7832,20.0,1699.4
77857,10.7832,20.0,1699.4
77858,10.7832,20.0,1699.5
77859,10.7832,20.0,1699.5
77860,10.7832,20.0,1699.5
77861,10.8026,20.0,1699.5
77862,10.8026,20.0,1699.5
77863,10.8026,20.0,1699.5
77864,10.8026,20.0,1699.6
77865,10.8026,20.0,1699.6
77866,10.8026,20.0,1699.6
77867,10.8026,20.0,1699.6
77868,10.8026,20.0,1699.7
77869,10.8026,20.0,1699.7
77870,10.8026,20.0,1699.7
77871,10.8026,20.0,1699.7
77872,10.8026,20.0,1699.8
77873,10.8026,20.0,1699.8
77874,10.8026,20.0,1699.8
77875,10.8026,20.0,1699.8
77876,10.8026,20.0,1699.8
77877,10.8026,20.0,1699.9
77878,10.8026,20.0,1699.9
77879,10.8026,20.0,1699.9
77880,10.8026,20.0,1699.9
77881,10.8220,20.0,1700.0
77882,10.8220,20.0,1700.0
77883,10.8220,20.0,1700.0
77884,10.8220,20.0,1700.0
77885,10.8220,20.0,1700.0
77886,10.8220,20.0,1700.1
77887,10.8220,20.0,1700.1
77888,10.8220,20.0,1700.1
77889,10.8220,20.0,1700.1
77890,10.8220,20.0,1700.1
77891,10.8220,20.0,1700.2
77892,10.8220,20.0,1700.2
77893,10.8220,20.0,1700.2
77894,10.8220,20.0,1700.2
77895,10.8220,20.0,1700.3
77896,10.8220,20.0,1700.3
77897,10.8220,20.0,1700.3
77898,10.8220,20.0,1700.3
77899,10.8220,20.0,1700.3
77900,10.8220,20.0,1700.3
77901,10.8414,20.0,1700.4
77902,10.8414,20.0,1700.4
77903,10.8414,20.0,1700.4
77904,10.8414,20.0,1700.4
77905,10.8414,20.0,1700.4
77906,10.8414,20.0,1700.5
77907,10.8414,20.0,1700.5
77908,10.8414,20.0,1700.5
77909,10.8414,20.0,1700.5
77910,10.8414,20.0,1700.6
77911,10.8414,20.0,1700.6
77912,10.8414,20.0,1700.6
77913,10.8414,20.0,1700.6
77914,10.8414,20.0,1700.6
77915,10.8414,20.0,1700.7
77916,10.8414,20.0,1700.7
77917,10.8414,20.0,1700.7
77918,10.8414,20.0,1700.7
77919,10.8414,20.0,1700.7
77920,10.8414,20.0,1700.8
77921,10.8608,20.0,1700.8
77922,10.8608,20.0,1700.8
77923,10.8608,20.0,1700.8
77924,10.8608,20.0,1700.8
77925,10.8608,20.0,1700.9
77926,10.8608,20.0,1700.9
77927,10.8608,20.0,1700.9
77928,10.8608,20.0,1700.9
77929,10.8608,20.0,1700.9
77930,10.8608,20.0,1701.0
77931,10.8608,20.0,1701.0
77932,10.8608,20.0,1701.0
77933,10.8608,20.0,1701.0
77934,10.8608,20.0,1701.0
77935,10.8608,20.0,1701.1
77936,10.8608,20.0,1701.1
77937,10.8608,20.0,1701.1
77938,10.8608,20.0,1701.1
77939,10.8608,20.0,1701.1
77940,10.8608,20.0,1701.2
77941,10.8802,20.0,1701.2
77942,10.8802,20.0,1701.2
77943,10.8802,20.0,1701.2
77944,10.8802,20.0,1701.2
77945,10.8802,20.0,1701.3
77946,10.8802,20.0,1701.3
77947,10.8802,20.0,1701.3
77948,10.8802,20.0,1701.3
77949,10.8802,20.0,1701.3
77950,10.8802,20.0,1701.4
77951,10.8802,20.0,1701.4
77952,10.8802,20.0,1701.4
77953,10.8802,20.0,1701.4
77954,10.8802,20.0,1701.4
77955,10.8802,20.0,1701.5
77956,10.8802,20.0,1701.5
77957,10.8802,20.0,1701.5
77958,10.8802,20.0,1701.5
77959,10.8802,20.0,1701.5
77960,10.8802,20.0,1701.6
77961,10.8996,20.0,1701.6
77962,10.8996,20.0,1701.6
77963,10.8996,20.0,1701.6
77964,10.8996,20.0,1701.7
77965,10.8996,20.0,1701.7
77966,10.8996,20.0,1701.7
77967,10.8996,20.0,1701.7
77968,10.8996,20.0,1701.7
77969,10.8996,20.0,1701.8
77970,10.8996,20.0,1701.8
77971,10.8996,20.0,1701.8
77972,10.8996,20.0,1701.8
77973,10.8996,20.0,1701.8
77974,10.8996,20.0,1701.8
77975,10.8996,20.0,1701.9
77976,10.8996,20.0,1701.9
77977,10.8996,20.0,1701.9
77978,10.8996,20.0,1701.9
77979,10.8996,20.0,1702.0
77980,10.8996,20.0,1702.0
77981,10.9191,20.0,1702.0
77982,10.9191,20.0,1702.0
77983,10.9191,20.0,1702.1
77984,10.9191,20.0,1702.1
77985,10.9191,20.0,1702.1
77986,10.9191,20.0,1702.1
77987,10.9191,20.0,1702.1
77988,10.9191,20.0,1702.2
77989,10.9191,20.0,1702.2
77990,10.9191,20.0,1702.2
77991,10.9191,20.0,1702.2
77992,10.9191,20.0,1702.2
77993,10.9191,20.0,1702.3
77994,10.9191,20.0,1702.3
77995,10.9191,20.0,1702.3
77996,10.9191,20.0,1702.3
77997,10.9191,20.0,1702.3
77998,10.9191,20.0,1702.4
77999,10.9191,20.0,1702.4
78000,10.9191,20.0,1702.4
78001,10.9385,20.0,1702.4
78002,10.9385,20.0,1702.4
78003,10.9385,20.0,1702.5
78004,10.9385,20.0,1702.5
78005,10.9385,20.0,1702.5
78006,10.9385,20.0,1702.5
78007,10.9385,20.0,1702.5
78008,10.9385,20.0,1702.6
78009,10.9385,20.0,1702.6
78010,10.9385,20.0,1702.6
78011,10.9385,20.0,1702.6
78012,10.9385,20.0,1702.6
78013,10.9385,20.0,1702.7
78014,10.9385,20.0,1702.7
78015,10.9385,20.0,1702.7
78016,10.9385,20.0,1702.7
78017,10.9385,20.0,1702.8
78018,10.9385,20.0,1702.8
78019,10.9385,20.0,1702.8
78020,10.9385,20.0,1702.8
78021,10.9579,20.0,1702.8
78022,10.9579,20.0,1702.9
78023,10.9579,20.0,1702.9
78024,10.9579,20.0,1702.9
78025,10.9579,20.0,1702.9
78026,10.9579,20.0,1703.0
78027,10.9579,20.0,1703.0
78028,10.9579,20.0,1703.0
78029,10.9579,20.0,1703.0
78030,10.9579,20.0,1703.0
78031,10.9579,20.0,1703.1
78032,10.9579,20.0,1703.1
78033,10.9579,20.0,1703.1
78034,10.9579,20.0,1703.1
78035,10.9579,20.0,1703.2
78036,10.9579,20.0,1703.2
78037,10.9579,20.0,1703.2
78038,10.9579,20.0,1703.2
78039,10.9579,20.0,1703.2
78040,10.9579,20.0,1703.3
78041,10.9773,20.0,1703.3
78042,10.9773,20.0,1703.3
78043,10.9773,20.0,1703.3
78044,10.9773,20.0,1703.3
78045,10.9773,20.0,1703.4
78046,10.9773,20.0,1703.4
78047,10.9773,20.0,1703.4
78048,10.9773,20.0,1703.4
78049,10.9773,20.0,1703.4
78050,10.9773,20.0,1703.5
78051,10.9773,20.0,1703.5
78052,10.9773,20.0,1703.5
78053,10.9773,20.0,1703.5
78054,10.9773,20.0,1703.6
78055,10.9773,20.0,1703.6
78056,10.9773,20.0,1703.6
78057,10.9773,20.0,1703.6
78058,10.9773,20.0,1703.6
78059,10.9773,20.0,1703.7
78060,10.9773,20.0,1703.7
78061,10.9967,20.0,1703.7
78062,10.9967,20.0,1703.7
78063,10.9967,20.0,1703.7
78064,10.9967,20.0,1703.8
78065,10.9967,20.0,1703.8
78066,10.9967,20.0,1703.8
78067,10.9967,20.0,1703.8
78068,10.9967,20.0,1703.9
78069,10.9967,20.0,1703.9
78070,10.9967,20.0,1703.9
78071,10.9967,20.0,1703.9
78072,10.9967,20.0,1703.9
78073,10.9967,20.0,1704.0
78074,10.9967,20.0,1704.0
78075,10.9967,20.0,1704.0
78076,10.9967,20.0,1704.0
78077,10.9967,20.0,1704.1
78078,10.9967,20.0,1704.1
78079,10.9967,20.0,1704.1
78080,10.9967,20.0,1704.1
78081,11.0161,20.0,1704.1
78082,11.0161,20.0,1704.1
78083,11.0161,20.0,1704.2
78084,11.0161,20.0,1704.2
78085,11.0161,20.0,1704.2
78086,11.0161,20.0,1704.2
78087,11.0161,20.0,1704.2
78088,11.0161,20.0,1704.3
78089,11.0161,20.0,1704.3
78090,11.0161,20.0,1704.3
78091,11.0161,20.0,1704.3
78092,11.0161,20.0,1704.4
78093,11.0161,20.0,1704.4
78094,11.0161,20.0,1704.4
78095,11.0161,20.0,1704.4
78096,11.0161,20.0,1704.4
78097,11.0161,20.0,1704.5
78098,11.0161,20.0,1704.5
78099,11.0161,20.0,1704.5
78100,11.0161,20.0,1704.5
78101,11.0355,20.0,1704.5
78102,11.0355,20.0,1704.6
78103,11.0355,20.0,1704.6
78104,11.0355,20.0,1704.6
78105,11.0355,20.0,1704.6
78106,11.0355,20.0,1704.7
78107,11.0355,20.0,1704.7
78108,11.0355,20.0,1704.7
78109,11.0355,20.0,1704.7
78110,11.0355,20.0,1704.8
78111,11.0355,20.0,1704.8
78112,11.0355,20.0,1704.8
78113,11.0355,20.0,1704.8
78114,11.0355,20.0,1704.8
78115,11.0355,20.0,1704.9
78116,11.0355,20.0,1704.9
78117,11.0355,20.0,1704.9
78118,11.0355,20.0,1704.9
78119,11.0355,20.0,1704.9
78120,11.0355,20.0,1704.9
78121,11.0549,20.0,1705.0
78122,11.0549,20.0,1705.0
78123,11.0549,20.0,1705.0
78124,11.0549,20.0,1705.0
78125,11.0549,20.0,1705.1
78126,11.0549,20.0,1705.1
78127,11.0549,20.0,1705.1
78128,11.0549,20.0,1705.1
78129,11.0549,20.0,1705.1
78130,11.0549,20.0,1705.2
78131,11.0549,20.0,1705.2
78132,11.0549,20.0,1705.2
78133,11.0549,20.0,1705.2
78134,11.0549,20.0,1705.2
78135,11.0549,20.0,1705.3
78136,11.0549,20.0,1705.3
78137,11.0549,20.0,1705.3
78138,11.0549,20.0,1705.3
78139,11.0549,20.0,1705.3
78140,11.0549,20.0,1705.3
78141,11.0743,20.0,1705.4
78142,11.0743,20.0,1705.4
78143,11.0743,20.0,1705.4
78144,11.0743,20.0,1705.4
78145,11.0743,20.0,1705.5
78146,11.0743,20.0,1705.5
78147,11.0743,20.0,1705.5
78148,11.0743,20.0,1705.5
78149,11.0743,20.0,1705.5
78150,11.0743,20.0,1705.6
78151,11.0743,20.0,1705.6
78152,11.0743,20.0,1705.6
78153,11.0743,20.0,1705.6
78154,11.0743,20.0,1705.6
78155,11.0743,20.0,1705.7
78156,11.0743,20.0,1705.7
78157,11.0743,20.0,1705.7
78158,11.0743,20.0,1705.7
78159,11.0743,20.0,1705.7
78160,11.0743,20.0,1705.8
78161,11.0938,20.0,1705.8
78162,11.0938,20.0,1705.8
78163,11.0938,20.0,1705.8
78164,11.0938,20.0,1705.8
78165,11.0938,20.0,1705.9
78166,11.0938,20.0,1705.9
78167,11.0938,20.0,1705.9
78168,11.0938,20.0,1705.9
78169,11.0938,20.0,1705.9
78170,11.0938,20.0,1706.0
78171,11.0938,20.0,1706.0
78172,11.0938,20.0,1706.0
78173,11.0938,20.0,1706.0
78174,11.0938,20.0,1706.1
78175,11.0938,20.0,1706.1
78176,11.0938,20.0,1706.1
78177,11.0938,20.0,1706.1
78178,11.0938,20.0,1706.1
78179,11.0938,20.0,1706.2
78180,11.0938,20.0,1706.2
78181,11.1132,20.0,1706.2
78182,11.1132,20.0,1706.2
78183,11.1132,20.0,1706.2
78184,11.1132,20.0,1706.3
78185,11.1132,20.0,1706.3
78186,11.1132,20.0,1706.3
78187,11.1132,20.0,1706.3
78188,11.1132,20.0,1706.3
78189,11.1132,20.0,1706.4
78190,11.1132,20.0,1706.4
78191,11.1132,20.0,1706.4
78192,11.1132,20.0,1706.4
78193,11.1132,20.0,1706.5
78194,11.1132,20.0,1706.5
78195,11.1132,20.0,1706.5
78196,11.1132,20.0,1706.5
78197,11.1132,20.0,1706.5
78198,11.1132,20.0,1706.6
78199,11.1132,20.0,1706.6
78200,11.1132,20.0,1706.6
78201,11.1326,20.0,1706.6
78202,11.1326,20.0,1706.6
78203,11.1326,20.0,1706.7
78204,11.1326,20.0,1706.7
78205,11.1326,20.0,1706.7
78206,11.1326,20.0,1706.7
78207,11.1326,20.0,1706.8
78208,11.1326,20.0,1706.8
78209,11.1326,20.0,1706.8
78210,11.1326,20.0,1706.8
78211,11.1326,20.0,1706.9
78212,11.1326,20.0,1706.9
78213,11.1326,20.0,1706.9
78214,11.1326,20.0,1706.9
78215,11.1326,20.0,1706.9
78216,11.1326,20.0,1706.9
78217,11.1326,20.0,1707.0
78218,11.1326,20.0,1707.0
78219,11.1326,20.0,1707.0
78220,11.1326,20.0,1707.0
78221,11.1520,20.0,1707.0
78222,11.1520,20.0,1707.1
78223,11.1520,20.0,1707.1
78224,11.1520,20.0,1707.1
78225,11.1520,20.0,1707.1
78226,11.1520,20.0,1707.2
78227,11.1520,20.0,1707.2
78228,11.1520,20.0,1707.2
78229,11.1520,20.0,1707.2
78230,11.1520,20.0,1707.2
78231,11.1520,20.0,1707.3
78232,11.1520,20.0,1707.3
78233,11.1520,20.0,1707.3
78234,11.1520,20.0,1707.3
78235,11.1520,20.0,1707.4
78236,11.1520,20.0,1707.4
78237,11.1520,20.0,1707.4
78238,11.1520,20.0,1707.4
78239,11.1520,20.0,1707.4
78240,11.1520,20.0,1707.5
78241,11.1714,20.0,1707.5
78242,11.1714,20.0,1707.5
78243,11.1714,20.0,1707.5
78244,11.1714,20.0,1707.5
78245,11.1714,20.0,1707.6
78246,11.1714,20.0,1707.6
78247,11.1714,20.0,1707.6
78248,11.1714,20.0,1707.6
78249,11.1714,20.0,1707.6
78250,11.1714,20.0,1707.7
78251,11.1714,20.0,1707.7
78252,11.1714,20.0,1707.7
78253,11.1714,20.0,1707.7
78254,11.1714,20.0,1707.8
78255,11.1714,20.0,1707.8
78256,11.1714,20.0,1707.8
78257,11.1714,20.0,1707.8
78258,11.1714,20.0,1707.8
78259,11.1714,20.0,1707.9
78260,11.1714,20.0,1707.9
78261,11.1908,20.0,1707.9
78262,11.1908,20.0,1707.9
78263,11.1908,20.0,1707.9
78264,11.1908,20.0,1707.9
78265,11.1908,20.0,1708.0
78266,11.1908,20.0,1708.0
78267,11.1908,20.0,1708.0
78268,11.1908,20.0,1708.0
78269,11.1908,20.0,1708.1
78270,11.1908,20.0,1708.1
78271,11.1908,20.0,1708.1
78272,11.1908,20.0,1708.1
78273,11.1908,20.0,1708.1
78274,11.1908,20.0,1708.2
78275,11.1908,20.0,1708.2
78276,11.1908,20.0,1708.2
78277,11.1908,20.0,1708.2
78278,11.1908,20.0,1708.2
78279,11.1908,20.0,1708.3
78280,11.1908,20.0,1708.3
78281,11.2102,20.0,1708.3
78282,11.2102,20.0,1708.3
78283,11.2102,20.0,1708.3
78284,11.2102,20.0,1708.4
78285,11.2102,20.0,1708.4
78286,11.2102,20.0,1708.4
78287,11.2102,20.0,1708.4
78288,11.2102,20.0,1708.5
78289,11.2102,20.0,1708.5
78290,11.2102,20.0,1708.5
78291,11.2102,20.0,1708.5
78292,11.2102,20.0,1708.5
78293,11.2102,20.0,1708.5
78294,11.2102,20.0,1708.6
78295,11.2102,20.0,1708.6
78296,11.2102,20.0,1708.6
78297,11.2102,20.0,1708.6
78298,11.2102,20.0,1708.6
78299,11.2102,20.0,1708.7
78300,11.2102,20.0,1708.7
78301,11.2490,20.0,1708.7
78302,11.2490,20.0,1708.7
78303,11.2490,20.0,1708.8
78304,11.2490,20.0,1708.8
78305,11.2490,20.0,1708.8
78306,11.2490,20.0,1708.8
78307,11.2490,20.0,1708.9
78308,11.2490,20.0,1708.9
78309,11.2490,20.0,1708.9
78310,11.2490,20.0,1708.9
78311,11.2490,20.0,1708.9
78312,11.2490,20.0,1709.0
78313,11.2490,20.0,1709.0
78314,11.2490,20.0,1709.0
78315,11.2490,20.0,1709.0
78316,11.2490,20.0,1709.0
78317,11.2490,20.0,1709.1
78318,11.2490,20.0,1709.1
78319,11.2490,20.0,1709.1
78320,11.2490,20.0,1709.1
78321,11.2879,20.0,1709.2
78322,11.2879,20.0,1709.2
78323,11.2879,20.0,1709.2
78324,11.2879,20.0,1709.2
78325,11.2879,20.0,1709.2
78326,11.2879,20.0,1709.3
78327,11.2879,20.0,1709.3
78328,11.2879,20.0,1709.3
78329,11.2879,20.0,1709.3
78330,11.2879,20.0,1709.3
78331,11.2879,20.0,1709.4
78332,11.2879,20.0,1709.4
78333,11.2879,20.0,1709.4
78334,11.2879,20.0,1709.4
78335,11.2879,20.0,1709.4
78336,11.2879,20.0,1709.5
78337,11.2879,20.0,1709.7
78338,11.2879,20.0,1709.8
78339,11.2879,20.0,1709.8
78340,11.2879,20.0,1709.8
78341,11.3270,20.0,1709.8
78342,11.3270,20.0,1709.8
78343,11.3270,20.0,1709.9
78344,11.3270,20.0,1709.9
78345,11.3270,20.0,1709.9
78346,11.3270,20.0,1709.9
78347,11.3270,20.0,1709.9
78348,11.3270,20.0,1710.0
78349,11.3270,20.0,1710.0
78350,11.3270,20.0,1710.0
78351,11.3270,20.0,1710.0
78352,11.3270,20.0,1710.0
78353,11.3270,20.0,1710.1
78354,11.3270,20.0,1710.1
78355,11.3270,20.0,1710.1
78356,11.3270,20.0,1710.1
78357,11.3270,20.0,1710.1
78358,11.3270,20.0,1710.2
78359,11.3270,20.0,1710.2
78360,11.3270,20.0,1710.2
78361,11.3458,20.0,1710.2
78362,11.3458,20.0,1710.3
78363,11.3458,20.0,1710.3
78364,11.3458,20.0,1710.3
78365,11.3458,20.0,1710.3
78366,11.3458,20.0,1710.3
78367,11.3458,20.0,1710.3
78368,11.3458,20.0,1710.4
78369,11.3458,20.0,1710.4
78370,11.3458,20.0,1710.4
78371,11.3458,20.0,1710.4
78372,11.3458,20.0,1710.5
78373,11.3458,20.0,1710.5
78374,11.3458,20.0,1710.5
78375,11.3458,20.0,1710.5
78376,11.3458,20.0,1710.6
78377,11.3458,20.0,1710.6
78378,11.3458,20.0,1710.6
78379,11.3458,20.0,1710.6
78380,11.3458,20.0,1710.6
78381,11.3646,20.0,1710.7
78382,11.3646,20.0,1710.7
78383,11.3646,20.0,1710.7
78384,11.3646,20.0,1710.7
78385,11.3646,20.0,1710.7
78386,11.3646,20.0,1710.8
78387,11.3646,20.0,1710.8
78388,11.3646,20.0,1710.8
78389,11.3646,20.0,1710.8
78390,11.3646,20.0,1710.9
78391,11.3646,20.0,1710.9
78392,11.3646,20.0,1710.9
78393,11.3646,20.0,1710.9
78394,11.3646,20.0,1710.9
78395,11.3646,20.0,1711.0
78396,11.3646,20.0,1711.0
78397,11.3646,20.0,1711.0
78398,11.3646,20.0,1711.0
78399,11.3646,20.0,1711.1
78400,11.3646,20.0,1711.1
78401,11.3834,20.0,1711.1
78402,11.3834,20.0,1711.1
78403,11.3834,20.0,1711.1
78404,11.3834,20.0,1711.2
78405,11.3834,20.0,1711.2
78406,11.3834,20.0,1711.2
78407,11.3834,20.0,1711.2
78408,11.3834,20.0,1711.3
78409,11.3834,20.0,1711.3
78410,11.3834,20.0,1711.3
78411,11.3834,20.0,1711.3
78412,11.3834,20.0,1711.3
78413,11.3834,20.0,1711.3
78414,11.3834,20.0,1711.4
78415,11.3834,20.0,1711.4
78416,11.3834,20.0,1711.4
78417,11.3834,20.0,1711.4
78418,11.3834,20.0,1711.5
78419,11.3834,20.0,1711.5
78420,11.3834,20.0,1711.5
78421,11.4022,20.0,1711.5
78422,11.4022,20.0,1711.5
78423,11.4022,20.0,1711.6
78424,11.4022,20.0,1711.6
78425,11.4022,20.0,1711.6
78426,11.4022,20.0,1711.6
78427,11.4022,20.0,1711.7
78428,11.4022,20.0,1711.7
78429,11.4022,20.0,1711.7
78430,11.4022,20.0,1711.7
78431,11.4022,20.0,1711.8
78432,11.4022,20.0,1711.8
78433,11.4022,20.0,1711.8
78434,11.4022,20.0,1711.8
78435,11.4022,20.0,1711.8
78436,11.4022,20.0,1711.9
78437,11.4022,20.0,1711.9
78438,11.4022,20.0,1711.9
78439,11.4022,20.0,1711.9
78440,11.4022,20.0,1712.0
78441,11.4210,20.0,1712.0
78442,11.4210,20.0,1712.0
78443,11.4210,20.0,1712.0
78444,11.4210,20.0,1712.0
78445,11.4210,20.0,1712.1
78446,11.4210,20.0,1712.1
78447,11.4210,20.0,1712.1
78448,11.4210,20.0,1712.1
78449,11.4210,20.0,1712.1
78450,11.4210,20.0,1712.1
78451,11.4210,20.0,1712.2
78452,11.4210,20.0,1712.2
78453,11.4210,20.0,1712.2
78454,11.4210,20.0,1712.2
78455,11.4210,20.0,1712.3
78456,11.4210,20.0,1712.3
78457,11.4210,20.0,1712.3
78458,11.4210,20.0,1712.3
78459,11.4210,20.0,1712.3
78460,11.4210,20.0,1712.4
78461,11.4397,20.0,1712.4
78462,11.4397,20.0,1712.4
78463,11.4397,20.0,1712.4
78464,11.4397,20.0,1712.4
78465,11.4397,20.0,1712.5
78466,11.4397,20.0,1712.5
78467,11.4397,20.0,1712.5
78468,11.4397,20.0,1712.5
78469,11.4397,20.0,1712.6
78470,11.4397,20.0,1712.6
78471,11.4397,20.0,1712.6
78472,11.4397,20.0,1712.6
78473,11.4397,20.0,1712.7
78474,11.4397,20.0,1712.7
78475,11.4397,20.0,1712.7
78476,11.4397,20.0,1712.7
78477,11.4397,20.0,1712.7
78478,11.4397,20.0,1712.8
78479,11.4397,20.0,1712.8
78480,11.4397,20.0,1712.8
78481,11.4585,20.0,1712.8
78482,11.4585,20.0,1712.9
78483,11.4585,20.0,1712.9
78484,11.4585,20.0,1712.9
78485,11.4585,20.0,1712.9
78486,11.4585,20.0,1712.9
78487,11.4585,20.0,1712.9
78488,11.4585,20.0,1713.0
78489,11.4585,20.0,1713.0
78490,11.4585,20.0,1713.0
78491,11.4585,20.0,1713.0
78492,11.4585,20.0,1713.0
78493,11.4585,20.0,1713.1
78494,11.4585,20.0,1713.1
78495,11.4585,20.0,1713.1
78496,11.4585,20.0,1713.1
78497,11.4585,20.0,1713.2
78498,11.4585,20.0,1713.2
78499,11.4585,20.0,1713.2
78500,11.4585,20.0,1713.2
78501,11.4773,20.0,1713.2
78502,11.4773,20.0,1713.3
78503,11.4773,20.0,1713.3
78504,11.4773,20.0,1713.3
78505,11.4773,20.0,1713.3
78506,11.4773,20.0,1713.3
78507,11.4773,20.0,1713.4
78508,11.4773,20.0,1713.4
78509,11.4773,20.0,1713.4
78510,11.4773,20.0,1713.4
78511,11.4773,20.0,1713.5
78512,11.4773,20.0,1713.5
78513,11.4773,20.0,1713.5
78514,11.4773,20.0,1713.5
78515,11.4773,20.0,1713.5
78516,11.4773,20.0,1713.6
78517,11.4773,20.0,1713.6
78518,11.4773,20.0,1713.6
78519,11.4773,20.0,1713.6
78520,11.4773,20.0,1713.7
78521,11.4961,20.0,1713.7
78522,11.4961,20.0,1713.7
78523,11.4961,20.0,1713.7
78524,11.4961,20.0,1713.7
78525,11.4961,20.0,1713.8
78526,11.4961,20.0,1713.8
78527,11.4961,20.0,1713.8
78528,11.4961,20.0,1713.8
78529,11.4961,20.0,1713.9
78530,11.4961,20.0,1713.9
78531,11.4961,20.0,1713.9
78532,11.4961,20.0,1713.9
78533,11.4961,20.0,1713.9
78534,11.4961,20.0,1714.0
78535,11.4961,20.0,1714.0
78536,11.4961,20.0,1714.0
78537,11.4961,20.0,1714.0
78538,11.4961,20.0,1714.0
78539,11.4961,20.0,1714.1
78540,11.4961,20.0,1714.1
78541,11.5149,20.0,1714.1
78542,11.5149,20.0,1714.1
78543,11.5149,20.0,1714.2
78544,11.5149,20.0,1714.2
78545,11.5149,20.0,1714.2
78546,11.5149,20.0,1714.2
78547,11.5149,20.0,1714.2
78548,11.5149,20.0,1714.2
78549,11.5149,20.0,1714.3
78550,11.5149,20.0,1714.3
78551,11.5149,20.0,1714.3
78552,11.5149,20.0,1714.3
78553,11.5149,20.0,1714.4
78554,11.5149,20.0,1714.4
78555,11.5149,20.0,1714.4
78556,11.5149,20.0,1714.4
78557,11.5149,20.0,1714.4
78558,11.5149,20.0,1714.5
78559,11.5149,20.0,1714.5
78560,11.5149,20.0,1714.5
78561,11.5337,20.0,1714.5
78562,11.5337,20.0,1714.5
78563,11.5337,20.0,1714.6
78564,11.5337,20.0,1714.6
78565,11.5337,20.0,1714.6
78566,11.5337,20.0,1714.6
78567,11.5337,20.0,1714.7
78568,11.5337,20.0,1714.7
78569,11.5337,20.0,1714.7
78570,11.5337,20.0,1714.7
78571,11.5337,20.0,1714.7
78572,11.5337,20.0,1714.7
78573,11.5337,20.0,1714.8
78574,11.5337,20.0,1714.8
78575,11.5337,20.0,1714.8
78576,11.5337,20.0,1714.8
78577,11.5337,20.0,1714.9
78578,11.5337,20.0,1714.9
78579,11.5337,20.0,1714.9
78580,11.5337,20.0,1714.9
78581,11.5525,20.0,1715.0
78582,11.5525,20.0,1715.0
78583,11.5525,20.0,1715.0
78584,11.5525,20.0,1715.0
78585,11.5525,20.0,1715.0
78586,11.5525,20.0,1715.1
78587,11.5525,20.0,1715.1
78588,11.5525,20.0,1715.1
78589,11.5525,20.0,1715.1
78590,11.5525,20.0,1715.1
78591,11.5525,20.0,1715.2
78592,11.5525,20.0,1715.2
78593,11.5525,20.0,1715.2
78594,11.5525,20.0,1715.2
78595,11.5525,20.0,1715.3
78596,11.5525,20.0,1715.3
78597,11.5525,20.0,1715.3
78598,11.5525,20.0,1715.3
78599,11.5525,20.0,1715.3
78600,11.5525,20.0,1715.4
78601,11.5713,20.0,1715.4
78602,11.5713,20.0,1715.4
78603,11.5713,20.0,1715.4
78604,11.5713,20.0,1715.5
78605,11.5713,20.0,1715.5
78606,11.5713,20.0,1715.5
78607,11.5713,20.0,1715.5
78608,11.5713,20.0,1715.5
78609,11.5713,20.0,1715.6
78610,11.5713,20.0,1715.6
78611,11.5713,20.0,1715.6
78612,11.5713,20.0,1715.6
78613,11.5713,20.0,1715.7
78614,11.5713,20.0,1715.7
78615,11.5713,20.0,1715.7
78616,11.5713,20.0,1715.7
78617,11.5713,20.0,1715.7
78618,11.5713,20.0,1715.7
78619,11.5713,20.0,1715.8
78620,11.5713,20.0,1715.8
78621,11.5901,20.0,1715.8
78622,11.5901,20.0,1715.8
78623,11.5901,20.0,1715.9
78624,11.5901,20.0,1715.9
78625,11.5901,20.0,1715.9
78626,11.5901,20.0,1715.9
78627,11.5901,20.0,1716.0
78628,11.5901,20.0,1716.0
78629,11.5901,20.0,1716.0
78630,11.5901,20.0,1716.0
78631,11.5901,20.0,1716.1
78632,11.5901,20.0,1716.1
78633,11.5901,20.0,1716.1
78634,11.5901,20.0,1716.1
78635,11.5901,20.0,1716.1
78636,11.5901,20.0,1716.2
78637,11.5901,20.0,1716.2
78638,11.5901,20.0,1716.2
78639,11.5901,20.0,1716.2
78640,11.5901,20.0,1716.2
78641,11.6089,20.0,1716.3
78642,11.6089,20.0,1716.3
78643,11.6089,20.0,1716.3
78644,11.6089,20.0,1716.3
78645,11.6089,20.0,1716.3
78646,11.6089,20.0,1716.3
78647,11.6089,20.0,1716.4
78648,11.6089,20.0,1716.4
78649,11.6089,20.0,1716.4
78650,11.6089,20.0,1716.4
78651,11.6089,20.0,1716.4
78652,11.6089,20.0,1716.5
78653,11.6089,20.0,1716.5
78654,11.6089,20.0,1716.5
78655,11.6089,20.0,1716.5
78656,11.6089,20.0,1716.6
78657,11.6089,20.0,1716.6
78658,11.6089,20.0,1716.6
78659,11.6089,20.0,1716.6
78660,11.6089,20.0,1716.6
78661,11.6277,20.0,1716.7
78662,11.6277,20.0,1716.7
78663,11.6277,20.0,1716.7
78664,11.6277,20.0,1716.7
78665,11.6277,20.0,1716.7
78666,11.6277,20.0,1716.7
78667,11.6277,20.0,1716.8
78668,11.6277,20.0,1716.8
78669,11.6277,20.0,1716.8
78670,11.6277,20.0,1716.8
78671,11.6277,20.0,1716.9
78672,11.6277,20.0,1716.9
78673,11.6277,20.0,1716.9
78674,11.6277,20.0,1716.9
78675,11.6277,20.0,1717.0
78676,11.6277,20.0,1717.0
78677,11.6277,20.0,1717.0
78678,11.6277,20.0,1717.0
78679,11.6277,20.0,1717.0
78680,11.6277,20.0,1717.0
78681,11.6465,20.0,1717.1
78682,11.6465,20.0,1717.1
78683,11.6465,20.0,1717.1
78684,11.6465,20.0,1717.1
78685,11.6465,20.0,1717.1
78686,11.6465,20.0,1717.2
78687,11.6465,20.0,1717.2
78688,11.6465,20.0,1717.2
78689,11.6465,20.0,1717.2
78690,11.6465,20.0,1717.3
78691,11.6465,20.0,1717.3
78692,11.6465,20.0,1717.3
78693,11.6465,20.0,1717.3
78694,11.6465,20.0,1717.3
78695,11.6465,20.0,1717.4
78696,11.6465,20.0,1717.4
78697,11.6465,20.0,1717.4
78698,11.6465,20.0,1717.4
78699,11.6465,20.0,1717.4
78700,11.6465,20.0,1717.4
78701,11.6652,20.0,1717.5
78702,11.6652,20.0,1717.5
78703,11.6652,20.0,1717.5
78704,11.6652,20.0,1717.5
78705,11.6652,20.0,1717.6
78706,11.6652,20.0,1717.6
78707,11.6652,20.0,1717.6
78708,11.6652,20.0,1717.6
78709,11.6652,20.0,1717.7
78710,11.6652,20.0,1717.7
78711,11.6652,20.0,1717.7
78712,11.6652,20.0,1717.7
78713,11.6652,20.0,1717.7
78714,11.6652,20.0,1717.8
78715,11.6652,20.0,1717.8
78716,11.6652,20.0,1717.8
78717,11.6652,20.0,1717.8
78718,11.6652,20.0,1717.8
78719,11.6652,20.0,1717.9
78720,11.6652,20.0,1717.9
78721,11.6840,20.0,1717.9
78722,11.6840,20.0,1717.9
78723,11.6840,20.0,1718.0
78724,11.6840,20.0,1718.0
78725,11.6840,20.0,1718.0
78726,11.6840,20.0,1718.0
78727,11.6840,20.0,1718.0
78728,11.6840,20.0,1718.1
78729,11.6840,20.0,1718.1
78730,11.6840,20.0,1718.1
78731,11.6840,20.0,1718.1
78732,11.6840,20.0,1718.1
78733,11.6840,20.0,1718.2
78734,11.6840,20.0,1718.2
78735,11.6840,20.0,1718.2
78736,11.6840,20.0,1718.2
78737,11.6840,20.0,1718.2
78738,11.6840,20.0,1718.3
78739,11.6840,20.0,1718.3
78740,11.6840,20.0,1718.3
78741,11.7028,20.0,1718.3
78742,11.7028,20.0,1718.3
78743,11.7028,20.0,1718.4
78744,11.7028,20.0,1718.4
78745,11.7028,20.0,1718.4
78746,11.7028,20.0,1718.4
78747,11.7028,20.0,1718.4
78748,11.7028,20.0,1718.5
78749,11.7028,20.0,1718.5
78750,11.7028,20.0,1718.5
78751,11.7028,20.0,1718.5
78752,11.7028,20.0,1718.5
78753,11.7028,20.0,1718.6
78754,11.7028,20.0,1718.6
78755,11.7028,20.0,1718.6
78756,11.7028,20.0,1718.6
78757,11.7028,20.0,1718.6
78758,11.7028,20.0,1718.7
78759,11.7028,20.0,1718.7
78760,11.7028,20.0,1718.7
78761,11.7216,20.0,1718.7
78762,11.7216,20.0,1718.8
78763,11.7216,20.0,1718.8
78764,11.7216,20.0,1718.8
78765,11.7216,20.0,1718.8
78766,11.7216,20.0,1718.8
78767,11.7216,20.0,1718.9
78768,11.7216,20.0,1718.9
78769,11.7216,20.0,1718.9
78770,11.7216,20.0,1718.9
78771,11.7216,20.0,1718.9
78772,11.7216,20.0,1719.0
78773,11.7216,20.0,1719.0
78774,11.7216,20.0,1719.0
78775,11.7216,20.0,1719.0
78776,11.7216,20.0,1719.0
78777,11.7216,20.0,1719.1
78778,11.7216,20.0,1719.1
78779,11.7216,20.0,1719.1
78780,11.7216,20.0,1719.1
78781,11.7404,20.0,1719.1
78782,11.7404,20.0,1719.2
78783,11.7404,20.0,1719.2
78784,11.7404,20.0,1719.2
78785,11.7404,20.0,1719.2
78786,11.7404,20.0,1719.2
78787,11.7404,20.0,1719.3
78788,11.7404,20.0,1719.3
78789,11.7404,20.0,1719.3
78790,11.7404,20.0,1719.3
78791,11.7404,20.0,1719.3
78792,11.7404,20.0,1719.4
78793,11.7404,20.0,1719.4
78794,11.7404,20.0,1719.4
78795,11.7404,20.0,1719.4
78796,11.7404,20.0,1719.4
78797,11.7404,20.0,1719.5
78798,11.7404,20.0,1719.5
78799,11.7404,20.0,1719.5
78800,11.7404,20.0,1719.5
78801,11.7592,20.0,1719.6
78802,11.7592,20.0,1719.6
78803,11.7592,20.0,1719.6
78804,11.7592,20.0,1719.6
78805,11.7592,20.0,1719.6
78806,11.7592,20.0,1719.7
78807,11.7592,20.0,1719.7
78808,11.7592,20.0,1719.7
78809,11.7592,20.0,1719.7
78810,11.7592,20.0,1719.7
78811,11.7592,20.0,1719.8
78812,11.7592,20.0,1719.8
78813,11.7592,20.0,1719.8
78814,11.7592,20.0,1719.8
78815,11.7592,20.0,1719.8
78816,11.7592,20.0,1719.9
78817,11.7592,20.0,1719.9
78818,11.7592,20.0,1719.9
78819,11.7592,20.0,1719.9
78820,11.7592,20.0,1720.0
78821,11.7581,20.0,1720.0
78822,11.7581,20.0,1720.0
78823,11.7581,20.0,1720.0
78824,11.7581,20.0,1720.0
78825,11.7581,20.0,1720.1
78826,11.7581,20.0,1720.1
78827,11.7581,20.0,1720.1
78828,11.7581,20.0,1720.1
78829,11.7581,20.0,1720.1
78830,11.7581,20.0,1720.2
78831,11.7581,20.0,1720.2
78832,11.7581,20.0,1720.2
78833,11.7581,20.0,1720.2
78834,11.7581,20.0,1720.3
78835,11.7581,20.0,1720.3
78836,11.7581,20.0,1720.3
78837,11.7581,20.0,1720.3
78838,11.7581,20.0,1720.3
78839,11.7581,20.0,1720.4
78840,11.7581,20.0,1720.4
78841,11.7570,20.0,1720.4
78842,11.7570,20.0,1720.4
78843,11.7570,20.0,1720.5
78844,11.7570,20.0,1720.5
78845,11.7570,20.0,1720.5
78846,11.7570,20.0,1720.5
78847,11.7570,20.0,1720.5
78848,11.7570,20.0,1720.6
78849,11.7570,20.0,1720.8
78850,11.7570,20.0,1720.9
78851,11.7570,20.0,1720.9
78852,11.7570,20.0,1720.9
78853,11.7570,20.0,1720.9
78854,11.7570,20.0,1721.0
78855,11.7570,20.0,1721.0
78856,11.7570,20.0,1721.0
78857,11.7570,20.0,1721.0
78858,11.7570,20.0,1721.0
78859,11.7570,20.0,1721.1
78860,11.7570,20.0,1721.1
78861,11.7566,20.0,1721.1
78862,11.7566,20.0,1721.1
78863,11.7566,20.0,1721.2
78864,11.7566,20.0,1721.2
78865,11.7566,20.0,1721.2
78866,11.7566,20.0,1721.2
78867,11.7566,20.0,1721.2
78868,11.7566,20.0,1721.2
78869,11.7566,20.0,1721.3
78870,11.7566,20.0,1721.3
78871,11.7566,20.0,1721.3
78872,11.7566,20.0,1721.3
78873,11.7566,20.0,1721.4
78874,11.7566,20.0,1721.4
78875,11.7566,20.0,1721.4
78876,11.7566,20.0,1721.4
78877,11.7566,20.0,1721.4
78878,11.7566,20.0,1721.4
78879,11.7566,20.0,1721.5
78880,11.7566,20.0,1721.5
78881,11.7564,20.0,1721.5
78882,11.7564,20.0,1721.5
78883,11.7564,20.0,1721.5
78884,11.7564,20.0,1721.6
78885,11.7564,20.0,1721.6
78886,11.7564,20.0,1721.6
78887,11.7564,20.0,1721.6
78888,11.7564,20.0,1721.7
78889,11.7564,20.0,1721.7
78890,11.7564,20.0,1721.7
78891,11.7564,20.0,1721.7
78892,11.7564,20.0,1721.7
78893,11.7564,20.0,1721.8
78894,11.7564,20.0,1721.8
78895,11.7564,20.0,1721.8
78896,11.7564,20.0,1721.8
78897,11.7564,20.0,1721.8
78898,11.7564,20.0,1721.9
78899,11.7564,20.0,1721.9
78900,11.7564,20.0,1721.9
78901,11.7563,20.0,1721.9
78902,11.7563,20.0,1722.0
78903,11.7563,20.0,1722.0
78904,11.7563,20.0,1722.0
78905,11.7563,20.0,1722.0
78906,11.7563,20.0,1722.1
78907,11.7563,20.0,1722.1
78908,11.7563,20.0,1722.1
78909,11.7563,20.0,1722.1
78910,11.7563,20.0,1722.1
78911,11.7563,20.0,1722.2
78912,11.7563,20.0,1722.2
78913,11.7563,20.0,1722.2
78914,11.7563,20.0,1722.2
78915,11.7563,20.0,1722.2
78916,11.7563,20.0,1722.3
78917,11.7563,20.0,1722.3
78918,11.7563,20.0,1722.3
78919,11.7563,20.0,1722.3
78920,11.7563,20.0,1722.3
78921,11.7561,20.0,1722.4
78922,11.7561,20.0,1722.4
78923,11.7561,20.0,1722.4
78924,11.7561,20.0,1722.4
78925,11.7561,20.0,1722.4
78926,11.7561,20.0,1722.5
78927,11.7561,20.0,1722.5
78928,11.7561,20.0,1722.5
78929,11.7561,20.0,1722.5
78930,11.7561,20.0,1722.5
78931,11.7561,20.0,1722.6
78932,11.7561,20.0,1722.6
78933,11.7561,20.0,1722.6
78934,11.7561,20.0,1722.6
78935,11.7561,20.0,1722.6
78936,11.7561,20.0,1722.7
78937,11.7561,20.0,1722.7
78938,11.7561,20.0,1722.7
78939,11.7561,20.0,1722.7
78940,11.7561,20.0,1722.7
78941,11.7560,20.0,1722.8
78942,11.7560,20.0,1722.8
78943,11.7560,20.0,1722.8
78944,11.7560,20.0,1722.8
78945,11.7560,20.0,1722.8
78946,11.7560,20.0,1722.9
78947,11.7560,20.0,1722.9
78948,11.7560,20.0,1722.9
78949,11.7560,20.0,1722.9
78950,11.7560,20.0,1723.0
78951,11.7560,20.0,1723.0
78952,11.7560,20.0,1723.0
78953,11.7560,20.0,1723.0
78954,11.7560,20.0,1723.1
78955,11.7560,20.0,1723.1
78956,11.7560,20.0,1723.1
78957,11.7560,20.0,1723.1
78958,11.7560,20.0,1723.1
78959,11.7560,20.0,1723.2
78960,11.7560,20.0,1723.2
78961,11.7558,20.0,1723.2
78962,11.7558,20.0,1723.2
78963,11.7558,20.0,1723.2
78964,11.7558,20.0,1723.3
78965,11.7558,20.0,1723.3
78966,11.7558,20.0,1723.3
78967,11.7558,20.0,1723.3
78968,11.7558,20.0,1723.3
78969,11.7558,20.0,1723.4
78970,11.7558,20.0,1723.4
78971,11.7558,20.0,1723.4
78972,11.7558,20.0,1723.4
78973,11.7558,20.0,1723.4
78974,11.7558,20.0,1723.5
78975,11.7558,20.0,1723.5
78976,11.7558,20.0,1723.5
78977,11.7558,20.0,1723.5
78978,11.7558,20.0,1723.5
78979,11.7558,20.0,1723.6
78980,11.7558,20.0,1723.6
78981,11.7557,20.0,1723.6
78982,11.7557,20.0,1723.6
78983,11.7557,20.0,1723.7
78984,11.7557,20.0,1723.7
78985,11.7557,20.0,1723.7
78986,11.7557,20.0,1723.7
78987,11.7557,20.0,1723.8
78988,11.7557,20.0,1723.8
78989,11.7557,20.0,1723.8
78990,11.7557,20.0,1723.8
78991,11.7557,20.0,1723.8
78992,11.7557,20.0,1723.9
78993,11.7557,20.0,1723.9
78994,11.7557,20.0,1723.9
78995,11.7557,20.0,1723.9
78996,11.7557,20.0,1723.9
78997,11.7557,20.0,1724.0
78998,11.7557,20.0,1724.0
78999,11.7557,20.0,1724.0
79000,11.7557,20.0,1724.0
79001,11.7555,20.0,1724.0
79002,11.7555,20.0,1724.1
79003,11.7555,20.0,1724.1
79004,11.7555,20.0,1724.1
79005,11.7555,20.0,1724.1
79006,11.7555,20.0,1724.1
79007,11.7555,20.0,1724.2
79008,11.7555,20.0,1724.2
79009,11.7555,20.0,1724.2
79010,11.7555,20.0,1724.2
79011,11.7555,20.0,1724.3
79012,11.7555,20.0,1724.3
79013,11.7555,20.0,1724.3
79014,11.7555,20.0,1724.3
79015,11.7555,20.0,1724.3
79016,11.7555,20.0,1724.4
79017,11.7555,20.0,1724.4
79018,11.7555,20.0,1724.4
79019,11.7555,20.0,1724.4
79020,11.7555,20.0,1724.4
79021,11.7554,20.0,1724.5
79022,11.7554,20.0,1724.5
79023,11.7554,20.0,1724.5
79024,11.7554,20.0,1724.5
79025,11.7554,20.0,1724.6
79026,11.7554,20.0,1724.6
79027,11.7554,20.0,1724.6
79028,11.7554,20.0,1724.6
79029,11.7554,20.0,1724.7
79030,11.7554,20.0,1724.7
79031,11.7554,20.0,1724.7
79032,11.7554,20.0,1724.7
79033,11.7554,20.0,1724.8
79034,11.7554,20.0,1724.8
79035,11.7554,20.0,1724.8
79036,11.7554,20.0,1724.8
79037,11.7554,20.0,1724.8
79038,11.7554,20.0,1724.9
79039,11.7554,20.0,1724.9
79040,11.7554,20.0,1724.9
79041,11.7552,20.0,1724.9
79042,11.7552,20.0,1724.9
79043,11.7552,20.0,1725.0
79044,11.7552,20.0,1725.0
79045,11.7552,20.0,1725.0
79046,11.7552,20.0,1725.0
79047,11.7552,20.0,1725.0
79048,11.7552,20.0,1725.1
79049,11.7552,20.0,1725.1
79050,11.7552,20.0,1725.1
79051,11.7552,20.0,1725.1
79052,11.7552,20.0,1725.1
79053,11.7552,20.0,1725.2
79054,11.7552,20.0,1725.2
79055,11.7552,20.0,1725.2
79056,11.7552,20.0,1725.2
79057,11.7552,20.0,1725.2
79058,11.7552,20.0,1725.3
79059,11.7552,20.0,1725.3
79060,11.7552,20.0,1725.3
79061,11.7551,20.0,1725.3
79062,11.7551,20.0,1725.4
79063,11.7551,20.0,1725.4
79064,11.7551,20.0,1725.4
79065,11.7551,20.0,1725.4
79066,11.7551,20.0,1725.4
79067,11.7551,20.0,1725.5
79068,11.7551,20.0,1725.5
79069,11.7551,20.0,1725.5
79070,11.7551,20.0,1725.5
79071,11.7551,20.0,1725.6
79072,11.7551,20.0,1725.6
79073,11.7551,20.0,1725.6
79074,11.7551,20.0,1725.6
79075,11.7551,20.0,1725.6
79076,11.7551,20.0,1725.7
79077,11.7551,20.0,1725.7
79078,11.7551,20.0,1725.7
79079,11.7551,20.0,1725.7
79080,11.7551,20.0,1725.7
79081,11.7549,20.0,1725.8
79082,11.7549,20.0,1725.8
79083,11.7549,20.0,1725.8
79084,11.7549,20.0,1725.8
79085,11.7549,20.0,1725.9
79086,11.7549,20.0,1725.9
79087,11.7549,20.0,1725.9
79088,11.7549,20.0,1725.9
79089,11.7549,20.0,1725.9
79090,11.7549,20.0,1726.0
79091,11.7549,20.0,1726.0
79092,11.7549,20.0,1726.0
79093,11.7549,20.0,1726.0
79094,11.7549,20.0,1726.0
79095,11.7549,20.0,1726.1
79096,11.7549,20.0,1726.1
79097,11.7549,20.0,1726.1
79098,11.7549,20.0,1726.1
79099,11.7549,20.0,1726.2
79100,11.7549,20.0,1726.2
79101,11.7548,20.0,1726.2
79102,11.7548,20.0,1726.2
79103,11.7548,20.0,1726.2
79104,11.7548,20.0,1726.3
79105,11.7548,20.0,1726.3
79106,11.7548,20.0,1726.3
79107,11.7548,20.0,1726.3
79108,11.7548,20.0,1726.3
79109,11.7548,20.0,1726.4
79110,11.7548,20.0,1726.4
79111,11.7548,20.0,1726.4
79112,11.7548,20.0,1726.4
79113,11.7548,20.0,1726.4
79114,11.7548,20.0,1726.5
79115,11.7548,20.0,1726.5
79116,11.7548,20.0,1726.5
79117,11.7548,20.0,1726.5
79118,11.7548,20.0,1726.6
79119,11.7548,20.0,1726.6
79120,11.7548,20.0,1726.6
79121,11.7546,20.0,1726.6
79122,11.7546,20.0,1726.7
79123,11.7546,20.0,1726.7
79124,11.7546,20.0,1726.7
79125,11.7546,20.0,1726.7
79126,11.7546,20.0,1726.7
79127,11.7546,20.0,1726.7
79128,11.7546,20.0,1726.8
79129,11.7546,20.0,1726.8
79130,11.7546,20.0,1726.8
79131,11.7546,20.0,1726.8
79132,11.7546,20.0,1726.9
79133,11.7546,20.0,1726.9
79134,11.7546,20.0,1726.9
79135,11.7546,20.0,1726.9
79136,11.7546,20.0,1726.9
79137,11.7546,20.0,1727.0
79138,11.7546,20.0,1727.0
79139,11.7546,20.0,1727.0
79140,11.7546,20.0,1727.0
79141,11.7545,20.0,1727.1
79142,11.7545,20.0,1727.1
79143,11.7545,20.0,1727.1
79144,11.7545,20.0,1727.1
79145,11.7545,20.0,1727.2
79146,11.7545,20.0,1727.2
79147,11.7545,20.0,1727.2
79148,11.7545,20.0,1727.2
79149,11.7545,20.0,1727.2
79150,11.7545,20.0,1727.3
79151,11.7545,20.0,1727.3
79152,11.7545,20.0,1727.3
79153,11.7545,20.0,1727.3
79154,11.7545,20.0,1727.3
79155,11.7545,20.0,1727.3
79156,11.7545,20.0,1727.4
79157,11.7545,20.0,1727.4
79158,11.7545,20.0,1727.4
79159,11.7545,20.0,1727.4
79160,11.7545,20.0,1727.5
79161,11.7543,20.0,1727.5
79162,11.7543,20.0,1727.5
79163,11.7543,20.0,1727.5
79164,11.7543,20.0,1727.5
79165,11.7543,20.0,1727.6
79166,11.7543,20.0,1727.6
79167,11.7543,20.0,1727.6
79168,11.7543,20.0,1727.6
79169,11.7543,20.0,1727.6
79170,11.7543,20.0,1727.7
79171,11.7543,20.0,1727.7
79172,11.7543,20.0,1727.7
79173,11.7543,20.0,1727.7
79174,11.7543,20.0,1727.8
79175,11.7543,20.0,1727.8
79176,11.7543,20.0,1727.8
79177,11.7543,20.0,1727.8
79178,11.7543,20.0,1727.8
79179,11.7543,20.0,1727.9
79180,11.7543,20.0,1727.9
79181,11.7542,20.0,1727.9
79182,11.7542,20.0,1727.9
79183,11.7542,20.0,1728.0
79184,11.7542,20.0,1728.0
79185,11.7542,20.0,1728.0
79186,11.7542,20.0,1728.0
79187,11.7542,20.0,1728.0
79188,11.7542,20.0,1728.1
79189,11.7542,20.0,1728.1
79190,11.7542,20.0,1728.1
79191,11.7542,20.0,1728.1
79192,11.7542,20.0,1728.1
79193,11.7542,20.0,1728.1
79194,11.7542,20.0,1728.2
79195,11.7542,20.0,1728.2
79196,11.7542,20.0,1728.2
79197,11.7542,20.0,1728.2
79198,11.7542,20.0,1728.2
79199,11.7542,20.0,1728.3
79200,11.7542,20.0,1728.3
79201,11.7540,20.0,1728.3
79202,11.7540,20.0,1728.3
79203,11.7540,20.0,1728.3
79204,11.7540,20.0,1728.4
79205,11.7540,20.0,1728.4
79206,11.7540,20.0,1728.4
79207,11.7540,20.0,1728.4
79208,11.7540,20.0,1728.4
79209,11.7540,20.0,1728.5
79210,11.7540,20.0,1728.5
79211,11.7540,20.0,1728.5
79212,11.7540,20.0,1728.5
79213,11.7540,20.0,1728.6
79214,11.7540,20.0,1728.6
79215,11.7540,20.0,1728.6
79216,11.7540,20.0,1728.6
79217,11.7540,20.0,1728.6
79218,11.7540,20.0,1728.7
79219,11.7540,20.0,1728.7
79220,11.7540,20.0,1728.7
79221,11.7538,20.0,1728.7
79222,11.7538,20.0,1728.8
79223,11.7538,20.0,1728.8
79224,11.7538,20.0,1728.8
79225,11.7538,20.0,1728.8
79226,11.7538,20.0,1728.8
79227,11.7538,20.0,1728.8
79228,11.7538,20.0,1728.9
79229,11.7538,20.0,1728.9
79230,11.7538,20.0,1728.9
79231,11.7538,20.0,1728.9
79232,11.7538,20.0,1729.0
79233,11.7538,20.0,1729.0
79234,11.7538,20.0,1729.0
79235,11.7538,20.0,1729.0
79236,11.7538,20.0,1729.1
79237,11.7538,20.0,1729.1
79238,11.7538,20.0,1729.1
79239,11.7538,20.0,1729.1
79240,11.7538,20.0,1729.2
79241,11.7537,20.0,1729.2
79242,11.7537,20.0,1729.2
79243,11.7537,20.0,1729.2
79244,11.7537,20.0,1729.2
79245,11.7537,20.0,1729.3
79246,11.7537,20.0,1729.3
79247,11.7537,20.0,1729.3
79248,11.7537,20.0,1729.3
79249,11.7537,20.0,1729.3
79250,11.7537,20.0,1729.4
79251,11.7537,20.0,1729.4
79252,11.7537,20.0,1729.4
79253,11.7537,20.0,1729.4
79254,11.7537,20.0,1729.4
79255,11.7537,20.0,1729.5
79256,11.7537,20.0,1729.5
79257,11.7537,20.0,1729.5
79258,11.7537,20.0,1729.5
79259,11.7537,20.0,1729.5
79260,11.7537,20.0,1729.6
79261,11.7535,20.0,1729.6
79262,11.7535,20.0,1729.6
79263,11.7535,20.0,1729.6
79264,11.7535,20.0,1729.6
79265,11.7535,20.0,1729.7
79266,11.7535,20.0,1729.7
79267,11.7535,20.0,1729.7
79268,11.7535,20.0,1729.7
79269,11.7535,20.0,1729.7
79270,11.7535,20.0,1729.8
79271,11.7535,20.0,1729.8
79272,11.7535,20.0,1729.8
79273,11.7535,20.0,1729.8
79274,11.7535,20.0,1729.8
79275,11.7535,20.0,1729.9
79276,11.7535,20.0,1729.9
79277,11.7535,20.0,1729.9
79278,11.7535,20.0,1729.9
79279,11.7535,20.0,1729.9
79280,11.7535,20.0,1730.0
79281,11.7534,20.0,1730.0
79282,11.7534,20.0,1730.0
79283,11.7534,20.0,1730.0
79284,11.7534,20.0,1730.0
79285,11.7534,20.0,1730.1
79286,11.7534,20.0,1730.1
79287,11.7534,20.0,1730.1
79288,11.7534,20.0,1730.1
79289,11.7534,20.0,1730.1
79290,11.7534,20.0,1730.2
79291,11.7534,20.0,1730.2
79292,11.7534,20.0,1730.2
79293,11.7534,20.0,1730.2
79294,11.7534,20.0,1730.2
79295,11.7534,20.0,1730.3
79296,11.7534,20.0,1730.3
79297,11.7534,20.0,1730.3
79298,11.7534,20.0,1730.3
79299,11.7534,20.0,1730.4
79300,11.7534,20.0,1730.4
79301,11.7532,20.0,1730.4
79302,11.7532,20.0,1730.4
79303,11.7532,20.0,1730.4
79304,11.7532,20.0,1730.5
79305,11.7532,20.0,1730.5
79306,11.7532,20.0,1730.5
79307,11.7532,20.0,1730.5
79308,11.7532,20.0,1730.5
79309,11.7532,20.0,1730.6
79310,11.7532,20.0,1730.6
79311,11.7532,20.0,1730.6
79312,11.7532,20.0,1730.6
79313,11.7532,20.0,1730.6
79314,11.7532,20.0,1730.6
79315,11.7532,20.0,1730.7
79316,11.7532,20.0,1730.7
79317,11.7532,20.0,1730.7
79318,11.7532,20.0,1730.7
79319,11.7532,20.0,1730.8
79320,11.7532,20.0,1730.8
79321,11.7137,20.0,1730.8
79322,11.7137,20.0,1730.8
79323,11.7137,20.0,1730.8
79324,11.7137,20.0,1730.9
79325,11.7137,20.0,1730.9
79326,11.7137,20.0,1730.9
79327,11.7137,20.0,1730.9
79328,11.7137,20.0,1730.9
79329,11.7137,20.0,1731.0
79330,11.7137,20.0,1731.0
79331,11.7137,20.0,1731.0
79332,11.7137,20.0,1731.0
79333,11.7137,20.0,1731.1
79334,11.7137,20.0,1731.1
79335,11.7137,20.0,1731.1
79336,11.7137,20.0,1731.1
79337,11.7137,20.0,1731.1
79338,11.7137,20.0,1731.2
79339,11.7137,20.0,1731.2
79340,11.7137,20.0,1731.2
79341,11.6740,20.0,1731.2
79342,11.6740,20.0,1731.3
79343,11.6740,20.0,1731.3
79344,11.6740,20.0,1731.3
79345,11.6740,20.0,1731.3
79346,11.6740,20.0,1731.3
79347,11.6740,20.0,1731.4
79348,11.6740,20.0,1731.4
79349,11.6740,20.0,1731.4
79350,11.6740,20.0,1731.4
79351,11.6740,20.0,1731.4
79352,11.6740,20.0,1731.5
79353,11.6740,20.0,1731.5
79354,11.6740,20.0,1731.5
79355,11.6740,20.0,1731.5
79356,11.6740,20.0,1731.5
79357,11.6740,20.0,1731.5
79358,11.6740,20.0,1731.6
79359,11.6740,20.0,1731.6
79360,11.6740,20.0,1731.6
79361,11.6342,20.0,1731.9
79362,11.6342,20.0,1731.9
79363,11.6342,20.0,1731.9
79364,11.6342,20.0,1731.9
79365,11.6342,20.0,1732.0
79366,11.6342,20.0,1732.0
79367,11.6342,20.0,1732.0
79368,11.6342,20.0,1732.0
79369,11.6342,20.0,1732.0
79370,11.6342,20.0,1732.1
79371,11.6342,20.0,1732.1
79372,11.6342,20.0,1732.1
79373,11.6342,20.0,1732.1
79374,11.6342,20.0,1732.2
79375,11.6342,20.0,1732.2
79376,11.6342,20.0,1732.2
79377,11.6342,20.0,1732.2
79378,11.6342,20.0,1732.2
79379,11.6342,20.0,1732.2
79380,11.6342,20.0,1732.3
79381,11.5741,20.0,1732.3
79382,11.5741,20.0,1732.3
79383,11.5741,20.0,1732.3
79384,11.5741,20.0,1732.4
79385,11.5741,20.0,1732.4
79386,11.5741,20.0,1732.4
79387,11.5741,20.0,1732.4
79388,11.5741,20.0,1732.4
79389,11.5741,20.0,1732.5
79390,11.5741,20.0,1732.5
79391,11.5741,20.0,1732.5
79392,11.5741,20.0,1732.5
79393,11.5741,20.0,1732.5
79394,11.5741,20.0,1732.5
79395,11.5741,20.0,1732.6
79396,11.5741,20.0,1732.6
79397,11.5741,20.0,1732.6
79398,11.5741,20.0,1732.7
79399,11.5741,20.0,1732.7
79400,11.5741,20.0,1732.7
79401,11.5139,20.0,1732.7
79402,11.5139,20.0,1732.7
79403,11.5139,20.0,1732.7
79404,11.5139,20.0,1732.8
79405,11.5139,20.0,1732.8
79406,11.5139,20.0,1732.8
79407,11.5139,20.0,1732.8
79408,11.5139,20.0,1732.8
79409,11.5139,20.0,1732.9
79410,11.5139,20.0,1732.9
79411,11.5139,20.0,1732.9
79412,11.5139,20.0,1732.9
79413,11.5139,20.0,1732.9
79414,11.5139,20.0,1733.0
79415,11.5139,20.0,1733.0
79416,11.5139,20.0,1733.0
79417,11.5139,20.0,1733.0
79418,11.5139,20.0,1733.1
79419,11.5139,20.0,1733.1
79420,11.5139,20.0,1733.1
79421,11.4538,20.0,1733.1
79422,11.4538,20.0,1733.2
79423,11.4538,20.0,1733.2
79424,11.4538,20.0,1733.2
79425,11.4538,20.0,1733.2
79426,11.4538,20.0,1733.3
79427,11.4538,20.0,1733.3
79428,11.4538,20.0,1733.3
79429,11.4538,20.0,1733.3
79430,11.4538,20.0,1733.4
79431,11.4538,20.0,1733.4
79432,11.4538,20.0,1733.4
79433,11.4538,20.0,1733.4
79434,11.4538,20.0,1733.4
79435,11.4538,20.0,1733.5
79436,11.4538,20.0,1733.5
79437,11.4538,20.0,1733.5
79438,11.4538,20.0,1733.5
79439,11.4538,20.0,1733.5
79440,11.4538,20.0,1733.6
79441,11.3936,20.0,1733.6
79442,11.3936,20.0,1733.6
79443,11.3936,20.0,1733.6
79444,11.3936,20.0,1733.6
79445,11.3936,20.0,1733.7
79446,11.3936,20.0,1733.7
79447,11.3936,20.0,1733.7
79448,11.3936,20.0,1733.7
79449,11.3936,20.0,1733.7
79450,11.3936,20.0,1733.8
79451,11.3936,20.0,1733.8
79452,11.3936,20.0,1733.8
79453,11.3936,20.0,1733.8
79454,11.3936,20.0,1733.8
79455,11.3936,20.0,1733.9
79456,11.3936,20.0,1733.9
79457,11.3936,20.0,1733.9
79458,11.3936,20.0,1733.9
79459,11.3936,20.0,1733.9
79460,11.3936,20.0,1734.0
79461,11.3334,20.0,1734.0
79462,11.3334,20.0,1734.0
79463,11.3334,20.0,1734.1
79464,11.3334,20.0,1734.1
79465,11.3334,20.0,1734.1
79466,11.3334,20.0,1734.1
79467,11.3334,20.0,1734.2
79468,11.3334,20.0,1734.2
79469,11.3334,20.0,1734.2
79470,11.3334,20.0,1734.2
79471,11.3334,20.0,1734.2
79472,11.3334,20.0,1734.3
79473,11.3334,20.0,1734.3
79474,11.3334,20.0,1734.3
79475,11.3334,20.0,1734.3
79476,11.3334,20.0,1734.3
79477,11.3334,20.0,1734.4
79478,11.3334,20.0,1734.4
79479,11.3334,20.0,1734.4
79480,11.3334,20.0,1734.4
79481,11.2733,20.0,1734.4
79482,11.2733,20.0,1734.4
79483,11.2733,20.0,1734.5
79484,11.2733,20.0,1734.5
79485,11.2733,20.0,1734.5
79486,11.2733,20.0,1734.5
79487,11.2733,20.0,1734.6
79488,11.2733,20.0,1734.6
79489,11.2733,20.0,1734.6
79490,11.2733,20.0,1734.6
79491,11.2733,20.0,1734.6
79492,11.2733,20.0,1734.7
79493,11.2733,20.0,1734.7
79494,11.2733,20.0,1734.7
79495,11.2733,20.0,1734.7
79496,11.2733,20.0,1734.7
79497,11.2733,20.0,1734.8
79498,11.2733,20.0,1734.8
79499,11.2733,20.0,1734.8
79500,11.2733,20.0,1734.8
79501,11.2131,20.0,1734.8
79502,11.2131,20.0,1734.9
79503,11.2131,20.0,1734.9
79504,11.2131,20.0,1734.9
79505,11.2131,20.0,1734.9
79506,11.2131,20.0,1734.9
79507,11.2131,20.0,1735.0
79508,11.2131,20.0,1735.0
79509,11.2131,20.0,1735.0
79510,11.2131,20.0,1735.0
79511,11.2131,20.0,1735.1
79512,11.2131,20.0,1735.1
79513,11.2131,20.0,1735.1
79514,11.2131,20.0,1735.1
79515,11.2131,20.0,1735.1
79516,11.2131,20.0,1735.2
79517,11.2131,20.0,1735.2
79518,11.2131,20.0,1735.2
79519,11.2131,20.0,1735.2
79520,11.2131,20.0,1735.2
79521,11.1530,20.0,1735.3
79522,11.1530,20.0,1735.3
79523,11.1530,20.0,1735.3
79524,11.1530,20.0,1735.3
79525,11.1530,20.0,1735.4
79526,11.1530,20.0,1735.4
79527,11.1530,20.0,1735.4
79528,11.1530,20.0,1735.4
79529,11.1530,20.0,1735.5
79530,11.1530,20.0,1735.5
79531,11.1530,20.0,1735.5
79532,11.1530,20.0,1735.5
79533,11.1530,20.0,1735.5
79534,11.1530,20.0,1735.5
79535,11.1530,20.0,1735.6
79536,11.1530,20.0,1735.6
79537,11.1530,20.0,1735.6
79538,11.1530,20.0,1735.6
79539,11.1530,20.0,1735.6
79540,11.1530,20.0,1735.7
79541,11.0928,20.0,1735.7
79542,11.0928,20.0,1735.7
79543,11.0928,20.0,1735.7
79544,11.0928,20.0,1735.7
79545,11.0928,20.0,1735.8
79546,11.0928,20.0,1735.8
79547,11.0928,20.0,1735.8
79548,11.0928,20.0,1735.8
79549,11.0928,20.0,1735.9
79550,11.0928,20.0,1735.9
79551,11.0928,20.0,1735.9
79552,11.0928,20.0,1735.9
79553,11.0928,20.0,1735.9
79554,11.0928,20.0,1736.0
79555,11.0928,20.0,1736.0
79556,11.0928,20.0,1736.0
79557,11.0928,20.0,1736.0
79558,11.0928,20.0,1736.0
79559,11.0928,20.0,1736.1
79560,11.0928,20.0,1736.1
79561,11.0327,20.0,1736.1
79562,11.0327,20.0,1736.1
79563,11.0327,20.0,1736.1
79564,11.0327,20.0,1736.2
79565,11.0327,20.0,1736.2
79566,11.0327,20.0,1736.2
79567,11.0327,20.0,1736.2
79568,11.0327,20.0,1736.2
79569,11.0327,20.0,1736.2
79570,11.0327,20.0,1736.3
79571,11.0327,20.0,1736.3
79572,11.0327,20.0,1736.3
79573,11.0327,20.0,1736.3
79574,11.0327,20.0,1736.4
79575,11.0327,20.0,1736.4
79576,11.0327,20.0,1736.4
79577,11.0327,20.0,1736.4
79578,11.0327,20.0,1736.4
79579,11.0327,20.0,1736.4
79580,11.0327,20.0,1736.5
79581,10.9725,20.0,1736.5
79582,10.9725,20.0,1736.5
79583,10.9725,20.0,1736.5
79584,10.9725,20.0,1736.5
79585,10.9725,20.0,1736.6
79586,10.9725,20.0,1736.6
79587,10.9725,20.0,1736.6
79588,10.9725,20.0,1736.6
79589,10.9725,20.0,1736.7
79590,10.9725,20.0,1736.7
79591,10.9725,20.0,1736.7
79592,10.9725,20.0,1736.7
79593,10.9725,20.0,1736.7
79594,10.9725,20.0,1736.8
79595,10.9725,20.0,1736.8
79596,10.9725,20.0,1736.8
79597,10.9725,20.0,1736.8
79598,10.9725,20.0,1736.8
79599,10.9725,20.0,1736.9
79600,10.9725,20.0,1736.9
79601,10.9123,20.0,1736.9
79602,10.9123,20.0,1736.9
79603,10.9123,20.0,1736.9
79604,10.9123,20.0,1737.0
79605,10.9123,20.0,1737.0
79606,10.9123,20.0,1737.0
79607,10.9123,20.0,1737.0
79608,10.9123,20.0,1737.0
79609,10.9123,20.0,1737.1
79610,10.9123,20.0,1737.1
79611,10.9123,20.0,1737.1
79612,10.9123,20.0,1737.1
79613,10.9123,20.0,1737.1
79614,10.9123,20.0,1737.2
79615,10.9123,20.0,1737.2
79616,10.9123,20.0,1737.2
79617,10.9123,20.0,1737.2
79618,10.9123,20.0,1737.2
79619,10.9123,20.0,1737.3
79620,10.9123,20.0,1737.3
79621,10.8522,20.0,1737.3
79622,10.8522,20.0,1737.3
79623,10.8522,20.0,1737.3
79624,10.8522,20.0,1737.4
79625,10.8522,20.0,1737.4
79626,10.8522,20.0,1737.4
79627,10.8522,20.0,1737.4
79628,10.8522,20.0,1737.4
79629,10.8522,20.0,1737.5
79630,10.8522,20.0,1737.5
79631,10.8522,20.0,1737.5
79632,10.8522,20.0,1737.5
79633,10.8522,20.0,1737.5
79634,10.8522,20.0,1737.6
79635,10.8522,20.0,1737.6
79636,10.8522,20.0,1737.6
79637,10.8522,20.0,1737.6
79638,10.8522,20.0,1737.7
79639,10.8522,20.0,1737.7
79640,10.8522,20.0,1737.7
79641,10.7920,20.0,1737.7
79642,10.7920,20.0,1737.8
79643,10.7920,20.0,1737.8
79644,10.7920,20.0,1737.8
79645,10.7920,20.0,1737.8
79646,10.7920,20.0,1737.8
79647,10.7920,20.0,1737.8
79648,10.7920,20.0,1737.9
79649,10.7920,20.0,1737.9
79650,10.7920,20.0,1737.9
79651,10.7920,20.0,1737.9
79652,10.7920,20.0,1737.9
79653,10.7920,20.0,1738.0
79654,10.7920,20.0,1738.0
79655,10.7920,20.0,1738.0
79656,10.7920,20.0,1738.0
79657,10.7920,20.0,1738.1
79658,10.7920,20.0,1738.1
79659,10.7920,20.0,1738.1
79660,10.7920,20.0,1738.1
79661,10.7319,20.0,1738.1
79662,10.7319,20.0,1738.2
79663,10.7319,20.0,1738.2
79664,10.7319,20.0,1738.2
79665,10.7319,20.0,1738.2
79666,10.7319,20.0,1738.3
79667,10.7319,20.0,1738.3
79668,10.7319,20.0,1738.3
79669,10.7319,20.0,1738.3
79670,10.7319,20.0,1738.3
79671,10.7319,20.0,1738.3
79672,10.7319,20.0,1738.4
79673,10.7319,20.0,1738.4
79674,10.7319,20.0,1738.4
79675,10.7319,20.0,1738.4
79676,10.7319,20.0,1738.5
79677,10.7319,20.0,1738.5
79678,10.7319,20.0,1738.5
79679,10.7319,20.0,1738.5
79680,10.7319,20.0,1738.5
79681,10.6717,20.0,1738.6
79682,10.6717,20.0,1738.6
79683,10.6717,20.0,1738.6
79684,10.6717,20.0,1738.6
79685,10.6717,20.0,1738.6
79686,10.6717,20.0,1738.7
79687,10.6717,20.0,1738.7
79688,10.6717,20.0,1738.7
79689,10.6717,20.0,1738.7
79690,10.6717,20.0,1738.7
79691,10.6717,20.0,1738.8
79692,10.6717,20.0,1738.8
79693,10.6717,20.0,1738.8
79694,10.6717,20.0,1738.8
79695,10.6717,20.0,1738.9
79696,10.6717,20.0,1738.9
79697,10.6717,20.0,1738.9
79698,10.6717,20.0,1738.9
79699,10.6717,20.0,1738.9
79700,10.6717,20.0,1739.0
79701,10.6116,20.0,1739.0
79702,10.6116,20.0,1739.0
79703,10.6116,20.0,1739.0
79704,10.6116,20.0,1739.1
79705,10.6116,20.0,1739.1
79706,10.6116,20.0,1739.1
79707,10.6116,20.0,1739.1
79708,10.6116,20.0,1739.1
79709,10.6116,20.0,1739.2
79710,10.6116,20.0,1739.2
79711,10.6116,20.0,1739.2
79712,10.6116,20.0,1739.2
79713,10.6116,20.0,1739.2
79714,10.6116,20.0,1739.3
79715,10.6116,20.0,1739.3
79716,10.6116,20.0,1739.3
79717,10.6116,20.0,1739.3
79718,10.6116,20.0,1739.4
79719,10.6116,20.0,1739.4
79720,10.6116,20.0,1739.4
79721,10.5514,20.0,1739.4
79722,10.5514,20.0,1739.4
79723,10.5514,20.0,1739.5
79724,10.5514,20.0,1739.5
79725,10.5514,20.0,1739.5
79726,10.5514,20.0,1739.5
79727,10.5514,20.0,1739.5
79728,10.5514,20.0,1739.6
79729,10.5514,20.0,1739.6
79730,10.5514,20.0,1739.6
79731,10.5514,20.0,1739.6
79732,10.5514,20.0,1739.7
79733,10.5514,20.0,1739.7
79734,10.5514,20.0,1739.7
79735,10.5514,20.0,1739.7
79736,10.5514,20.0,1739.7
79737,10.5514,20.0,1739.8
79738,10.5514,20.0,1739.8
79739,10.5514,20.0,1739.8
79740,10.5514,20.0,1739.8
79741,10.4912,20.0,1739.9
79742,10.4912,20.0,1739.9
79743,10.4912,20.0,1739.9
79744,10.4912,20.0,1739.9
79745,10.4912,20.0,1739.9
79746,10.4912,20.0,1740.0
79747,10.4912,20.0,1740.0
79748,10.4912,20.0,1740.0
79749,10.4912,20.0,1740.0
79750,10.4912,20.0,1740.1
79751,10.4912,20.0,1740.1
79752,10.4912,20.0,1740.1
79753,10.4912,20.0,1740.1
79754,10.4912,20.0,1740.1
79755,10.4912,20.0,1740.2
79756,10.4912,20.0,1740.2
79757,10.4912,20.0,1740.2
79758,10.4912,20.0,1740.2
79759,10.4912,20.0,1740.2
79760,10.4912,20.0,1740.3
79761,10.4311,20.0,1740.3
79762,10.4311,20.0,1740.3
79763,10.4311,20.0,1740.3
79764,10.4311,20.0,1740.3
79765,10.4311,20.0,1740.4
79766,10.4311,20.0,1740.4
79767,10.4311,20.0,1740.4
79768,10.4311,20.0,1740.4
79769,10.4311,20.0,1740.4
79770,10.4311,20.0,1740.4
79771,10.4311,20.0,1740.5
79772,10.4311,20.0,1740.5
79773,10.4311,20.0,1740.5
79774,10.4311,20.0,1740.5
79775,10.4311,20.0,1740.6
79776,10.4311,20.0,1740.6
79777,10.4311,20.0,1740.6
79778,10.4311,20.0,1740.6
79779,10.4311,20.0,1740.6
79780,10.4311,20.0,1740.7
79781,10.3709,20.0,1740.7
79782,10.3709,20.0,1740.7
79783,10.3709,20.0,1740.7
79784,10.3709,20.0,1740.8
79785,10.3709,20.0,1740.8
79786,10.3709,20.0,1740.8
79787,10.3709,20.0,1740.8
79788,10.3709,20.0,1740.8
79789,10.3709,20.0,1740.9
79790,10.3709,20.0,1740.9
79791,10.3709,20.0,1740.9
79792,10.3709,20.0,1740.9
79793,10.3709,20.0,1740.9
79794,10.3709,20.0,1741.0
79795,10.3709,20.0,1741.0
79796,10.3709,20.0,1741.0
79797,10.3709,20.0,1741.0
79798,10.3709,20.0,1741.0
79799,10.3709,20.0,1741.1
79800,10.3709,20.0,1741.1
79801,10.3108,20.0,1741.1
79802,10.3108,20.0,1741.1
79803,10.3108,20.0,1741.2
79804,10.3108,20.0,1741.2
79805,10.3108,20.0,1741.2
79806,10.3108,20.0,1741.2
79807,10.3108,20.0,1741.2
79808,10.3108,20.0,1741.3
79809,10.3108,20.0,1741.3
79810,10.3108,20.0,1741.3
79811,10.3108,20.0,1741.3
79812,10.3108,20.0,1741.3
79813,10.3108,20.0,1741.4
79814,10.3108,20.0,1741.4
79815,10.3108,20.0,1741.4
79816,10.3108,20.0,1741.4
79817,10.3108,20.0,1741.4
79818,10.3108,20.0,1741.5
79819,10.3108,20.0,1741.5
79820,10.3108,20.0,1741.5
79821,10.2506,20.0,1741.5
79822,10.2506,20.0,1741.5
79823,10.2506,20.0,1741.6
79824,10.2506,20.0,1741.6
79825,10.2506,20.0,1741.6
79826,10.2506,20.0,1741.6
79827,10.2506,20.0,1741.6
79828,10.2506,20.0,1741.7
79829,10.2506,20.0,1741.7
79830,10.2506,20.0,1741.7
79831,10.2506,20.0,1741.7
79832,10.2506,20.0,1741.8
79833,10.2506,20.0,1741.8
79834,10.2506,20.0,1741.8
79835,10.2506,20.0,1741.8
79836,10.2506,20.0,1741.8
79837,10.2506,20.0,1741.9
79838,10.2506,20.0,1741.9
79839,10.2506,20.0,1741.9
79840,10.2506,20.0,1741.9
79841,10.2105,20.0,1742.0
79842,10.2105,20.0,1742.0
79843,10.2105,20.0,1742.0
79844,10.2105,20.0,1742.0
79845,10.2105,20.0,1742.1
79846,10.2105,20.0,1742.1
79847,10.2105,20.0,1742.1
79848,10.2105,20.0,1742.1
79849,10.2105,20.0,1742.1
79850,10.2105,20.0,1742.2
79851,10.2105,20.0,1742.2
79852,10.2105,20.0,1742.2
79853,10.2105,20.0,1742.2
79854,10.2105,20.0,1742.3
79855,10.2105,20.0,1742.3
79856,10.2105,20.0,1742.3
79857,10.2105,20.0,1742.3
79858,10.2105,20.0,1742.3
79859,10.2105,20.0,1742.4
79860,10.2105,20.0,1742.4
79861,10.1709,20.0,1742.4
79862,10.1709,20.0,1742.4
79863,10.1709,20.0,1742.4
79864,10.1709,20.0,1742.5
79865,10.1709,20.0,1742.5
79866,10.1709,20.0,1742.5
79867,10.1709,20.0,1742.5
79868,10.1709,20.0,1742.5
79869,10.1709,20.0,1742.6
79870,10.1709,20.0,1742.6
79871,10.1709,20.0,1742.6
79872,10.1709,20.0,1742.6
79873,10.1709,20.0,1742.9
79874,10.1709,20.0,1743.0
79875,10.1709,20.0,1743.0
79876,10.1709,20.0,1743.0
79877,10.1709,20.0,1743.0
79878,10.1709,20.0,1743.1
79879,10.1709,20.0,1743.1
79880,10.1709,20.0,1743.1
79881,10.1312,20.0,1743.1
79882,10.1312,20.0,1743.1
79883,10.1312,20.0,1743.2
79884,10.1312,20.0,1743.2
79885,10.1312,20.0,1743.2
79886,10.1312,20.0,1743.2
79887,10.1312,20.0,1743.3
79888,10.1312,20.0,1743.3
79889,10.1312,20.0,1743.3
79890,10.1312,20.0,1743.3
79891,10.1312,20.0,1743.3
79892,10.1312,20.0,1743.3
79893,10.1312,20.0,1743.4
79894,10.1312,20.0,1743.4
79895,10.1312,20.0,1743.4
79896,10.1312,20.0,1743.4
79897,10.1312,20.0,1743.5
79898,10.1312,20.0,1743.5
79899,10.1312,20.0,1743.5
79900,10.1312,20.0,1743.5
79901,10.0920,20.0,1743.6
79902,10.0920,20.0,1743.6
79903,10.0920,20.0,1743.6
79904,10.0920,20.0,1743.6
79905,10.0920,20.0,1743.6
79906,10.0920,20.0,1743.7
79907,10.0920,20.0,1743.7
79908,10.0920,20.0,1743.7
79909,10.0920,20.0,1743.7
79910,10.0920,20.0,1743.7
79911,10.0920,20.0,1743.8
79912,10.0920,20.0,1743.8
79913,10.0920,20.0,1743.8
79914,10.0920,20.0,1743.8
79915,10.0920,20.0,1743.8
79916,10.0920,20.0,1743.9
79917,10.0920,20.0,1743.9
79918,10.0920,20.0,1743.9
79919,10.0920,20.0,1744.0
79920,10.0920,20.0,1744.0
79921,10.0527,20.0,1744.0
79922,10.0527,20.0,1744.0
79923,10.0527,20.0,1744.0
79924,10.0527,20.0,1744.1
79925,10.0527,20.0,1744.1
79926,10.0527,20.0,1744.1
79927,10.0527,20.0,1744.1
79928,10.0527,20.0,1744.2
79929,10.0527,20.0,1744.2
79930,10.0527,20.0,1744.2
79931,10.0527,20.0,1744.2
79932,10.0527,20.0,1744.3
79933,10.0527,20.0,1744.3
79934,10.0527,20.0,1744.3
79935,10.0527,20.0,1744.3
79936,10.0527,20.0,1744.3
79937,10.0527,20.0,1744.4
79938,10.0527,20.0,1744.4
79939,10.0527,20.0,1744.4
79940,10.0527,20.0,1744.4
79941,10.0134,20.0,1744.4
79942,10.0134,20.0,1744.5
79943,10.0134,20.0,1744.5
79944,10.0134,20.0,1744.5
79945,10.0134,20.0,1744.5
79946,10.0134,20.0,1744.6
79947,10.0134,20.0,1744.6
79948,10.0134,20.0,1744.6
79949,10.0134,20.0,1744.6
79950,10.0134,20.0,1744.6
79951,10.0134,20.0,1744.6
79952,10.0134,20.0,1744.7
79953,10.0134,20.0,1744.7
79954,10.0134,20.0,1744.7
79955,10.0134,20.0,1744.7
79956,10.0134,20.0,1744.8
79957,10.0134,20.0,1744.8
79958,10.0134,20.0,1744.8
79959,10.0134,20.0,1744.8
79960,10.0134,20.0,1744.8
79961,9.9742,20.0,1744.9
79962,9.9742,20.0,1744.9
79963,9.9742,20.0,1744.9
79964,9.9742,20.0,1744.9
79965,9.9742,20.0,1744.9
79966,9.9742,20.0,1745.0
79967,9.9742,20.0,1745.0
79968,9.9742,20.0,1745.0
79969,9.9742,20.0,1745.0
79970,9.9742,20.0,1745.0
79971,9.9742,20.0,1745.1
79972,9.9742,20.0,1745.1
79973,9.9742,20.0,1745.1
79974,9.9742,20.0,1745.1
79975,9.9742,20.0,1745.2
79976,9.9742,20.0,1745.2
79977,9.9742,20.0,1745.2
79978,9.9742,20.0,1745.2
79979,9.9742,20.0,1745.2
79980,9.9742,20.0,1745.3
79981,9.9349,20.0,1745.3
79982,9.9349,20.0,1745.3
79983,9.9349,20.0,1745.3
79984,9.9349,20.0,1745.3
79985,9.9349,20.0,1745.4
79986,9.9349,20.0,1745.4
79987,9.9349,20.0,1745.4
79988,9.9349,20.0,1745.4
79989,9.9349,20.0,1745.4
79990,9.9349,20.0,1745.5
79991,9.9349,20.0,1745.5
79992,9.9349,20.0,1745.5
79993,9.9349,20.0,1745.5
79994,9.9349,20.0,1745.5
79995,9.9349,20.0,1745.6
79996,9.9349,20.0,1745.6
79997,9.9349,20.0,1745.6
79998,9.9349,20.0,1745.6
79999,9.9349,20.0,1745.6
80000,9.9349,20.0,1745.7
80001,9.8956,20.0,1745.7
80002,9.8956,20.0,1745.7
80003,9.8956,20.0,1745.7
80004,9.8956,20.0,1745.7
80005,9.8956,20.0,1745.8
80006,9.8956,20.0,1745.8
80007,9.8956,20.0,1745.8
80008,9.8956,20.0,1745.8
80009,9.8956,20.0,1745.8
80010,9.8956,20.0,1745.9
80011,9.8956,20.0,1745.9
80012,9.8956,20.0,1745.9
80013,9.8956,20.0,1745.9
80014,9.8956,20.0,1745.9
80015,9.8956,20.0,1746.0
80016,9.8956,20.0,1746.0
80017,9.8956,20.0,1746.0
80018,9.8956,20.0,1746.0
80019,9.8956,20.0,1746.0
80020,9.8956,20.0,1746.1
80021,9.8564,20.0,1746.1
80022,9.8564,20.0,1746.1
80023,9.8564,20.0,1746.1
80024,9.8564,20.0,1746.2
80025,9.8564,20.0,1746.2
80026,9.8564,20.0,1746.2
80027,9.8564,20.0,1746.2
80028,9.8564,20.0,1746.3
80029,9.8564,20.0,1746.3
80030,9.8564,20.0,1746.3
80031,9.8564,20.0,1746.3
80032,9.8564,20.0,1746.4
80033,9.8564,20.0,1746.4
80034,9.8564,20.0,1746.4
80035,9.8564,20.0,1746.4
80036,9.8564,20.0,1746.5
80037,9.8564,20.0,1746.5
80038,9.8564,20.0,1746.5
80039,9.8564,20.0,1746.5
80040,9.8564,20.0,1746.6
80041,9.8171,20.0,1746.6
80042,9.8171,20.0,1746.6
80043,9.8171,20.0,1746.6
80044,9.8171,20.0,1746.6
80045,9.8171,20.0,1746.7
80046,9.8171,20.0,1746.7
80047,9.8171,20.0,1746.7
80048,9.8171,20.0,1746.7
80049,9.8171,20.0,1746.7
80050,9.8171,20.0,1746.8
80051,9.8171,20.0,1746.8
80052,9.8171,20.0,1746.8
80053,9.8171,20.0,1746.8
80054,9.8171,20.0,1746.8
80055,9.8171,20.0,1746.9
80056,9.8171,20.0,1746.9
80057,9.8171,20.0,1746.9
80058,9.8171,20.0,1746.9
80059,9.8171,20.0,1746.9
80060,9.8171,20.0,1747.0
80061,9.7779,20.0,1747.0
80062,9.7779,20.0,1747.0
80063,9.7779,20.0,1747.0
80064,9.7779,20.0,1747.0
80065,9.7779,20.0,1747.1
80066,9.7779,20.0,1747.1
80067,9.7779,20.0,1747.1
80068,9.7779,20.0,1747.1
80069,9.7779,20.0,1747.2
80070,9.7779,20.0,1747.2
80071,9.7779,20.0,1747.2
80072,9.7779,20.0,1747.2
80073,9.7779,20.0,1747.2
80074,9.7779,20.0,1747.2
80075,9.7779,20.0,1747.3
80076,9.7779,20.0,1747.3
80077,9.7779,20.0,1747.3
80078,9.7779,20.0,1747.3
80079,9.7779,20.0,1747.4
80080,9.7779,20.0,1747.4
80081,9.7386,20.0,1747.4
80082,9.7386,20.0,1747.4
80083,9.7386,20.0,1747.4
80084,9.7386,20.0,1747.4
80085,9.7386,20.0,1747.5
80086,9.7386,20.0,1747.5
80087,9.7386,20.0,1747.5
80088,9.7386,20.0,1747.5
80089,9.7386,20.0,1747.5
80090,9.7386,20.0,1747.6
80091,9.7386,20.0,1747.6
80092,9.7386,20.0,1747.6
80093,9.7386,20.0,1747.6
80094,9.7386,20.0,1747.6
80095,9.7386,20.0,1747.7
80096,9.7386,20.0,1747.7
80097,9.7386,20.0,1747.7
80098,9.7386,20.0,1747.7
80099,9.7386,20.0,1747.7
80100,9.7386,20.0,1747.8
80101,9.6993,20.0,1747.8
80102,9.6993,20.0,1747.8
80103,9.6993,20.0,1747.8
80104,9.6993,20.0,1747.9
80105,9.6993,20.0,1747.9
80106,9.6993,20.0,1747.9
80107,9.6993,20.0,1747.9
80108,9.6993,20.0,1747.9
80109,9.6993,20.0,1748.0
80110,9.6993,20.0,1748.0
80111,9.6993,20.0,1748.0
80112,9.6993,20.0,1748.0
80113,9.6993,20.0,1748.0
80114,9.6993,20.0,1748.1
80115,9.6993,20.0,1748.1
80116,9.6993,20.0,1748.1
80117,9.6993,20.0,1748.1
80118,9.6993,20.0,1748.1
80119,9.6993,20.0,1748.2
80120,9.6993,20.0,1748.2
80121,9.6601,20.0,1748.2
80122,9.6601,20.0,1748.2
80123,9.6601,20.0,1748.2
80124,9.6601,20.0,1748.3
80125,9.6601,20.0,1748.3
80126,9.6601,20.0,1748.3
80127,9.6601,20.0,1748.3
80128,9.6601,20.0,1748.4
80129,9.6601,20.0,1748.4
80130,9.6601,20.0,1748.4
80131,9.6601,20.0,1748.4
80132,9.6601,20.0,1748.4
80133,9.6601,20.0,1748.4
80134,9.6601,20.0,1748.5
80135,9.6601,20.0,1748.5
80136,9.6601,20.0,1748.5
80137,9.6601,20.0,1748.5
80138,9.6601,20.0,1748.6
80139,9.6601,20.0,1748.6
80140,9.6601,20.0,1748.6
80141,9.6208,20.0,1748.6
80142,9.6208,20.0,1748.6
80143,9.6208,20.0,1748.7
80144,9.6208,20.0,1748.7
80145,9.6208,20.0,1748.7
80146,9.6208,20.0,1748.7
80147,9.6208,20.0,1748.7
80148,9.6208,20.0,1748.7
80149,9.6208,20.0,1748.8
80150,9.6208,20.0,1748.8
80151,9.6208,20.0,1748.8
80152,9.6208,20.0,1748.8
80153,9.6208,20.0,1748.9
80154,9.6208,20.0,1748.9
80155,9.6208,20.0,1748.9
80156,9.6208,20.0,1748.9
80157,9.6208,20.0,1748.9
80158,9.6208,20.0,1749.0
80159,9.6208,20.0,1749.0
80160,9.6208,20.0,1749.0
80161,9.5816,20.0,1749.0
80162,9.5816,20.0,1749.0
80163,9.5816,20.0,1749.1
80164,9.5816,20.0,1749.1
80165,9.5816,20.0,1749.1
80166,9.5816,20.0,1749.1
80167,9.5816,20.0,1749.1
80168,9.5816,20.0,1749.2
80169,9.5816,20.0,1749.2
80170,9.5816,20.0,1749.2
80171,9.5816,20.0,1749.2
80172,9.5816,20.0,1749.2
80173,9.5816,20.0,1749.3
80174,9.5816,20.0,1749.3
80175,9.5816,20.0,1749.3
80176,9.5816,20.0,1749.3
80177,9.5816,20.0,1749.4
80178,9.5816,20.0,1749.4
80179,9.5816,20.0,1749.4
80180,9.5816,20.0,1749.4
80181,9.5423,20.0,1749.4
80182,9.5423,20.0,1749.5
80183,9.5423,20.0,1749.5
80184,9.5423,20.0,1749.5
80185,9.5423,20.0,1749.5
80186,9.5423,20.0,1749.5
80187,9.5423,20.0,1749.6
80188,9.5423,20.0,1749.6
80189,9.5423,20.0,1749.6
80190,9.5423,20.0,1749.6
80191,9.5423,20.0,1749.7
80192,9.5423,20.0,1749.7
80193,9.5423,20.0,1749.7
80194,9.5423,20.0,1749.7
80195,9.5423,20.0,1749.7
80196,9.5423,20.0,1749.8
80197,9.5423,20.0,1749.8
80198,9.5423,20.0,1749.8
80199,9.5423,20.0,1749.8
80200,9.5423,20.0,1749.8
80201,9.5030,20.0,1749.9
80202,9.5030,20.0,1749.9
80203,9.5030,20.0,1749.9
80204,9.5030,20.0,1749.9
80205,9.5030,20.0,1749.9
80206,9.5030,20.0,1750.0
80207,9.5030,20.0,1750.0
80208,9.5030,20.0,1750.0
80209,9.5030,20.0,1750.0
80210,9.5030,20.0,1750.1
80211,9.5030,20.0,1750.1
80212,9.5030,20.0,1750.1
80213,9.5030,20.0,1750.1
80214,9.5030,20.0,1750.1
80215,9.5030,20.0,1750.2
80216,9.5030,20.0,1750.2
80217,9.5030,20.0,1750.2
80218,9.5030,20.0,1750.2
80219,9.5030,20.0,1750.2
80220,9.5030,20.0,1750.3
80221,9.4638,20.0,1750.3
80222,9.4638,20.0,1750.3
80223,9.4638,20.0,1750.3
80224,9.4638,20.0,1750.4
80225,9.4638,20.0,1750.4
80226,9.4638,20.0,1750.4
80227,9.4638,20.0,1750.4
80228,9.4638,20.0,1750.5
80229,9.4638,20.0,1750.5
80230,9.4638,20.0,1750.5
80231,9.4638,20.0,1750.5
80232,9.4638,20.0,1750.5
80233,9.4638,20.0,1750.6
80234,9.4638,20.0,1750.6
80235,9.4638,20.0,1750.6
80236,9.4638,20.0,1750.6
80237,9.4638,20.0,1750.7
80238,9.4638,20.0,1750.7
80239,9.4638,20.0,1750.7
80240,9.4638,20.0,1750.7
80241,9.4245,20.0,1750.8
80242,9.4245,20.0,1750.8
80243,9.4245,20.0,1750.8
80244,9.4245,20.0,1750.8
80245,9.4245,20.0,1750.8
80246,9.4245,20.0,1750.9
80247,9.4245,20.0,1750.9
80248,9.4245,20.0,1750.9
80249,9.4245,20.0,1750.9
80250,9.4245,20.0,1750.9
80251,9.4245,20.0,1751.0
80252,9.4245,20.0,1751.0
80253,9.4245,20.0,1751.0
80254,9.4245,20.0,1751.0
80255,9.4245,20.0,1751.0
80256,9.4245,20.0,1751.1
80257,9.4245,20.0,1751.1
80258,9.4245,20.0,1751.1
80259,9.4245,20.0,1751.1
80260,9.4245,20.0,1751.1
80261,9.3852,20.0,1751.2
80262,9.3852,20.0,1751.2
80263,9.3852,20.0,1751.2
80264,9.3852,20.0,1751.2
80265,9.3852,20.0,1751.3
80266,9.3852,20.0,1751.3
80267,9.3852,20.0,1751.3
80268,9.3852,20.0,1751.3
80269,9.3852,20.0,1751.3
80270,9.3852,20.0,1751.4
80271,9.3852,20.0,1751.4
80272,9.3852,20.0,1751.4
80273,9.3852,20.0,1751.4
80274,9.3852,20.0,1751.4
80275,9.3852,20.0,1751.5
80276,9.3852,20.0,1751.5
80277,9.3852,20.0,1751.5
80278,9.3852,20.0,1751.5
80279,9.3852,20.0,1751.5
80280,9.3852,20.0,1751.6
80281,9.3460,20.0,1751.6
80282,9.3460,20.0,1751.6
80283,9.3460,20.0,1751.6
80284,9.3460,20.0,1751.6
80285,9.3460,20.0,1751.7
80286,9.3460,20.0,1751.7
80287,9.3460,20.0,1751.7
80288,9.3460,20.0,1751.7
80289,9.3460,20.0,1751.8
80290,9.3460,20.0,1751.8
80291,9.3460,20.0,1751.8
80292,9.3460,20.0,1751.8
80293,9.3460,20.0,1751.9
80294,9.3460,20.0,1751.9
80295,9.3460,20.0,1751.9
80296,9.3460,20.0,1751.9
80297,9.3460,20.0,1751.9
80298,9.3460,20.0,1752.0
80299,9.3460,20.0,1752.0
80300,9.3460,20.0,1752.0
80301,9.3067,20.0,1752.0
80302,9.3067,20.0,1752.0
80303,9.3067,20.0,1752.1
80304,9.3067,20.0,1752.1
80305,9.3067,20.0,1752.1
80306,9.3067,20.0,1752.1
80307,9.3067,20.0,1752.1
80308,9.3067,20.0,1752.2
80309,9.3067,20.0,1752.2
80310,9.3067,20.0,1752.2
80311,9.3067,20.0,1752.2
80312,9.3067,20.0,1752.2
80313,9.3067,20.0,1752.3
80314,9.3067,20.0,1752.3
80315,9.3067,20.0,1752.3
80316,9.3067,20.0,1752.3
80317,9.3067,20.0,1752.4
80318,9.3067,20.0,1752.4
80319,9.3067,20.0,1752.4
80320,9.3067,20.0,1752.4
80321,9.2675,20.0,1752.4
80322,9.2675,20.0,1752.5
80323,9.2675,20.0,1752.5
80324,9.2675,20.0,1752.5
80325,9.2675,20.0,1752.5
80326,9.2675,20.0,1752.6
80327,9.2675,20.0,1752.6
80328,9.2675,20.0,1752.6
80329,9.2675,20.0,1752.6
80330,9.2675,20.0,1752.6
80331,9.2675,20.0,1752.7
80332,9.2675,20.0,1752.7
80333,9.2675,20.0,1752.7
80334,9.2675,20.0,1752.7
80335,9.2675,20.0,1752.7
80336,9.2675,20.0,1752.8
80337,9.2675,20.0,1752.8
80338,9.2675,20.0,1752.8
80339,9.2675,20.0,1752.8
80340,9.2675,20.0,1752.8
80341,9.2280,20.0,1752.9
80342,9.2280,20.0,1752.9
80343,9.2280,20.0,1752.9
80344,9.2280,20.0,1752.9
80345,9.2280,20.0,1752.9
80346,9.2280,20.0,1753.0
80347,9.2280,20.0,1753.0
80348,9.2280,20.0,1753.0
80349,9.2280,20.0,1753.0
80350,9.2280,20.0,1753.1
80351,9.2280,20.0,1753.1
80352,9.2280,20.0,1753.1
80353,9.2280,20.0,1753.1
80354,9.2280,20.0,1753.1
80355,9.2280,20.0,1753.2
80356,9.2280,20.0,1753.2
80357,9.2280,20.0,1753.2
80358,9.2280,20.0,1753.2
80359,9.2280,20.0,1753.2
80360,9.2280,20.0,1753.3
80361,9.2089,20.0,1753.3
80362,9.2089,20.0,1753.3
80363,9.2089,20.0,1753.3
80364,9.2089,20.0,1753.3
80365,9.2089,20.0,1753.4
80366,9.2089,20.0,1753.4
80367,9.2089,20.0,1753.4
80368,9.2089,20.0,1753.4
80369,9.2089,20.0,1753.5
80370,9.2089,20.0,1753.5
80371,9.2089,20.0,1753.5
80372,9.2089,20.0,1753.5
80373,9.2089,20.0,1753.5
80374,9.2089,20.0,1753.6
80375,9.2089,20.0,1753.6
80376,9.2089,20.0,1753.6
80377,9.2089,20.0,1753.6
80378,9.2089,20.0,1753.6
80379,9.2089,20.0,1753.6
80380,9.2089,20.0,1753.7
80381,9.1898,20.0,1753.7
80382,9.1898,20.0,1753.7
80383,9.1898,20.0,1753.8
80384,9.1898,20.0,1753.8
80385,9.1898,20.0,1754.0
80386,9.1898,20.0,1754.1
80387,9.1898,20.0,1754.1
80388,9.1898,20.0,1754.1
80389,9.1898,20.0,1754.1
80390,9.1898,20.0,1754.1
80391,9.1898,20.0,1754.1
80392,9.1898,20.0,1754.2
80393,9.1898,20.0,1754.2
80394,9.1898,20.0,1754.2
80395,9.1898,20.0,1754.2
80396,9.1898,20.0,1754.3
80397,9.1898,20.0,1754.4
80398,9.1898,20.0,1754.4
80399,9.1898,20.0,1754.4
80400,9.1898,20.0,1754.4
80401,9.1707,20.0,1754.4
80402,9.1707,20.0,1754.5
80403,9.1707,20.0,1754.5
80404,9.1707,20.0,1754.5
80405,9.1707,20.0,1754.5
80406,9.1707,20.0,1754.5
80407,9.1707,20.0,1754.6
80408,9.1707,20.0,1754.6
80409,9.1707,20.0,1754.6
80410,9.1707,20.0,1754.6
80411,9.1707,20.0,1754.6
80412,9.1707,20.0,1754.7
80413,9.1707,20.0,1754.7
80414,9.1707,20.0,1754.7
80415,9.1707,20.0,1754.7
80416,9.1707,20.0,1754.7
80417,9.1707,20.0,1754.7
80418,9.1707,20.0,1754.8
80419,9.1707,20.0,1754.8
80420,9.1707,20.0,1754.8
80421,9.1512,20.0,1754.8
80422,9.1512,20.0,1754.9
80423,9.1512,20.0,1754.9
80424,9.1512,20.0,1754.9
80425,9.1512,20.0,1754.9
80426,9.1512,20.0,1754.9
80427,9.1512,20.0,1755.0
80428,9.1512,20.0,1755.0
80429,9.1512,20.0,1755.0
80430,9.1512,20.0,1755.0
80431,9.1512,20.0,1755.1
80432,9.1512,20.0,1755.1
80433,9.1512,20.0,1755.1
80434,9.1512,20.0,1755.1
80435,9.1512,20.0,1755.1
80436,9.1512,20.0,1755.2
80437,9.1512,20.0,1755.2
80438,9.1512,20.0,1755.2
80439,9.1512,20.0,1755.2
80440,9.1512,20.0,1755.3
80441,9.1318,20.0,1755.3
80442,9.1318,20.0,1755.3
80443,9.1318,20.0,1755.3
80444,9.1318,20.0,1755.4
80445,9.1318,20.0,1755.4
80446,9.1318,20.0,1755.4
80447,9.1318,20.0,1755.4
80448,9.1318,20.0,1755.4
80449,9.1318,20.0,1755.4
80450,9.1318,20.0,1755.5
80451,9.1318,20.0,1755.5
80452,9.1318,20.0,1755.5
80453,9.1318,20.0,1755.5
80454,9.1318,20.0,1755.6
80455,9.1318,20.0,1755.6
80456,9.1318,20.0,1755.6
80457,9.1318,20.0,1755.6
80458,9.1318,20.0,1755.6
80459,9.1318,20.0,1755.7
80460,9.1318,20.0,1755.7
80461,9.1124,20.0,1755.7
80462,9.1124,20.0,1755.7
80463,9.1124,20.0,1755.7
80464,9.1124,20.0,1755.8
80465,9.1124,20.0,1755.8
80466,9.1124,20.0,1755.8
80467,9.1124,20.0,1755.8
80468,9.1124,20.0,1755.9
80469,9.1124,20.0,1755.9
80470,9.1124,20.0,1755.9
80471,9.1124,20.0,1755.9
80472,9.1124,20.0,1755.9
80473,9.1124,20.0,1756.0
80474,9.1124,20.0,1756.0
80475,9.1124,20.0,1756.0
80476,9.1124,20.0,1756.0
80477,9.1124,20.0,1756.0
80478,9.1124,20.0,1756.1
80479,9.1124,20.0,1756.1
80480,9.1124,20.0,1756.1
80481,9.0930,20.0,1756.1
80482,9.0930,20.0,1756.1
80483,9.0930,20.0,1756.2
80484,9.0930,20.0,1756.2
80485,9.0930,20.0,1756.2
80486,9.0930,20.0,1756.2
80487,9.0930,20.0,1756.2
80488,9.0930,20.0,1756.3
80489,9.0930,20.0,1756.3
80490,9.0930,20.0,1756.3
80491,9.0930,20.0,1756.3
80492,9.0930,20.0,1756.3
80493,9.0930,20.0,1756.4
80494,9.0930,20.0,1756.4
80495,9.0930,20.0,1756.4
80496,9.0930,20.0,1756.4
80497,9.0930,20.0,1756.4
80498,9.0930,20.0,1756.5
80499,9.0930,20.0,1756.5
80500,9.0930,20.0,1756.5
80501,9.0735,20.0,1756.5
80502,9.0735,20.0,1756.5
80503,9.0735,20.0,1756.6
80504,9.0735,20.0,1756.6
80505,9.0735,20.0,1756.6
80506,9.0735,20.0,1756.6
80507,9.0735,20.0,1756.7
80508,9.0735,20.0,1756.7
80509,9.0735,20.0,1756.7
80510,9.0735,20.0,1756.7
80511,9.0735,20.0,1756.7
80512,9.0735,20.0,1756.8
80513,9.0735,20.0,1756.8
80514,9.0735,20.0,1756.8
80515,9.0735,20.0,1756.8
80516,9.0735,20.0,1756.8
80517,9.0735,20.0,1756.9
80518,9.0735,20.0,1756.9
80519,9.0735,20.0,1756.9
80520,9.0735,20.0,1757.0
80521,9.0541,20.0,1757.0
80522,9.0541,20.0,1757.0
80523,9.0541,20.0,1757.0
80524,9.0541,20.0,1757.1
80525,9.0541,20.0,1757.1
80526,9.0541,20.0,1757.1
80527,9.0541,20.0,1757.1
80528,9.0541,20.0,1757.2
80529,9.0541,20.0,1757.2
80530,9.0541,20.0,1757.2
80531,9.0541,20.0,1757.2
80532,9.0541,20.0,1757.3
80533,9.0541,20.0,1757.3
80534,9.0541,20.0,1757.3
80535,9.0541,20.0,1757.3
80536,9.0541,20.0,1757.4
80537,9.0541,20.0,1757.4
80538,9.0541,20.0,1757.4
80539,9.0541,20.0,1757.4
80540,9.0541,20.0,1757.4
80541,9.0347,20.0,1757.5
80542,9.0347,20.0,1757.5
80543,9.0347,20.0,1757.5
80544,9.0347,20.0,1757.5
80545,9.0347,20.0,1757.6
80546,9.0347,20.0,1757.6
80547,9.0347,20.0,1757.6
80548,9.0347,20.0,1757.6
80549,9.0347,20.0,1757.6
80550,9.0347,20.0,1757.7
80551,9.0347,20.0,1757.7
80552,9.0347,20.0,1757.7
80553,9.0347,20.0,1757.7
80554,9.0347,20.0,1757.7
80555,9.0347,20.0,1757.8
80556,9.0347,20.0,1757.8
80557,9.0347,20.0,1757.8
80558,9.0347,20.0,1757.8
80559,9.0347,20.0,1757.8
80560,9.0347,20.0,1757.9
80561,9.0152,20.0,1757.9
80562,9.0152,20.0,1757.9
80563,9.0152,20.0,1757.9
80564,9.0152,20.0,1758.0
80565,9.0152,20.0,1758.0
80566,9.0152,20.0,1758.0
80567,9.0152,20.0,1758.0
80568,9.0152,20.0,1758.1
80569,9.0152,20.0,1758.1
80570,9.0152,20.0,1758.1
80571,9.0152,20.0,1758.1
80572,9.0152,20.0,1758.1
80573,9.0152,20.0,1758.1
80574,9.0152,20.0,1758.2
80575,9.0152,20.0,1758.2
80576,9.0152,20.0,1758.2
80577,9.0152,20.0,1758.2
80578,9.0152,20.0,1758.3
80579,9.0152,20.0,1758.3
80580,9.0152,20.0,1758.3
80581,8.9958,20.0,1758.3
80582,8.9958,20.0,1758.4
80583,8.9958,20.0,1758.4
80584,8.9958,20.0,1758.4
80585,8.9958,20.0,1758.4
80586,8.9958,20.0,1758.4
80587,8.9958,20.0,1758.5
80588,8.9958,20.0,1758.5
80589,8.9958,20.0,1758.5
80590,8.9958,20.0,1758.5
80591,8.9958,20.0,1758.5
80592,8.9958,20.0,1758.6
80593,8.9958,20.0,1758.6
80594,8.9958,20.0,1758.6
80595,8.9958,20.0,1758.6
80596,8.9958,20.0,1758.6
80597,8.9958,20.0,1758.7
80598,8.9958,20.0,1758.7
80599,8.9958,20.0,1758.7
80600,8.9958,20.0,1758.7
80601,8.9764,20.0,1758.8
80602,8.9764,20.0,1758.8
80603,8.9764,20.0,1758.8
80604,8.9764,20.0,1758.8
80605,8.9764,20.0,1758.8
80606,8.9764,20.0,1758.8
80607,8.9764,20.0,1758.9
80608,8.9764,20.0,1758.9
80609,8.9764,20.0,1758.9
80610,8.9764,20.0,1759.0
80611,8.9764,20.0,1759.0
80612,8.9764,20.0,1759.0
80613,8.9764,20.0,1759.0
80614,8.9764,20.0,1759.0
80615,8.9764,20.0,1759.1
80616,8.9764,20.0,1759.1
80617,8.9764,20.0,1759.1
80618,8.9764,20.0,1759.1
80619,8.9764,20.0,1759.2
80620,8.9764,20.0,1759.2
80621,8.9569,20.0,1759.2
80622,8.9569,20.0,1759.2
80623,8.9569,20.0,1759.3
80624,8.9569,20.0,1759.3
80625,8.9569,20.0,1759.3
80626,8.9569,20.0,1759.4
80627,8.9569,20.0,1759.4
80628,8.9569,20.0,1759.4
80629,8.9569,20.0,1759.4
80630,8.9569,20.0,1759.5
80631,8.9569,20.0,1759.5
80632,8.9569,20.0,1759.5
80633,8.9569,20.0,1759.5
80634,8.9569,20.0,1759.6
80635,8.9569,20.0,1759.6
80636,8.9569,20.0,1759.6
80637,8.9569,20.0,1759.6
80638,8.9569,20.0,1759.7
80639,8.9569,20.0,1759.7
80640,8.9569,20.0,1759.7
80641,8.9375,20.0,1759.7
80642,8.9375,20.0,1759.8
80643,8.9375,20.0,1759.8
80644,8.9375,20.0,1759.8
80645,8.9375,20.0,1759.8
80646,8.9375,20.0,1759.8
80647,8.9375,20.0,1759.9
80648,8.9375,20.0,1759.9
80649,8.9375,20.0,1759.9
80650,8.9375,20.0,1759.9
80651,8.9375,20.0,1760.0
80652,8.9375,20.0,1760.0
80653,8.9375,20.0,1760.0
80654,8.9375,20.0,1760.0
80655,8.9375,20.0,1760.0
80656,8.9375,20.0,1760.0
80657,8.9375,20.0,1760.1
80658,8.9375,20.0,1760.1
80659,8.9375,20.0,1760.1
80660,8.9375,20.0,1760.1
80661,8.9181,20.0,1760.2
80662,8.9181,20.0,1760.2
80663,8.9181,20.0,1760.2
80664,8.9181,20.0,1760.2
80665,8.9181,20.0,1760.3
80666,8.9181,20.0,1760.3
80667,8.9181,20.0,1760.3
80668,8.9181,20.0,1760.3
80669,8.9181,20.0,1760.3
80670,8.9181,20.0,1760.4
80671,8.9181,20.0,1760.4
80672,8.9181,20.0,1760.4
80673,8.9181,20.0,1760.4
80674,8.9181,20.0,1760.4
80675,8.9181,20.0,1760.5
80676,8.9181,20.0,1760.5
80677,8.9181,20.0,1760.5
80678,8.9181,20.0,1760.5
80679,8.9181,20.0,1760.5
80680,8.9181,20.0,1760.6
80681,8.8987,20.0,1760.6
80682,8.8987,20.0,1760.6
80683,8.8987,20.0,1760.6
80684,8.8987,20.0,1760.7
80685,8.8987,20.0,1760.7
80686,8.8987,20.0,1760.7
80687,8.8987,20.0,1760.7
80688,8.8987,20.0,1760.7
80689,8.8987,20.0,1760.7
80690,8.8987,20.0,1760.8
80691,8.8987,20.0,1760.8
80692,8.8987,20.0,1760.8
80693,8.8987,20.0,1760.8
80694,8.8987,20.0,1760.8
80695,8.8987,20.0,1760.9
80696,8.8987,20.0,1760.9
80697,8.8987,20.0,1760.9
80698,8.8987,20.0,1760.9
80699,8.8987,20.0,1761.0
80700,8.8987,20.0,1761.0
80701,8.8792,20.0,1761.0
80702,8.8792,20.0,1761.0
80703,8.8792,20.0,1761.0
80704,8.8792,20.0,1761.0
80705,8.8792,20.0,1761.1
80706,8.8792,20.0,1761.1
80707,8.8792,20.0,1761.1
80708,8.8792,20.0,1761.1
80709,8.8792,20.0,1761.1
80710,8.8792,20.0,1761.2
80711,8.8792,20.0,1761.2
80712,8.8792,20.0,1761.2
80713,8.8792,20.0,1761.2
80714,8.8792,20.0,1761.2
80715,8.8792,20.0,1761.3
80716,8.8792,20.0,1761.3
80717,8.8792,20.0,1761.3
80718,8.8792,20.0,1761.3
80719,8.8792,20.0,1761.4
80720,8.8792,20.0,1761.4
80721,8.8598,20.0,1761.4
80722,8.8598,20.0,1761.4
80723,8.8598,20.0,1761.4
80724,8.8598,20.0,1761.5
80725,8.8598,20.0,1761.5
80726,8.8598,20.0,1761.5
80727,8.8598,20.0,1761.5
80728,8.8598,20.0,1761.5
80729,8.8598,20.0,1761.6
80730,8.8598,20.0,1761.6
80731,8.8598,20.0,1761.6
80732,8.8598,20.0,1761.6
80733,8.8598,20.0,1761.6
80734,8.8598,20.0,1761.6
80735,8.8598,20.0,1761.7
80736,8.8598,20.0,1761.7
80737,8.8598,20.0,1761.7
80738,8.8598,20.0,1761.7
80739,8.8598,20.0,1761.8
80740,8.8598,20.0,1761.8
80741,8.8404,20.0,1761.8
80742,8.8404,20.0,1761.8
80743,8.8404,20.0,1761.8
80744,8.8404,20.0,1761.9
80745,8.8404,20.0,1761.9
80746,8.8404,20.0,1761.9
80747,8.8404,20.0,1761.9
80748,8.8404,20.0,1761.9
80749,8.8404,20.0,1762.0
80750,8.8404,20.0,1762.0
80751,8.8404,20.0,1762.0
80752,8.8404,20.0,1762.0
80753,8.8404,20.0,1762.1
80754,8.8404,20.0,1762.1
80755,8.8404,20.0,1762.1
80756,8.8404,20.0,1762.1
80757,8.8404,20.0,1762.2
80758,8.8404,20.0,1762.2
80759,8.8404,20.0,1762.2
80760,8.8404,20.0,1762.2
80761,8.8209,20.0,1762.3
80762,8.8209,20.0,1762.3
80763,8.8209,20.0,1762.3
80764,8.8209,20.0,1762.3
80765,8.8209,20.0,1762.3
80766,8.8209,20.0,1762.4
80767,8.8209,20.0,1762.4
80768,8.8209,20.0,1762.4
80769,8.8209,20.0,1762.4
80770,8.8209,20.0,1762.4
80771,8.8209,20.0,1762.5
80772,8.8209,20.0,1762.5
80773,8.8209,20.0,1762.5
80774,8.8209,20.0,1762.5
80775,8.8209,20.0,1762.5
80776,8.8209,20.0,1762.6
80777,8.8209,20.0,1762.6
80778,8.8209,20.0,1762.6
80779,8.8209,20.0,1762.6
80780,8.8209,20.0,1762.6
80781,8.8015,20.0,1762.7
80782,8.8015,20.0,1762.7
80783,8.8015,20.0,1762.7
80784,8.8015,20.0,1762.7
80785,8.8015,20.0,1762.8
80786,8.8015,20.0,1762.8
80787,8.8015,20.0,1762.8
80788,8.8015,20.0,1762.8
80789,8.8015,20.0,1762.8
80790,8.8015,20.0,1762.8
80791,8.8015,20.0,1762.9
80792,8.8015,20.0,1762.9
80793,8.8015,20.0,1762.9
80794,8.8015,20.0,1762.9
80795,8.8015,20.0,1762.9
80796,8.8015,20.0,1763.0
80797,8.8015,20.0,1763.0
80798,8.8015,20.0,1763.0
80799,8.8015,20.0,1763.0
80800,8.8015,20.0,1763.0
80801,8.7821,20.0,1763.1
80802,8.7821,20.0,1763.1
80803,8.7821,20.0,1763.1
80804,8.7821,20.0,1763.1
80805,8.7821,20.0,1763.1
80806,8.7821,20.0,1763.2
80807,8.7821,20.0,1763.2
80808,8.7821,20.0,1763.2
80809,8.7821,20.0,1763.2
80810,8.7821,20.0,1763.2
80811,8.7821,20.0,1763.3
80812,8.7821,20.0,1763.3
80813,8.7821,20.0,1763.3
80814,8.7821,20.0,1763.3
80815,8.7821,20.0,1763.4
80816,8.7821,20.0,1763.4
80817,8.7821,20.0,1763.4
80818,8.7821,20.0,1763.4
80819,8.7821,20.0,1763.4
80820,8.7821,20.0,1763.5
80821,8.7627,20.0,1763.5
80822,8.7627,20.0,1763.5
80823,8.7627,20.0,1763.5
80824,8.7627,20.0,1763.5
80825,8.7627,20.0,1763.6
80826,8.7627,20.0,1763.6
80827,8.7627,20.0,1763.6
80828,8.7627,20.0,1763.6
80829,8.7627,20.0,1763.7
80830,8.7627,20.0,1763.7
80831,8.7627,20.0,1763.7
80832,8.7627,20.0,1763.7
80833,8.7627,20.0,1763.8
80834,8.7627,20.0,1763.8
80835,8.7627,20.0,1763.8
80836,8.7627,20.0,1763.8
80837,8.7627,20.0,1763.8
80838,8.7627,20.0,1763.9
80839,8.7627,20.0,1763.9
80840,8.7627,20.0,1763.9
80841,8.7432,20.0,1763.9
80842,8.7432,20.0,1763.9
80843,8.7432,20.0,1764.0
80844,8.7432,20.0,1764.0
80845,8.7432,20.0,1764.0
80846,8.7432,20.0,1764.0
80847,8.7432,20.0,1764.1
80848,8.7432,20.0,1764.1
80849,8.7432,20.0,1764.1
80850,8.7432,20.0,1764.1
80851,8.7432,20.0,1764.1
80852,8.7432,20.0,1764.2
80853,8.7432,20.0,1764.2
80854,8.7432,20.0,1764.2
80855,8.7432,20.0,1764.2
80856,8.7432,20.0,1764.3
80857,8.7432,20.0,1764.3
80858,8.7432,20.0,1764.3
80859,8.7432,20.0,1764.3
80860,8.7432,20.0,1764.3
80861,8.7232,20.0,1764.4
80862,8.7232,20.0,1764.4
80863,8.7232,20.0,1764.4
80864,8.7232,20.0,1764.4
80865,8.7232,20.0,1764.4
80866,8.7232,20.0,1764.5
80867,8.7232,20.0,1764.5
80868,8.7232,20.0,1764.5
80869,8.7232,20.0,1764.5
80870,8.7232,20.0,1764.5
80871,8.7232,20.0,1764.6
80872,8.7232,20.0,1764.6
80873,8.7232,20.0,1764.6
80874,8.7232,20.0,1764.6
80875,8.7232,20.0,1764.6
80876,8.7232,20.0,1764.7
80877,8.7232,20.0,1764.7
80878,8.7232,20.0,1764.7
80879,8.7232,20.0,1764.7
80880,8.7232,20.0,1764.7
80881,8.7028,20.0,1764.8
80882,8.7028,20.0,1764.8
80883,8.7028,20.0,1764.8
80884,8.7028,20.0,1764.8
80885,8.7028,20.0,1764.8
80886,8.7028,20.0,1764.9
80887,8.7028,20.0,1764.9
80888,8.7028,20.0,1764.9
80889,8.7028,20.0,1764.9
80890,8.7028,20.0,1765.0
80891,8.7028,20.0,1765.0
80892,8.7028,20.0,1765.0
80893,8.7028,20.0,1765.0
80894,8.7028,20.0,1765.0
80895,8.7028,20.0,1765.1
80896,8.7028,20.0,1765.1
80897,8.7028,20.0,1765.4
80898,8.7028,20.0,1765.4
80899,8.7028,20.0,1765.4
80900,8.7028,20.0,1765.4
80901,8.7024,20.0,1765.5
80902,8.7024,20.0,1765.5
80903,8.7024,20.0,1765.5
80904,8.7024,20.0,1765.5
80905,8.7024,20.0,1765.5
80906,8.7024,20.0,1765.6
80907,8.7024,20.0,1765.6
80908,8.7024,20.0,1765.6
80909,8.7024,20.0,1765.6
80910,8.7024,20.0,1765.6
80911,8.7024,20.0,1765.7
80912,8.7024,20.0,1765.7
80913,8.7024,20.0,1765.7
80914,8.7024,20.0,1765.7
80915,8.7024,20.0,1765.8
80916,8.7024,20.0,1765.8
80917,8.7024,20.0,1765.8
80918,8.7024,20.0,1765.8
80919,8.7024,20.0,1765.8
80920,8.7024,20.0,1765.9
80921,8.7021,20.0,1765.9
80922,8.7021,20.0,1765.9
80923,8.7021,20.0,1765.9
80924,8.7021,20.0,1765.9
80925,8.7021,20.0,1765.9
80926,8.7021,20.0,1766.0
80927,8.7021,20.0,1766.0
80928,8.7021,20.0,1766.0
80929,8.7021,20.0,1766.0
80930,8.7021,20.0,1766.1
80931,8.7021,20.0,1766.1
80932,8.7021,20.0,1766.1
80933,8.7021,20.0,1766.1
80934,8.7021,20.0,1766.1
80935,8.7021,20.0,1766.2
80936,8.7021,20.0,1766.2
80937,8.7021,20.0,1766.2
80938,8.7021,20.0,1766.2
80939,8.7021,20.0,1766.3
80940,8.7021,20.0,1766.3
80941,8.7018,20.0,1766.3
80942,8.7018,20.0,1766.3
80943,8.7018,20.0,1766.4
80944,8.7018,20.0,1766.4
80945,8.7018,20.0,1766.4
80946,8.7018,20.0,1766.4
80947,8.7018,20.0,1766.4
80948,8.7018,20.0,1766.5
80949,8.7018,20.0,1766.5
80950,8.7018,20.0,1766.5
80951,8.7018,20.0,1766.5
80952,8.7018,20.0,1766.6
80953,8.7018,20.0,1766.6
80954,8.7018,20.0,1766.6
80955,8.7018,20.0,1766.6
80956,8.7018,20.0,1766.6
80957,8.7018,20.0,1766.7
80958,8.7018,20.0,1766.7
80959,8.7018,20.0,1766.7
80960,8.7018,20.0,1766.7
80961,8.7015,20.0,1766.7
80962,8.7015,20.0,1766.8
80963,8.7015,20.0,1766.8
80964,8.7015,20.0,1766.8
80965,8.7015,20.0,1766.8
80966,8.7015,20.0,1766.8
80967,8.7015,20.0,1766.9
80968,8.7015,20.0,1766.9
80969,8.7015,20.0,1766.9
80970,8.7015,20.0,1766.9
80971,8.7015,20.0,1766.9
80972,8.7015,20.0,1767.0
80973,8.7015,20.0,1767.0
80974,8.7015,20.0,1767.0
80975,8.7015,20.0,1767.0
80976,8.7015,20.0,1767.0
80977,8.7015,20.0,1767.1
80978,8.7015,20.0,1767.1
80979,8.7015,20.0,1767.1
80980,8.7015,20.0,1767.1
80981,8.7012,20.0,1767.2
80982,8.7012,20.0,1767.2
80983,8.7012,20.0,1767.2
80984,8.7012,20.0,1767.2
80985,8.7012,20.0,1767.2
80986,8.7012,20.0,1767.2
80987,8.7012,20.0,1767.3
80988,8.7012,20.0,1767.3
80989,8.7012,20.0,1767.3
80990,8.7012,20.0,1767.3
80991,8.7012,20.0,1767.4
80992,8.7012,20.0,1767.4
80993,8.7012,20.0,1767.4
80994,8.7012,20.0,1767.4
80995,8.7012,20.0,1767.4
80996,8.7012,20.0,1767.5
80997,8.7012,20.0,1767.5
80998,8.7012,20.0,1767.5
80999,8.7012,20.0,1767.5
81000,8.7012,20.0,1767.6
81001,8.7009,20.0,1767.6
81002,8.7009,20.0,1767.6
81003,8.7009,20.0,1767.6
81004,8.7009,20.0,1767.6
81005,8.7009,20.0,1767.7
81006,8.7009,20.0,1767.7
81007,8.7009,20.0,1767.7
81008,8.7009,20.0,1767.7
81009,8.7009,20.0,1767.7
81010,8.7009,20.0,1767.8
81011,8.7009,20.0,1767.8
81012,8.7009,20.0,1767.8
81013,8.7009,20.0,1767.8
81014,8.7009,20.0,1767.8
81015,8.7009,20.0,1767.9
81016,8.7009,20.0,1767.9
81017,8.7009,20.0,1767.9
81018,8.7009,20.0,1767.9
81019,8.7009,20.0,1768.0
81020,8.7009,20.0,1768.0
81021,8.7006,20.0,1768.0
81022,8.7006,20.0,1768.0
81023,8.7006,20.0,1768.0
81024,8.7006,20.0,1768.1
81025,8.7006,20.0,1768.1
81026,8.7006,20.0,1768.1
81027,8.7006,20.0,1768.1
81028,8.7006,20.0,1768.2
81029,8.7006,20.0,1768.2
81030,8.7006,20.0,1768.2
81031,8.7006,20.0,1768.2
81032,8.7006,20.0,1768.2
81033,8.7006,20.0,1768.3
81034,8.7006,20.0,1768.3
81035,8.7006,20.0,1768.3
81036,8.7006,20.0,1768.3
81037,8.7006,20.0,1768.3
81038,8.7006,20.0,1768.3
81039,8.7006,20.0,1768.4
81040,8.7006,20.0,1768.4
81041,8.7003,20.0,1768.4
81042,8.7003,20.0,1768.5
81043,8.7003,20.0,1768.5
81044,8.7003,20.0,1768.5
81045,8.7003,20.0,1768.5
81046,8.7003,20.0,1768.5
81047,8.7003,20.0,1768.6
81048,8.7003,20.0,1768.6
81049,8.7003,20.0,1768.6
81050,8.7003,20.0,1768.6
81051,8.7003,20.0,1768.6
81052,8.7003,20.0,1768.7
81053,8.7003,20.0,1768.7
81054,8.7003,20.0,1768.7
81055,8.7003,20.0,1768.7
81056,8.7003,20.0,1768.7
81057,8.7003,20.0,1768.8
81058,8.7003,20.0,1768.8
81059,8.7003,20.0,1768.8
81060,8.7003,20.0,1768.8
81061,8.7000,20.0,1768.9
81062,8.7000,20.0,1768.9
81063,8.7000,20.0,1768.9
81064,8.7000,20.0,1768.9
81065,8.7000,20.0,1768.9
81066,8.7000,20.0,1768.9
81067,8.7000,20.0,1769.0
81068,8.7000,20.0,1769.0
81069,8.7000,20.0,1769.0
81070,8.7000,20.0,1769.0
81071,8.7000,20.0,1769.1
81072,8.7000,20.0,1769.1
81073,8.7000,20.0,1769.1
81074,8.7000,20.0,1769.1
81075,8.7000,20.0,1769.1
81076,8.7000,20.0,1769.2
81077,8.7000,20.0,1769.2
81078,8.7000,20.0,1769.2
81079,8.7000,20.0,1769.2
81080,8.7000,20.0,1769.2
81081,8.6997,20.0,1769.2
81082,8.6997,20.0,1769.3
81083,8.6997,20.0,1769.3
81084,8.6997,20.0,1769.3
81085,8.6997,20.0,1769.4
81086,8.6997,20.0,1769.4
81087,8.6997,20.0,1769.4
81088,8.6997,20.0,1769.4
81089,8.6997,20.0,1769.4
81090,8.6997,20.0,1769.5
81091,8.6997,20.0,1769.5
81092,8.6997,20.0,1769.5
81093,8.6997,20.0,1769.5
81094,8.6997,20.0,1769.5
81095,8.6997,20.0,1769.6
81096,8.6997,20.0,1769.6
81097,8.6997,20.0,1769.6
81098,8.6997,20.0,1769.6
81099,8.6997,20.0,1769.6
81100,8.6997,20.0,1769.7
81101,8.6994,20.0,1769.7
81102,8.6994,20.0,1769.7
81103,8.6994,20.0,1769.7
81104,8.6994,20.0,1769.8
81105,8.6994,20.0,1769.8
81106,8.6994,20.0,1769.8
81107,8.6994,20.0,1769.8
81108,8.6994,20.0,1769.8
81109,8.6994,20.0,1769.8
81110,8.6994,20.0,1769.9
81111,8.6994,20.0,1769.9
81112,8.6994,20.0,1769.9
81113,8.6994,20.0,1769.9
81114,8.6994,20.0,1769.9
81115,8.6994,20.0,1770.0
81116,8.6994,20.0,1770.0
81117,8.6994,20.0,1770.0
81118,8.6994,20.0,1770.0
81119,8.6994,20.0,1770.1
81120,8.6994,20.0,1770.1
81121,8.6991,20.0,1770.1
81122,8.6991,20.0,1770.1
81123,8.6991,20.0,1770.1
81124,8.6991,20.0,1770.2
81125,8.6991,20.0,1770.2
81126,8.6991,20.0,1770.2
81127,8.6991,20.0,1770.2
81128,8.6991,20.0,1770.2
81129,8.6991,20.0,1770.3
81130,8.6991,20.0,1770.3
81131,8.6991,20.0,1770.3
81132,8.6991,20.0,1770.3
81133,8.6991,20.0,1770.3
81134,8.6991,20.0,1770.4
81135,8.6991,20.0,1770.4
81136,8.6991,20.0,1770.4
81137,8.6991,20.0,1770.4
81138,8.6991,20.0,1770.4
81139,8.6991,20.0,1770.5
81140,8.6991,20.0,1770.5
81141,8.6988,20.0,1770.5
81142,8.6988,20.0,1770.5
81143,8.6988,20.0,1770.6
81144,8.6988,20.0,1770.6
81145,8.6988,20.0,1770.6
81146,8.6988,20.0,1770.6
81147,8.6988,20.0,1770.6
81148,8.6988,20.0,1770.7
81149,8.6988,20.0,1770.7
81150,8.6988,20.0,1770.7
81151,8.6988,20.0,1770.7
81152,8.6988,20.0,1770.8
81153,8.6988,20.0,1770.8
81154,8.6988,20.0,1770.8
81155,8.6988,20.0,1770.8
81156,8.6988,20.0,1770.8
81157,8.6988,20.0,1770.9
81158,8.6988,20.0,1770.9
81159,8.6988,20.0,1770.9
81160,8.6988,20.0,1770.9
81161,8.6985,20.0,1770.9
81162,8.6985,20.0,1771.0
81163,8.6985,20.0,1771.0
81164,8.6985,20.0,1771.0
81165,8.6985,20.0,1771.0
81166,8.6985,20.0,1771.0
81167,8.6985,20.0,1771.1
81168,8.6985,20.0,1771.1
81169,8.6985,20.0,1771.1
81170,8.6985,20.0,1771.1
81171,8.6985,20.0,1771.2
81172,8.6985,20.0,1771.2
81173,8.6985,20.0,1771.2
81174,8.6985,20.0,1771.2
81175,8.6985,20.0,1771.2
81176,8.6985,20.0,1771.3
81177,8.6985,20.0,1771.3
81178,8.6985,20.0,1771.3
81179,8.6985,20.0,1771.3
81180,8.6985,20.0,1771.3
81181,8.6982,20.0,1771.4
81182,8.6982,20.0,1771.4
81183,8.6982,20.0,1771.4
81184,8.6982,20.0,1771.4
81185,8.6982,20.0,1771.4
81186,8.6982,20.0,1771.5
81187,8.6982,20.0,1771.5
81188,8.6982,20.0,1771.5
81189,8.6982,20.0,1771.5
81190,8.6982,20.0,1771.5
81191,8.6982,20.0,1771.6
81192,8.6982,20.0,1771.6
81193,8.6982,20.0,1771.6
81194,8.6982,20.0,1771.6
81195,8.6982,20.0,1771.6
81196,8.6982,20.0,1771.7
81197,8.6982,20.0,1771.7
81198,8.6982,20.0,1771.7
81199,8.6982,20.0,1771.7
81200,8.6982,20.0,1771.8
81201,8.6979,20.0,1771.8
81202,8.6979,20.0,1771.8
81203,8.6979,20.0,1771.8
81204,8.6979,20.0,1771.8
81205,8.6979,20.0,1771.8
81206,8.6979,20.0,1771.9
81207,8.6979,20.0,1771.9
81208,8.6979,20.0,1771.9
81209,8.6979,20.0,1771.9
81210,8.6979,20.0,1771.9
81211,8.6979,20.0,1772.0
81212,8.6979,20.0,1772.0
81213,8.6979,20.0,1772.0
81214,8.6979,20.0,1772.0
81215,8.6979,20.0,1772.0
81216,8.6979,20.0,1772.1
81217,8.6979,20.0,1772.1
81218,8.6979,20.0,1772.1
81219,8.6979,20.0,1772.1
81220,8.6979,20.0,1772.2
81221,8.6977,20.0,1772.2
81222,8.6977,20.0,1772.2
81223,8.6977,20.0,1772.2
81224,8.6977,20.0,1772.2
81225,8.6977,20.0,1772.3
81226,8.6977,20.0,1772.3
81227,8.6977,20.0,1772.3
81228,8.6977,20.0,1772.3
81229,8.6977,20.0,1772.4
81230,8.6977,20.0,1772.4
81231,8.6977,20.0,1772.4
81232,8.6977,20.0,1772.4
81233,8.6977,20.0,1772.4
81234,8.6977,20.0,1772.5
81235,8.6977,20.0,1772.5
81236,8.6977,20.0,1772.5
81237,8.6977,20.0,1772.5
81238,8.6977,20.0,1772.6
81239,8.6977,20.0,1772.6
81240,8.6977,20.0,1772.6
81241,8.6974,20.0,1772.6
81242,8.6974,20.0,1772.6
81243,8.6974,20.0,1772.7
81244,8.6974,20.0,1772.7
81245,8.6974,20.0,1772.7
81246,8.6974,20.0,1772.7
81247,8.6974,20.0,1772.8
81248,8.6974,20.0,1772.8
81249,8.6974,20.0,1772.8
81250,8.6974,20.0,1772.8
81251,8.6974,20.0,1772.8
81252,8.6974,20.0,1772.9
81253,8.6974,20.0,1772.9
81254,8.6974,20.0,1772.9
81255,8.6974,20.0,1772.9
81256,8.6974,20.0,1773.0
81257,8.6974,20.0,1773.0
81258,8.6974,20.0,1773.0
81259,8.6974,20.0,1773.0
81260,8.6974,20.0,1773.0
81261,8.6971,20.0,1773.1
81262,8.6971,20.0,1773.1
81263,8.6971,20.0,1773.1
81264,8.6971,20.0,1773.1
81265,8.6971,20.0,1773.1
81266,8.6971,20.0,1773.2
81267,8.6971,20.0,1773.2
81268,8.6971,20.0,1773.2
81269,8.6971,20.0,1773.2
81270,8.6971,20.0,1773.2
81271,8.6971,20.0,1773.2
81272,8.6971,20.0,1773.3
81273,8.6971,20.0,1773.3
81274,8.6971,20.0,1773.3
81275,8.6971,20.0,1773.3
81276,8.6971,20.0,1773.4
81277,8.6971,20.0,1773.4
81278,8.6971,20.0,1773.4
81279,8.6971,20.0,1773.4
81280,8.6971,20.0,1773.4
81281,8.6968,20.0,1773.5
81282,8.6968,20.0,1773.5
81283,8.6968,20.0,1773.5
81284,8.6968,20.0,1773.5
81285,8.6968,20.0,1773.5
81286,8.6968,20.0,1773.6
81287,8.6968,20.0,1773.6
81288,8.6968,20.0,1773.6
81289,8.6968,20.0,1773.6
81290,8.6968,20.0,1773.7
81291,8.6968,20.0,1773.7
81292,8.6968,20.0,1773.7
81293,8.6968,20.0,1773.7
81294,8.6968,20.0,1773.7
81295,8.6968,20.0,1773.7
81296,8.6968,20.0,1773.8
81297,8.6968,20.0,1773.8
81298,8.6968,20.0,1773.8
81299,8.6968,20.0,1773.8
81300,8.6968,20.0,1773.9
81301,8.6965,20.0,1773.9
81302,8.6965,20.0,1773.9
81303,8.6965,20.0,1773.9
81304,8.6965,20.0,1773.9
81305,8.6965,20.0,1773.9
81306,8.6965,20.0,1774.0
81307,8.6965,20.0,1774.0
81308,8.6965,20.0,1774.0
81309,8.6965,20.0,1774.0
81310,8.6965,20.0,1774.0
81311,8.6965,20.0,1774.1
81312,8.6965,20.0,1774.1
81313,8.6965,20.0,1774.1
81314,8.6965,20.0,1774.1
81315,8.6965,20.0,1774.2
81316,8.6965,20.0,1774.2
81317,8.6965,20.0,1774.2
81318,8.6965,20.0,1774.2
81319,8.6965,20.0,1774.2
81320,8.6965,20.0,1774.3
81321,8.6962,20.0,1774.3
81322,8.6962,20.0,1774.3
81323,8.6962,20.0,1774.3
81324,8.6962,20.0,1774.4
81325,8.6962,20.0,1774.4
81326,8.6962,20.0,1774.4
81327,8.6962,20.0,1774.4
81328,8.6962,20.0,1774.4
81329,8.6962,20.0,1774.5
81330,8.6962,20.0,1774.5
81331,8.6962,20.0,1774.5
81332,8.6962,20.0,1774.5
81333,8.6962,20.0,1774.6
81334,8.6962,20.0,1774.6
81335,8.6962,20.0,1774.6
81336,8.6962,20.0,1774.6
81337,8.6962,20.0,1774.6
81338,8.6962,20.0,1774.7
81339,8.6962,20.0,1774.7
81340,8.6962,20.0,1774.7
81341,8.6959,20.0,1774.7
81342,8.6959,20.0,1774.8
81343,8.6959,20.0,1774.8
81344,8.6959,20.0,1774.8
81345,8.6959,20.0,1774.8
81346,8.6959,20.0,1774.8
81347,8.6959,20.0,1774.9
81348,8.6959,20.0,1774.9
81349,8.6959,20.0,1774.9
81350,8.6959,20.0,1774.9
81351,8.6959,20.0,1775.0
81352,8.6959,20.0,1775.0
81353,8.6959,20.0,1775.0
81354,8.6959,20.0,1775.0
81355,8.6959,20.0,1775.0
81356,8.6959,20.0,1775.1
81357,8.6959,20.0,1775.1
81358,8.6959,20.0,1775.1
81359,8.6959,20.0,1775.1
81360,8.6959,20.0,1775.1
81361,8.6956,20.0,1775.2
81362,8.6956,20.0,1775.2
81363,8.6956,20.0,1775.2
81364,8.6956,20.0,1775.2
81365,8.6956,20.0,1775.3
81366,8.6956,20.0,1775.3
81367,8.6956,20.0,1775.3
81368,8.6956,20.0,1775.3
81369,8.6956,20.0,1775.3
81370,8.6956,20.0,1775.4
81371,8.6956,20.0,1775.4
81372,8.6956,20.0,1775.4
81373,8.6956,20.0,1775.4
81374,8.6956,20.0,1775.4
81375,8.6956,20.0,1775.5
81376,8.6956,20.0,1775.5
81377,8.6956,20.0,1775.5
81378,8.6956,20.0,1775.5
81379,8.6956,20.0,1775.5
81380,8.6956,20.0,1775.6
81381,8.7157,20.0,1775.6
81382,8.7157,20.0,1775.6
81383,8.7157,20.0,1775.6
81384,8.7157,20.0,1775.7
81385,8.7157,20.0,1775.7
81386,8.7157,20.0,1775.7
81387,8.7157,20.0,1775.7
81388,8.7157,20.0,1775.7
81389,8.7157,20.0,1775.8
81390,8.7157,20.0,1775.8
81391,8.7157,20.0,1775.8
81392,8.7157,20.0,1775.8
81393,8.7157,20.0,1775.8
81394,8.7157,20.0,1775.9
81395,8.7157,20.0,1775.9
81396,8.7157,20.0,1775.9
81397,8.7157,20.0,1775.9
81398,8.7157,20.0,1775.9
81399,8.7157,20.0,1776.0
81400,8.7157,20.0,1776.0
81401,8.7359,20.0,1776.0
81402,8.7359,20.0,1776.0
81403,8.7359,20.0,1776.0
81404,8.7359,20.0,1776.1
81405,8.7359,20.0,1776.1
81406,8.7359,20.0,1776.1
81407,8.7359,20.0,1776.1
81408,8.7359,20.0,1776.1
81409,8.7359,20.0,1776.4
81410,8.7359,20.0,1776.4
81411,8.7359,20.0,1776.5
81412,8.7359,20.0,1776.5
81413,8.7359,20.0,1776.5
81414,8.7359,20.0,1776.5
81415,8.7359,20.0,1776.6
81416,8.7359,20.0,1776.6
81417,8.7359,20.0,1776.6
81418,8.7359,20.0,1776.6
81419,8.7359,20.0,1776.6
81420,8.7359,20.0,1776.7
81421,8.7560,20.0,1776.7
81422,8.7560,20.0,1776.7
81423,8.7560,20.0,1776.7
81424,8.7560,20.0,1776.8
81425,8.7560,20.0,1776.8
81426,8.7560,20.0,1776.8
81427,8.7560,20.0,1776.8
81428,8.7560,20.0,1776.9
81429,8.7560,20.0,1776.9
81430,8.7560,20.0,1776.9
81431,8.7560,20.0,1776.9
81432,8.7560,20.0,1776.9
81433,8.7560,20.0,1777.0
81434,8.7560,20.0,1777.0
81435,8.7560,20.0,1777.0
81436,8.7560,20.0,1777.0
81437,8.7560,20.0,1777.0
81438,8.7560,20.0,1777.1
81439,8.7560,20.0,1777.1
81440,8.7560,20.0,1777.1
81441,8.7958,20.0,1777.1
81442,8.7958,20.0,1777.1
81443,8.7958,20.0,1777.2
81444,8.7958,20.0,1777.2
81445,8.7958,20.0,1777.2
81446,8.7958,20.0,1777.2
81447,8.7958,20.0,1777.3
81448,8.7958,20.0,1777.3
81449,8.7958,20.0,1777.3
81450,8.7958,20.0,1777.3
81451,8.7958,20.0,1777.4
81452,8.7958,20.0,1777.4
81453,8.7958,20.0,1777.4
81454,8.7958,20.0,1777.4
81455,8.7958,20.0,1777.4
81456,8.7958,20.0,1777.5
81457,8.7958,20.0,1777.5
81458,8.7958,20.0,1777.5
81459,8.7958,20.0,1777.5
81460,8.7958,20.0,1777.6
81461,8.8356,20.0,1777.6
81462,8.8356,20.0,1777.6
81463,8.8356,20.0,1777.6
81464,8.8356,20.0,1777.7
81465,8.8356,20.0,1777.7
81466,8.8356,20.0,1777.7
81467,8.8356,20.0,1777.7
81468,8.8356,20.0,1777.8
81469,8.8356,20.0,1777.8
81470,8.8356,20.0,1777.8
81471,8.8356,20.0,1777.8
81472,8.8356,20.0,1777.8
81473,8.8356,20.0,1777.9
81474,8.8356,20.0,1777.9
81475,8.8356,20.0,1777.9
81476,8.8356,20.0,1777.9
81477,8.8356,20.0,1777.9
81478,8.8356,20.0,1778.0
81479,8.8356,20.0,1778.0
81480,8.8356,20.0,1778.0
81481,8.8755,20.0,1778.0
81482,8.8755,20.0,1778.0
81483,8.8755,20.0,1778.1
81484,8.8755,20.0,1778.1
81485,8.8755,20.0,1778.1
81486,8.8755,20.0,1778.1
81487,8.8755,20.0,1778.2
81488,8.8755,20.0,1778.2
81489,8.8755,20.0,1778.2
81490,8.8755,20.0,1778.2
81491,8.8755,20.0,1778.2
81492,8.8755,20.0,1778.3
81493,8.8755,20.0,1778.3
81494,8.8755,20.0,1778.3
81495,8.8755,20.0,1778.3
81496,8.8755,20.0,1778.3
81497,8.8755,20.0,1778.4
81498,8.8755,20.0,1778.4
81499,8.8755,20.0,1778.4
81500,8.8755,20.0,1778.4
81501,8.9153,20.0,1778.5
81502,8.9153,20.0,1778.5
81503,8.9153,20.0,1778.5
81504,8.9153,20.0,1778.5
81505,8.9153,20.0,1778.6
81506,8.9153,20.0,1778.6
81507,8.9153,20.0,1778.6
81508,8.9153,20.0,1778.6
81509,8.9153,20.0,1778.6
81510,8.9153,20.0,1778.7
81511,8.9153,20.0,1778.7
81512,8.9153,20.0,1778.7
81513,8.9153,20.0,1778.7
81514,8.9153,20.0,1778.7
81515,8.9153,20.0,1778.8
81516,8.9153,20.0,1778.8
81517,8.9153,20.0,1778.8
81518,8.9153,20.0,1778.8
81519,8.9153,20.0,1778.8
81520,8.9153,20.0,1778.9
81521,8.9551,20.0,1778.9
81522,8.9551,20.0,1778.9
81523,8.9551,20.0,1778.9
81524,8.9551,20.0,1779.0
81525,8.9551,20.0,1779.0
81526,8.9551,20.0,1779.0
81527,8.9551,20.0,1779.0
81528,8.9551,20.0,1779.0
81529,8.9551,20.0,1779.0
81530,8.9551,20.0,1779.1
81531,8.9551,20.0,1779.1
81532,8.9551,20.0,1779.1
81533,8.9551,20.0,1779.1
81534,8.9551,20.0,1779.1
81535,8.9551,20.0,1779.2
81536,8.9551,20.0,1779.2
81537,8.9551,20.0,1779.2
81538,8.9551,20.0,1779.2
81539,8.9551,20.0,1779.2
81540,8.9551,20.0,1779.3
81541,8.9949,20.0,1779.3
81542,8.9949,20.0,1779.3
81543,8.9949,20.0,1779.3
81544,8.9949,20.0,1779.4
81545,8.9949,20.0,1779.4
81546,8.9949,20.0,1779.4
81547,8.9949,20.0,1779.4
81548,8.9949,20.0,1779.4
81549,8.9949,20.0,1779.5
81550,8.9949,20.0,1779.5
81551,8.9949,20.0,1779.5
81552,8.9949,20.0,1779.5
81553,8.9949,20.0,1779.6
81554,8.9949,20.0,1779.6
81555,8.9949,20.0,1779.6
81556,8.9949,20.0,1779.6
81557,8.9949,20.0,1779.6
81558,8.9949,20.0,1779.6
81559,8.9949,20.0,1779.7
81560,8.9949,20.0,1779.7
81561,9.0347,20.0,1779.7
81562,9.0347,20.0,1779.8
81563,9.0347,20.0,1779.8
81564,9.0347,20.0,1779.8
81565,9.0347,20.0,1779.8
81566,9.0347,20.0,1779.9
81567,9.0347,20.0,1779.9
81568,9.0347,20.0,1779.9
81569,9.0347,20.0,1779.9
81570,9.0347,20.0,1779.9
81571,9.0347,20.0,1780.0
81572,9.0347,20.0,1780.0
81573,9.0347,20.0,1780.0
81574,9.0347,20.0,1780.0
81575,9.0347,20.0,1780.0
81576,9.0347,20.0,1780.1
81577,9.0347,20.0,1780.1
81578,9.0347,20.0,1780.1
81579,9.0347,20.0,1780.1
81580,9.0347,20.0,1780.1
81581,9.0745,20.0,1780.1
81582,9.0745,20.0,1780.2
81583,9.0745,20.0,1780.2
81584,9.0745,20.0,1780.2
81585,9.0745,20.0,1780.2
81586,9.0745,20.0,1780.2
81587,9.0745,20.0,1780.3
81588,9.0745,20.0,1780.3
81589,9.0745,20.0,1780.3
81590,9.0745,20.0,1780.3
81591,9.0745,20.0,1780.3
81592,9.0745,20.0,1780.3
81593,9.0745,20.0,1780.4
81594,9.0745,20.0,1780.4
81595,9.0745,20.0,1780.4
81596,9.0745,20.0,1780.4
81597,9.0745,20.0,1780.5
81598,9.0745,20.0,1780.5
81599,9.0745,20.0,1780.5
81600,9.0745,20.0,1780.5
81601,9.1143,20.0,1780.5
81602,9.1143,20.0,1780.6
81603,9.1143,20.0,1780.6
81604,9.1143,20.0,1780.6
81605,9.1143,20.0,1780.6
81606,9.1143,20.0,1780.7
81607,9.1143,20.0,1780.7
81608,9.1143,20.0,1780.7
81609,9.1143,20.0,1780.7
81610,9.1143,20.0,1780.7
81611,9.1143,20.0,1780.8
81612,9.1143,20.0,1780.8
81613,9.1143,20.0,1780.8
81614,9.1143,20.0,1780.8
81615,9.1143,20.0,1780.8
81616,9.1143,20.0,1780.9
81617,9.1143,20.0,1780.9
81618,9.1143,20.0,1780.9
81619,9.1143,20.0,1780.9
81620,9.1143,20.0,1781.0
81621,9.1542,20.0,1781.0
81622,9.1542,20.0,1781.0
81623,9.1542,20.0,1781.0
81624,9.1542,20.0,1781.1
81625,9.1542,20.0,1781.1
81626,9.1542,20.0,1781.1
81627,9.1542,20.0,1781.1
81628,9.1542,20.0,1781.1
81629,9.1542,20.0,1781.2
81630,9.1542,20.0,1781.2
81631,9.1542,20.0,1781.2
81632,9.1542,20.0,1781.2
81633,9.1542,20.0,1781.2
81634,9.1542,20.0,1781.3
81635,9.1542,20.0,1781.3
81636,9.1542,20.0,1781.3
81637,9.1542,20.0,1781.3
81638,9.1542,20.0,1781.4
81639,9.1542,20.0,1781.4
81640,9.1542,20.0,1781.4
81641,9.1940,20.0,1781.4
81642,9.1940,20.0,1781.4
81643,9.1940,20.0,1781.5
81644,9.1940,20.0,1781.5
81645,9.1940,20.0,1781.5
81646,9.1940,20.0,1781.5
81647,9.1940,20.0,1781.5
81648,9.1940,20.0,1781.6
81649,9.1940,20.0,1781.6
81650,9.1940,20.0,1781.6
81651,9.1940,20.0,1781.6
81652,9.1940,20.0,1781.6
81653,9.1940,20.0,1781.7
81654,9.1940,20.0,1781.7
81655,9.1940,20.0,1781.7
81656,9.1940,20.0,1781.7
81657,9.1940,20.0,1781.8
81658,9.1940,20.0,1781.8
81659,9.1940,20.0,1781.8
81660,9.1940,20.0,1781.8
81661,9.2338,20.0,1781.8
81662,9.2338,20.0,1781.9
81663,9.2338,20.0,1781.9
81664,9.2338,20.0,1781.9
81665,9.2338,20.0,1781.9
81666,9.2338,20.0,1782.0
81667,9.2338,20.0,1782.0
81668,9.2338,20.0,1782.0
81669,9.2338,20.0,1782.0
81670,9.2338,20.0,1782.0
81671,9.2338,20.0,1782.1
81672,9.2338,20.0,1782.1
81673,9.2338,20.0,1782.1
81674,9.2338,20.0,1782.1
81675,9.2338,20.0,1782.1
81676,9.2338,20.0,1782.2
81677,9.2338,20.0,1782.2
81678,9.2338,20.0,1782.2
81679,9.2338,20.0,1782.2
81680,9.2338,20.0,1782.2
81681,9.2736,20.0,1782.3
81682,9.2736,20.0,1782.3
81683,9.2736,20.0,1782.3
81684,9.2736,20.0,1782.3
81685,9.2736,20.0,1782.3
81686,9.2736,20.0,1782.4
81687,9.2736,20.0,1782.4
81688,9.2736,20.0,1782.4
81689,9.2736,20.0,1782.4
81690,9.2736,20.0,1782.4
81691,9.2736,20.0,1782.5
81692,9.2736,20.0,1782.5
81693,9.2736,20.0,1782.5
81694,9.2736,20.0,1782.5
81695,9.2736,20.0,1782.6
81696,9.2736,20.0,1782.6
81697,9.2736,20.0,1782.6
81698,9.2736,20.0,1782.6
81699,9.2736,20.0,1782.6
81700,9.2736,20.0,1782.7
81701,9.3134,20.0,1782.7
81702,9.3134,20.0,1782.7
81703,9.3134,20.0,1782.7
81704,9.3134,20.0,1782.8
81705,9.3134,20.0,1782.8
81706,9.3134,20.0,1782.8
81707,9.3134,20.0,1782.8
81708,9.3134,20.0,1782.8
81709,9.3134,20.0,1782.8
81710,9.3134,20.0,1782.9
81711,9.3134,20.0,1782.9
81712,9.3134,20.0,1782.9
81713,9.3134,20.0,1782.9
81714,9.3134,20.0,1782.9
81715,9.3134,20.0,1783.0
81716,9.3134,20.0,1783.0
81717,9.3134,20.0,1783.0
81718,9.3134,20.0,1783.0
81719,9.3134,20.0,1783.1
81720,9.3134,20.0,1783.1
81721,9.3532,20.0,1783.1
81722,9.3532,20.0,1783.1
81723,9.3532,20.0,1783.1
81724,9.3532,20.0,1783.2
81725,9.3532,20.0,1783.2
81726,9.3532,20.0,1783.2
81727,9.3532,20.0,1783.2
81728,9.3532,20.0,1783.2
81729,9.3532,20.0,1783.3
81730,9.3532,20.0,1783.3
81731,9.3532,20.0,1783.3
81732,9.3532,20.0,1783.3
81733,9.3532,20.0,1783.3
81734,9.3532,20.0,1783.4
81735,9.3532,20.0,1783.4
81736,9.3532,20.0,1783.4
81737,9.3532,20.0,1783.4
81738,9.3532,20.0,1783.5
81739,9.3532,20.0,1783.5
81740,9.3532,20.0,1783.5
81741,9.3930,20.0,1783.5
81742,9.3930,20.0,1783.5
81743,9.3930,20.0,1783.6
81744,9.3930,20.0,1783.6
81745,9.3930,20.0,1783.6
81746,9.3930,20.0,1783.6
81747,9.3930,20.0,1783.6
81748,9.3930,20.0,1783.7
81749,9.3930,20.0,1783.7
81750,9.3930,20.0,1783.7
81751,9.3930,20.0,1783.7
81752,9.3930,20.0,1783.8
81753,9.3930,20.0,1783.8
81754,9.3930,20.0,1783.8
81755,9.3930,20.0,1783.8
81756,9.3930,20.0,1783.8
81757,9.3930,20.0,1783.9
81758,9.3930,20.0,1783.9
81759,9.3930,20.0,1783.9
81760,9.3930,20.0,1783.9
81761,9.4329,20.0,1784.0
81762,9.4329,20.0,1784.0
81763,9.4329,20.0,1784.0
81764,9.4329,20.0,1784.0
81765,9.4329,20.0,1784.1
81766,9.4329,20.0,1784.1
81767,9.4329,20.0,1784.1
81768,9.4329,20.0,1784.1
81769,9.4329,20.0,1784.2
81770,9.4329,20.0,1784.2
81771,9.4329,20.0,1784.2
81772,9.4329,20.0,1784.2
81773,9.4329,20.0,1784.2
81774,9.4329,20.0,1784.3
81775,9.4329,20.0,1784.3
81776,9.4329,20.0,1784.3
81777,9.4329,20.0,1784.3
81778,9.4329,20.0,1784.3
81779,9.4329,20.0,1784.4
81780,9.4329,20.0,1784.4
81781,9.4727,20.0,1784.4
81782,9.4727,20.0,1784.4
81783,9.4727,20.0,1784.5
81784,9.4727,20.0,1784.5
81785,9.4727,20.0,1784.5
81786,9.4727,20.0,1784.5
81787,9.4727,20.0,1784.6
81788,9.4727,20.0,1784.6
81789,9.4727,20.0,1784.6
81790,9.4727,20.0,1784.6
81791,9.4727,20.0,1784.6
81792,9.4727,20.0,1784.7
81793,9.4727,20.0,1784.7
81794,9.4727,20.0,1784.7
81795,9.4727,20.0,1784.7
81796,9.4727,20.0,1784.7
81797,9.4727,20.0,1784.8
81798,9.4727,20.0,1784.8
81799,9.4727,20.0,1784.8
81800,9.4727,20.0,1784.8
81801,9.5125,20.0,1784.8
81802,9.5125,20.0,1784.9
81803,9.5125,20.0,1784.9
81804,9.5125,20.0,1784.9
81805,9.5125,20.0,1784.9
81806,9.5125,20.0,1784.9
81807,9.5125,20.0,1785.0
81808,9.5125,20.0,1785.0
81809,9.5125,20.0,1785.0
81810,9.5125,20.0,1785.0
81811,9.5125,20.0,1785.0
81812,9.5125,20.0,1785.1
81813,9.5125,20.0,1785.1
81814,9.5125,20.0,1785.1
81815,9.5125,20.0,1785.1
81816,9.5125,20.0,1785.1
81817,9.5125,20.0,1785.2
81818,9.5125,20.0,1785.2
81819,9.5125,20.0,1785.2
81820,9.5125,20.0,1785.2
81821,9.5523,20.0,1785.3
81822,9.5523,20.0,1785.3
81823,9.5523,20.0,1785.3
81824,9.5523,20.0,1785.3
81825,9.5523,20.0,1785.3
81826,9.5523,20.0,1785.4
81827,9.5523,20.0,1785.4
81828,9.5523,20.0,1785.4
81829,9.5523,20.0,1785.4
81830,9.5523,20.0,1785.5
81831,9.5523,20.0,1785.5
81832,9.5523,20.0,1785.5
81833,9.5523,20.0,1785.5
81834,9.5523,20.0,1785.5
81835,9.5523,20.0,1785.6
81836,9.5523,20.0,1785.6
81837,9.5523,20.0,1785.6
81838,9.5523,20.0,1785.6
81839,9.5523,20.0,1785.6
81840,9.5523,20.0,1785.7
81841,9.5921,20.0,1785.7
81842,9.5921,20.0,1785.7
81843,9.5921,20.0,1785.7
81844,9.5921,20.0,1785.8
81845,9.5921,20.0,1785.8
81846,9.5921,20.0,1785.8
81847,9.5921,20.0,1785.8
81848,9.5921,20.0,1785.9
81849,9.5921,20.0,1785.9
81850,9.5921,20.0,1785.9
81851,9.5921,20.0,1785.9
81852,9.5921,20.0,1785.9
81853,9.5921,20.0,1786.0
81854,9.5921,20.0,1786.0
81855,9.5921,20.0,1786.0
81856,9.5921,20.0,1786.0
81857,9.5921,20.0,1786.0
81858,9.5921,20.0,1786.1
81859,9.5921,20.0,1786.1
81860,9.5921,20.0,1786.1
81861,9.6319,20.0,1786.1
81862,9.6319,20.0,1786.1
81863,9.6319,20.0,1786.2
81864,9.6319,20.0,1786.2
81865,9.6319,20.0,1786.2
81866,9.6319,20.0,1786.2
81867,9.6319,20.0,1786.2
81868,9.6319,20.0,1786.3
81869,9.6319,20.0,1786.3
81870,9.6319,20.0,1786.3
81871,9.6319,20.0,1786.3
81872,9.6319,20.0,1786.3
81873,9.6319,20.0,1786.4
81874,9.6319,20.0,1786.4
81875,9.6319,20.0,1786.4
81876,9.6319,20.0,1786.4
81877,9.6319,20.0,1786.5
81878,9.6319,20.0,1786.5
81879,9.6319,20.0,1786.5
81880,9.6319,20.0,1786.5
81881,9.6718,20.0,1786.5
81882,9.6718,20.0,1786.6
81883,9.6718,20.0,1786.6
81884,9.6718,20.0,1786.6
81885,9.6718,20.0,1786.6
81886,9.6718,20.0,1786.7
81887,9.6718,20.0,1786.7
81888,9.6718,20.0,1786.7
81889,9.6718,20.0,1786.7
81890,9.6718,20.0,1786.7
81891,9.6718,20.0,1786.7
81892,9.6718,20.0,1786.8
81893,9.6718,20.0,1786.8
81894,9.6718,20.0,1786.8
81895,9.6718,20.0,1786.8
81896,9.6718,20.0,1786.9
81897,9.6718,20.0,1786.9
81898,9.6718,20.0,1786.9
81899,9.6718,20.0,1786.9
81900,9.6718,20.0,1787.0
81901,9.7112,20.0,1787.0
81902,9.7112,20.0,1787.0
81903,9.7112,20.0,1787.0
81904,9.7112,20.0,1787.0
81905,9.7112,20.0,1787.1
81906,9.7112,20.0,1787.1
81907,9.7112,20.0,1787.1
81908,9.7112,20.0,1787.1
81909,9.7112,20.0,1787.1
81910,9.7112,20.0,1787.2
81911,9.7112,20.0,1787.2
81912,9.7112,20.0,1787.2
81913,9.7112,20.0,1787.2
81914,9.7112,20.0,1787.2
81915,9.7112,20.0,1787.2
81916,9.7112,20.0,1787.3
81917,9.7112,20.0,1787.3
81918,9.7112,20.0,1787.3
81919,9.7112,20.0,1787.3
81920,9.7112,20.0,1787.4
81921,9.7506,20.0,1787.7
81922,9.7506,20.0,1787.7
81923,9.7506,20.0,1787.7
81924,9.7506,20.0,1787.7
81925,9.7506,20.0,1787.8
81926,9.7506,20.0,1787.8
81927,9.7506,20.0,1787.8
81928,9.7506,20.0,1787.8
81929,9.7506,20.0,1787.8
81930,9.7506,20.0,1787.9
81931,9.7506,20.0,1787.9
81932,9.7506,20.0,1787.9
81933,9.7506,20.0,1787.9
81934,9.7506,20.0,1788.0
81935,9.7506,20.0,1788.0
81936,9.7506,20.0,1788.0
81937,9.7506,20.0,1788.0
81938,9.7506,20.0,1788.0
81939,9.7506,20.0,1788.0
81940,9.7506,20.0,1788.1
81941,9.8096,20.0,1788.1
81942,9.8096,20.0,1788.1
81943,9.8096,20.0,1788.1
81944,9.8096,20.0,1788.2
81945,9.8096,20.0,1788.2
81946,9.8096,20.0,1788.2
81947,9.8096,20.0,1788.2
81948,9.8096,20.0,1788.2
81949,9.8096,20.0,1788.3
81950,9.8096,20.0,1788.3
81951,9.8096,20.0,1788.3
81952,9.8096,20.0,1788.3
81953,9.8096,20.0,1788.3
81954,9.8096,20.0,1788.4
81955,9.8096,20.0,1788.4
81956,9.8096,20.0,1788.4
81957,9.8096,20.0,1788.4
81958,9.8096,20.0,1788.5
81959,9.8096,20.0,1788.5
81960,9.8096,20.0,1788.5
81961,9.8686,20.0,1788.5
81962,9.8686,20.0,1788.5
81963,9.8686,20.0,1788.6
81964,9.8686,20.0,1788.6
81965,9.8686,20.0,1788.6
81966,9.8686,20.0,1788.6
81967,9.8686,20.0,1788.7
81968,9.8686,20.0,1788.7
81969,9.8686,20.0,1788.7
81970,9.8686,20.0,1788.7
81971,9.8686,20.0,1788.7
81972,9.8686,20.0,1788.7
81973,9.8686,20.0,1788.8
81974,9.8686,20.0,1788.8
81975,9.8686,20.0,1788.8
81976,9.8686,20.0,1788.8
81977,9.8686,20.0,1788.9
81978,9.8686,20.0,1788.9
81979,9.8686,20.0,1788.9
81980,9.8686,20.0,1788.9
81981,9.9276,20.0,1788.9
81982,9.9276,20.0,1789.0
81983,9.9276,20.0,1789.0
81984,9.9276,20.0,1789.0
81985,9.9276,20.0,1789.0
81986,9.9276,20.0,1789.0
81987,9.9276,20.0,1789.0
81988,9.9276,20.0,1789.1
81989,9.9276,20.0,1789.1
81990,9.9276,20.0,1789.1
81991,9.9276,20.0,1789.1
81992,9.9276,20.0,1789.2
81993,9.9276,20.0,1789.2
81994,9.9276,20.0,1789.2
81995,9.9276,20.0,1789.2
81996,9.9276,20.0,1789.2
81997,9.9276,20.0,1789.3
81998,9.9276,20.0,1789.3
81999,9.9276,20.0,1789.3
82000,9.9276,20.0,1789.3
82001,9.9866,20.0,1789.3
82002,9.9866,20.0,1789.4
82003,9.9866,20.0,1789.4
82004,9.9866,20.0,1789.4
82005,9.9866,20.0,1789.4
82006,9.9866,20.0,1789.5
82007,9.9866,20.0,1789.5
82008,9.9866,20.0,1789.5
82009,9.9866,20.0,1789.5
82010,9.9866,20.0,1789.6
82011,9.9866,20.0,1789.6
82012,9.9866,20.0,1789.6
82013,9.9866,20.0,1789.6
82014,9.9866,20.0,1789.7
82015,9.9866,20.0,1789.7
82016,9.9866,20.0,1789.7
82017,9.9866,20.0,1789.7
82018,9.9866,20.0,1789.7
82019,9.9866,20.0,1789.8
82020,9.9866,20.0,1789.8
82021,10.0456,20.0,1789.8
82022,10.0456,20.0,1789.8
82023,10.0456,20.0,1789.8
82024,10.0456,20.0,1789.9
82025,10.0456,20.0,1789.9
82026,10.0456,20.0,1789.9
82027,10.0456,20.0,1789.9
82028,10.0456,20.0,1789.9
82029,10.0456,20.0,1790.0
82030,10.0456,20.0,1790.0
82031,10.0456,20.0,1790.0
82032,10.0456,20.0,1790.0
82033,10.0456,20.0,1790.0
82034,10.0456,20.0,1790.0
82035,10.0456,20.0,1790.1
82036,10.0456,20.0,1790.1
82037,10.0456,20.0,1790.1
82038,10.0456,20.0,1790.1
82039,10.0456,20.0,1790.2
82040,10.0456,20.0,1790.2
82041,10.1046,20.0,1790.2
82042,10.1046,20.0,1790.2
82043,10.1046,20.0,1790.2
82044,10.1046,20.0,1790.3
82045,10.1046,20.0,1790.3
82046,10.1046,20.0,1790.3
82047,10.1046,20.0,1790.3
82048,10.1046,20.0,1790.4
82049,10.1046,20.0,1790.4
82050,10.1046,20.0,1790.4
82051,10.1046,20.0,1790.4
82052,10.1046,20.0,1790.4
82053,10.1046,20.0,1790.5
82054,10.1046,20.0,1790.5
82055,10.1046,20.0,1790.5
82056,10.1046,20.0,1790.5
82057,10.1046,20.0,1790.6
82058,10.1046,20.0,1790.6
82059,10.1046,20.0,1790.6
82060,10.1046,20.0,1790.6
82061,10.1636,20.0,1790.6
82062,10.1636,20.0,1790.7
82063,10.1636,20.0,1790.7
82064,10.1636,20.0,1790.7
82065,10.1636,20.0,1790.7
82066,10.1636,20.0,1790.8
82067,10.1636,20.0,1790.8
82068,10.1636,20.0,1790.8
82069,10.1636,20.0,1790.8
82070,10.1636,20.0,1790.8
82071,10.1636,20.0,1790.9
82072,10.1636,20.0,1790.9
82073,10.1636,20.0,1790.9
82074,10.1636,20.0,1790.9
82075,10.1636,20.0,1790.9
82076,10.1636,20.0,1791.0
82077,10.1636,20.0,1791.0
82078,10.1636,20.0,1791.0
82079,10.1636,20.0,1791.0
82080,10.1636,20.0,1791.0
82081,10.2226,20.0,1791.1
82082,10.2226,20.0,1791.1
82083,10.2226,20.0,1791.1
82084,10.2226,20.0,1791.1
82085,10.2226,20.0,1791.1
82086,10.2226,20.0,1791.2
82087,10.2226,20.0,1791.2
82088,10.2226,20.0,1791.2
82089,10.2226,20.0,1791.2
82090,10.2226,20.0,1791.2
82091,10.2226,20.0,1791.3
82092,10.2226,20.0,1791.3
82093,10.2226,20.0,1791.3
82094,10.2226,20.0,1791.3
82095,10.2226,20.0,1791.3
82096,10.2226,20.0,1791.4
82097,10.2226,20.0,1791.4
82098,10.2226,20.0,1791.4
82099,10.2226,20.0,1791.4
82100,10.2226,20.0,1791.4
82101,10.2816,20.0,1791.5
82102,10.2816,20.0,1791.5
82103,10.2816,20.0,1791.5
82104,10.2816,20.0,1791.5
82105,10.2816,20.0,1791.6
82106,10.2816,20.0,1791.6
82107,10.2816,20.0,1791.6
82108,10.2816,20.0,1791.6
82109,10.2816,20.0,1791.7
82110,10.2816,20.0,1791.7
82111,10.2816,20.0,1791.7
82112,10.2816,20.0,1791.7
82113,10.2816,20.0,1791.7
82114,10.2816,20.0,1791.8
82115,10.2816,20.0,1791.8
82116,10.2816,20.0,1791.8
82117,10.2816,20.0,1791.8
82118,10.2816,20.0,1791.9
82119,10.2816,20.0,1791.9
82120,10.2816,20.0,1791.9
82121,10.3406,20.0,1791.9
82122,10.3406,20.0,1791.9
82123,10.3406,20.0,1792.0
82124,10.3406,20.0,1792.0
82125,10.3406,20.0,1792.0
82126,10.3406,20.0,1792.0
82127,10.3406,20.0,1792.0
82128,10.3406,20.0,1792.1
82129,10.3406,20.0,1792.1
82130,10.3406,20.0,1792.1
82131,10.3406,20.0,1792.1
82132,10.3406,20.0,1792.2
82133,10.3406,20.0,1792.2
82134,10.3406,20.0,1792.2
82135,10.3406,20.0,1792.2
82136,10.3406,20.0,1792.2
82137,10.3406,20.0,1792.3
82138,10.3406,20.0,1792.3
82139,10.3406,20.0,1792.3
82140,10.3406,20.0,1792.3
82141,10.3997,20.0,1792.3
82142,10.3997,20.0,1792.4
82143,10.3997,20.0,1792.4
82144,10.3997,20.0,1792.4
82145,10.3997,20.0,1792.4
82146,10.3997,20.0,1792.4
82147,10.3997,20.0,1792.5
82148,10.3997,20.0,1792.5
82149,10.3997,20.0,1792.5
82150,10.3997,20.0,1792.5
82151,10.3997,20.0,1792.5
82152,10.3997,20.0,1792.5
82153,10.3997,20.0,1792.6
82154,10.3997,20.0,1792.6
82155,10.3997,20.0,1792.6
82156,10.3997,20.0,1792.6
82157,10.3997,20.0,1792.7
82158,10.3997,20.0,1792.7
82159,10.3997,20.0,1792.7
82160,10.3997,20.0,1792.7
82161,10.4587,20.0,1792.8
82162,10.4587,20.0,1792.8
82163,10.4587,20.0,1792.8
82164,10.4587,20.0,1792.8
82165,10.4587,20.0,1792.8
82166,10.4587,20.0,1792.9
82167,10.4587,20.0,1792.9
82168,10.4587,20.0,1792.9
82169,10.4587,20.0,1792.9
82170,10.4587,20.0,1792.9
82171,10.4587,20.0,1793.0
82172,10.4587,20.0,1793.0
82173,10.4587,20.0,1793.0
82174,10.4587,20.0,1793.0
82175,10.4587,20.0,1793.1
82176,10.4587,20.0,1793.1
82177,10.4587,20.0,1793.1
82178,10.4587,20.0,1793.1
82179,10.4587,20.0,1793.1
82180,10.4587,20.0,1793.2
82181,10.5177,20.0,1793.2
82182,10.5177,20.0,1793.2
82183,10.5177,20.0,1793.2
82184,10.5177,20.0,1793.3
82185,10.5177,20.0,1793.3
82186,10.5177,20.0,1793.3
82187,10.5177,20.0,1793.3
82188,10.5177,20.0,1793.3
82189,10.5177,20.0,1793.4
82190,10.5177,20.0,1793.4
82191,10.5177,20.0,1793.4
82192,10.5177,20.0,1793.4
82193,10.5177,20.0,1793.4
82194,10.5177,20.0,1793.5
82195,10.5177,20.0,1793.5
82196,10.5177,20.0,1793.5
82197,10.5177,20.0,1793.5
82198,10.5177,20.0,1793.5
82199,10.5177,20.0,1793.6
82200,10.5177,20.0,1793.6
82201,10.5767,20.0,1793.6
82202,10.5767,20.0,1793.6
82203,10.5767,20.0,1793.7
82204,10.5767,20.0,1793.7
82205,10.5767,20.0,1793.7
82206,10.5767,20.0,1793.7
82207,10.5767,20.0,1793.7
82208,10.5767,20.0,1793.8
82209,10.5767,20.0,1793.8
82210,10.5767,20.0,1793.8
82211,10.5767,20.0,1793.8
82212,10.5767,20.0,1793.8
82213,10.5767,20.0,1793.9
82214,10.5767,20.0,1793.9
82215,10.5767,20.0,1793.9
82216,10.5767,20.0,1793.9
82217,10.5767,20.0,1794.0
82218,10.5767,20.0,1794.0
82219,10.5767,20.0,1794.0
82220,10.5767,20.0,1794.0
82221,10.6357,20.0,1794.0
82222,10.6357,20.0,1794.1
82223,10.6357,20.0,1794.1
82224,10.6357,20.0,1794.1
82225,10.6357,20.0,1794.1
82226,10.6357,20.0,1794.2
82227,10.6357,20.0,1794.2
82228,10.6357,20.0,1794.2
82229,10.6357,20.0,1794.2
82230,10.6357,20.0,1794.2
82231,10.6357,20.0,1794.3
82232,10.6357,20.0,1794.3
82233,10.6357,20.0,1794.3
82234,10.6357,20.0,1794.3
82235,10.6357,20.0,1794.3
82236,10.6357,20.0,1794.4
82237,10.6357,20.0,1794.4
82238,10.6357,20.0,1794.4
82239,10.6357,20.0,1794.4
82240,10.6357,20.0,1794.4
82241,10.6947,20.0,1794.5
82242,10.6947,20.0,1794.5
82243,10.6947,20.0,1794.5
82244,10.6947,20.0,1794.5
82245,10.6947,20.0,1794.6
82246,10.6947,20.0,1794.6
82247,10.6947,20.0,1794.6
82248,10.6947,20.0,1794.6
82249,10.6947,20.0,1794.6
82250,10.6947,20.0,1794.7
82251,10.6947,20.0,1794.7
82252,10.6947,20.0,1794.7
82253,10.6947,20.0,1794.7
82254,10.6947,20.0,1794.7
82255,10.6947,20.0,1794.8
82256,10.6947,20.0,1794.8
82257,10.6947,20.0,1794.8
82258,10.6947,20.0,1794.8
82259,10.6947,20.0,1794.8
82260,10.6947,20.0,1794.9
82261,10.7537,20.0,1794.9
82262,10.7537,20.0,1794.9
82263,10.7537,20.0,1794.9
82264,10.7537,20.0,1794.9
82265,10.7537,20.0,1795.0
82266,10.7537,20.0,1795.0
82267,10.7537,20.0,1795.0
82268,10.7537,20.0,1795.0
82269,10.7537,20.0,1795.0
82270,10.7537,20.0,1795.1
82271,10.7537,20.0,1795.1
82272,10.7537,20.0,1795.1
82273,10.7537,20.0,1795.1
82274,10.7537,20.0,1795.1
82275,10.7537,20.0,1795.2
82276,10.7537,20.0,1795.2
82277,10.7537,20.0,1795.2
82278,10.7537,20.0,1795.2
82279,10.7537,20.0,1795.3
82280,10.7537,20.0,1795.3
82281,10.8127,20.0,1795.3
82282,10.8127,20.0,1795.3
82283,10.8127,20.0,1795.4
82284,10.8127,20.0,1795.4
82285,10.8127,20.0,1795.4
82286,10.8127,20.0,1795.4
82287,10.8127,20.0,1795.4
82288,10.8127,20.0,1795.5
82289,10.8127,20.0,1795.5
82290,10.8127,20.0,1795.5
82291,10.8127,20.0,1795.5
82292,10.8127,20.0,1795.5
82293,10.8127,20.0,1795.6
82294,10.8127,20.0,1795.6
82295,10.8127,20.0,1795.6
82296,10.8127,20.0,1795.6
82297,10.8127,20.0,1795.6
82298,10.8127,20.0,1795.7
82299,10.8127,20.0,1795.7
82300,10.8127,20.0,1795.7
82301,10.8717,20.0,1795.7
82302,10.8717,20.0,1795.7
82303,10.8717,20.0,1795.8
82304,10.8717,20.0,1795.8
82305,10.8717,20.0,1795.8
82306,10.8717,20.0,1795.8
82307,10.8717,20.0,1795.8
82308,10.8717,20.0,1795.9
82309,10.8717,20.0,1795.9
82310,10.8717,20.0,1795.9
82311,10.8717,20.0,1795.9
82312,10.8717,20.0,1795.9
82313,10.8717,20.0,1795.9
82314,10.8717,20.0,1796.0
82315,10.8717,20.0,1796.0
82316,10.8717,20.0,1796.0
82317,10.8717,20.0,1796.0
82318,10.8717,20.0,1796.1
82319,10.8717,20.0,1796.1
82320,10.8717,20.0,1796.1
82321,10.9307,20.0,1796.1
82322,10.9307,20.0,1796.1
82323,10.9307,20.0,1796.2
82324,10.9307,20.0,1796.2
82325,10.9307,20.0,1796.2
82326,10.9307,20.0,1796.2
82327,10.9307,20.0,1796.2
82328,10.9307,20.0,1796.3
82329,10.9307,20.0,1796.3
82330,10.9307,20.0,1796.3
82331,10.9307,20.0,1796.3
82332,10.9307,20.0,1796.3
82333,10.9307,20.0,1796.4
82334,10.9307,20.0,1796.4
82335,10.9307,20.0,1796.4
82336,10.9307,20.0,1796.4
82337,10.9307,20.0,1796.4
82338,10.9307,20.0,1796.5
82339,10.9307,20.0,1796.5
82340,10.9307,20.0,1796.5
82341,10.9897,20.0,1796.5
82342,10.9897,20.0,1796.6
82343,10.9897,20.0,1796.6
82344,10.9897,20.0,1796.6
82345,10.9897,20.0,1796.6
82346,10.9897,20.0,1796.6
82347,10.9897,20.0,1796.7
82348,10.9897,20.0,1796.7
82349,10.9897,20.0,1796.7
82350,10.9897,20.0,1796.7
82351,10.9897,20.0,1796.7
82352,10.9897,20.0,1796.8
82353,10.9897,20.0,1796.8
82354,10.9897,20.0,1796.8
82355,10.9897,20.0,1796.8
82356,10.9897,20.0,1796.8
82357,10.9897,20.0,1796.9
82358,10.9897,20.0,1796.9
82359,10.9897,20.0,1796.9
82360,10.9897,20.0,1796.9
82361,11.0487,20.0,1797.0
82362,11.0487,20.0,1797.0
82363,11.0487,20.0,1797.0
82364,11.0487,20.0,1797.0
82365,11.0487,20.0,1797.0
82366,11.0487,20.0,1797.1
82367,11.0487,20.0,1797.1
82368,11.0487,20.0,1797.1
82369,11.0487,20.0,1797.1
82370,11.0487,20.0,1797.2
82371,11.0487,20.0,1797.2
82372,11.0487,20.0,1797.2
82373,11.0487,20.0,1797.2
82374,11.0487,20.0,1797.2
82375,11.0487,20.0,1797.3
82376,11.0487,20.0,1797.3
82377,11.0487,20.0,1797.3
82378,11.0487,20.0,1797.3
82379,11.0487,20.0,1797.3
82380,11.0487,20.0,1797.4
82381,11.1077,20.0,1797.4
82382,11.1077,20.0,1797.4
82383,11.1077,20.0,1797.4
82384,11.1077,20.0,1797.4
82385,11.1077,20.0,1797.5
82386,11.1077,20.0,1797.5
82387,11.1077,20.0,1797.5
82388,11.1077,20.0,1797.5
82389,11.1077,20.0,1797.5
82390,11.1077,20.0,1797.6
82391,11.1077,20.0,1797.6
82392,11.1077,20.0,1797.6
82393,11.1077,20.0,1797.6
82394,11.1077,20.0,1797.6
82395,11.1077,20.0,1797.7
82396,11.1077,20.0,1797.7
82397,11.1077,20.0,1797.7
82398,11.1077,20.0,1797.7
82399,11.1077,20.0,1797.7
82400,11.1077,20.0,1797.8
82401,11.1667,20.0,1797.8
82402,11.1667,20.0,1797.8
82403,11.1667,20.0,1797.8
82404,11.1667,20.0,1797.9
82405,11.1667,20.0,1797.9
82406,11.1667,20.0,1797.9
82407,11.1667,20.0,1797.9
82408,11.1667,20.0,1798.0
82409,11.1667,20.0,1798.0
82410,11.1667,20.0,1798.0
82411,11.1667,20.0,1798.0
82412,11.1667,20.0,1798.0
82413,11.1667,20.0,1798.0
82414,11.1667,20.0,1798.1
82415,11.1667,20.0,1798.1
82416,11.1667,20.0,1798.1
82417,11.1667,20.0,1798.1
82418,11.1667,20.0,1798.2
82419,11.1667,20.0,1798.2
82420,11.1667,20.0,1798.2
82421,11.2260,20.0,1798.2
82422,11.2260,20.0,1798.2
82423,11.2260,20.0,1798.3
82424,11.2260,20.0,1798.3
82425,11.2260,20.0,1798.3
82426,11.2260,20.0,1798.3
82427,11.2260,20.0,1798.4
82428,11.2260,20.0,1798.4
82429,11.2260,20.0,1798.4
82430,11.2260,20.0,1798.4
82431,11.2260,20.0,1798.4
82432,11.2260,20.0,1798.5
82433,11.2260,20.0,1798.8
82434,11.2260,20.0,1798.8
82435,11.2260,20.0,1798.8
82436,11.2260,20.0,1798.8
82437,11.2260,20.0,1798.8
82438,11.2260,20.0,1798.9
82439,11.2260,20.0,1798.9
82440,11.2260,20.0,1798.9
82441,11.2455,20.0,1798.9
82442,11.2455,20.0,1799.0
82443,11.2455,20.0,1799.0
82444,11.2455,20.0,1799.0
82445,11.2455,20.0,1799.0
82446,11.2455,20.0,1799.1
82447,11.2455,20.0,1799.1
82448,11.2455,20.0,1799.1
82449,11.2455,20.0,1799.1
82450,11.2455,20.0,1799.1
82451,11.2455,20.0,1799.2
82452,11.2455,20.0,1799.2
82453,11.2455,20.0,1799.2
82454,11.2455,20.0,1799.2
82455,11.2455,20.0,1799.2
82456,11.2455,20.0,1799.3
82457,11.2455,20.0,1799.3
82458,11.2455,20.0,1799.3
82459,11.2455,20.0,1799.3
82460,11.2455,20.0,1799.4
82461,11.2648,20.0,1799.4
82462,11.2648,20.0,1799.4
82463,11.2648,20.0,1799.4
82464,11.2648,20.0,1799.4
82465,11.2648,20.0,1799.5
82466,11.2648,20.0,1799.5
82467,11.2648,20.0,1799.5
82468,11.2648,20.0,1799.5
82469,11.2648,20.0,1799.5
82470,11.2648,20.0,1799.6
82471,11.2648,20.0,1799.6
82472,11.2648,20.0,1799.6
82473,11.2648,20.0,1799.6
82474,11.2648,20.0,1799.7
82475,11.2648,20.0,1799.7
82476,11.2648,20.0,1799.7
82477,11.2648,20.0,1799.7
82478,11.2648,20.0,1799.8
82479,11.2648,20.0,1799.8
82480,11.2648,20.0,1799.8
82481,11.2841,20.0,1799.8
82482,11.2841,20.0,1799.8
82483,11.2841,20.0,1799.8
82484,11.2841,20.0,1799.9
82485,11.2841,20.0,1799.9
82486,11.2841,20.0,1799.9
82487,11.2841,20.0,1799.9
82488,11.2841,20.0,1799.9
82489,11.2841,20.0,1800.0
82490,11.2841,20.0,1800.0
82491,11.2841,20.0,1800.0
82492,11.2841,20.0,1800.0
82493,11.2841,20.0,1800.0
82494,11.2841,20.0,1800.1
82495,11.2841,20.0,1800.1
82496,11.2841,20.0,1800.1
82497,11.2841,20.0,1800.1
82498,11.2841,20.0,1800.1
82499,11.2841,20.0,1800.1
82500,11.2841,20.0,1800.2
82501,11.3034,20.0,1800.2
82502,11.3034,20.0,1800.2
82503,11.3034,20.0,1800.2
82504,11.3034,20.0,1800.3
82505,11.3034,20.0,1800.3
82506,11.3034,20.0,1800.3
82507,11.3034,20.0,1800.3
82508,11.3034,20.0,1800.3
82509,11.3034,20.0,1800.4
82510,11.3034,20.0,1800.4
82511,11.3034,20.0,1800.4
82512,11.3034,20.0,1800.4
82513,11.3034,20.0,1800.4
82514,11.3034,20.0,1800.4
82515,11.3034,20.0,1800.5
82516,11.3034,20.0,1800.5
82517,11.3034,20.0,1800.5
82518,11.3034,20.0,1800.5
82519,11.3034,20.0,1800.5
82520,11.3034,20.0,1800.6
82521,11.3227,20.0,1800.6
82522,11.3227,20.0,1800.6
82523,11.3227,20.0,1800.6
82524,11.3227,20.0,1800.6
82525,11.3227,20.0,1800.7
82526,11.3227,20.0,1800.7
82527,11.3227,20.0,1800.7
82528,11.3227,20.0,1800.7
82529,11.3227,20.0,1800.8
82530,11.3227,20.0,1800.8
82531,11.3227,20.0,1800.8
82532,11.3227,20.0,1800.8
82533,11.3227,20.0,1800.8
82534,11.3227,20.0,1800.9
82535,11.3227,20.0,1800.9
82536,11.3227,20.0,1800.9
82537,11.3227,20.0,1800.9
82538,11.3227,20.0,1800.9
82539,11.3227,20.0,1801.0
82540,11.3227,20.0,1801.0
82541,11.3420,20.0,1801.0
82542,11.3420,20.0,1801.0
82543,11.3420,20.0,1801.0
82544,11.3420,20.0,1801.1
82545,11.3420,20.0,1801.1
82546,11.3420,20.0,1801.1
82547,11.3420,20.0,1801.1
82548,11.3420,20.0,1801.1
82549,11.3420,20.0,1801.2
82550,11.3420,20.0,1801.2
82551,11.3420,20.0,1801.2
82552,11.3420,20.0,1801.2
82553,11.3420,20.0,1801.2
82554,11.3420,20.0,1801.3
82555,11.3420,20.0,1801.3
82556,11.3420,20.0,1801.3
82557,11.3420,20.0,1801.3
82558,11.3420,20.0,1801.3
82559,11.3420,20.0,1801.4
82560,11.3420,20.0,1801.4
82561,11.3613,20.0,1801.4
82562,11.3613,20.0,1801.4
82563,11.3613,20.0,1801.5
82564,11.3613,20.0,1801.5
82565,11.3613,20.0,1801.5
82566,11.3613,20.0,1801.5
82567,11.3613,20.0,1801.5
82568,11.3613,20.0,1801.6
82569,11.3613,20.0,1801.6
82570,11.3613,20.0,1801.6
82571,11.3613,20.0,1801.6
82572,11.3613,20.0,1801.7
82573,11.3613,20.0,1801.7
82574,11.3613,20.0,1801.7
82575,11.3613,20.0,1801.7
82576,11.3613,20.0,1801.7
82577,11.3613,20.0,1801.8
82578,11.3613,20.0,1801.8
82579,11.3613,20.0,1801.8
82580,11.3613,20.0,1801.8
82581,11.3806,20.0,1801.8
82582,11.3806,20.0,1801.9
82583,11.3806,20.0,1801.9
82584,11.3806,20.0,1801.9
82585,11.3806,20.0,1801.9
82586,11.3806,20.0,1801.9
82587,11.3806,20.0,1802.0
82588,11.3806,20.0,1802.0
82589,11.3806,20.0,1802.0
82590,11.3806,20.0,1802.0
82591,11.3806,20.0,1802.0
82592,11.3806,20.0,1802.1
82593,11.3806,20.0,1802.1
82594,11.3806,20.0,1802.1
82595,11.3806,20.0,1802.1
82596,11.3806,20.0,1802.1
82597,11.3806,20.0,1802.2
82598,11.3806,20.0,1802.2
82599,11.3806,20.0,1802.2
82600,11.3806,20.0,1802.2
82601,11.3999,20.0,1802.2
82602,11.3999,20.0,1802.3
82603,11.3999,20.0,1802.3
82604,11.3999,20.0,1802.3
82605,11.3999,20.0,1802.3
82606,11.3999,20.0,1802.3
82607,11.3999,20.0,1802.4
82608,11.3999,20.0,1802.4
82609,11.3999,20.0,1802.4
82610,11.3999,20.0,1802.4
82611,11.3999,20.0,1802.4
82612,11.3999,20.0,1802.5
82613,11.3999,20.0,1802.5
82614,11.3999,20.0,1802.5
82615,11.3999,20.0,1802.5
82616,11.3999,20.0,1802.6
82617,11.3999,20.0,1802.6
82618,11.3999,20.0,1802.6
82619,11.3999,20.0,1802.6
82620,11.3999,20.0,1802.7
82621,11.4192,20.0,1802.7
82622,11.4192,20.0,1802.7
82623,11.4192,20.0,1802.7
82624,11.4192,20.0,1802.7
82625,11.4192,20.0,1802.8
82626,11.4192,20.0,1802.8
82627,11.4192,20.0,1802.8
82628,11.4192,20.0,1802.8
82629,11.4192,20.0,1802.9
82630,11.4192,20.0,1802.9
82631,11.4192,20.0,1802.9
82632,11.4192,20.0,1802.9
82633,11.4192,20.0,1802.9
82634,11.4192,20.0,1803.0
82635,11.4192,20.0,1803.0
82636,11.4192,20.0,1803.0
82637,11.4192,20.0,1803.0
82638,11.4192,20.0,1803.0
82639,11.4192,20.0,1803.1
82640,11.4192,20.0,1803.1
82641,11.4385,20.0,1803.1
82642,11.4385,20.0,1803.1
82643,11.4385,20.0,1803.1
82644,11.4385,20.0,1803.2
82645,11.4385,20.0,1803.2
82646,11.4385,20.0,1803.2
82647,11.4385,20.0,1803.2
82648,11.4385,20.0,1803.2
82649,11.4385,20.0,1803.3
82650,11.4385,20.0,1803.3
82651,11.4385,20.0,1803.3
82652,11.4385,20.0,1803.3
82653,11.4385,20.0,1803.3
82654,11.4385,20.0,1803.4
82655,11.4385,20.0,1803.4
82656,11.4385,20.0,1803.4
82657,11.4385,20.0,1803.4
82658,11.4385,20.0,1803.5
82659,11.4385,20.0,1803.5
82660,11.4385,20.0,1803.5
82661,11.4578,20.0,1803.5
82662,11.4578,20.0,1803.5
82663,11.4578,20.0,1803.6
82664,11.4578,20.0,1803.6
82665,11.4578,20.0,1803.6
82666,11.4578,20.0,1803.6
82667,11.4578,20.0,1803.7
82668,11.4578,20.0,1803.7
82669,11.4578,20.0,1803.7
82670,11.4578,20.0,1803.7
82671,11.4578,20.0,1803.7
82672,11.4578,20.0,1803.8
82673,11.4578,20.0,1803.8
82674,11.4578,20.0,1803.8
82675,11.4578,20.0,1803.8
82676,11.4578,20.0,1803.9
82677,11.4578,20.0,1803.9
82678,11.4578,20.0,1803.9
82679,11.4578,20.0,1803.9
82680,11.4578,20.0,1803.9
82681,11.4771,20.0,1804.0
82682,11.4771,20.0,1804.0
82683,11.4771,20.0,1804.0
82684,11.4771,20.0,1804.0
82685,11.4771,20.0,1804.0
82686,11.4771,20.0,1804.1
82687,11.4771,20.0,1804.1
82688,11.4771,20.0,1804.1
82689,11.4771,20.0,1804.1
82690,11.4771,20.0,1804.2
82691,11.4771,20.0,1804.2
82692,11.4771,20.0,1804.2
82693,11.4771,20.0,1804.2
82694,11.4771,20.0,1804.2
82695,11.4771,20.0,1804.3
82696,11.4771,20.0,1804.3
82697,11.4771,20.0,1804.3
82698,11.4771,20.0,1804.3
82699,11.4771,20.0,1804.3
82700,11.4771,20.0,1804.3
82701,11.4964,20.0,1804.4
82702,11.4964,20.0,1804.4
82703,11.4964,20.0,1804.4
82704,11.4964,20.0,1804.4
82705,11.4964,20.0,1804.5
82706,11.4964,20.0,1804.5
82707,11.4964,20.0,1804.5
82708,11.4964,20.0,1804.5
82709,11.4964,20.0,1804.5
82710,11.4964,20.0,1804.5
82711,11.4964,20.0,1804.6
82712,11.4964,20.0,1804.6
82713,11.4964,20.0,1804.6
82714,11.4964,20.0,1804.6
82715,11.4964,20.0,1804.7
82716,11.4964,20.0,1804.7
82717,11.4964,20.0,1804.7
82718,11.4964,20.0,1804.7
82719,11.4964,20.0,1804.7
82720,11.4964,20.0,1804.8
82721,11.5157,20.0,1804.8
82722,11.5157,20.0,1804.8
82723,11.5157,20.0,1804.8
82724,11.5157,20.0,1804.8
82725,11.5157,20.0,1804.9
82726,11.5157,20.0,1804.9
82727,11.5157,20.0,1804.9
82728,11.5157,20.0,1804.9
82729,11.5157,20.0,1804.9
82730,11.5157,20.0,1805.0
82731,11.5157,20.0,1805.0
82732,11.5157,20.0,1805.0
82733,11.5157,20.0,1805.0
82734,11.5157,20.0,1805.0
82735,11.5157,20.0,1805.1
82736,11.5157,20.0,1805.1
82737,11.5157,20.0,1805.1
82738,11.5157,20.0,1805.1
82739,11.5157,20.0,1805.1
82740,11.5157,20.0,1805.2
82741,11.5350,20.0,1805.2
82742,11.5350,20.0,1805.2
82743,11.5350,20.0,1805.2
82744,11.5350,20.0,1805.2
82745,11.5350,20.0,1805.3
82746,11.5350,20.0,1805.3
82747,11.5350,20.0,1805.3
82748,11.5350,20.0,1805.3
82749,11.5350,20.0,1805.3
82750,11.5350,20.0,1805.4
82751,11.5350,20.0,1805.4
82752,11.5350,20.0,1805.4
82753,11.5350,20.0,1805.4
82754,11.5350,20.0,1805.4
82755,11.5350,20.0,1805.5
82756,11.5350,20.0,1805.5
82757,11.5350,20.0,1805.5
82758,11.5350,20.0,1805.5
82759,11.5350,20.0,1805.5
82760,11.5350,20.0,1805.6
82761,11.5543,20.0,1805.6
82762,11.5543,20.0,1805.6
82763,11.5543,20.0,1805.6
82764,11.5543,20.0,1805.6
82765,11.5543,20.0,1805.7
82766,11.5543,20.0,1805.7
82767,11.5543,20.0,1805.7
82768,11.5543,20.0,1805.7
82769,11.5543,20.0,1805.8
82770,11.5543,20.0,1805.8
82771,11.5543,20.0,1805.8
82772,11.5543,20.0,1805.8
82773,11.5543,20.0,1805.8
82774,11.5543,20.0,1805.9
82775,11.5543,20.0,1805.9
82776,11.5543,20.0,1805.9
82777,11.5543,20.0,1805.9
82778,11.5543,20.0,1805.9
82779,11.5543,20.0,1806.0
82780,11.5543,20.0,1806.0
82781,11.5736,20.0,1806.0
82782,11.5736,20.0,1806.0
82783,11.5736,20.0,1806.1
82784,11.5736,20.0,1806.1
82785,11.5736,20.0,1806.1
82786,11.5736,20.0,1806.1
82787,11.5736,20.0,1806.1
82788,11.5736,20.0,1806.2
82789,11.5736,20.0,1806.2
82790,11.5736,20.0,1806.2
82791,11.5736,20.0,1806.2
82792,11.5736,20.0,1806.2
82793,11.5736,20.0,1806.3
82794,11.5736,20.0,1806.3
82795,11.5736,20.0,1806.3
82796,11.5736,20.0,1806.3
82797,11.5736,20.0,1806.3
82798,11.5736,20.0,1806.4
82799,11.5736,20.0,1806.4
82800,11.5736,20.0,1806.4
82801,11.5929,20.0,1806.4
82802,11.5929,20.0,1806.5
82803,11.5929,20.0,1806.5
82804,11.5929,20.0,1806.5
82805,11.5929,20.0,1806.5
82806,11.5929,20.0,1806.5
82807,11.5929,20.0,1806.5
82808,11.5929,20.0,1806.6
82809,11.5929,20.0,1806.6
82810,11.5929,20.0,1806.6
82811,11.5929,20.0,1806.6
82812,11.5929,20.0,1806.6
82813,11.5929,20.0,1806.7
82814,11.5929,20.0,1806.7
82815,11.5929,20.0,1806.7
82816,11.5929,20.0,1806.7
82817,11.5929,20.0,1806.8
82818,11.5929,20.0,1806.8
82819,11.5929,20.0,1806.8
82820,11.5929,20.0,1806.8
82821,11.6122,20.0,1806.8
82822,11.6122,20.0,1806.9
82823,11.6122,20.0,1806.9
82824,11.6122,20.0,1806.9
82825,11.6122,20.0,1806.9
82826,11.6122,20.0,1806.9
82827,11.6122,20.0,1807.0
82828,11.6122,20.0,1807.0
82829,11.6122,20.0,1807.0
82830,11.6122,20.0,1807.0
82831,11.6122,20.0,1807.1
82832,11.6122,20.0,1807.1
82833,11.6122,20.0,1807.1
82834,11.6122,20.0,1807.1
82835,11.6122,20.0,1807.2
82836,11.6122,20.0,1807.2
82837,11.6122,20.0,1807.2
82838,11.6122,20.0,1807.2
82839,11.6122,20.0,1807.2
82840,11.6122,20.0,1807.3
82841,11.6315,20.0,1807.3
82842,11.6315,20.0,1807.3
82843,11.6315,20.0,1807.3
82844,11.6315,20.0,1807.3
82845,11.6315,20.0,1807.4
82846,11.6315,20.0,1807.4
82847,11.6315,20.0,1807.4
82848,11.6315,20.0,1807.4
82849,11.6315,20.0,1807.4
82850,11.6315,20.0,1807.5
82851,11.6315,20.0,1807.5
82852,11.6315,20.0,1807.5
82853,11.6315,20.0,1807.5
82854,11.6315,20.0,1807.5
82855,11.6315,20.0,1807.6
82856,11.6315,20.0,1807.6
82857,11.6315,20.0,1807.6
82858,11.6315,20.0,1807.6
82859,11.6315,20.0,1807.6
82860,11.6315,20.0,1807.6
82861,11.6509,20.0,1807.7
82862,11.6509,20.0,1807.7
82863,11.6509,20.0,1807.7
82864,11.6509,20.0,1807.8
82865,11.6509,20.0,1807.8
82866,11.6509,20.0,1807.8
82867,11.6509,20.0,1807.8
82868,11.6509,20.0,1807.8
82869,11.6509,20.0,1807.9
82870,11.6509,20.0,1807.9
82871,11.6509,20.0,1807.9
82872,11.6509,20.0,1807.9
82873,11.6509,20.0,1807.9
82874,11.6509,20.0,1808.0
82875,11.6509,20.0,1808.0
82876,11.6509,20.0,1808.0
82877,11.6509,20.0,1808.0
82878,11.6509,20.0,1808.0
82879,11.6509,20.0,1808.1
82880,11.6509,20.0,1808.1
82881,11.6702,20.0,1808.1
82882,11.6702,20.0,1808.2
82883,11.6702,20.0,1808.2
82884,11.6702,20.0,1808.2
82885,11.6702,20.0,1808.2
82886,11.6702,20.0,1808.3
82887,11.6702,20.0,1808.3
82888,11.6702,20.0,1808.3
82889,11.6702,20.0,1808.3
82890,11.6702,20.0,1808.3
82891,11.6702,20.0,1808.3
82892,11.6702,20.0,1808.4
82893,11.6702,20.0,1808.4
82894,11.6702,20.0,1808.4
82895,11.6702,20.0,1808.4
82896,11.6702,20.0,1808.4
82897,11.6702,20.0,1808.5
82898,11.6702,20.0,1808.5
82899,11.6702,20.0,1808.5
82900,11.6702,20.0,1808.5
82901,11.6696,20.0,1808.5
82902,11.6696,20.0,1808.6
82903,11.6696,20.0,1808.6
82904,11.6696,20.0,1808.6
82905,11.6696,20.0,1808.6
82906,11.6696,20.0,1808.7
82907,11.6696,20.0,1808.7
82908,11.6696,20.0,1808.7
82909,11.6696,20.0,1808.7
82910,11.6696,20.0,1808.7
82911,11.6696,20.0,1808.8
82912,11.6696,20.0,1808.8
82913,11.6696,20.0,1808.8
82914,11.6696,20.0,1808.8
82915,11.6696,20.0,1808.8
82916,11.6696,20.0,1808.9
82917,11.6696,20.0,1808.9
82918,11.6696,20.0,1808.9
82919,11.6696,20.0,1808.9
82920,11.6696,20.0,1808.9
82921,11.6688,20.0,1809.0
82922,11.6688,20.0,1809.0
82923,11.6688,20.0,1809.0
82924,11.6688,20.0,1809.0
82925,11.6688,20.0,1809.0
82926,11.6688,20.0,1809.1
82927,11.6688,20.0,1809.1
82928,11.6688,20.0,1809.1
82929,11.6688,20.0,1809.1
82930,11.6688,20.0,1809.1
82931,11.6688,20.0,1809.2
82932,11.6688,20.0,1809.2
82933,11.6688,20.0,1809.2
82934,11.6688,20.0,1809.2
82935,11.6688,20.0,1809.2
82936,11.6688,20.0,1809.3
82937,11.6688,20.0,1809.3
82938,11.6688,20.0,1809.3
82939,11.6688,20.0,1809.3
82940,11.6688,20.0,1809.3
82941,11.6680,20.0,1809.4
82942,11.6680,20.0,1809.4
82943,11.6680,20.0,1809.4
82944,11.6680,20.0,1809.4
82945,11.6680,20.0,1809.7
82946,11.6680,20.0,1809.8
82947,11.6680,20.0,1809.8
82948,11.6680,20.0,1809.8
82949,11.6680,20.0,1809.8
82950,11.6680,20.0,1809.8
82951,11.6680,20.0,1809.9
82952,11.6680,20.0,1809.9
82953,11.6680,20.0,1809.9
82954,11.6680,20.0,1809.9
82955,11.6680,20.0,1809.9
82956,11.6680,20.0,1810.0
82957,11.6680,20.0,1810.0
82958,11.6680,20.0,1810.0
82959,11.6680,20.0,1810.0
82960,11.6680,20.0,1810.0
82961,11.7069,20.0,1810.1
82962,11.7069,20.0,1810.1
82963,11.7069,20.0,1810.1
82964,11.7069,20.0,1810.1
82965,11.7069,20.0,1810.1
82966,11.7069,20.0,1810.2
82967,11.7069,20.0,1810.2
82968,11.7069,20.0,1810.2
82969,11.7069,20.0,1810.2
82970,11.7069,20.0,1810.2
82971,11.7069,20.0,1810.3
82972,11.7069,20.0,1810.3
82973,11.7069,20.0,1810.3
82974,11.7069,20.0,1810.3
82975,11.7069,20.0,1810.4
82976,11.7069,20.0,1810.4
82977,11.7069,20.0,1810.4
82978,11.7069,20.0,1810.4
82979,11.7069,20.0,1810.4
82980,11.7069,20.0,1810.5
82981,11.7457,20.0,1810.5
82982,11.7457,20.0,1810.5
82983,11.7457,20.0,1810.5
82984,11.7457,20.0,1810.6
82985,11.7457,20.0,1810.6
82986,11.7457,20.0,1810.6
82987,11.7457,20.0,1810.6
82988,11.7457,20.0,1810.6
82989,11.7457,20.0,1810.6
82990,11.7457,20.0,1810.7
82991,11.7457,20.0,1810.7
82992,11.7457,20.0,1810.7
82993,11.7457,20.0,1810.7
82994,11.7457,20.0,1810.8
82995,11.7457,20.0,1810.8
82996,11.7457,20.0,1810.8
82997,11.7457,20.0,1810.8
82998,11.7457,20.0,1810.8
82999,11.7457,20.0,1810.9
83000,11.7457,20.0,1810.9
83001,11.7846,20.0,1810.9
83002,11.7846,20.0,1810.9
83003,11.7846,20.0,1810.9
83004,11.7846,20.0,1811.0
83005,11.7846,20.0,1811.0
83006,11.7846,20.0,1811.0
83007,11.7846,20.0,1811.0
83008,11.7846,20.0,1811.0
83009,11.7846,20.0,1811.1
83010,11.7846,20.0,1811.1
83011,11.7846,20.0,1811.1
83012,11.7846,20.0,1811.1
83013,11.7846,20.0,1811.1
83014,11.7846,20.0,1811.2
83015,11.7846,20.0,1811.2
83016,11.7846,20.0,1811.2
83017,11.7846,20.0,1811.2
83018,11.7846,20.0,1811.3
83019,11.7846,20.0,1811.3
83020,11.7846,20.0,1811.3
83021,11.8234,20.0,1811.3
83022,11.8234,20.0,1811.4
83023,11.8234,20.0,1811.4
83024,11.8234,20.0,1811.4
83025,11.8234,20.0,1811.4
83026,11.8234,20.0,1811.5
83027,11.8234,20.0,1811.5
83028,11.8234,20.0,1811.5
83029,11.8234,20.0,1811.5
83030,11.8234,20.0,1811.5
83031,11.8234,20.0,1811.5
83032,11.8234,20.0,1811.6
83033,11.8234,20.0,1811.6
83034,11.8234,20.0,1811.6
83035,11.8234,20.0,1811.6
83036,11.8234,20.0,1811.6
83037,11.8234,20.0,1811.7
83038,11.8234,20.0,1811.7
83039,11.8234,20.0,1811.7
83040,11.8234,20.0,1811.7
83041,11.8623,20.0,1811.7
83042,11.8623,20.0,1811.8
83043,11.8623,20.0,1811.8
83044,11.8623,20.0,1811.8
83045,11.8623,20.0,1811.8
83046,11.8623,20.0,1811.8
83047,11.8623,20.0,1811.9
83048,11.8623,20.0,1811.9
83049,11.8623,20.0,1811.9
83050,11.8623,20.0,1811.9
83051,11.8623,20.0,1811.9
83052,11.8623,20.0,1812.0
83053,11.8623,20.0,1812.0
83054,11.8623,20.0,1812.0
83055,11.8623,20.0,1812.0
83056,11.8623,20.0,1812.0
83057,11.8623,20.0,1812.1
83058,11.8623,20.0,1812.1
83059,11.8623,20.0,1812.1
83060,11.8623,20.0,1812.1
83061,11.9011,20.0,1812.2
83062,11.9011,20.0,1812.2
83063,11.9011,20.0,1812.2
83064,11.9011,20.0,1812.2
83065,11.9011,20.0,1812.2
83066,11.9011,20.0,1812.2
83067,11.9011,20.0,1812.3
83068,11.9011,20.0,1812.3
83069,11.9011,20.0,1812.3
83070,11.9011,20.0,1812.3
83071,11.9011,20.0,1812.3
83072,11.9011,20.0,1812.4
83073,11.9011,20.0,1812.4
83074,11.9011,20.0,1812.4
83075,11.9011,20.0,1812.4
83076,11.9011,20.0,1812.4
83077,11.9011,20.0,1812.5
83078,11.9011,20.0,1812.5
83079,11.9011,20.0,1812.5
83080,11.9011,20.0,1812.5
83081,11.9399,20.0,1812.6
83082,11.9399,20.0,1812.6
83083,11.9399,20.0,1812.6
83084,11.9399,20.0,1812.6
83085,11.9399,20.0,1812.6
83086,11.9399,20.0,1812.7
83087,11.9399,20.0,1812.7
83088,11.9399,20.0,1812.7
83089,11.9399,20.0,1812.7
83090,11.9399,20.0,1812.7
83091,11.9399,20.0,1812.8
83092,11.9399,20.0,1812.8
83093,11.9399,20.0,1812.8
83094,11.9399,20.0,1812.8
83095,11.9399,20.0,1812.9
83096,11.9399,20.0,1812.9
83097,11.9399,20.0,1812.9
83098,11.9399,20.0,1812.9
83099,11.9399,20.0,1812.9
83100,11.9399,20.0,1813.0
83101,11.9788,20.0,1813.0
83102,11.9788,20.0,1813.0
83103,11.9788,20.0,1813.0
83104,11.9788,20.0,1813.0
83105,11.9788,20.0,1813.1
83106,11.9788,20.0,1813.1
83107,11.9788,20.0,1813.1
83108,11.9788,20.0,1813.1
83109,11.9788,20.0,1813.1
83110,11.9788,20.0,1813.2
83111,11.9788,20.0,1813.2
83112,11.9788,20.0,1813.2
83113,11.9788,20.0,1813.2
83114,11.9788,20.0,1813.3
83115,11.9788,20.0,1813.3
83116,11.9788,20.0,1813.3
83117,11.9788,20.0,1813.3
83118,11.9788,20.0,1813.3
83119,11.9788,20.0,1813.4
83120,11.9788,20.0,1813.4
83121,12.0176,20.0,1813.4
83122,12.0176,20.0,1813.4
83123,12.0176,20.0,1813.5
83124,12.0176,20.0,1813.5
83125,12.0176,20.0,1813.5
83126,12.0176,20.0,1813.5
83127,12.0176,20.0,1813.5
83128,12.0176,20.0,1813.5
83129,12.0176,20.0,1813.6
83130,12.0176,20.0,1813.6
83131,12.0176,20.0,1813.6
83132,12.0176,20.0,1813.6
83133,12.0176,20.0,1813.7
83134,12.0176,20.0,1813.7
83135,12.0176,20.0,1813.7
83136,12.0176,20.0,1813.7
83137,12.0176,20.0,1813.7
83138,12.0176,20.0,1813.8
83139,12.0176,20.0,1813.8
83140,12.0176,20.0,1813.8
83141,12.0565,20.0,1813.8
83142,12.0565,20.0,1813.9
83143,12.0565,20.0,1813.9
83144,12.0565,20.0,1813.9
83145,12.0565,20.0,1813.9
83146,12.0565,20.0,1813.9
83147,12.0565,20.0,1814.0
83148,12.0565,20.0,1814.0
83149,12.0565,20.0,1814.0
83150,12.0565,20.0,1814.0
83151,12.0565,20.0,1814.0
83152,12.0565,20.0,1814.1
83153,12.0565,20.0,1814.1
83154,12.0565,20.0,1814.1
83155,12.0565,20.0,1814.1
83156,12.0565,20.0,1814.1
83157,12.0565,20.0,1814.2
83158,12.0565,20.0,1814.2
83159,12.0565,20.0,1814.2
83160,12.0565,20.0,1814.2
83161,12.0953,20.0,1814.3
83162,12.0953,20.0,1814.3
83163,12.0953,20.0,1814.3
83164,12.0953,20.0,1814.3
83165,12.0953,20.0,1814.3
83166,12.0953,20.0,1814.4
83167,12.0953,20.0,1814.4
83168,12.0953,20.0,1814.4
83169,12.0953,20.0,1814.4
83170,12.0953,20.0,1814.4
83171,12.0953,20.0,1814.5
83172,12.0953,20.0,1814.5
83173,12.0953,20.0,1814.5
83174,12.0953,20.0,1814.5
83175,12.0953,20.0,1814.6
83176,12.0953,20.0,1814.6
83177,12.0953,20.0,1814.6
83178,12.0953,20.0,1814.6
83179,12.0953,20.0,1814.7
83180,12.0953,20.0,1814.7
83181,12.1342,20.0,1814.7
83182,12.1342,20.0,1814.7
83183,12.1342,20.0,1814.8
83184,12.1342,20.0,1814.8
83185,12.1342,20.0,1814.8
83186,12.1342,20.0,1814.8
83187,12.1342,20.0,1814.9
83188,12.1342,20.0,1814.9
83189,12.1342,20.0,1814.9
83190,12.1342,20.0,1814.9
83191,12.1342,20.0,1815.0
83192,12.1342,20.0,1815.0
83193,12.1342,20.0,1815.0
83194,12.1342,20.0,1815.0
83195,12.1342,20.0,1815.1
83196,12.1342,20.0,1815.1
83197,12.1342,20.0,1815.1
83198,12.1342,20.0,1815.1
83199,12.1342,20.0,1815.2
83200,12.1342,20.0,1815.2
83201,12.1730,20.0,1815.2
83202,12.1730,20.0,1815.2
83203,12.1730,20.0,1815.2
83204,12.1730,20.0,1815.3
83205,12.1730,20.0,1815.3
83206,12.1730,20.0,1815.3
83207,12.1730,20.0,1815.3
83208,12.1730,20.0,1815.4
83209,12.1730,20.0,1815.4
83210,12.1730,20.0,1815.4
83211,12.1730,20.0,1815.4
83212,12.1730,20.0,1815.5
83213,12.1730,20.0,1815.5
83214,12.1730,20.0,1815.5
83215,12.1730,20.0,1815.5
83216,12.1730,20.0,1815.6
83217,12.1730,20.0,1815.6
83218,12.1730,20.0,1815.6
83219,12.1730,20.0,1815.6
83220,12.1730,20.0,1815.7
83221,12.2119,20.0,1815.7
83222,12.2119,20.0,1815.7
83223,12.2119,20.0,1815.7
83224,12.2119,20.0,1815.8
83225,12.2119,20.0,1815.8
83226,12.2119,20.0,1815.8
83227,12.2119,20.0,1815.8
83228,12.2119,20.0,1815.9
83229,12.2119,20.0,1815.9
83230,12.2119,20.0,1815.9
83231,12.2119,20.0,1815.9
83232,12.2119,20.0,1816.0
83233,12.2119,20.0,1816.0
83234,12.2119,20.0,1816.0
83235,12.2119,20.0,1816.0
83236,12.2119,20.0,1816.0
83237,12.2119,20.0,1816.0
83238,12.2119,20.0,1816.1
83239,12.2119,20.0,1816.1
83240,12.2119,20.0,1816.1
83241,12.2507,20.0,1816.1
83242,12.2507,20.0,1816.1
83243,12.2507,20.0,1816.2
83244,12.2507,20.0,1816.2
83245,12.2507,20.0,1816.2
83246,12.2507,20.0,1816.2
83247,12.2507,20.0,1816.2
83248,12.2507,20.0,1816.3
83249,12.2507,20.0,1816.3
83250,12.2507,20.0,1816.3
83251,12.2507,20.0,1816.3
83252,12.2507,20.0,1816.4
83253,12.2507,20.0,1816.4
83254,12.2507,20.0,1816.4
83255,12.2507,20.0,1816.4
83256,12.2507,20.0,1816.4
83257,12.2507,20.0,1816.5
83258,12.2507,20.0,1816.5
83259,12.2507,20.0,1816.5
83260,12.2507,20.0,1816.5
83261,12.2896,20.0,1816.5
83262,12.2896,20.0,1816.6
83263,12.2896,20.0,1816.6
83264,12.2896,20.0,1816.6
83265,12.2896,20.0,1816.6
83266,12.2896,20.0,1816.6
83267,12.2896,20.0,1816.6
83268,12.2896,20.0,1816.7
83269,12.2896,20.0,1816.7
83270,12.2896,20.0,1816.7
83271,12.2896,20.0,1816.7
83272,12.2896,20.0,1816.8
83273,12.2896,20.0,1816.8
83274,12.2896,20.0,1816.8
83275,12.2896,20.0,1816.8
83276,12.2896,20.0,1816.9
83277,12.2896,20.0,1816.9
83278,12.2896,20.0,1816.9
83279,12.2896,20.0,1816.9
83280,12.2896,20.0,1816.9
83281,12.3284,20.0,1817.0
83282,12.3284,20.0,1817.0
83283,12.3284,20.0,1817.0
83284,12.3284,20.0,1817.0
83285,12.3284,20.0,1817.1
83286,12.3284,20.0,1817.1
83287,12.3284,20.0,1817.1
83288,12.3284,20.0,1817.1
83289,12.3284,20.0,1817.2
83290,12.3284,20.0,1817.2
83291,12.3284,20.0,1817.2
83292,12.3284,20.0,1817.2
83293,12.3284,20.0,1817.2
83294,12.3284,20.0,1817.3
83295,12.3284,20.0,1817.3
83296,12.3284,20.0,1817.3
83297,12.3284,20.0,1817.3
83298,12.3284,20.0,1817.4
83299,12.3284,20.0,1817.4
83300,12.3284,20.0,1817.4
83301,12.3672,20.0,1817.4
83302,12.3672,20.0,1817.4
83303,12.3672,20.0,1817.5
83304,12.3672,20.0,1817.5
83305,12.3672,20.0,1817.5
83306,12.3672,20.0,1817.5
83307,12.3672,20.0,1817.6
83308,12.3672,20.0,1817.6
83309,12.3672,20.0,1817.6
83310,12.3672,20.0,1817.6
83311,12.3672,20.0,1817.6
83312,12.3672,20.0,1817.7
83313,12.3672,20.0,1817.7
83314,12.3672,20.0,1817.7
83315,12.3672,20.0,1817.7
83316,12.3672,20.0,1817.7
83317,12.3672,20.0,1817.8
83318,12.3672,20.0,1817.8
83319,12.3672,20.0,1817.8
83320,12.3672,20.0,1817.8
83321,12.4061,20.0,1817.9
83322,12.4061,20.0,1817.9
83323,12.4061,20.0,1817.9
83324,12.4061,20.0,1817.9
83325,12.4061,20.0,1817.9
83326,12.4061,20.0,1817.9
83327,12.4061,20.0,1818.0
83328,12.4061,20.0,1818.0
83329,12.4061,20.0,1818.0
83330,12.4061,20.0,1818.0
83331,12.4061,20.0,1818.1
83332,12.4061,20.0,1818.1
83333,12.4061,20.0,1818.1
83334,12.4061,20.0,1818.1
83335,12.4061,20.0,1818.1
83336,12.4061,20.0,1818.2
83337,12.4061,20.0,1818.2
83338,12.4061,20.0,1818.2
83339,12.4061,20.0,1818.2
83340,12.4061,20.0,1818.2
83341,12.4449,20.0,1818.3
83342,12.4449,20.0,1818.3
83343,12.4449,20.0,1818.3
83344,12.4449,20.0,1818.3
83345,12.4449,20.0,1818.3
83346,12.4449,20.0,1818.4
83347,12.4449,20.0,1818.4
83348,12.4449,20.0,1818.4
83349,12.4449,20.0,1818.4
83350,12.4449,20.0,1818.4
83351,12.4449,20.0,1818.5
83352,12.4449,20.0,1818.5
83353,12.4449,20.0,1818.5
83354,12.4449,20.0,1818.5
83355,12.4449,20.0,1818.5
83356,12.4449,20.0,1818.6
83357,12.4449,20.0,1818.6
83358,12.4449,20.0,1818.6
83359,12.4449,20.0,1818.6
83360,12.4449,20.0,1818.6
83361,12.4838,20.0,1818.7
83362,12.4838,20.0,1818.7
83363,12.4838,20.0,1818.7
83364,12.4838,20.0,1818.7
83365,12.4838,20.0,1818.7
83366,12.4838,20.0,1818.8
83367,12.4838,20.0,1818.8
83368,12.4838,20.0,1818.8
83369,12.4838,20.0,1818.8
83370,12.4838,20.0,1818.8
83371,12.4838,20.0,1818.9
83372,12.4838,20.0,1818.9
83373,12.4838,20.0,1818.9
83374,12.4838,20.0,1818.9
83375,12.4838,20.0,1818.9
83376,12.4838,20.0,1819.0
83377,12.4838,20.0,1819.0
83378,12.4838,20.0,1819.0
83379,12.4838,20.0,1819.0
83380,12.4838,20.0,1819.0
83381,12.5226,20.0,1819.1
83382,12.5226,20.0,1819.1
83383,12.5226,20.0,1819.1
83384,12.5226,20.0,1819.1
83385,12.5226,20.0,1819.2
83386,12.5226,20.0,1819.2
83387,12.5226,20.0,1819.2
83388,12.5226,20.0,1819.2
83389,12.5226,20.0,1819.2
83390,12.5226,20.0,1819.3
83391,12.5226,20.0,1819.3
83392,12.5226,20.0,1819.3
83393,12.5226,20.0,1819.3
83394,12.5226,20.0,1819.4
83395,12.5226,20.0,1819.4
83396,12.5226,20.0,1819.4
83397,12.5226,20.0,1819.4
83398,12.5226,20.0,1819.4
83399,12.5226,20.0,1819.5
83400,12.5226,20.0,1819.5
83401,12.5615,20.0,1819.5
83402,12.5615,20.0,1819.5
83403,12.5615,20.0,1819.5
83404,12.5615,20.0,1819.6
83405,12.5615,20.0,1819.6
83406,12.5615,20.0,1819.6
83407,12.5615,20.0,1819.6
83408,12.5615,20.0,1819.7
83409,12.5615,20.0,1819.7
83410,12.5615,20.0,1819.7
83411,12.5615,20.0,1819.7
83412,12.5615,20.0,1819.7
83413,12.5615,20.0,1819.8
83414,12.5615,20.0,1819.8
83415,12.5615,20.0,1819.8
83416,12.5615,20.0,1819.8
83417,12.5615,20.0,1819.8
83418,12.5615,20.0,1819.9
83419,12.5615,20.0,1819.9
83420,12.5615,20.0,1819.9
83421,12.6003,20.0,1819.9
83422,12.6003,20.0,1820.0
83423,12.6003,20.0,1820.0
83424,12.6003,20.0,1820.0
83425,12.6003,20.0,1820.0
83426,12.6003,20.0,1820.0
83427,12.6003,20.0,1820.1
83428,12.6003,20.0,1820.1
83429,12.6003,20.0,1820.1
83430,12.6003,20.0,1820.1
83431,12.6003,20.0,1820.1
83432,12.6003,20.0,1820.2
83433,12.6003,20.0,1820.2
83434,12.6003,20.0,1820.2
83435,12.6003,20.0,1820.2
83436,12.6003,20.0,1820.2
83437,12.6003,20.0,1820.3
83438,12.6003,20.0,1820.3
83439,12.6003,20.0,1820.3
83440,12.6003,20.0,1820.3
83441,12.6195,20.0,1820.3
83442,12.6195,20.0,1820.3
83443,12.6195,20.0,1820.4
83444,12.6195,20.0,1820.4
83445,12.6195,20.0,1820.4
83446,12.6195,20.0,1820.4
83447,12.6195,20.0,1820.4
83448,12.6195,20.0,1820.5
83449,12.6195,20.0,1820.5
83450,12.6195,20.0,1820.5
83451,12.6195,20.0,1820.5
83452,12.6195,20.0,1820.5
83453,12.6195,20.0,1820.6
83454,12.6195,20.0,1820.6
83455,12.6195,20.0,1820.6
83456,12.6195,20.0,1820.6
83457,12.6195,20.0,1820.9
83458,12.6195,20.0,1820.9
83459,12.6195,20.0,1820.9
83460,12.6195,20.0,1821.0
83461,12.6387,20.0,1821.0
83462,12.6387,20.0,1821.0
83463,12.6387,20.0,1821.0
83464,12.6387,20.0,1821.0
83465,12.6387,20.0,1821.1
83466,12.6387,20.0,1821.1
83467,12.6387,20.0,1821.1
83468,12.6387,20.0,1821.1
83469,12.6387,20.0,1821.1
83470,12.6387,20.0,1821.2
83471,12.6387,20.0,1821.2
83472,12.6387,20.0,1821.2
83473,12.6387,20.0,1821.2
83474,12.6387,20.0,1821.2
83475,12.6387,20.0,1821.3
83476,12.6387,20.0,1821.3
83477,12.6387,20.0,1821.3
83478,12.6387,20.0,1821.3
83479,12.6387,20.0,1821.4
83480,12.6387,20.0,1821.4
83481,12.6578,20.0,1821.4
83482,12.6578,20.0,1821.4
83483,12.6578,20.0,1821.4
83484,12.6578,20.0,1821.5
83485,12.6578,20.0,1821.5
83486,12.6578,20.0,1821.5
83487,12.6578,20.0,1821.5
83488,12.6578,20.0,1821.5
83489,12.6578,20.0,1821.6
83490,12.6578,20.0,1821.6
83491,12.6578,20.0,1821.6
83492,12.6578,20.0,1821.6
83493,12.6578,20.0,1821.7
83494,12.6578,20.0,1821.7
83495,12.6578,20.0,1821.7
83496,12.6578,20.0,1821.7
83497,12.6578,20.0,1821.7
83498,12.6578,20.0,1821.8
83499,12.6578,20.0,1821.8
83500,12.6578,20.0,1821.8
83501,12.6770,20.0,1821.8
83502,12.6770,20.0,1821.8
83503,12.6770,20.0,1821.9
83504,12.6770,20.0,1821.9
83505,12.6770,20.0,1821.9
83506,12.6770,20.0,1821.9
83507,12.6770,20.0,1822.0
83508,12.6770,20.0,1822.0
83509,12.6770,20.0,1822.0
83510,12.6770,20.0,1822.0
83511,12.6770,20.0,1822.0
83512,12.6770,20.0,1822.1
83513,12.6770,20.0,1822.1
83514,12.6770,20.0,1822.1
83515,12.6770,20.0,1822.1
83516,12.6770,20.0,1822.1
83517,12.6770,20.0,1822.2
83518,12.6770,20.0,1822.2
83519,12.6770,20.0,1822.2
83520,12.6770,20.0,1822.2
83521,12.6962,20.0,1822.2
83522,12.6962,20.0,1822.3
83523,12.6962,20.0,1822.3
83524,12.6962,20.0,1822.3
83525,12.6962,20.0,1822.3
83526,12.6962,20.0,1822.4
83527,12.6962,20.0,1822.4
83528,12.6962,20.0,1822.4
83529,12.6962,20.0,1822.4
83530,12.6962,20.0,1822.4
83531,12.6962,20.0,1822.5
83532,12.6962,20.0,1822.5
83533,12.6962,20.0,1822.5
83534,12.6962,20.0,1822.5
83535,12.6962,20.0,1822.5
83536,12.6962,20.0,1822.6
83537,12.6962,20.0,1822.6
83538,12.6962,20.0,1822.6
83539,12.6962,20.0,1822.6
83540,12.6962,20.0,1822.7
83541,12.7154,20.0,1822.7
83542,12.7154,20.0,1822.7
83543,12.7154,20.0,1822.7
83544,12.7154,20.0,1822.7
83545,12.7154,20.0,1822.8
83546,12.7154,20.0,1822.8
83547,12.7154,20.0,1822.8
83548,12.7154,20.0,1822.8
83549,12.7154,20.0,1822.8
83550,12.7154,20.0,1822.9
83551,12.7154,20.0,1822.9
83552,12.7154,20.0,1822.9
83553,12.7154,20.0,1822.9
83554,12.7154,20.0,1823.0
83555,12.7154,20.0,1823.0
83556,12.7154,20.0,1823.0
83557,12.7154,20.0,1823.0
83558,12.7154,20.0,1823.0
83559,12.7154,20.0,1823.1
83560,12.7154,20.0,1823.1
83561,12.7345,20.0,1823.1
83562,12.7345,20.0,1823.1
83563,12.7345,20.0,1823.1
83564,12.7345,20.0,1823.2
83565,12.7345,20.0,1823.2
83566,12.7345,20.0,1823.2
83567,12.7345,20.0,1823.2
83568,12.7345,20.0,1823.3
83569,12.7345,20.0,1823.3
83570,12.7345,20.0,1823.3
83571,12.7345,20.0,1823.3
83572,12.7345,20.0,1823.3
83573,12.7345,20.0,1823.4
83574,12.7345,20.0,1823.4
83575,12.7345,20.0,1823.4
83576,12.7345,20.0,1823.4
83577,12.7345,20.0,1823.4
83578,12.7345,20.0,1823.5
83579,12.7345,20.0,1823.5
83580,12.7345,20.0,1823.5
83581,12.7537,20.0,1823.5
83582,12.7537,20.0,1823.6
83583,12.7537,20.0,1823.6
83584,12.7537,20.0,1823.6
83585,12.7537,20.0,1823.6
83586,12.7537,20.0,1823.6
83587,12.7537,20.0,1823.7
83588,12.7537,20.0,1823.7
83589,12.7537,20.0,1823.7
83590,12.7537,20.0,1823.7
83591,12.7537,20.0,1823.8
83592,12.7537,20.0,1823.8
83593,12.7537,20.0,1823.8
83594,12.7537,20.0,1823.8
83595,12.7537,20.0,1823.8
83596,12.7537,20.0,1823.9
83597,12.7537,20.0,1823.9
83598,12.7537,20.0,1823.9
83599,12.7537,20.0,1823.9
83600,12.7537,20.0,1824.0
83601,12.7729,20.0,1824.0
83602,12.7729,20.0,1824.0
83603,12.7729,20.0,1824.0
83604,12.7729,20.0,1824.0
83605,12.7729,20.0,1824.1
83606,12.7729,20.0,1824.1
83607,12.7729,20.0,1824.1
83608,12.7729,20.0,1824.1
83609,12.7729,20.0,1824.1
83610,12.7729,20.0,1824.2
83611,12.7729,20.0,1824.2
83612,12.7729,20.0,1824.2
83613,12.7729,20.0,1824.2
83614,12.7729,20.0,1824.2
83615,12.7729,20.0,1824.3
83616,12.7729,20.0,1824.3
83617,12.7729,20.0,1824.3
83618,12.7729,20.0,1824.3
83619,12.7729,20.0,1824.4
83620,12.7729,20.0,1824.4
83621,12.7921,20.0,1824.4
83622,12.7921,20.0,1824.4
83623,12.7921,20.0,1824.4
83624,12.7921,20.0,1824.5
83625,12.7921,20.0,1824.5
83626,12.7921,20.0,1824.5
83627,12.7921,20.0,1824.5
83628,12.7921,20.0,1824.5
83629,12.7921,20.0,1824.6
83630,12.7921,20.0,1824.6
83631,12.7921,20.0,1824.6
83632,12.7921,20.0,1824.6
83633,12.7921,20.0,1824.6
83634,12.7921,20.0,1824.7
83635,12.7921,20.0,1824.7
83636,12.7921,20.0,1824.7
83637,12.7921,20.0,1824.7
83638,12.7921,20.0,1824.7
83639,12.7921,20.0,1824.8
83640,12.7921,20.0,1824.8
83641,12.8112,20.0,1824.8
83642,12.8112,20.0,1824.8
83643,12.8112,20.0,1824.8
83644,12.8112,20.0,1824.9
83645,12.8112,20.0,1824.9
83646,12.8112,20.0,1824.9
83647,12.8112,20.0,1824.9
83648,12.8112,20.0,1825.0
83649,12.8112,20.0,1825.0
83650,12.8112,20.0,1825.0
83651,12.8112,20.0,1825.0
83652,12.8112,20.0,1825.0
83653,12.8112,20.0,1825.1
83654,12.8112,20.0,1825.1
83655,12.8112,20.0,1825.1
83656,12.8112,20.0,1825.1
83657,12.8112,20.0,1825.1
83658,12.8112,20.0,1825.1
83659,12.8112,20.0,1825.2
83660,12.8112,20.0,1825.2
83661,12.8304,20.0,1825.2
83662,12.8304,20.0,1825.2
83663,12.8304,20.0,1825.3
83664,12.8304,20.0,1825.3
83665,12.8304,20.0,1825.3
83666,12.8304,20.0,1825.3
83667,12.8304,20.0,1825.4
83668,12.8304,20.0,1825.4
83669,12.8304,20.0,1825.4
83670,12.8304,20.0,1825.4
83671,12.8304,20.0,1825.4
83672,12.8304,20.0,1825.5
83673,12.8304,20.0,1825.5
83674,12.8304,20.0,1825.5
83675,12.8304,20.0,1825.5
83676,12.8304,20.0,1825.6
83677,12.8304,20.0,1825.6
83678,12.8304,20.0,1825.6
83679,12.8304,20.0,1825.6
83680,12.8304,20.0,1825.7
83681,12.8496,20.0,1825.7
83682,12.8496,20.0,1825.7
83683,12.8496,20.0,1825.7
83684,12.8496,20.0,1825.7
83685,12.8496,20.0,1825.8
83686,12.8496,20.0,1825.8
83687,12.8496,20.0,1825.8
83688,12.8496,20.0,1825.8
83689,12.8496,20.0,1825.9
83690,12.8496,20.0,1825.9
83691,12.8496,20.0,1825.9
83692,12.8496,20.0,1825.9
83693,12.8496,20.0,1825.9
83694,12.8496,20.0,1826.0
83695,12.8496,20.0,1826.0
83696,12.8496,20.0,1826.0
83697,12.8496,20.0,1826.0
83698,12.8496,20.0,1826.1
83699,12.8496,20.0,1826.1
83700,12.8496,20.0,1826.1
83701,12.8688,20.0,1826.1
83702,12.8688,20.0,1826.1
83703,12.8688,20.0,1826.2
83704,12.8688,20.0,1826.2
83705,12.8688,20.0,1826.2
83706,12.8688,20.0,1826.2
83707,12.8688,20.0,1826.2
83708,12.8688,20.0,1826.3
83709,12.8688,20.0,1826.3
83710,12.8688,20.0,1826.3
83711,12.8688,20.0,1826.3
83712,12.8688,20.0,1826.3
83713,12.8688,20.0,1826.4
83714,12.8688,20.0,1826.4
83715,12.8688,20.0,1826.4
83716,12.8688,20.0,1826.4
83717,12.8688,20.0,1826.5
83718,12.8688,20.0,1826.5
83719,12.8688,20.0,1826.5
83720,12.8688,20.0,1826.5
83721,12.8879,20.0,1826.5
83722,12.8879,20.0,1826.6
83723,12.8879,20.0,1826.6
83724,12.8879,20.0,1826.6
83725,12.8879,20.0,1826.6
83726,12.8879,20.0,1826.7
83727,12.8879,20.0,1826.7
83728,12.8879,20.0,1826.7
83729,12.8879,20.0,1826.7
83730,12.8879,20.0,1826.7
83731,12.8879,20.0,1826.8
83732,12.8879,20.0,1826.8
83733,12.8879,20.0,1826.8
83734,12.8879,20.0,1826.8
83735,12.8879,20.0,1826.8
83736,12.8879,20.0,1826.9
83737,12.8879,20.0,1826.9
83738,12.8879,20.0,1826.9
83739,12.8879,20.0,1826.9
83740,12.8879,20.0,1826.9
83741,12.9071,20.0,1827.0
83742,12.9071,20.0,1827.0
83743,12.9071,20.0,1827.0
83744,12.9071,20.0,1827.0
83745,12.9071,20.0,1827.1
83746,12.9071,20.0,1827.1
83747,12.9071,20.0,1827.1
83748,12.9071,20.0,1827.1
83749,12.9071,20.0,1827.1
83750,12.9071,20.0,1827.2
83751,12.9071,20.0,1827.2
83752,12.9071,20.0,1827.2
83753,12.9071,20.0,1827.2
83754,12.9071,20.0,1827.2
83755,12.9071,20.0,1827.3
83756,12.9071,20.0,1827.3
83757,12.9071,20.0,1827.3
83758,12.9071,20.0,1827.3
83759,12.9071,20.0,1827.3
83760,12.9071,20.0,1827.3
83761,12.9263,20.0,1827.4
83762,12.9263,20.0,1827.4
83763,12.9263,20.0,1827.4
83764,12.9263,20.0,1827.4
83765,12.9263,20.0,1827.4
83766,12.9263,20.0,1827.5
83767,12.9263,20.0,1827.5
83768,12.9263,20.0,1827.5
83769,12.9263,20.0,1827.5
83770,12.9263,20.0,1827.6
83771,12.9263,20.0,1827.6
83772,12.9263,20.0,1827.6
83773,12.9263,20.0,1827.6
83774,12.9263,20.0,1827.6
83775,12.9263,20.0,1827.6
83776,12.9263,20.0,1827.7
83777,12.9263,20.0,1827.7
83778,12.9263,20.0,1827.7
83779,12.9263,20.0,1827.7
83780,12.9263,20.0,1827.8
83781,12.9455,20.0,1827.8
83782,12.9455,20.0,1827.8
83783,12.9455,20.0,1827.8
83784,12.9455,20.0,1827.9
83785,12.9455,20.0,1827.9
83786,12.9455,20.0,1827.9
83787,12.9455,20.0,1827.9
83788,12.9455,20.0,1827.9
83789,12.9455,20.0,1828.0
83790,12.9455,20.0,1828.0
83791,12.9455,20.0,1828.0
83792,12.9455,20.0,1828.0
83793,12.9455,20.0,1828.1
83794,12.9455,20.0,1828.1
83795,12.9455,20.0,1828.1
83796,12.9455,20.0,1828.1
83797,12.9455,20.0,1828.1
83798,12.9455,20.0,1828.2
83799,12.9455,20.0,1828.2
83800,12.9455,20.0,1828.2
83801,12.9646,20.0,1828.2
83802,12.9646,20.0,1828.2
83803,12.9646,20.0,1828.3
83804,12.9646,20.0,1828.3
83805,12.9646,20.0,1828.3
83806,12.9646,20.0,1828.3
83807,12.9646,20.0,1828.4
83808,12.9646,20.0,1828.4
83809,12.9646,20.0,1828.4
83810,12.9646,20.0,1828.4
83811,12.9646,20.0,1828.4
83812,12.9646,20.0,1828.5
83813,12.9646,20.0,1828.5
83814,12.9646,20.0,1828.5
83815,12.9646,20.0,1828.5
83816,12.9646,20.0,1828.5
83817,12.9646,20.0,1828.5
83818,12.9646,20.0,1828.6
83819,12.9646,20.0,1828.6
83820,12.9646,20.0,1828.6
83821,12.9838,20.0,1828.7
83822,12.9838,20.0,1828.7
83823,12.9838,20.0,1828.7
83824,12.9838,20.0,1828.7
83825,12.9838,20.0,1828.7
83826,12.9838,20.0,1828.8
83827,12.9838,20.0,1828.8
83828,12.9838,20.0,1828.8
83829,12.9838,20.0,1828.8
83830,12.9838,20.0,1828.9
83831,12.9838,20.0,1828.9
83832,12.9838,20.0,1828.9
83833,12.9838,20.0,1828.9
83834,12.9838,20.0,1829.0
83835,12.9838,20.0,1829.0
83836,12.9838,20.0,1829.0
83837,12.9838,20.0,1829.0
83838,12.9838,20.0,1829.0
83839,12.9838,20.0,1829.1
83840,12.9838,20.0,1829.1
83841,13.0030,20.0,1829.1
83842,13.0030,20.0,1829.1
83843,13.0030,20.0,1829.1
83844,13.0030,20.0,1829.2
83845,13.0030,20.0,1829.2
83846,13.0030,20.0,1829.2
83847,13.0030,20.0,1829.2
83848,13.0030,20.0,1829.3
83849,13.0030,20.0,1829.3
83850,13.0030,20.0,1829.3
83851,13.0030,20.0,1829.3
83852,13.0030,20.0,1829.3
83853,13.0030,20.0,1829.4
83854,13.0030,20.0,1829.4
83855,13.0030,20.0,1829.4
83856,13.0030,20.0,1829.4
83857,13.0030,20.0,1829.4
83858,13.0030,20.0,1829.4
83859,13.0030,20.0,1829.5
83860,13.0030,20.0,1829.5
83861,13.0222,20.0,1829.5
83862,13.0222,20.0,1829.5
83863,13.0222,20.0,1829.6
83864,13.0222,20.0,1829.6
83865,13.0222,20.0,1829.6
83866,13.0222,20.0,1829.6
83867,13.0222,20.0,1829.6
83868,13.0222,20.0,1829.7
83869,13.0222,20.0,1829.7
83870,13.0222,20.0,1829.7
83871,13.0222,20.0,1829.7
83872,13.0222,20.0,1829.8
83873,13.0222,20.0,1829.8
83874,13.0222,20.0,1829.8
83875,13.0222,20.0,1829.8
83876,13.0222,20.0,1829.8
83877,13.0222,20.0,1829.9
83878,13.0222,20.0,1829.9
83879,13.0222,20.0,1829.9
83880,13.0222,20.0,1829.9
83881,13.0413,20.0,1829.9
83882,13.0413,20.0,1830.0
83883,13.0413,20.0,1830.0
83884,13.0413,20.0,1830.0
83885,13.0413,20.0,1830.0
83886,13.0413,20.0,1830.1
83887,13.0413,20.0,1830.1
83888,13.0413,20.0,1830.1
83889,13.0413,20.0,1830.1
83890,13.0413,20.0,1830.1
83891,13.0413,20.0,1830.1
83892,13.0413,20.0,1830.2
83893,13.0413,20.0,1830.2
83894,13.0413,20.0,1830.2
83895,13.0413,20.0,1830.2
83896,13.0413,20.0,1830.3
83897,13.0413,20.0,1830.3
83898,13.0413,20.0,1830.3
83899,13.0413,20.0,1830.3
83900,13.0413,20.0,1830.3
83901,13.0605,20.0,1830.4
83902,13.0605,20.0,1830.4
83903,13.0605,20.0,1830.4
83904,13.0605,20.0,1830.4
83905,13.0605,20.0,1830.4
83906,13.0605,20.0,1830.5
83907,13.0605,20.0,1830.5
83908,13.0605,20.0,1830.5
83909,13.0605,20.0,1830.5
83910,13.0605,20.0,1830.5
83911,13.0605,20.0,1830.6
83912,13.0605,20.0,1830.6
83913,13.0605,20.0,1830.6
83914,13.0605,20.0,1830.6
83915,13.0605,20.0,1830.6
83916,13.0605,20.0,1830.7
83917,13.0605,20.0,1830.7
83918,13.0605,20.0,1830.7
83919,13.0605,20.0,1830.7
83920,13.0605,20.0,1830.7
83921,13.0797,20.0,1830.8
83922,13.0797,20.0,1830.8
83923,13.0797,20.0,1830.8
83924,13.0797,20.0,1830.8
83925,13.0797,20.0,1830.8
83926,13.0797,20.0,1830.9
83927,13.0797,20.0,1830.9
83928,13.0797,20.0,1830.9
83929,13.0797,20.0,1830.9
83930,13.0797,20.0,1830.9
83931,13.0797,20.0,1830.9
83932,13.0797,20.0,1831.0
83933,13.0797,20.0,1831.0
83934,13.0797,20.0,1831.0
83935,13.0797,20.0,1831.0
83936,13.0797,20.0,1831.0
83937,13.0797,20.0,1831.1
83938,13.0797,20.0,1831.1
83939,13.0797,20.0,1831.1
83940,13.0797,20.0,1831.1
83941,13.0793,20.0,1831.1
83942,13.0793,20.0,1831.2
83943,13.0793,20.0,1831.2
83944,13.0793,20.0,1831.2
83945,13.0793,20.0,1831.2
83946,13.0793,20.0,1831.3
83947,13.0793,20.0,1831.3
83948,13.0793,20.0,1831.3
83949,13.0793,20.0,1831.3
83950,13.0793,20.0,1831.3
83951,13.0793,20.0,1831.3
83952,13.0793,20.0,1831.4
83953,13.0793,20.0,1831.4
83954,13.0793,20.0,1831.4
83955,13.0793,20.0,1831.4
83956,13.0793,20.0,1831.5
83957,13.0793,20.0,1831.5
83958,13.0793,20.0,1831.5
83959,13.0793,20.0,1831.5
83960,13.0793,20.0,1831.5
83961,13.0789,20.0,1831.6
83962,13.0789,20.0,1831.6
83963,13.0789,20.0,1831.6
83964,13.0789,20.0,1831.6
83965,13.0789,20.0,1831.6
83966,13.0789,20.0,1831.7
83967,13.0789,20.0,1831.7
83968,13.0789,20.0,1831.7
83969,13.0789,20.0,1832.0
83970,13.0789,20.0,1832.0
83971,13.0789,20.0,1832.1
83972,13.0789,20.0,1832.1
83973,13.0789,20.0,1832.1
83974,13.0789,20.0,1832.1
83975,13.0789,20.0,1832.1
83976,13.0789,20.0,1832.2
83977,13.0789,20.0,1832.2
83978,13.0789,20.0,1832.2
83979,13.0789,20.0,1832.2
83980,13.0789,20.0,1832.3
83981,13.0784,20.0,1832.3
83982,13.0784,20.0,1832.3
83983,13.0784,20.0,1832.3
83984,13.0784,20.0,1832.3
83985,13.0784,20.0,1832.4
83986,13.0784,20.0,1832.4
83987,13.0784,20.0,1832.4
83988,13.0784,20.0,1832.4
83989,13.0784,20.0,1832.4
83990,13.0784,20.0,1832.5
83991,13.0784,20.0,1832.5
83992,13.0784,20.0,1832.5
83993,13.0784,20.0,1832.5
83994,13.0784,20.0,1832.6
83995,13.0784,20.0,1832.6
83996,13.0784,20.0,1832.6
83997,13.0784,20.0,1832.6
83998,13.0784,20.0,1832.7
83999,13.0784,20.0,1832.7
84000,13.0784,20.0,1832.7
84001,13.0779,20.0,1832.7
84002,13.0779,20.0,1832.7
84003,13.0779,20.0,1832.8
84004,13.0779,20.0,1832.8
84005,13.0779,20.0,1832.8
84006,13.0779,20.0,1832.8
84007,13.0779,20.0,1832.9
84008,13.0779,20.0,1832.9
84009,13.0779,20.0,1832.9
84010,13.0779,20.0,1832.9
84011,13.0779,20.0,1833.0
84012,13.0779,20.0,1833.0
84013,13.0779,20.0,1833.0
84014,13.0779,20.0,1833.0
84015,13.0779,20.0,1833.0
84016,13.0779,20.0,1833.1
84017,13.0779,20.0,1833.1
84018,13.0779,20.0,1833.1
84019,13.0779,20.0,1833.1
84020,13.0779,20.0,1833.2
84021,13.0774,20.0,1833.2
84022,13.0774,20.0,1833.2
84023,13.0774,20.0,1833.2
84024,13.0774,20.0,1833.2
84025,13.0774,20.0,1833.3
84026,13.0774,20.0,1833.3
84027,13.0774,20.0,1833.3
84028,13.0774,20.0,1833.3
84029,13.0774,20.0,1833.3
84030,13.0774,20.0,1833.4
84031,13.0774,20.0,1833.4
84032,13.0774,20.0,1833.4
84033,13.0774,20.0,1833.4
84034,13.0774,20.0,1833.4
84035,13.0774,20.0,1833.5
84036,13.0774,20.0,1833.5
84037,13.0774,20.0,1833.5
84038,13.0774,20.0,1833.5
84039,13.0774,20.0,1833.6
84040,13.0774,20.0,1833.6
84041,13.0770,20.0,1833.6
84042,13.0770,20.0,1833.6
84043,13.0770,20.0,1833.7
84044,13.0770,20.0,1833.7
84045,13.0770,20.0,1833.7
84046,13.0770,20.0,1833.7
84047,13.0770,20.0,1833.7
84048,13.0770,20.0,1833.7
84049,13.0770,20.0,1833.8
84050,13.0770,20.0,1833.8
84051,13.0770,20.0,1833.8
84052,13.0770,20.0,1833.8
84053,13.0770,20.0,1833.9
84054,13.0770,20.0,1833.9
84055,13.0770,20.0,1833.9
84056,13.0770,20.0,1833.9
84057,13.0770,20.0,1833.9
84058,13.0770,20.0,1834.0
84059,13.0770,20.0,1834.0
84060,13.0770,20.0,1834.0
84061,13.0765,20.0,1834.0
84062,13.0765,20.0,1834.1
84063,13.0765,20.0,1834.1
84064,13.0765,20.0,1834.1
84065,13.0765,20.0,1834.1
84066,13.0765,20.0,1834.1
84067,13.0765,20.0,1834.2
84068,13.0765,20.0,1834.2
84069,13.0765,20.0,1834.2
84070,13.0765,20.0,1834.2
84071,13.0765,20.0,1834.2
84072,13.0765,20.0,1834.3
84073,13.0765,20.0,1834.3
84074,13.0765,20.0,1834.3
84075,13.0765,20.0,1834.3
84076,13.0765,20.0,1834.3
84077,13.0765,20.0,1834.4
84078,13.0765,20.0,1834.4
84079,13.0765,20.0,1834.4
84080,13.0765,20.0,1834.4
84081,13.0760,20.0,1834.4
84082,13.0760,20.0,1834.5
84083,13.0760,20.0,1834.5
84084,13.0760,20.0,1834.5
84085,13.0760,20.0,1834.5
84086,13.0760,20.0,1834.6
84087,13.0760,20.0,1834.6
84088,13.0760,20.0,1834.6
84089,13.0760,20.0,1834.6
84090,13.0760,20.0,1834.6
84091,13.0760,20.0,1834.7
84092,13.0760,20.0,1834.7
84093,13.0760,20.0,1834.7
84094,13.0760,20.0,1834.7
84095,13.0760,20.0,1834.7
84096,13.0760,20.0,1834.8
84097,13.0760,20.0,1834.8
84098,13.0760,20.0,1834.8
84099,13.0760,20.0,1834.8
84100,13.0760,20.0,1834.8
84101,13.0755,20.0,1834.9
84102,13.0755,20.0,1834.9
84103,13.0755,20.0,1834.9
84104,13.0755,20.0,1834.9
84105,13.0755,20.0,1834.9
84106,13.0755,20.0,1835.0
84107,13.0755,20.0,1835.0
84108,13.0755,20.0,1835.0
84109,13.0755,20.0,1835.0
84110,13.0755,20.0,1835.0
84111,13.0755,20.0,1835.1
84112,13.0755,20.0,1835.1
84113,13.0755,20.0,1835.1
84114,13.0755,20.0,1835.1
84115,13.0755,20.0,1835.2
84116,13.0755,20.0,1835.2
84117,13.0755,20.0,1835.2
84118,13.0755,20.0,1835.2
84119,13.0755,20.0,1835.2
84120,13.0755,20.0,1835.3
84121,13.0750,20.0,1835.3
84122,13.0750,20.0,1835.3
84123,13.0750,20.0,1835.3
84124,13.0750,20.0,1835.3
84125,13.0750,20.0,1835.4
84126,13.0750,20.0,1835.4
84127,13.0750,20.0,1835.4
84128,13.0750,20.0,1835.4
84129,13.0750,20.0,1835.5
84130,13.0750,20.0,1835.5
84131,13.0750,20.0,1835.5
84132,13.0750,20.0,1835.5
84133,13.0750,20.0,1835.5
84134,13.0750,20.0,1835.6
84135,13.0750,20.0,1835.6
84136,13.0750,20.0,1835.6
84137,13.0750,20.0,1835.6
84138,13.0750,20.0,1835.7
84139,13.0750,20.0,1835.7
84140,13.0750,20.0,1835.7
84141,13.0746,20.0,1835.7
84142,13.0746,20.0,1835.8
84143,13.0746,20.0,1835.8
84144,13.0746,20.0,1835.8
84145,13.0746,20.0,1835.8
84146,13.0746,20.0,1835.8
84147,13.0746,20.0,1835.9
84148,13.0746,20.0,1835.9
84149,13.0746,20.0,1835.9
84150,13.0746,20.0,1835.9
84151,13.0746,20.0,1836.0
84152,13.0746,20.0,1836.0
84153,13.0746,20.0,1836.0
84154,13.0746,20.0,1836.0
84155,13.0746,20.0,1836.0
84156,13.0746,20.0,1836.1
84157,13.0746,20.0,1836.1
84158,13.0746,20.0,1836.1
84159,13.0746,20.0,1836.1
84160,13.0746,20.0,1836.1
84161,13.0741,20.0,1836.2
84162,13.0741,20.0,1836.2
84163,13.0741,20.0,1836.2
84164,13.0741,20.0,1836.2
84165,13.0741,20.0,1836.2
84166,13.0741,20.0,1836.3
84167,13.0741,20.0,1836.3
84168,13.0741,20.0,1836.3
84169,13.0741,20.0,1836.3
84170,13.0741,20.0,1836.4
84171,13.0741,20.0,1836.4
84172,13.0741,20.0,1836.4
84173,13.0741,20.0,1836.4
84174,13.0741,20.0,1836.4
84175,13.0741,20.0,1836.5
84176,13.0741,20.0,1836.5
84177,13.0741,20.0,1836.5
84178,13.0741,20.0,1836.5
84179,13.0741,20.0,1836.6
84180,13.0741,20.0,1836.6
84181,13.0736,20.0,1836.6
84182,13.0736,20.0,1836.6
84183,13.0736,20.0,1836.6
84184,13.0736,20.0,1836.7
84185,13.0736,20.0,1836.7
84186,13.0736,20.0,1836.7
84187,13.0736,20.0,1836.7
84188,13.0736,20.0,1836.7
84189,13.0736,20.0,1836.8
84190,13.0736,20.0,1836.8
84191,13.0736,20.0,1836.8
84192,13.0736,20.0,1836.8
84193,13.0736,20.0,1836.9
84194,13.0736,20.0,1836.9
84195,13.0736,20.0,1836.9
84196,13.0736,20.0,1836.9
84197,13.0736,20.0,1836.9
84198,13.0736,20.0,1837.0
84199,13.0736,20.0,1837.0
84200,13.0736,20.0,1837.0
84201,13.0731,20.0,1837.0
84202,13.0731,20.0,1837.0
84203,13.0731,20.0,1837.1
84204,13.0731,20.0,1837.1
84205,13.0731,20.0,1837.1
84206,13.0731,20.0,1837.1
84207,13.0731,20.0,1837.2
84208,13.0731,20.0,1837.2
84209,13.0731,20.0,1837.2
84210,13.0731,20.0,1837.2
84211,13.0731,20.0,1837.2
84212,13.0731,20.0,1837.3
84213,13.0731,20.0,1837.3
84214,13.0731,20.0,1837.3
84215,13.0731,20.0,1837.3
84216,13.0731,20.0,1837.4
84217,13.0731,20.0,1837.4
84218,13.0731,20.0,1837.4
84219,13.0731,20.0,1837.4
84220,13.0731,20.0,1837.5
84221,13.0726,20.0,1837.5
84222,13.0726,20.0,1837.5
84223,13.0726,20.0,1837.5
84224,13.0726,20.0,1837.5
84225,13.0726,20.0,1837.6
84226,13.0726,20.0,1837.6
84227,13.0726,20.0,1837.6
84228,13.0726,20.0,1837.6
84229,13.0726,20.0,1837.6
84230,13.0726,20.0,1837.7
84231,13.0726,20.0,1837.7
84232,13.0726,20.0,1837.7
84233,13.0726,20.0,1837.7
84234,13.0726,20.0,1837.7
84235,13.0726,20.0,1837.7
84236,13.0726,20.0,1837.8
84237,13.0726,20.0,1837.8
84238,13.0726,20.0,1837.8
84239,13.0726,20.0,1837.8
84240,13.0726,20.0,1837.8
84241,13.0722,20.0,1837.9
84242,13.0722,20.0,1837.9
84243,13.0722,20.0,1837.9
84244,13.0722,20.0,1837.9
84245,13.0722,20.0,1837.9
84246,13.0722,20.0,1838.0
84247,13.0722,20.0,1838.0
84248,13.0722,20.0,1838.0
84249,13.0722,20.0,1838.0
84250,13.0722,20.0,1838.1
84251,13.0722,20.0,1838.1
84252,13.0722,20.0,1838.1
84253,13.0722,20.0,1838.1
84254,13.0722,20.0,1838.1
84255,13.0722,20.0,1838.2
84256,13.0722,20.0,1838.2
84257,13.0722,20.0,1838.2
84258,13.0722,20.0,1838.2
84259,13.0722,20.0,1838.3
84260,13.0722,20.0,1838.3
84261,13.0717,20.0,1838.3
84262,13.0717,20.0,1838.3
84263,13.0717,20.0,1838.3
84264,13.0717,20.0,1838.4
84265,13.0717,20.0,1838.4
84266,13.0717,20.0,1838.4
84267,13.0717,20.0,1838.4
84268,13.0717,20.0,1838.4
84269,13.0717,20.0,1838.5
84270,13.0717,20.0,1838.5
84271,13.0717,20.0,1838.5
84272,13.0717,20.0,1838.5
84273,13.0717,20.0,1838.5
84274,13.0717,20.0,1838.6
84275,13.0717,20.0,1838.6
84276,13.0717,20.0,1838.6
84277,13.0717,20.0,1838.6
84278,13.0717,20.0,1838.6
84279,13.0717,20.0,1838.7
84280,13.0717,20.0,1838.7
84281,13.0712,20.0,1838.7
84282,13.0712,20.0,1838.7
84283,13.0712,20.0,1838.7
84284,13.0712,20.0,1838.8
84285,13.0712,20.0,1838.8
84286,13.0712,20.0,1838.8
84287,13.0712,20.0,1838.8
84288,13.0712,20.0,1838.8
84289,13.0712,20.0,1838.9
84290,13.0712,20.0,1838.9
84291,13.0712,20.0,1838.9
84292,13.0712,20.0,1838.9
84293,13.0712,20.0,1838.9
84294,13.0712,20.0,1839.0
84295,13.0712,20.0,1839.0
84296,13.0712,20.0,1839.0
84297,13.0712,20.0,1839.0
84298,13.0712,20.0,1839.1
84299,13.0712,20.0,1839.1
84300,13.0712,20.0,1839.1
84301,13.0707,20.0,1839.1
84302,13.0707,20.0,1839.1
84303,13.0707,20.0,1839.2
84304,13.0707,20.0,1839.2
84305,13.0707,20.0,1839.2
84306,13.0707,20.0,1839.2
84307,13.0707,20.0,1839.3
84308,13.0707,20.0,1839.3
84309,13.0707,20.0,1839.3
84310,13.0707,20.0,1839.3
84311,13.0707,20.0,1839.3
84312,13.0707,20.0,1839.3
84313,13.0707,20.0,1839.4
84314,13.0707,20.0,1839.4
84315,13.0707,20.0,1839.4
84316,13.0707,20.0,1839.4
84317,13.0707,20.0,1839.5
84318,13.0707,20.0,1839.5
84319,13.0707,20.0,1839.5
84320,13.0707,20.0,1839.5
84321,13.0702,20.0,1839.5
84322,13.0702,20.0,1839.6
84323,13.0702,20.0,1839.6
84324,13.0702,20.0,1839.6
84325,13.0702,20.0,1839.6
84326,13.0702,20.0,1839.6
84327,13.0702,20.0,1839.7
84328,13.0702,20.0,1839.7
84329,13.0702,20.0,1839.7
84330,13.0702,20.0,1839.7
84331,13.0702,20.0,1839.8
84332,13.0702,20.0,1839.8
84333,13.0702,20.0,1839.8
84334,13.0702,20.0,1839.8
84335,13.0702,20.0,1839.8
84336,13.0702,20.0,1839.9
84337,13.0702,20.0,1839.9
84338,13.0702,20.0,1839.9
84339,13.0702,20.0,1839.9
84340,13.0702,20.0,1839.9
84341,13.0698,20.0,1840.0
84342,13.0698,20.0,1840.0
84343,13.0698,20.0,1840.0
84344,13.0698,20.0,1840.0
84345,13.0698,20.0,1840.1
84346,13.0698,20.0,1840.1
84347,13.0698,20.0,1840.1
84348,13.0698,20.0,1840.1
84349,13.0698,20.0,1840.1
84350,13.0698,20.0,1840.2
84351,13.0698,20.0,1840.2
84352,13.0698,20.0,1840.2
84353,13.0698,20.0,1840.2
84354,13.0698,20.0,1840.2
84355,13.0698,20.0,1840.3
84356,13.0698,20.0,1840.3
84357,13.0698,20.0,1840.3
84358,13.0698,20.0,1840.3
84359,13.0698,20.0,1840.3
84360,13.0698,20.0,1840.4
84361,13.0693,20.0,1840.4
84362,13.0693,20.0,1840.4
84363,13.0693,20.0,1840.4
84364,13.0693,20.0,1840.4
84365,13.0693,20.0,1840.5
84366,13.0693,20.0,1840.5
84367,13.0693,20.0,1840.5
84368,13.0693,20.0,1840.5
84369,13.0693,20.0,1840.5
84370,13.0693,20.0,1840.6
84371,13.0693,20.0,1840.6
84372,13.0693,20.0,1840.6
84373,13.0693,20.0,1840.6
84374,13.0693,20.0,1840.6
84375,13.0693,20.0,1840.7
84376,13.0693,20.0,1840.7
84377,13.0693,20.0,1840.7
84378,13.0693,20.0,1840.7
84379,13.0693,20.0,1840.7
84380,13.0693,20.0,1840.8
84381,13.0688,20.0,1840.8
84382,13.0688,20.0,1840.8
84383,13.0688,20.0,1840.8
84384,13.0688,20.0,1840.9
84385,13.0688,20.0,1840.9
84386,13.0688,20.0,1840.9
84387,13.0688,20.0,1840.9
84388,13.0688,20.0,1840.9
84389,13.0688,20.0,1841.0
84390,13.0688,20.0,1841.0
84391,13.0688,20.0,1841.0
84392,13.0688,20.0,1841.0
84393,13.0688,20.0,1841.0
84394,13.0688,20.0,1841.1
84395,13.0688,20.0,1841.1
84396,13.0688,20.0,1841.1
84397,13.0688,20.0,1841.1
84398,13.0688,20.0,1841.1
84399,13.0688,20.0,1841.2
84400,13.0688,20.0,1841.2
84401,13.0683,20.0,1841.2
84402,13.0683,20.0,1841.2
84403,13.0683,20.0,1841.3
84404,13.0683,20.0,1841.3
84405,13.0683,20.0,1841.3
84406,13.0683,20.0,1841.3
84407,13.0683,20.0,1841.4
84408,13.0683,20.0,1841.4
84409,13.0683,20.0,1841.4
84410,13.0683,20.0,1841.4
84411,13.0683,20.0,1841.4
84412,13.0683,20.0,1841.4
84413,13.0683,20.0,1841.5
84414,13.0683,20.0,1841.5
84415,13.0683,20.0,1841.5
84416,13.0683,20.0,1841.5
84417,13.0683,20.0,1841.6
84418,13.0683,20.0,1841.6
84419,13.0683,20.0,1841.6
84420,13.0683,20.0,1841.6
84421,13.0678,20.0,1841.7
84422,13.0678,20.0,1841.7
84423,13.0678,20.0,1841.7
84424,13.0678,20.0,1841.7
84425,13.0678,20.0,1841.7
84426,13.0678,20.0,1841.8
84427,13.0678,20.0,1841.8
84428,13.0678,20.0,1841.8
84429,13.0678,20.0,1841.8
84430,13.0678,20.0,1841.9
84431,13.0678,20.0,1841.9
84432,13.0678,20.0,1841.9
84433,13.0678,20.0,1841.9
84434,13.0678,20.0,1841.9
84435,13.0678,20.0,1842.0
84436,13.0678,20.0,1842.0
84437,13.0678,20.0,1842.0
84438,13.0678,20.0,1842.0
84439,13.0678,20.0,1842.0
84440,13.0678,20.0,1842.1
84441,13.1072,20.0,1842.1
84442,13.1072,20.0,1842.1
84443,13.1072,20.0,1842.1
84444,13.1072,20.0,1842.1
84445,13.1072,20.0,1842.2
84446,13.1072,20.0,1842.2
84447,13.1072,20.0,1842.2
84448,13.1072,20.0,1842.2
84449,13.1072,20.0,1842.2
84450,13.1072,20.0,1842.3
84451,13.1072,20.0,1842.3
84452,13.1072,20.0,1842.3
84453,13.1072,20.0,1842.3
84454,13.1072,20.0,1842.4
84455,13.1072,20.0,1842.4
84456,13.1072,20.0,1842.4
84457,13.1072,20.0,1842.4
84458,13.1072,20.0,1842.4
84459,13.1072,20.0,1842.4
84460,13.1072,20.0,1842.5
84461,13.1467,20.0,1842.5
84462,13.1467,20.0,1842.5
84463,13.1467,20.0,1842.5
84464,13.1467,20.0,1842.6
84465,13.1467,20.0,1842.6
84466,13.1467,20.0,1842.6
84467,13.1467,20.0,1842.6
84468,13.1467,20.0,1842.6
84469,13.1467,20.0,1842.7
84470,13.1467,20.0,1842.7
84471,13.1467,20.0,1842.7
84472,13.1467,20.0,1842.7
84473,13.1467,20.0,1842.8
84474,13.1467,20.0,1842.8
84475,13.1467,20.0,1842.8
84476,13.1467,20.0,1842.8
84477,13.1467,20.0,1842.8
84478,13.1467,20.0,1842.9
84479,13.1467,20.0,1842.9
84480,13.1467,20.0,1842.9
84481,13.1862,20.0,1843.2
84482,13.1862,20.0,1843.2
84483,13.1862,20.0,1843.2
84484,13.1862,20.0,1843.2
84485,13.1862,20.0,1843.3
84486,13.1862,20.0,1843.3
84487,13.1862,20.0,1843.3
84488,13.1862,20.0,1843.3
84489,13.1862,20.0,1843.4
84490,13.1862,20.0,1843.4
84491,13.1862,20.0,1843.4
84492,13.1862,20.0,1843.4
84493,13.1862,20.0,1843.4
84494,13.1862,20.0,1843.5
84495,13.1862,20.0,1843.5
84496,13.1862,20.0,1843.5
84497,13.1862,20.0,1843.5
84498,13.1862,20.0,1843.5
84499,13.1862,20.0,1843.6
84500,13.1862,20.0,1843.6
84501,13.2459,20.0,1843.6
84502,13.2459,20.0,1843.6
84503,13.2459,20.0,1843.7
84504,13.2459,20.0,1843.7
84505,13.2459,20.0,1843.7
84506,13.2459,20.0,1843.7
84507,13.2459,20.0,1843.7
84508,13.2459,20.0,1843.8
84509,13.2459,20.0,1843.8
84510,13.2459,20.0,1843.8
84511,13.2459,20.0,1843.8
84512,13.2459,20.0,1843.8
84513,13.2459,20.0,1843.9
84514,13.2459,20.0,1843.9
84515,13.2459,20.0,1843.9
84516,13.2459,20.0,1843.9
84517,13.2459,20.0,1843.9
84518,13.2459,20.0,1844.0
84519,13.2459,20.0,1844.0
84520,13.2459,20.0,1844.0
84521,13.3057,20.0,1844.0
84522,13.3057,20.0,1844.1
84523,13.3057,20.0,1844.1
84524,13.3057,20.0,1844.1
84525,13.3057,20.0,1844.1
84526,13.3057,20.0,1844.1
84527,13.3057,20.0,1844.2
84528,13.3057,20.0,1844.2
84529,13.3057,20.0,1844.2
84530,13.3057,20.0,1844.2
84531,13.3057,20.0,1844.2
84532,13.3057,20.0,1844.2
84533,13.3057,20.0,1844.3
84534,13.3057,20.0,1844.3
84535,13.3057,20.0,1844.3
84536,13.3057,20.0,1844.3
84537,13.3057,20.0,1844.4
84538,13.3057,20.0,1844.4
84539,13.3057,20.0,1844.4
84540,13.3057,20.0,1844.4
84541,13.3654,20.0,1844.4
84542,13.3654,20.0,1844.5
84543,13.3654,20.0,1844.5
84544,13.3654,20.0,1844.5
84545,13.3654,20.0,1844.5
84546,13.3654,20.0,1844.5
84547,13.3654,20.0,1844.6
84548,13.3654,20.0,1844.6
84549,13.3654,20.0,1844.6
84550,13.3654,20.0,1844.6
84551,13.3654,20.0,1844.6
84552,13.3654,20.0,1844.7
84553,13.3654,20.0,1844.7
84554,13.3654,20.0,1844.7
84555,13.3654,20.0,1844.7
84556,13.3654,20.0,1844.8
84557,13.3654,20.0,1844.8
84558,13.3654,20.0,1844.8
84559,13.3654,20.0,1844.8
84560,13.3654,20.0,1844.8
84561,13.4251,20.0,1844.9
84562,13.4251,20.0,1844.9
84563,13.4251,20.0,1844.9
84564,13.4251,20.0,1844.9
84565,13.4251,20.0,1844.9
84566,13.4251,20.0,1845.0
84567,13.4251,20.0,1845.0
84568,13.4251,20.0,1845.0
84569,13.4251,20.0,1845.0
84570,13.4251,20.0,1845.1
84571,13.4251,20.0,1845.1
84572,13.4251,20.0,1845.1
84573,13.4251,20.0,1845.1
84574,13.4251,20.0,1845.1
84575,13.4251,20.0,1845.2
84576,13.4251,20.0,1845.2
84577,13.4251,20.0,1845.2
84578,13.4251,20.0,1845.2
84579,13.4251,20.0,1845.2
84580,13.4251,20.0,1845.3
84581,13.4848,20.0,1845.3
84582,13.4848,20.0,1845.3
84583,13.4848,20.0,1845.3
84584,13.4848,20.0,1845.3
84585,13.4848,20.0,1845.4
84586,13.4848,20.0,1845.4
84587,13.4848,20.0,1845.4
84588,13.4848,20.0,1845.4
84589,13.4848,20.0,1845.4
84590,13.4848,20.0,1845.4
84591,13.4848,20.0,1845.5
84592,13.4848,20.0,1845.5
84593,13.4848,20.0,1845.5
84594,13.4848,20.0,1845.5
84595,13.4848,20.0,1845.5
84596,13.4848,20.0,1845.6
84597,13.4848,20.0,1845.6
84598,13.4848,20.0,1845.6
84599,13.4848,20.0,1845.6
84600,13.4848,20.0,1845.7
84601,13.5445,20.0,1845.7
84602,13.5445,20.0,1845.7
84603,13.5445,20.0,1845.7
84604,13.5445,20.0,1845.7
84605,13.5445,20.0,1845.8
84606,13.5445,20.0,1845.8
84607,13.5445,20.0,1845.8
84608,13.5445,20.0,1845.8
84609,13.5445,20.0,1845.8
84610,13.5445,20.0,1845.9
84611,13.5445,20.0,1845.9
84612,13.5445,20.0,1845.9
84613,13.5445,20.0,1846.0
84614,13.5445,20.0,1846.0
84615,13.5445,20.0,1846.0
84616,13.5445,20.0,1846.0
84617,13.5445,20.0,1846.0
84618,13.5445,20.0,1846.1
84619,13.5445,20.0,1846.1
84620,13.5445,20.0,1846.1
84621,13.6042,20.0,1846.1
84622,13.6042,20.0,1846.2
84623,13.6042,20.0,1846.2
84624,13.6042,20.0,1846.2
84625,13.6042,20.0,1846.2
84626,13.6042,20.0,1846.2
84627,13.6042,20.0,1846.3
84628,13.6042,20.0,1846.3
84629,13.6042,20.0,1846.3
84630,13.6042,20.0,1846.3
84631,13.6042,20.0,1846.3
84632,13.6042,20.0,1846.4
84633,13.6042,20.0,1846.4
84634,13.6042,20.0,1846.4
84635,13.6042,20.0,1846.4
84636,13.6042,20.0,1846.4
84637,13.6042,20.0,1846.5
84638,13.6042,20.0,1846.5
84639,13.6042,20.0,1846.5
84640,13.6042,20.0,1846.5
84641,13.6639,20.0,1846.6
84642,13.6639,20.0,1846.6
84643,13.6639,20.0,1846.6
84644,13.6639,20.0,1846.6
84645,13.6639,20.0,1846.6
84646,13.6639,20.0,1846.7
84647,13.6639,20.0,1846.7
84648,13.6639,20.0,1846.7
84649,13.6639,20.0,1846.7
84650,13.6639,20.0,1846.8
84651,13.6639,20.0,1846.8
84652,13.6639,20.0,1846.8
84653,13.6639,20.0,1846.8
84654,13.6639,20.0,1846.8
84655,13.6639,20.0,1846.9
84656,13.6639,20.0,1846.9
84657,13.6639,20.0,1846.9
84658,13.6639,20.0,1846.9
84659,13.6639,20.0,1846.9
84660,13.6639,20.0,1847.0
84661,13.7236,20.0,1847.0
84662,13.7236,20.0,1847.0
84663,13.7236,20.0,1847.0
84664,13.7236,20.0,1847.1
84665,13.7236,20.0,1847.1
84666,13.7236,20.0,1847.1
84667,13.7236,20.0,1847.1
84668,13.7236,20.0,1847.2
84669,13.7236,20.0,1847.2
84670,13.7236,20.0,1847.2
84671,13.7236,20.0,1847.2
84672,13.7236,20.0,1847.2
84673,13.7236,20.0,1847.2
84674,13.7236,20.0,1847.3
84675,13.7236,20.0,1847.3
84676,13.7236,20.0,1847.3
84677,13.7236,20.0,1847.3
84678,13.7236,20.0,1847.4
84679,13.7236,20.0,1847.4
84680,13.7236,20.0,1847.4
84681,13.7834,20.0,1847.4
84682,13.7834,20.0,1847.4
84683,13.7834,20.0,1847.5
84684,13.7834,20.0,1847.5
84685,13.7834,20.0,1847.5
84686,13.7834,20.0,1847.5
84687,13.7834,20.0,1847.5
84688,13.7834,20.0,1847.6
84689,13.7834,20.0,1847.6
84690,13.7834,20.0,1847.6
84691,13.7834,20.0,1847.6
84692,13.7834,20.0,1847.7
84693,13.7834,20.0,1847.7
84694,13.7834,20.0,1847.7
84695,13.7834,20.0,1847.7
84696,13.7834,20.0,1847.7
84697,13.7834,20.0,1847.8
84698,13.7834,20.0,1847.8
84699,13.7834,20.0,1847.8
84700,13.7834,20.0,1847.8
84701,13.8431,20.0,1847.8
84702,13.8431,20.0,1847.9
84703,13.8431,20.0,1847.9
84704,13.8431,20.0,1847.9
84705,13.8431,20.0,1847.9
84706,13.8431,20.0,1848.0
84707,13.8431,20.0,1848.0
84708,13.8431,20.0,1848.0
84709,13.8431,20.0,1848.0
84710,13.8431,20.0,1848.0
84711,13.8431,20.0,1848.1
84712,13.8431,20.0,1848.1
84713,13.8431,20.0,1848.1
84714,13.8431,20.0,1848.1
84715,13.8431,20.0,1848.1
84716,13.8431,20.0,1848.2
84717,13.8431,20.0,1848.2
84718,13.8431,20.0,1848.2
84719,13.8431,20.0,1848.2
84720,13.8431,20.0,1848.3
84721,13.9028,20.0,1848.3
84722,13.9028,20.0,1848.3
84723,13.9028,20.0,1848.3
84724,13.9028,20.0,1848.3
84725,13.9028,20.0,1848.4
84726,13.9028,20.0,1848.4
84727,13.9028,20.0,1848.4
84728,13.9028,20.0,1848.4
84729,13.9028,20.0,1848.4
84730,13.9028,20.0,1848.5
84731,13.9028,20.0,1848.5
84732,13.9028,20.0,1848.5
84733,13.9028,20.0,1848.5
84734,13.9028,20.0,1848.5
84735,13.9028,20.0,1848.6
84736,13.9028,20.0,1848.6
84737,13.9028,20.0,1848.6
84738,13.9028,20.0,1848.6
84739,13.9028,20.0,1848.6
84740,13.9028,20.0,1848.7
84741,13.9625,20.0,1848.7
84742,13.9625,20.0,1848.7
84743,13.9625,20.0,1848.7
84744,13.9625,20.0,1848.7
84745,13.9625,20.0,1848.8
84746,13.9625,20.0,1848.8
84747,13.9625,20.0,1848.8
84748,13.9625,20.0,1848.8
84749,13.9625,20.0,1848.8
84750,13.9625,20.0,1848.9
84751,13.9625,20.0,1848.9
84752,13.9625,20.0,1848.9
84753,13.9625,20.0,1848.9
84754,13.9625,20.0,1848.9
84755,13.9625,20.0,1849.0
84756,13.9625,20.0,1849.0
84757,13.9625,20.0,1849.0
84758,13.9625,20.0,1849.0
84759,13.9625,20.0,1849.0
84760,13.9625,20.0,1849.1
84761,14.0222,20.0,1849.1
84762,14.0222,20.0,1849.1
84763,14.0222,20.0,1849.1
84764,14.0222,20.0,1849.2
84765,14.0222,20.0,1849.2
84766,14.0222,20.0,1849.2
84767,14.0222,20.0,1849.2
84768,14.0222,20.0,1849.3
84769,14.0222,20.0,1849.3
84770,14.0222,20.0,1849.3
84771,14.0222,20.0,1849.3
84772,14.0222,20.0,1849.3
84773,14.0222,20.0,1849.4
84774,14.0222,20.0,1849.4
84775,14.0222,20.0,1849.4
84776,14.0222,20.0,1849.4
84777,14.0222,20.0,1849.4
84778,14.0222,20.0,1849.5
84779,14.0222,20.0,1849.5
84780,14.0222,20.0,1849.5
84781,14.0819,20.0,1849.5
84782,14.0819,20.0,1849.5
84783,14.0819,20.0,1849.6
84784,14.0819,20.0,1849.6
84785,14.0819,20.0,1849.6
84786,14.0819,20.0,1849.6
84787,14.0819,20.0,1849.7
84788,14.0819,20.0,1849.7
84789,14.0819,20.0,1849.7
84790,14.0819,20.0,1849.7
84791,14.0819,20.0,1849.7
84792,14.0819,20.0,1849.7
84793,14.0819,20.0,1849.8
84794,14.0819,20.0,1849.8
84795,14.0819,20.0,1849.8
84796,14.0819,20.0,1849.8
84797,14.0819,20.0,1849.9
84798,14.0819,20.0,1849.9
84799,14.0819,20.0,1849.9
84800,14.0819,20.0,1849.9
84801,14.1416,20.0,1849.9
84802,14.1416,20.0,1850.0
84803,14.1416,20.0,1850.0
84804,14.1416,20.0,1850.0
84805,14.1416,20.0,1850.0
84806,14.1416,20.0,1850.0
84807,14.1416,20.0,1850.1
84808,14.1416,20.0,1850.1
84809,14.1416,20.0,1850.1
84810,14.1416,20.0,1850.1
84811,14.1416,20.0,1850.2
84812,14.1416,20.0,1850.2
84813,14.1416,20.0,1850.2
84814,14.1416,20.0,1850.2
84815,14.1416,20.0,1850.3
84816,14.1416,20.0,1850.3
84817,14.1416,20.0,1850.3
84818,14.1416,20.0,1850.3
84819,14.1416,20.0,1850.3
84820,14.1416,20.0,1850.4
84821,14.2013,20.0,1850.4
84822,14.2013,20.0,1850.4
84823,14.2013,20.0,1850.4
84824,14.2013,20.0,1850.4
84825,14.2013,20.0,1850.5
84826,14.2013,20.0,1850.5
84827,14.2013,20.0,1850.5
84828,14.2013,20.0,1850.5
84829,14.2013,20.0,1850.5
84830,14.2013,20.0,1850.6
84831,14.2013,20.0,1850.6
84832,14.2013,20.0,1850.6
84833,14.2013,20.0,1850.6
84834,14.2013,20.0,1850.6
84835,14.2013,20.0,1850.7
84836,14.2013,20.0,1850.7
84837,14.2013,20.0,1850.7
84838,14.2013,20.0,1850.7
84839,14.2013,20.0,1850.7
84840,14.2013,20.0,1850.8
84841,14.2611,20.0,1850.8
84842,14.2611,20.0,1850.8
84843,14.2611,20.0,1850.8
84844,14.2611,20.0,1850.9
84845,14.2611,20.0,1850.9
84846,14.2611,20.0,1850.9
84847,14.2611,20.0,1850.9
84848,14.2611,20.0,1850.9
84849,14.2611,20.0,1851.0
84850,14.2611,20.0,1851.0
84851,14.2611,20.0,1851.0
84852,14.2611,20.0,1851.0
84853,14.2611,20.0,1851.0
84854,14.2611,20.0,1851.1
84855,14.2611,20.0,1851.1
84856,14.2611,20.0,1851.1
84857,14.2611,20.0,1851.1
84858,14.2611,20.0,1851.2
84859,14.2611,20.0,1851.2
84860,14.2611,20.0,1851.2
84861,14.3208,20.0,1851.2
84862,14.3208,20.0,1851.2
84863,14.3208,20.0,1851.3
84864,14.3208,20.0,1851.3
84865,14.3208,20.0,1851.3
84866,14.3208,20.0,1851.3
84867,14.3208,20.0,1851.3
84868,14.3208,20.0,1851.3
84869,14.3208,20.0,1851.4
84870,14.3208,20.0,1851.4
84871,14.3208,20.0,1851.4
84872,14.3208,20.0,1851.4
84873,14.3208,20.0,1851.5
84874,14.3208,20.0,1851.5
84875,14.3208,20.0,1851.5
84876,14.3208,20.0,1851.5
84877,14.3208,20.0,1851.5
84878,14.3208,20.0,1851.6
84879,14.3208,20.0,1851.6
84880,14.3208,20.0,1851.6
84881,14.3805,20.0,1851.6
84882,14.3805,20.0,1851.6
84883,14.3805,20.0,1851.7
84884,14.3805,20.0,1851.7
84885,14.3805,20.0,1851.7
84886,14.3805,20.0,1851.7
84887,14.3805,20.0,1851.7
84888,14.3805,20.0,1851.8
84889,14.3805,20.0,1851.8
84890,14.3805,20.0,1851.8
84891,14.3805,20.0,1851.8
84892,14.3805,20.0,1851.8
84893,14.3805,20.0,1851.9
84894,14.3805,20.0,1851.9
84895,14.3805,20.0,1851.9
84896,14.3805,20.0,1851.9
84897,14.3805,20.0,1851.9
84898,14.3805,20.0,1852.0
84899,14.3805,20.0,1852.0
84900,14.3805,20.0,1852.0
84901,14.4402,20.0,1852.0
84902,14.4402,20.0,1852.1
84903,14.4402,20.0,1852.1
84904,14.4402,20.0,1852.1
84905,14.4402,20.0,1852.1
84906,14.4402,20.0,1852.1
84907,14.4402,20.0,1852.2
84908,14.4402,20.0,1852.2
84909,14.4402,20.0,1852.2
84910,14.4402,20.0,1852.2
84911,14.4402,20.0,1852.2
84912,14.4402,20.0,1852.3
84913,14.4402,20.0,1852.3
84914,14.4402,20.0,1852.3
84915,14.4402,20.0,1852.3
84916,14.4402,20.0,1852.4
84917,14.4402,20.0,1852.4
84918,14.4402,20.0,1852.4
84919,14.4402,20.0,1852.4
84920,14.4402,20.0,1852.4
84921,14.4999,20.0,1852.5
84922,14.4999,20.0,1852.5
84923,14.4999,20.0,1852.5
84924,14.4999,20.0,1852.5
84925,14.4999,20.0,1852.6
84926,14.4999,20.0,1852.6
84927,14.4999,20.0,1852.6
84928,14.4999,20.0,1852.6
84929,14.4999,20.0,1852.6
84930,14.4999,20.0,1852.7
84931,14.4999,20.0,1852.7
84932,14.4999,20.0,1852.7
84933,14.4999,20.0,1852.7
84934,14.4999,20.0,1852.7
84935,14.4999,20.0,1852.7
84936,14.4999,20.0,1852.8
84937,14.4999,20.0,1852.8
84938,14.4999,20.0,1852.8
84939,14.4999,20.0,1852.8
84940,14.4999,20.0,1852.9
84941,14.5596,20.0,1852.9
84942,14.5596,20.0,1852.9
84943,14.5596,20.0,1852.9
84944,14.5596,20.0,1853.0
84945,14.5596,20.0,1853.0
84946,14.5596,20.0,1853.0
84947,14.5596,20.0,1853.0
84948,14.5596,20.0,1853.0
84949,14.5596,20.0,1853.1
84950,14.5596,20.0,1853.1
84951,14.5596,20.0,1853.1
84952,14.5596,20.0,1853.1
84953,14.5596,20.0,1853.1
84954,14.5596,20.0,1853.2
84955,14.5596,20.0,1853.2
84956,14.5596,20.0,1853.2
84957,14.5596,20.0,1853.2
84958,14.5596,20.0,1853.3
84959,14.5596,20.0,1853.3
84960,14.5596,20.0,1853.3
84961,14.5797,20.0,1853.3
84962,14.5797,20.0,1853.3
84963,14.5797,20.0,1853.4
84964,14.5797,20.0,1853.4
84965,14.5797,20.0,1853.4
84966,14.5797,20.0,1853.4
84967,14.5797,20.0,1853.4
84968,14.5797,20.0,1853.5
84969,14.5797,20.0,1853.5
84970,14.5797,20.0,1853.5
84971,14.5797,20.0,1853.5
84972,14.5797,20.0,1853.5
84973,14.5797,20.0,1853.6
84974,14.5797,20.0,1853.6
84975,14.5797,20.0,1853.6
84976,14.5797,20.0,1853.6
84977,14.5797,20.0,1853.7
84978,14.5797,20.0,1853.7
84979,14.5797,20.0,1853.7
84980,14.5797,20.0,1853.7
84981,14.5998,20.0,1853.7
84982,14.5998,20.0,1853.8
84983,14.5998,20.0,1853.8
84984,14.5998,20.0,1853.8
84985,14.5998,20.0,1853.8
84986,14.5998,20.0,1853.8
84987,14.5998,20.0,1853.9
84988,14.5998,20.0,1853.9
84989,14.5998,20.0,1853.9
84990,14.5998,20.0,1853.9
84991,14.5998,20.0,1853.9
84992,14.5998,20.0,1854.0
84993,14.5998,20.0,1854.3
84994,14.5998,20.0,1854.3
84995,14.5998,20.0,1854.3
84996,14.5998,20.0,1854.3
84997,14.5998,20.0,1854.3
84998,14.5998,20.0,1854.4
84999,14.5998,20.0,1854.4
85000,14.5998,20.0,1854.4
85001,14.6193,20.0,1854.4
85002,14.6193,20.0,1854.4
85003,14.6193,20.0,1854.5
85004,14.6193,20.0,1854.5
85005,14.6193,20.0,1854.5
85006,14.6193,20.0,1854.5
85007,14.6193,20.0,1854.6
85008,14.6193,20.0,1854.6
85009,14.6193,20.0,1854.6
85010,14.6193,20.0,1854.6
85011,14.6193,20.0,1854.6
85012,14.6193,20.0,1854.7
85013,14.6193,20.0,1854.7
85014,14.6193,20.0,1854.7
85015,14.6193,20.0,1854.7
85016,14.6193,20.0,1854.8
85017,14.6193,20.0,1854.8
85018,14.6193,20.0,1854.8
85019,14.6193,20.0,1854.8
85020,14.6193,20.0,1854.8
85021,14.6388,20.0,1854.9
85022,14.6388,20.0,1854.9
85023,14.6388,20.0,1854.9
85024,14.6388,20.0,1854.9
85025,14.6388,20.0,1854.9
85026,14.6388,20.0,1855.0
85027,14.6388,20.0,1855.0
85028,14.6388,20.0,1855.0
85029,14.6388,20.0,1855.0
85030,14.6388,20.0,1855.0
85031,14.6388,20.0,1855.1
85032,14.6388,20.0,1855.1
85033,14.6388,20.0,1855.1
85034,14.6388,20.0,1855.1
85035,14.6388,20.0,1855.2
85036,14.6388,20.0,1855.2
85037,14.6388,20.0,1855.2
85038,14.6388,20.0,1855.2
85039,14.6388,20.0,1855.2
85040,14.6388,20.0,1855.3
85041,14.6583,20.0,1855.3
85042,14.6583,20.0,1855.3
85043,14.6583,20.0,1855.3
85044,14.6583,20.0,1855.4
85045,14.6583,20.0,1855.4
85046,14.6583,20.0,1855.4
85047,14.6583,20.0,1855.4
85048,14.6583,20.0,1855.4
85049,14.6583,20.0,1855.5
85050,14.6583,20.0,1855.5
85051,14.6583,20.0,1855.5
85052,14.6583,20.0,1855.5
85053,14.6583,20.0,1855.5
85054,14.6583,20.0,1855.6
85055,14.6583,20.0,1855.6
85056,14.6583,20.0,1855.6
85057,14.6583,20.0,1855.6
85058,14.6583,20.0,1855.6
85059,14.6583,20.0,1855.6
85060,14.6583,20.0,1855.7
85061,14.6778,20.0,1855.7
85062,14.6778,20.0,1855.7
85063,14.6778,20.0,1855.7
85064,14.6778,20.0,1855.7
85065,14.6778,20.0,1855.8
85066,14.6778,20.0,1855.8
85067,14.6778,20.0,1855.8
85068,14.6778,20.0,1855.8
85069,14.6778,20.0,1855.8
85070,14.6778,20.0,1855.9
85071,14.6778,20.0,1855.9
85072,14.6778,20.0,1855.9
85073,14.6778,20.0,1855.9
85074,14.6778,20.0,1856.0
85075,14.6778,20.0,1856.0
85076,14.6778,20.0,1856.0
85077,14.6778,20.0,1856.0
85078,14.6778,20.0,1856.0
85079,14.6778,20.0,1856.0
85080,14.6778,20.0,1856.1
85081,14.6973,20.0,1856.1
85082,14.6973,20.0,1856.1
85083,14.6973,20.0,1856.1
85084,14.6973,20.0,1856.1
85085,14.6973,20.0,1856.2
85086,14.6973,20.0,1856.2
85087,14.6973,20.0,1856.2
85088,14.6973,20.0,1856.2
85089,14.6973,20.0,1856.3
85090,14.6973,20.0,1856.3
85091,14.6973,20.0,1856.3
85092,14.6973,20.0,1856.3
85093,14.6973,20.0,1856.3
85094,14.6973,20.0,1856.4
85095,14.6973,20.0,1856.4
85096,14.6973,20.0,1856.4
85097,14.6973,20.0,1856.4
85098,14.6973,20.0,1856.5
85099,14.6973,20.0,1856.5
85100,14.6973,20.0,1856.5
85101,14.7168,20.0,1856.5
85102,14.7168,20.0,1856.5
85103,14.7168,20.0,1856.5
85104,14.7168,20.0,1856.6
85105,14.7168,20.0,1856.6
85106,14.7168,20.0,1856.6
85107,14.7168,20.0,1856.6
85108,14.7168,20.0,1856.7
85109,14.7168,20.0,1856.7
85110,14.7168,20.0,1856.7
85111,14.7168,20.0,1856.7
85112,14.7168,20.0,1856.7
85113,14.7168,20.0,1856.8
85114,14.7168,20.0,1856.8
85115,14.7168,20.0,1856.8
85116,14.7168,20.0,1856.8
85117,14.7168,20.0,1856.8
85118,14.7168,20.0,1856.9
85119,14.7168,20.0,1856.9
85120,14.7168,20.0,1856.9
85121,14.7362,20.0,1856.9
85122,14.7362,20.0,1857.0
85123,14.7362,20.0,1857.0
85124,14.7362,20.0,1857.0
85125,14.7362,20.0,1857.0
85126,14.7362,20.0,1857.0
85127,14.7362,20.0,1857.0
85128,14.7362,20.0,1857.1
85129,14.7362,20.0,1857.1
85130,14.7362,20.0,1857.1
85131,14.7362,20.0,1857.1
85132,14.7362,20.0,1857.2
85133,14.7362,20.0,1857.2
85134,14.7362,20.0,1857.2
85135,14.7362,20.0,1857.2
85136,14.7362,20.0,1857.3
85137,14.7362,20.0,1857.3
85138,14.7362,20.0,1857.3
85139,14.7362,20.0,1857.3
85140,14.7362,20.0,1857.3
85141,14.7557,20.0,1857.3
85142,14.7557,20.0,1857.4
85143,14.7557,20.0,1857.4
85144,14.7557,20.0,1857.4
85145,14.7557,20.0,1857.4
85146,14.7557,20.0,1857.4
85147,14.7557,20.0,1857.5
85148,14.7557,20.0,1857.5
85149,14.7557,20.0,1857.5
85150,14.7557,20.0,1857.5
85151,14.7557,20.0,1857.6
85152,14.7557,20.0,1857.6
85153,14.7557,20.0,1857.6
85154,14.7557,20.0,1857.6
85155,14.7557,20.0,1857.6
85156,14.7557,20.0,1857.7
85157,14.7557,20.0,1857.7
85158,14.7557,20.0,1857.7
85159,14.7557,20.0,1857.7
85160,14.7557,20.0,1857.8
85161,14.7752,20.0,1857.8
85162,14.7752,20.0,1857.8
85163,14.7752,20.0,1857.8
85164,14.7752,20.0,1857.9
85165,14.7752,20.0,1857.9
85166,14.7752,20.0,1857.9
85167,14.7752,20.0,1857.9
85168,14.7752,20.0,1857.9
85169,14.7752,20.0,1858.0
85170,14.7752,20.0,1858.0
85171,14.7752,20.0,1858.0
85172,14.7752,20.0,1858.0
85173,14.7752,20.0,1858.0
85174,14.7752,20.0,1858.1
85175,14.7752,20.0,1858.1
85176,14.7752,20.0,1858.1
85177,14.7752,20.0,1858.1
85178,14.7752,20.0,1858.1
85179,14.7752,20.0,1858.2
85180,14.7752,20.0,1858.2
85181,14.7947,20.0,1858.2
85182,14.7947,20.0,1858.2
85183,14.7947,20.0,1858.3
85184,14.7947,20.0,1858.3
85185,14.7947,20.0,1858.3
85186,14.7947,20.0,1858.3
85187,14.7947,20.0,1858.3
85188,14.7947,20.0,1858.4
85189,14.7947,20.0,1858.4
85190,14.7947,20.0,1858.4
85191,14.7947,20.0,1858.4
85192,14.7947,20.0,1858.4
85193,14.7947,20.0,1858.5
85194,14.7947,20.0,1858.5
85195,14.7947,20.0,1858.5
85196,14.7947,20.0,1858.5
85197,14.7947,20.0,1858.5
85198,14.7947,20.0,1858.6
85199,14.7947,20.0,1858.6
85200,14.7947,20.0,1858.6
85201,14.8142,20.0,1858.6
85202,14.8142,20.0,1858.7
85203,14.8142,20.0,1858.7
85204,14.8142,20.0,1858.7
85205,14.8142,20.0,1858.7
85206,14.8142,20.0,1858.8
85207,14.8142,20.0,1858.8
85208,14.8142,20.0,1858.8
85209,14.8142,20.0,1858.8
85210,14.8142,20.0,1858.8
85211,14.8142,20.0,1858.9
85212,14.8142,20.0,1858.9
85213,14.8142,20.0,1858.9
85214,14.8142,20.0,1858.9
85215,14.8142,20.0,1859.0
85216,14.8142,20.0,1859.0
85217,14.8142,20.0,1859.0
85218,14.8142,20.0,1859.0
85219,14.8142,20.0,1859.0
85220,14.8142,20.0,1859.1
85221,14.8337,20.0,1859.1
85222,14.8337,20.0,1859.1
85223,14.8337,20.0,1859.1
85224,14.8337,20.0,1859.1
85225,14.8337,20.0,1859.2
85226,14.8337,20.0,1859.2
85227,14.8337,20.0,1859.2
85228,14.8337,20.0,1859.2
85229,14.8337,20.0,1859.3
85230,14.8337,20.0,1859.3
85231,14.8337,20.0,1859.3
85232,14.8337,20.0,1859.3
85233,14.8337,20.0,1859.3
85234,14.8337,20.0,1859.3
85235,14.8337,20.0,1859.4
85236,14.8337,20.0,1859.4
85237,14.8337,20.0,1859.4
85238,14.8337,20.0,1859.4
85239,14.8337,20.0,1859.5
85240,14.8337,20.0,1859.5
85241,14.8532,20.0,1859.5
85242,14.8532,20.0,1859.5
85243,14.8532,20.0,1859.5
85244,14.8532,20.0,1859.6
85245,14.8532,20.0,1859.6
85246,14.8532,20.0,1859.6
85247,14.8532,20.0,1859.6
85248,14.8532,20.0,1859.6
85249,14.8532,20.0,1859.7
85250,14.8532,20.0,1859.7
85251,14.8532,20.0,1859.7
85252,14.8532,20.0,1859.7
85253,14.8532,20.0,1859.7
85254,14.8532,20.0,1859.7
85255,14.8532,20.0,1859.8
85256,14.8532,20.0,1859.8
85257,14.8532,20.0,1859.8
85258,14.8532,20.0,1859.8
85259,14.8532,20.0,1859.8
85260,14.8532,20.0,1859.9
85261,14.8726,20.0,1859.9
85262,14.8726,20.0,1859.9
85263,14.8726,20.0,1859.9
85264,14.8726,20.0,1860.0
85265,14.8726,20.0,1860.0
85266,14.8726,20.0,1860.0
85267,14.8726,20.0,1860.0
85268,14.8726,20.0,1860.0
85269,14.8726,20.0,1860.1
85270,14.8726,20.0,1860.1
85271,14.8726,20.0,1860.1
85272,14.8726,20.0,1860.1
85273,14.8726,20.0,1860.2
85274,14.8726,20.0,1860.2
85275,14.8726,20.0,1860.2
85276,14.8726,20.0,1860.2
85277,14.8726,20.0,1860.2
85278,14.8726,20.0,1860.3
85279,14.8726,20.0,1860.3
85280,14.8726,20.0,1860.3
85281,14.8921,20.0,1860.3
85282,14.8921,20.0,1860.4
85283,14.8921,20.0,1860.4
85284,14.8921,20.0,1860.4
85285,14.8921,20.0,1860.4
85286,14.8921,20.0,1860.4
85287,14.8921,20.0,1860.5
85288,14.8921,20.0,1860.5
85289,14.8921,20.0,1860.5
85290,14.8921,20.0,1860.5
85291,14.8921,20.0,1860.5
85292,14.8921,20.0,1860.6
85293,14.8921,20.0,1860.6
85294,14.8921,20.0,1860.6
85295,14.8921,20.0,1860.6
85296,14.8921,20.0,1860.7
85297,14.8921,20.0,1860.7
85298,14.8921,20.0,1860.7
85299,14.8921,20.0,1860.7
85300,14.8921,20.0,1860.7
85301,14.9116,20.0,1860.8
85302,14.9116,20.0,1860.8
85303,14.9116,20.0,1860.8
85304,14.9116,20.0,1860.8
85305,14.9116,20.0,1860.8
85306,14.9116,20.0,1860.9
85307,14.9116,20.0,1860.9
85308,14.9116,20.0,1860.9
85309,14.9116,20.0,1860.9
85310,14.9116,20.0,1860.9
85311,14.9116,20.0,1861.0
85312,14.9116,20.0,1861.0
85313,14.9116,20.0,1861.0
85314,14.9116,20.0,1861.0
85315,14.9116,20.0,1861.0
85316,14.9116,20.0,1861.1
85317,14.9116,20.0,1861.1
85318,14.9116,20.0,1861.1
85319,14.9116,20.0,1861.1
85320,14.9116,20.0,1861.1
85321,14.9311,20.0,1861.2
85322,14.9311,20.0,1861.2
85323,14.9311,20.0,1861.2
85324,14.9311,20.0,1861.2
85325,14.9311,20.0,1861.3
85326,14.9311,20.0,1861.3
85327,14.9311,20.0,1861.3
85328,14.9311,20.0,1861.3
85329,14.9311,20.0,1861.3
85330,14.9311,20.0,1861.4
85331,14.9311,20.0,1861.4
85332,14.9311,20.0,1861.4
85333,14.9311,20.0,1861.4
85334,14.9311,20.0,1861.4
85335,14.9311,20.0,1861.5
85336,14.9311,20.0,1861.5
85337,14.9311,20.0,1861.5
85338,14.9311,20.0,1861.5
85339,14.9311,20.0,1861.6
85340,14.9311,20.0,1861.6
85341,14.9506,20.0,1861.6
85342,14.9506,20.0,1861.6
85343,14.9506,20.0,1861.6
85344,14.9506,20.0,1861.6
85345,14.9506,20.0,1861.7
85346,14.9506,20.0,1861.7
85347,14.9506,20.0,1861.7
85348,14.9506,20.0,1861.7
85349,14.9506,20.0,1861.7
85350,14.9506,20.0,1861.8
85351,14.9506,20.0,1861.8
85352,14.9506,20.0,1861.8
85353,14.9506,20.0,1861.8
85354,14.9506,20.0,1861.8
85355,14.9506,20.0,1861.9
85356,14.9506,20.0,1861.9
85357,14.9506,20.0,1861.9
85358,14.9506,20.0,1861.9
85359,14.9506,20.0,1862.0
85360,14.9506,20.0,1862.0
85361,14.9701,20.0,1862.0
85362,14.9701,20.0,1862.0
85363,14.9701,20.0,1862.0
85364,14.9701,20.0,1862.1
85365,14.9701,20.0,1862.1
85366,14.9701,20.0,1862.1
85367,14.9701,20.0,1862.1
85368,14.9701,20.0,1862.1
85369,14.9701,20.0,1862.2
85370,14.9701,20.0,1862.2
85371,14.9701,20.0,1862.2
85372,14.9701,20.0,1862.2
85373,14.9701,20.0,1862.2
85374,14.9701,20.0,1862.3
85375,14.9701,20.0,1862.3
85376,14.9701,20.0,1862.3
85377,14.9701,20.0,1862.3
85378,14.9701,20.0,1862.3
85379,14.9701,20.0,1862.4
85380,14.9701,20.0,1862.4
85381,14.9895,20.0,1862.4
85382,14.9895,20.0,1862.4
85383,14.9895,20.0,1862.5
85384,14.9895,20.0,1862.5
85385,14.9895,20.0,1862.5
85386,14.9895,20.0,1862.5
85387,14.9895,20.0,1862.5
85388,14.9895,20.0,1862.6
85389,14.9895,20.0,1862.6
85390,14.9895,20.0,1862.6
85391,14.9895,20.0,1862.6
85392,14.9895,20.0,1862.6
85393,14.9895,20.0,1862.7
85394,14.9895,20.0,1862.7
85395,14.9895,20.0,1862.7
85396,14.9895,20.0,1862.7
85397,14.9895,20.0,1862.7
85398,14.9895,20.0,1862.8
85399,14.9895,20.0,1862.8
85400,14.9895,20.0,1862.8
85401,15.0090,20.0,1862.8
85402,15.0090,20.0,1862.8
85403,15.0090,20.0,1862.9
85404,15.0090,20.0,1862.9
85405,15.0090,20.0,1862.9
85406,15.0090,20.0,1862.9
85407,15.0090,20.0,1862.9
85408,15.0090,20.0,1863.0
85409,15.0090,20.0,1863.0
85410,15.0090,20.0,1863.0
85411,15.0090,20.0,1863.0
85412,15.0090,20.0,1863.0
85413,15.0090,20.0,1863.1
85414,15.0090,20.0,1863.1
85415,15.0090,20.0,1863.1
85416,15.0090,20.0,1863.1
85417,15.0090,20.0,1863.1
85418,15.0090,20.0,1863.2
85419,15.0090,20.0,1863.2
85420,15.0090,20.0,1863.2
85421,15.0285,20.0,1863.2
85422,15.0285,20.0,1863.2
85423,15.0285,20.0,1863.3
85424,15.0285,20.0,1863.3
85425,15.0285,20.0,1863.3
85426,15.0285,20.0,1863.3
85427,15.0285,20.0,1863.4
85428,15.0285,20.0,1863.4
85429,15.0285,20.0,1863.4
85430,15.0285,20.0,1863.4
85431,15.0285,20.0,1863.5
85432,15.0285,20.0,1863.5
85433,15.0285,20.0,1863.5
85434,15.0285,20.0,1863.5
85435,15.0285,20.0,1863.5
85436,15.0285,20.0,1863.6
85437,15.0285,20.0,1863.6
85438,15.0285,20.0,1863.6
85439,15.0285,20.0,1863.6
85440,15.0285,20.0,1863.6
85441,15.0480,20.0,1863.7
85442,15.0480,20.0,1863.7
85443,15.0480,20.0,1863.7
85444,15.0480,20.0,1863.7
85445,15.0480,20.0,1863.7
85446,15.0480,20.0,1863.8
85447,15.0480,20.0,1863.8
85448,15.0480,20.0,1863.8
85449,15.0480,20.0,1863.8
85450,15.0480,20.0,1863.8
85451,15.0480,20.0,1863.9
85452,15.0480,20.0,1863.9
85453,15.0480,20.0,1863.9
85454,15.0480,20.0,1863.9
85455,15.0480,20.0,1863.9
85456,15.0480,20.0,1864.0
85457,15.0480,20.0,1864.0
85458,15.0480,20.0,1864.0
85459,15.0480,20.0,1864.0
85460,15.0480,20.0,1864.1
85461,15.0675,20.0,1864.1
85462,15.0675,20.0,1864.1
85463,15.0675,20.0,1864.1
85464,15.0675,20.0,1864.1
85465,15.0675,20.0,1864.2
85466,15.0675,20.0,1864.2
85467,15.0675,20.0,1864.2
85468,15.0675,20.0,1864.2
85469,15.0675,20.0,1864.2
85470,15.0675,20.0,1864.3
85471,15.0675,20.0,1864.3
85472,15.0675,20.0,1864.3
85473,15.0675,20.0,1864.3
85474,15.0675,20.0,1864.3
85475,15.0675,20.0,1864.4
85476,15.0675,20.0,1864.4
85477,15.0675,20.0,1864.4
85478,15.0675,20.0,1864.4
85479,15.0675,20.0,1864.5
85480,15.0675,20.0,1864.5
85481,15.0870,20.0,1864.5
85482,15.0870,20.0,1864.5
85483,15.0870,20.0,1864.5
85484,15.0870,20.0,1864.6
85485,15.0870,20.0,1864.6
85486,15.0870,20.0,1864.6
85487,15.0870,20.0,1864.6
85488,15.0870,20.0,1864.6
85489,15.0870,20.0,1864.7
85490,15.0870,20.0,1864.7
85491,15.0870,20.0,1864.7
85492,15.0870,20.0,1864.7
85493,15.0870,20.0,1864.7
85494,15.0870,20.0,1864.8
85495,15.0870,20.0,1864.8
85496,15.0870,20.0,1864.8
85497,15.0870,20.0,1864.8
85498,15.0870,20.0,1864.8
85499,15.0870,20.0,1864.9
85500,15.0870,20.0,1864.9
85501,15.1065,20.0,1864.9
85502,15.1065,20.0,1864.9
85503,15.1065,20.0,1865.0
85504,15.1065,20.0,1865.0
85505,15.1065,20.0,1865.3
85506,15.1065,20.0,1865.3
85507,15.1065,20.0,1865.3
85508,15.1065,20.0,1865.3
85509,15.1065,20.0,1865.3
85510,15.1065,20.0,1865.4
85511,15.1065,20.0,1865.4
85512,15.1065,20.0,1865.4
85513,15.1065,20.0,1865.4
85514,15.1065,20.0,1865.4
85515,15.1065,20.0,1865.5
85516,15.1065,20.0,1865.5
85517,15.1065,20.0,1865.5
85518,15.1065,20.0,1865.5
85519,15.1065,20.0,1865.5
85520,15.1065,20.0,1865.6
85521,15.0861,20.0,1865.6
85522,15.0861,20.0,1865.6
85523,15.0861,20.0,1865.6
85524,15.0861,20.0,1865.7
85525,15.0861,20.0,1865.7
85526,15.0861,20.0,1865.7
85527,15.0861,20.0,1865.7
85528,15.0861,20.0,1865.7
85529,15.0861,20.0,1865.8
85530,15.0861,20.0,1865.8
85531,15.0861,20.0,1865.8
85532,15.0861,20.0,1865.8
85533,15.0861,20.0,1865.9
85534,15.0861,20.0,1865.9
85535,15.0861,20.0,1865.9
85536,15.0861,20.0,1865.9
85537,15.0861,20.0,1865.9
85538,15.0861,20.0,1866.0
85539,15.0861,20.0,1866.0
85540,15.0861,20.0,1866.0
85541,15.0656,20.0,1866.0
85542,15.0656,20.0,1866.0
85543,15.0656,20.0,1866.1
85544,15.0656,20.0,1866.1
85545,15.0656,20.0,1866.1
85546,15.0656,20.0,1866.1
85547,15.0656,20.0,1866.1
85548,15.0656,20.0,1866.2
85549,15.0656,20.0,1866.2
85550,15.0656,20.0,1866.2
85551,15.0656,20.0,1866.2
85552,15.0656,20.0,1866.2
85553,15.0656,20.0,1866.3
85554,15.0656,20.0,1866.3
85555,15.0656,20.0,1866.3
85556,15.0656,20.0,1866.3
85557,15.0656,20.0,1866.4
85558,15.0656,20.0,1866.4
85559,15.0656,20.0,1866.4
85560,15.0656,20.0,1866.4
85561,15.0452,20.0,1866.4
85562,15.0452,20.0,1866.5
85563,15.0452,20.0,1866.5
85564,15.0452,20.0,1866.5
85565,15.0452,20.0,1866.5
85566,15.0452,20.0,1866.5
85567,15.0452,20.0,1866.6
85568,15.0452,20.0,1866.6
85569,15.0452,20.0,1866.6
85570,15.0452,20.0,1866.6
85571,15.0452,20.0,1866.6
85572,15.0452,20.0,1866.7
85573,15.0452,20.0,1866.7
85574,15.0452,20.0,1866.7
85575,15.0452,20.0,1866.7
85576,15.0452,20.0,1866.7
85577,15.0452,20.0,1866.7
85578,15.0452,20.0,1866.8
85579,15.0452,20.0,1866.8
85580,15.0452,20.0,1866.8
85581,15.0248,20.0,1866.8
85582,15.0248,20.0,1866.9
85583,15.0248,20.0,1866.9
85584,15.0248,20.0,1866.9
85585,15.0248,20.0,1866.9
85586,15.0248,20.0,1867.0
85587,15.0248,20.0,1867.0
85588,15.0248,20.0,1867.0
85589,15.0248,20.0,1867.0
85590,15.0248,20.0,1867.0
85591,15.0248,20.0,1867.1
85592,15.0248,20.0,1867.1
85593,15.0248,20.0,1867.1
85594,15.0248,20.0,1867.1
85595,15.0248,20.0,1867.1
85596,15.0248,20.0,1867.2
85597,15.0248,20.0,1867.2
85598,15.0248,20.0,1867.2
85599,15.0248,20.0,1867.2
85600,15.0248,20.0,1867.2
85601,15.0044,20.0,1867.3
85602,15.0044,20.0,1867.3
85603,15.0044,20.0,1867.3
85604,15.0044,20.0,1867.3
85605,15.0044,20.0,1867.3
85606,15.0044,20.0,1867.4
85607,15.0044,20.0,1867.4
85608,15.0044,20.0,1867.4
85609,15.0044,20.0,1867.4
85610,15.0044,20.0,1867.4
85611,15.0044,20.0,1867.5
85612,15.0044,20.0,1867.5
85613,15.0044,20.0,1867.5
85614,15.0044,20.0,1867.5
85615,15.0044,20.0,1867.5
85616,15.0044,20.0,1867.6
85617,15.0044,20.0,1867.6
85618,15.0044,20.0,1867.6
85619,15.0044,20.0,1867.6
85620,15.0044,20.0,1867.7
85621,14.9840,20.0,1867.7
85622,14.9840,20.0,1867.7
85623,14.9840,20.0,1867.7
85624,14.9840,20.0,1867.8
85625,14.9840,20.0,1867.8
85626,14.9840,20.0,1867.8
85627,14.9840,20.0,1867.8
85628,14.9840,20.0,1867.8
85629,14.9840,20.0,1867.9
85630,14.9840,20.0,1867.9
85631,14.9840,20.0,1867.9
85632,14.9840,20.0,1867.9
85633,14.9840,20.0,1867.9
85634,14.9840,20.0,1868.0
85635,14.9840,20.0,1868.0
85636,14.9840,20.0,1868.0
85637,14.9840,20.0,1868.0
85638,14.9840,20.0,1868.0
85639,14.9840,20.0,1868.1
85640,14.9840,20.0,1868.1
85641,14.9636,20.0,1868.1
85642,14.9636,20.0,1868.1
85643,14.9636,20.0,1868.1
85644,14.9636,20.0,1868.2
85645,14.9636,20.0,1868.2
85646,14.9636,20.0,1868.2
85647,14.9636,20.0,1868.2
85648,14.9636,20.0,1868.3
85649,14.9636,20.0,1868.3
85650,14.9636,20.0,1868.3
85651,14.9636,20.0,1868.3
85652,14.9636,20.0,1868.3
85653,14.9636,20.0,1868.3
85654,14.9636,20.0,1868.4
85655,14.9636,20.0,1868.4
85656,14.9636,20.0,1868.4
85657,14.9636,20.0,1868.4
85658,14.9636,20.0,1868.4
85659,14.9636,20.0,1868.5
85660,14.9636,20.0,1868.5
85661,14.9432,20.0,1868.5
85662,14.9432,20.0,1868.5
85663,14.9432,20.0,1868.6
85664,14.9432,20.0,1868.6
85665,14.9432,20.0,1868.6
85666,14.9432,20.0,1868.6
85667,14.9432,20.0,1868.7
85668,14.9432,20.0,1868.7
85669,14.9432,20.0,1868.7
85670,14.9432,20.0,1868.7
85671,14.9432,20.0,1868.7
85672,14.9432,20.0,1868.8
85673,14.9432,20.0,1868.8
85674,14.9432,20.0,1868.8
85675,14.9432,20.0,1868.8
85676,14.9432,20.0,1868.8
85677,14.9432,20.0,1868.9
85678,14.9432,20.0,1868.9
85679,14.9432,20.0,1868.9
85680,14.9432,20.0,1868.9
85681,14.9228,20.0,1868.9
85682,14.9228,20.0,1869.0
85683,14.9228,20.0,1869.0
85684,14.9228,20.0,1869.0
85685,14.9228,20.0,1869.0
85686,14.9228,20.0,1869.0
85687,14.9228,20.0,1869.1
85688,14.9228,20.0,1869.1
85689,14.9228,20.0,1869.1
85690,14.9228,20.0,1869.1
85691,14.9228,20.0,1869.1
85692,14.9228,20.0,1869.2
85693,14.9228,20.0,1869.2
85694,14.9228,20.0,1869.2
85695,14.9228,20.0,1869.2
85696,14.9228,20.0,1869.2
85697,14.9228,20.0,1869.3
85698,14.9228,20.0,1869.3
85699,14.9228,20.0,1869.3
85700,14.9228,20.0,1869.3
85701,14.9024,20.0,1869.3
85702,14.9024,20.0,1869.4
85703,14.9024,20.0,1869.4
85704,14.9024,20.0,1869.4
85705,14.9024,20.0,1869.4
85706,14.9024,20.0,1869.5
85707,14.9024,20.0,1869.5
85708,14.9024,20.0,1869.5
85709,14.9024,20.0,1869.5
85710,14.9024,20.0,1869.5
85711,14.9024,20.0,1869.6
85712,14.9024,20.0,1869.6
85713,14.9024,20.0,1869.6
85714,14.9024,20.0,1869.6
85715,14.9024,20.0,1869.6
85716,14.9024,20.0,1869.7
85717,14.9024,20.0,1869.7
85718,14.9024,20.0,1869.7
85719,14.9024,20.0,1869.7
85720,14.9024,20.0,1869.7
85721,14.8820,20.0,1869.8
85722,14.8820,20.0,1869.8
85723,14.8820,20.0,1869.8
85724,14.8820,20.0,1869.8
85725,14.8820,20.0,1869.9
85726,14.8820,20.0,1869.9
85727,14.8820,20.0,1869.9
85728,14.8820,20.0,1869.9
85729,14.8820,20.0,1869.9
85730,14.8820,20.0,1870.0
85731,14.8820,20.0,1870.0
85732,14.8820,20.0,1870.0
85733,14.8820,20.0,1870.0
85734,14.8820,20.0,1870.0
85735,14.8820,20.0,1870.1
85736,14.8820,20.0,1870.1
85737,14.8820,20.0,1870.1
85738,14.8820,20.0,1870.1
85739,14.8820,20.0,1870.2
85740,14.8820,20.0,1870.2
85741,14.8616,20.0,1870.2
85742,14.8616,20.0,1870.2
85743,14.8616,20.0,1870.2
85744,14.8616,20.0,1870.3
85745,14.8616,20.0,1870.3
85746,14.8616,20.0,1870.3
85747,14.8616,20.0,1870.3
85748,14.8616,20.0,1870.4
85749,14.8616,20.0,1870.4
85750,14.8616,20.0,1870.4
85751,14.8616,20.0,1870.4
85752,14.8616,20.0,1870.4
85753,14.8616,20.0,1870.5
85754,14.8616,20.0,1870.5
85755,14.8616,20.0,1870.5
85756,14.8616,20.0,1870.5
85757,14.8616,20.0,1870.6
85758,14.8616,20.0,1870.6
85759,14.8616,20.0,1870.6
85760,14.8616,20.0,1870.6
85761,14.8412,20.0,1870.6
85762,14.8412,20.0,1870.7
85763,14.8412,20.0,1870.7
85764,14.8412,20.0,1870.7
85765,14.8412,20.0,1870.7
85766,14.8412,20.0,1870.7
85767,14.8412,20.0,1870.7
85768,14.8412,20.0,1870.8
85769,14.8412,20.0,1870.8
85770,14.8412,20.0,1870.8
85771,14.8412,20.0,1870.8
85772,14.8412,20.0,1870.9
85773,14.8412,20.0,1870.9
85774,14.8412,20.0,1870.9
85775,14.8412,20.0,1870.9
85776,14.8412,20.0,1870.9
85777,14.8412,20.0,1871.0
85778,14.8412,20.0,1871.0
85779,14.8412,20.0,1871.0
85780,14.8412,20.0,1871.0
85781,14.8208,20.0,1871.0
85782,14.8208,20.0,1871.0
85783,14.8208,20.0,1871.1
85784,14.8208,20.0,1871.1
85785,14.8208,20.0,1871.1
85786,14.8208,20.0,1871.1
85787,14.8208,20.0,1871.2
85788,14.8208,20.0,1871.2
85789,14.8208,20.0,1871.2
85790,14.8208,20.0,1871.2
85791,14.8208,20.0,1871.2
85792,14.8208,20.0,1871.3
85793,14.8208,20.0,1871.3
85794,14.8208,20.0,1871.3
85795,14.8208,20.0,1871.3
85796,14.8208,20.0,1871.4
85797,14.8208,20.0,1871.4
85798,14.8208,20.0,1871.4
85799,14.8208,20.0,1871.4
85800,14.8208,20.0,1871.4
85801,14.8004,20.0,1871.5
85802,14.8004,20.0,1871.5
85803,14.8004,20.0,1871.5
85804,14.8004,20.0,1871.5
85805,14.8004,20.0,1871.5
85806,14.8004,20.0,1871.6
85807,14.8004,20.0,1871.6
85808,14.8004,20.0,1871.6
85809,14.8004,20.0,1871.6
85810,14.8004,20.0,1871.7
85811,14.8004,20.0,1871.7
85812,14.8004,20.0,1871.7
85813,14.8004,20.0,1871.7
85814,14.8004,20.0,1871.7
85815,14.8004,20.0,1871.8
85816,14.8004,20.0,1871.8
85817,14.8004,20.0,1871.8
85818,14.8004,20.0,1871.8
85819,14.8004,20.0,1871.8
85820,14.8004,20.0,1871.9
85821,14.7800,20.0,1871.9
85822,14.7800,20.0,1871.9
85823,14.7800,20.0,1871.9
85824,14.7800,20.0,1872.0
85825,14.7800,20.0,1872.0
85826,14.7800,20.0,1872.0
85827,14.7800,20.0,1872.0
85828,14.7800,20.0,1872.0
85829,14.7800,20.0,1872.1
85830,14.7800,20.0,1872.1
85831,14.7800,20.0,1872.1
85832,14.7800,20.0,1872.1
85833,14.7800,20.0,1872.2
85834,14.7800,20.0,1872.2
85835,14.7800,20.0,1872.2
85836,14.7800,20.0,1872.2
85837,14.7800,20.0,1872.3
85838,14.7800,20.0,1872.3
85839,14.7800,20.0,1872.3
85840,14.7800,20.0,1872.3
85841,14.7596,20.0,1872.3
85842,14.7596,20.0,1872.3
85843,14.7596,20.0,1872.4
85844,14.7596,20.0,1872.4
85845,14.7596,20.0,1872.4
85846,14.7596,20.0,1872.4
85847,14.7596,20.0,1872.4
85848,14.7596,20.0,1872.5
85849,14.7596,20.0,1872.5
85850,14.7596,20.0,1872.5
85851,14.7596,20.0,1872.5
85852,14.7596,20.0,1872.6
85853,14.7596,20.0,1872.6
85854,14.7596,20.0,1872.6
85855,14.7596,20.0,1872.6
85856,14.7596,20.0,1872.6
85857,14.7596,20.0,1872.7
85858,14.7596,20.0,1872.7
85859,14.7596,20.0,1872.7
85860,14.7596,20.0,1872.7
85861,14.7392,20.0,1872.7
85862,14.7392,20.0,1872.8
85863,14.7392,20.0,1872.8
85864,14.7392,20.0,1872.8
85865,14.7392,20.0,1872.8
85866,14.7392,20.0,1872.9
85867,14.7392,20.0,1872.9
85868,14.7392,20.0,1872.9
85869,14.7392,20.0,1872.9
85870,14.7392,20.0,1873.0
85871,14.7392,20.0,1873.0
85872,14.7392,20.0,1873.0
85873,14.7392,20.0,1873.0
85874,14.7392,20.0,1873.0
85875,14.7392,20.0,1873.1
85876,14.7392,20.0,1873.1
85877,14.7392,20.0,1873.1
85878,14.7392,20.0,1873.1
85879,14.7392,20.0,1873.1
85880,14.7392,20.0,1873.2
85881,14.7188,20.0,1873.2
85882,14.7188,20.0,1873.2
85883,14.7188,20.0,1873.2
85884,14.7188,20.0,1873.2
85885,14.7188,20.0,1873.3
85886,14.7188,20.0,1873.3
85887,14.7188,20.0,1873.3
85888,14.7188,20.0,1873.3
85889,14.7188,20.0,1873.3
85890,14.7188,20.0,1873.4
85891,14.7188,20.0,1873.4
85892,14.7188,20.0,1873.4
85893,14.7188,20.0,1873.4
85894,14.7188,20.0,1873.5
85895,14.7188,20.0,1873.5
85896,14.7188,20.0,1873.5
85897,14.7188,20.0,1873.5
85898,14.7188,20.0,1873.5
85899,14.7188,20.0,1873.5
85900,14.7188,20.0,1873.6
85901,14.6984,20.0,1873.6
85902,14.6984,20.0,1873.6
85903,14.6984,20.0,1873.6
85904,14.6984,20.0,1873.7
85905,14.6984,20.0,1873.7
85906,14.6984,20.0,1873.7
85907,14.6984,20.0,1873.7
85908,14.6984,20.0,1873.7
85909,14.6984,20.0,1873.8
85910,14.6984,20.0,1873.8
85911,14.6984,20.0,1873.8
85912,14.6984,20.0,1873.8
85913,14.6984,20.0,1873.8
85914,14.6984,20.0,1873.8
85915,14.6984,20.0,1873.9
85916,14.6984,20.0,1873.9
85917,14.6984,20.0,1873.9
85918,14.6984,20.0,1874.0
85919,14.6984,20.0,1874.0
85920,14.6984,20.0,1874.0
85921,14.6780,20.0,1874.0
85922,14.6780,20.0,1874.0
85923,14.6780,20.0,1874.1
85924,14.6780,20.0,1874.1
85925,14.6780,20.0,1874.1
85926,14.6780,20.0,1874.1
85927,14.6780,20.0,1874.2
85928,14.6780,20.0,1874.2
85929,14.6780,20.0,1874.2
85930,14.6780,20.0,1874.2
85931,14.6780,20.0,1874.2
85932,14.6780,20.0,1874.3
85933,14.6780,20.0,1874.3
85934,14.6780,20.0,1874.3
85935,14.6780,20.0,1874.3
85936,14.6780,20.0,1874.4
85937,14.6780,20.0,1874.4
85938,14.6780,20.0,1874.4
85939,14.6780,20.0,1874.4
85940,14.6780,20.0,1874.4
85941,14.6576,20.0,1874.5
85942,14.6576,20.0,1874.5
85943,14.6576,20.0,1874.5
85944,14.6576,20.0,1874.5
85945,14.6576,20.0,1874.6
85946,14.6576,20.0,1874.6
85947,14.6576,20.0,1874.6
85948,14.6576,20.0,1874.6
85949,14.6576,20.0,1874.6
85950,14.6576,20.0,1874.7
85951,14.6576,20.0,1874.7
85952,14.6576,20.0,1874.7
85953,14.6576,20.0,1874.7
85954,14.6576,20.0,1874.7
85955,14.6576,20.0,1874.8
85956,14.6576,20.0,1874.8
85957,14.6576,20.0,1874.8
85958,14.6576,20.0,1874.8
85959,14.6576,20.0,1874.8
85960,14.6576,20.0,1874.9
85961,14.6372,20.0,1874.9
85962,14.6372,20.0,1874.9
85963,14.6372,20.0,1874.9
85964,14.6372,20.0,1874.9
85965,14.6372,20.0,1875.0
85966,14.6372,20.0,1875.0
85967,14.6372,20.0,1875.0
85968,14.6372,20.0,1875.0
85969,14.6372,20.0,1875.1
85970,14.6372,20.0,1875.1
85971,14.6372,20.0,1875.1
85972,14.6372,20.0,1875.1
85973,14.6372,20.0,1875.1
85974,14.6372,20.0,1875.2
85975,14.6372,20.0,1875.2
85976,14.6372,20.0,1875.2
85977,14.6372,20.0,1875.2
85978,14.6372,20.0,1875.2
85979,14.6372,20.0,1875.2
85980,14.6372,20.0,1875.3
85981,14.6168,20.0,1875.3
85982,14.6168,20.0,1875.3
85983,14.6168,20.0,1875.3
85984,14.6168,20.0,1875.4
85985,14.6168,20.0,1875.4
85986,14.6168,20.0,1875.4
85987,14.6168,20.0,1875.4
85988,14.6168,20.0,1875.4
85989,14.6168,20.0,1875.5
85990,14.6168,20.0,1875.5
85991,14.6168,20.0,1875.5
85992,14.6168,20.0,1875.5
85993,14.6168,20.0,1875.5
85994,14.6168,20.0,1875.6
85995,14.6168,20.0,1875.6
85996,14.6168,20.0,1875.6
85997,14.6168,20.0,1875.6
85998,14.6168,20.0,1875.7
85999,14.6168,20.0,1875.7
86000,14.6168,20.0,1875.7
86001,14.5965,20.0,1875.7
86002,14.5965,20.0,1875.8
86003,14.5965,20.0,1875.8
86004,14.5965,20.0,1875.8
86005,14.5965,20.0,1875.8
86006,14.5965,20.0,1875.8
86007,14.5965,20.0,1875.9
86008,14.5965,20.0,1875.9
86009,14.5965,20.0,1875.9
86010,14.5965,20.0,1875.9
86011,14.5965,20.0,1875.9
86012,14.5965,20.0,1876.0
86013,14.5965,20.0,1876.0
86014,14.5965,20.0,1876.0
86015,14.5965,20.0,1876.0
86016,14.5965,20.0,1876.0
86017,14.5965,20.0,1876.4
86018,14.5965,20.0,1876.4
86019,14.5965,20.0,1876.4
86020,14.5965,20.0,1876.4
86021,14.5961,20.0,1876.4
86022,14.5961,20.0,1876.5
86023,14.5961,20.0,1876.5
86024,14.5961,20.0,1876.5
86025,14.5961,20.0,1876.5
86026,14.5961,20.0,1876.5
86027,14.5961,20.0,1876.6
86028,14.5961,20.0,1876.6
86029,14.5961,20.0,1876.6
86030,14.5961,20.0,1876.6
86031,14.5961,20.0,1876.7
86032,14.5961,20.0,1876.7
86033,14.5961,20.0,1876.7
86034,14.5961,20.0,1876.7
86035,14.5961,20.0,1876.8
86036,14.5961,20.0,1876.8
86037,14.5961,20.0,1876.8
86038,14.5961,20.0,1876.8
86039,14.5961,20.0,1876.8
86040,14.5961,20.0,1876.9
86041,14.5957,20.0,1876.9
86042,14.5957,20.0,1876.9
86043,14.5957,20.0,1876.9
86044,14.5957,20.0,1876.9
86045,14.5957,20.0,1877.0
86046,14.5957,20.0,1877.0
86047,14.5957,20.0,1877.0
86048,14.5957,20.0,1877.0
86049,14.5957,20.0,1877.1
86050,14.5957,20.0,1877.1
86051,14.5957,20.0,1877.1
86052,14.5957,20.0,1877.1
86053,14.5957,20.0,1877.1
86054,14.5957,20.0,1877.2
86055,14.5957,20.0,1877.2
86056,14.5957,20.0,1877.2
86057,14.5957,20.0,1877.2
86058,14.5957,20.0,1877.3
86059,14.5957,20.0,1877.3
86060,14.5957,20.0,1877.3
86061,14.5954,20.0,1877.3
86062,14.5954,20.0,1877.4
86063,14.5954,20.0,1877.4
86064,14.5954,20.0,1877.4
86065,14.5954,20.0,1877.4
86066,14.5954,20.0,1877.5
86067,14.5954,20.0,1877.5
86068,14.5954,20.0,1877.5
86069,14.5954,20.0,1877.5
86070,14.5954,20.0,1877.5
86071,14.5954,20.0,1877.6
86072,14.5954,20.0,1877.6
86073,14.5954,20.0,1877.6
86074,14.5954,20.0,1877.7
86075,14.5954,20.0,1877.7
86076,14.5954,20.0,1877.7
86077,14.5954,20.0,1877.7
86078,14.5954,20.0,1877.7
86079,14.5954,20.0,1877.8
86080,14.5954,20.0,1877.8
86081,14.5950,20.0,1877.8
86082,14.5950,20.0,1877.8
86083,14.5950,20.0,1877.9
86084,14.5950,20.0,1877.9
86085,14.5950,20.0,1877.9
86086,14.5950,20.0,1877.9
86087,14.5950,20.0,1878.0
86088,14.5950,20.0,1878.0
86089,14.5950,20.0,1878.0
86090,14.5950,20.0,1878.0
86091,14.5950,20.0,1878.0
86092,14.5950,20.0,1878.1
86093,14.5950,20.0,1878.1
86094,14.5950,20.0,1878.1
86095,14.5950,20.0,1878.1
86096,14.5950,20.0,1878.2
86097,14.5950,20.0,1878.2
86098,14.5950,20.0,1878.2
86099,14.5950,20.0,1878.2
86100,14.5950,20.0,1878.3
86101,14.5947,20.0,1878.3
86102,14.5947,20.0,1878.3
86103,14.5947,20.0,1878.3
86104,14.5947,20.0,1878.3
86105,14.5947,20.0,1878.4
86106,14.5947,20.0,1878.4
86107,14.5947,20.0,1878.4
86108,14.5947,20.0,1878.4
86109,14.5947,20.0,1878.5
86110,14.5947,20.0,1878.5
86111,14.5947,20.0,1878.5
86112,14.5947,20.0,1878.5
86113,14.5947,20.0,1878.6
86114,14.5947,20.0,1878.6
86115,14.5947,20.0,1878.6
86116,14.5947,20.0,1878.6
86117,14.5947,20.0,1878.7
86118,14.5947,20.0,1878.7
86119,14.5947,20.0,1878.7
86120,14.5947,20.0,1878.7
86121,14.5944,20.0,1878.7
86122,14.5944,20.0,1878.8
86123,14.5944,20.0,1878.8
86124,14.5944,20.0,1878.8
86125,14.5944,20.0,1878.8
86126,14.5944,20.0,1878.9
86127,14.5944,20.0,1878.9
86128,14.5944,20.0,1878.9
86129,14.5944,20.0,1878.9
86130,14.5944,20.0,1879.0
86131,14.5944,20.0,1879.0
86132,14.5944,20.0,1879.0
86133,14.5944,20.0,1879.0
86134,14.5944,20.0,1879.0
86135,14.5944,20.0,1879.1
86136,14.5944,20.0,1879.1
86137,14.5944,20.0,1879.1
86138,14.5944,20.0,1879.1
86139,14.5944,20.0,1879.1
86140,14.5944,20.0,1879.2
86141,14.5940,20.0,1879.2
86142,14.5940,20.0,1879.2
86143,14.5940,20.0,1879.2
86144,14.5940,20.0,1879.2
86145,14.5940,20.0,1879.3
86146,14.5940,20.0,1879.3
86147,14.5940,20.0,1879.3
86148,14.5940,20.0,1879.3
86149,14.5940,20.0,1879.3
86150,14.5940,20.0,1879.3
86151,14.5940,20.0,1879.4
86152,14.5940,20.0,1879.4
86153,14.5940,20.0,1879.4
86154,14.5940,20.0,1879.4
86155,14.5940,20.0,1879.5
86156,14.5940,20.0,1879.5
86157,14.5940,20.0,1879.5
86158,14.5940,20.0,1879.5
86159,14.5940,20.0,1879.5
86160,14.5940,20.0,1879.6
86161,14.5937,20.0,1879.6
86162,14.5937,20.0,1879.6
86163,14.5937,20.0,1879.6
86164,14.5937,20.0,1879.7
86165,14.5937,20.0,1879.7
86166,14.5937,20.0,1879.7
86167,14.5937,20.0,1879.7
86168,14.5937,20.0,1879.7
86169,14.5937,20.0,1879.8
86170,14.5937,20.0,1879.8
86171,14.5937,20.0,1879.8
86172,14.5937,20.0,1879.8
86173,14.5937,20.0,1879.8
86174,14.5937,20.0,1879.9
86175,14.5937,20.0,1879.9
86176,14.5937,20.0,1879.9
86177,14.5937,20.0,1879.9
86178,14.5937,20.0,1879.9
86179,14.5937,20.0,1880.0
86180,14.5937,20.0,1880.0
86181,14.5933,20.0,1880.0
86182,14.5933,20.0,1880.0
86183,14.5933,20.0,1880.1
86184,14.5933,20.0,1880.1
86185,14.5933,20.0,1880.1
86186,14.5933,20.0,1880.1
86187,14.5933,20.0,1880.1
86188,14.5933,20.0,1880.2
86189,14.5933,20.0,1880.2
86190,14.5933,20.0,1880.2
86191,14.5933,20.0,1880.2
86192,14.5933,20.0,1880.2
86193,14.5933,20.0,1880.3
86194,14.5933,20.0,1880.3
86195,14.5933,20.0,1880.3
86196,14.5933,20.0,1880.3
86197,14.5933,20.0,1880.4
86198,14.5933,20.0,1880.4
86199,14.5933,20.0,1880.4
86200,14.5933,20.0,1880.4
86201,14.5930,20.0,1880.4
86202,14.5930,20.0,1880.5
86203,14.5930,20.0,1880.5
86204,14.5930,20.0,1880.5
86205,14.5930,20.0,1880.5
86206,14.5930,20.0,1880.5
86207,14.5930,20.0,1880.6
86208,14.5930,20.0,1880.6
86209,14.5930,20.0,1880.6
86210,14.5930,20.0,1880.6
86211,14.5930,20.0,1880.6
86212,14.5930,20.0,1880.7
86213,14.5930,20.0,1880.7
86214,14.5930,20.0,1880.7
86215,14.5930,20.0,1880.7
86216,14.5930,20.0,1880.8
86217,14.5930,20.0,1880.8
86218,14.5930,20.0,1880.8
86219,14.5930,20.0,1880.8
86220,14.5930,20.0,1880.8
86221,14.5926,20.0,1880.9
86222,14.5926,20.0,1880.9
86223,14.5926,20.0,1880.9
86224,14.5926,20.0,1880.9
86225,14.5926,20.0,1880.9
86226,14.5926,20.0,1881.0
86227,14.5926,20.0,1881.0
86228,14.5926,20.0,1881.0
86229,14.5926,20.0,1881.0
86230,14.5926,20.0,1881.0
86231,14.5926,20.0,1881.1
86232,14.5926,20.0,1881.1
86233,14.5926,20.0,1881.1
86234,14.5926,20.0,1881.1
86235,14.5926,20.0,1881.1
86236,14.5926,20.0,1881.2
86237,14.5926,20.0,1881.2
86238,14.5926,20.0,1881.2
86239,14.5926,20.0,1881.2
86240,14.5926,20.0,1881.3
86241,14.5923,20.0,1881.3
86242,14.5923,20.0,1881.3
86243,14.5923,20.0,1881.3
86244,14.5923,20.0,1881.3
86245,14.5923,20.0,1881.3
86246,14.5923,20.0,1881.4
86247,14.5923,20.0,1881.4
86248,14.5923,20.0,1881.4
86249,14.5923,20.0,1881.4
86250,14.5923,20.0,1881.4
86251,14.5923,20.0,1881.5
86252,14.5923,20.0,1881.5
86253,14.5923,20.0,1881.5
86254,14.5923,20.0,1881.5
86255,14.5923,20.0,1881.6
86256,14.5923,20.0,1881.6
86257,14.5923,20.0,1881.6
86258,14.5923,20.0,1881.6
86259,14.5923,20.0,1881.6
86260,14.5923,20.0,1881.7
86261,14.5920,20.0,1881.7
86262,14.5920,20.0,1881.7
86263,14.5920,20.0,1881.7
86264,14.5920,20.0,1881.8
86265,14.5920,20.0,1881.8
86266,14.5920,20.0,1881.8
86267,14.5920,20.0,1881.8
86268,14.5920,20.0,1881.8
86269,14.5920,20.0,1881.8
86270,14.5920,20.0,1881.9
86271,14.5920,20.0,1881.9
86272,14.5920,20.0,1881.9
86273,14.5920,20.0,1881.9
86274,14.5920,20.0,1882.0
86275,14.5920,20.0,1882.0
86276,14.5920,20.0,1882.0
86277,14.5920,20.0,1882.0
86278,14.5920,20.0,1882.0
86279,14.5920,20.0,1882.1
86280,14.5920,20.0,1882.1
86281,14.5916,20.0,1882.1
86282,14.5916,20.0,1882.1
86283,14.5916,20.0,1882.1
86284,14.5916,20.0,1882.2
86285,14.5916,20.0,1882.2
86286,14.5916,20.0,1882.2
86287,14.5916,20.0,1882.2
86288,14.5916,20.0,1882.2
86289,14.5916,20.0,1882.2
86290,14.5916,20.0,1882.3
86291,14.5916,20.0,1882.3
86292,14.5916,20.0,1882.3
86293,14.5916,20.0,1882.3
86294,14.5916,20.0,1882.3
86295,14.5916,20.0,1882.4
86296,14.5916,20.0,1882.4
86297,14.5916,20.0,1882.4
86298,14.5916,20.0,1882.4
86299,14.5916,20.0,1882.4
86300,14.5916,20.0,1882.5
86301,14.5913,20.0,1882.5
86302,14.5913,20.0,1882.5
86303,14.5913,20.0,1882.5
86304,14.5913,20.0,1882.5
86305,14.5913,20.0,1882.6
86306,14.5913,20.0,1882.6
86307,14.5913,20.0,1882.6
86308,14.5913,20.0,1882.6
86309,14.5913,20.0,1882.6
86310,14.5913,20.0,1882.7
86311,14.5913,20.0,1882.7
86312,14.5913,20.0,1882.7
86313,14.5913,20.0,1882.7
86314,14.5913,20.0,1882.7
86315,14.5913,20.0,1882.8
86316,14.5913,20.0,1882.8
86317,14.5913,20.0,1882.8
86318,14.5913,20.0,1882.8
86319,14.5913,20.0,1882.8
86320,14.5913,20.0,1882.9
86321,14.5909,20.0,1882.9
86322,14.5909,20.0,1882.9
86323,14.5909,20.0,1882.9
86324,14.5909,20.0,1883.0
86325,14.5909,20.0,1883.0
86326,14.5909,20.0,1883.0
86327,14.5909,20.0,1883.0
86328,14.5909,20.0,1883.0
86329,14.5909,20.0,1883.1
86330,14.5909,20.0,1883.1
86331,14.5909,20.0,1883.1
86332,14.5909,20.0,1883.1
86333,14.5909,20.0,1883.1
86334,14.5909,20.0,1883.2
86335,14.5909,20.0,1883.2
86336,14.5909,20.0,1883.2
86337,14.5909,20.0,1883.2
86338,14.5909,20.0,1883.3
86339,14.5909,20.0,1883.3
86340,14.5909,20.0,1883.3
86341,14.5906,20.0,1883.3
86342,14.5906,20.0,1883.3
86343,14.5906,20.0,1883.4
86344,14.5906,20.0,1883.4
86345,14.5906,20.0,1883.4
86346,14.5906,20.0,1883.4
86347,14.5906,20.0,1883.4
86348,14.5906,20.0,1883.5
86349,14.5906,20.0,1883.5
86350,14.5906,20.0,1883.5
86351,14.5906,20.0,1883.5
86352,14.5906,20.0,1883.5
86353,14.5906,20.0,1883.6
86354,14.5906,20.0,1883.6
86355,14.5906,20.0,1883.6
86356,14.5906,20.0,1883.6
86357,14.5906,20.0,1883.6
86358,14.5906,20.0,1883.7
86359,14.5906,20.0,1883.7
86360,14.5906,20.0,1883.7
86361,14.5902,20.0,1883.7
86362,14.5902,20.0,1883.7
86363,14.5902,20.0,1883.8
86364,14.5902,20.0,1883.8
86365,14.5902,20.0,1883.8
86366,14.5902,20.0,1883.8
86367,14.5902,20.0,1883.8
86368,14.5902,20.0,1883.8
86369,14.5902,20.0,1883.9
86370,14.5902,20.0,1883.9
86371,14.5902,20.0,1883.9
86372,14.5902,20.0,1883.9
86373,14.5902,20.0,1884.0
86374,14.5902,20.0,1884.0
86375,14.5902,20.0,1884.0
86376,14.5902,20.0,1884.0
86377,14.5902,20.0,1884.0
86378,14.5902,20.0,1884.1
86379,14.5902,20.0,1884.1
86380,14.5902,20.0,1884.1
86381,14.5899,20.0,1884.1
86382,14.5899,20.0,1884.1
86383,14.5899,20.0,1884.2
86384,14.5899,20.0,1884.2
86385,14.5899,20.0,1884.2
86386,14.5899,20.0,1884.2
86387,14.5899,20.0,1884.3
86388,14.5899,20.0,1884.3
86389,14.5899,20.0,1884.3
86390,14.5899,20.0,1884.3
86391,14.5899,20.0,1884.3
86392,14.5899,20.0,1884.4
86393,14.5899,20.0,1884.4
86394,14.5899,20.0,1884.4
86395,14.5899,20.0,1884.4
86396,14.5899,20.0,1884.4
86397,14.5899,20.0,1884.5
86398,14.5899,20.0,1884.5
86399,14.5899,20.0,1884.5
86400,14.5899,20.0,1884.5
86401,14.5895,20.0,1884.6
86402,14.5895,20.0,1884.6
86403,14.5895,20.0,1884.6
86404,14.5895,20.0,1884.6
86405,14.5895,20.0,1884.6
86406,14.5895,20.0,1884.7
86407,14.5895,20.0,1884.7
86408,14.5895,20.0,1884.7
86409,14.5895,20.0,1884.7
86410,14.5895,20.0,1884.7
86411,14.5895,20.0,1884.8
86412,14.5895,20.0,1884.8
86413,14.5895,20.0,1884.8
86414,14.5895,20.0,1884.8
86415,14.5895,20.0,1884.9
86416,14.5895,20.0,1884.9
86417,14.5895,20.0,1884.9
86418,14.5895,20.0,1884.9
86419,14.5895,20.0,1884.9
86420,14.5895,20.0,1885.0
86421,14.5892,20.0,1885.0
86422,14.5892,20.0,1885.0
86423,14.5892,20.0,1885.0
86424,14.5892,20.0,1885.0
86425,14.5892,20.0,1885.1
86426,14.5892,20.0,1885.1
86427,14.5892,20.0,1885.1
86428,14.5892,20.0,1885.1
86429,14.5892,20.0,1885.1
86430,14.5892,20.0,1885.2
86431,14.5892,20.0,1885.2
86432,14.5892,20.0,1885.2
86433,14.5892,20.0,1885.2
86434,14.5892,20.0,1885.3
86435,14.5892,20.0,1885.3
86436,14.5892,20.0,1885.3
86437,14.5892,20.0,1885.3
86438,14.5892,20.0,1885.3
86439,14.5892,20.0,1885.4
86440,14.5892,20.0,1885.4
86441,14.5889,20.0,1885.4
86442,14.5889,20.0,1885.4
86443,14.5889,20.0,1885.5
86444,14.5889,20.0,1885.5
86445,14.5889,20.0,1885.5
86446,14.5889,20.0,1885.5
86447,14.5889,20.0,1885.5
86448,14.5889,20.0,1885.6
86449,14.5889,20.0,1885.6
86450,14.5889,20.0,1885.6
86451,14.5889,20.0,1885.6
86452,14.5889,20.0,1885.6
86453,14.5889,20.0,1885.7
86454,14.5889,20.0,1885.7
86455,14.5889,20.0,1885.7
86456,14.5889,20.0,1885.7
86457,14.5889,20.0,1885.7
86458,14.5889,20.0,1885.8
86459,14.5889,20.0,1885.8
86460,14.5889,20.0,1885.8
86461,14.5885,20.0,1885.8
86462,14.5885,20.0,1885.8
86463,14.5885,20.0,1885.9
86464,14.5885,20.0,1885.9
86465,14.5885,20.0,1885.9
86466,14.5885,20.0,1885.9
86467,14.5885,20.0,1885.9
86468,14.5885,20.0,1886.0
86469,14.5885,20.0,1886.0
86470,14.5885,20.0,1886.0
86471,14.5885,20.0,1886.0
86472,14.5885,20.0,1886.0
86473,14.5885,20.0,1886.1
86474,14.5885,20.0,1886.1
86475,14.5885,20.0,1886.1
86476,14.5885,20.0,1886.1
86477,14.5885,20.0,1886.1
86478,14.5885,20.0,1886.2
86479,14.5885,20.0,1886.2
86480,14.5885,20.0,1886.2
86481,14.5882,20.0,1886.2
86482,14.5882,20.0,1886.3
86483,14.5882,20.0,1886.3
86484,14.5882,20.0,1886.3
86485,14.5882,20.0,1886.3
86486,14.5882,20.0,1886.3
86487,14.5882,20.0,1886.4
86488,14.5882,20.0,1886.4
86489,14.5882,20.0,1886.4
86490,14.5882,20.0,1886.4
86491,14.5882,20.0,1886.4
86492,14.5882,20.0,1886.5
86493,14.5882,20.0,1886.5
86494,14.5882,20.0,1886.5
86495,14.5882,20.0,1886.5
86496,14.5882,20.0,1886.5
86497,14.5882,20.0,1886.6
86498,14.5882,20.0,1886.6
86499,14.5882,20.0,1886.6
86500,14.5882,20.0,1886.6
86501,14.5676,20.0,1886.6
86502,14.5676,20.0,1886.7
86503,14.5676,20.0,1886.7
86504,14.5676,20.0,1886.7
86505,14.5676,20.0,1886.7
86506,14.5676,20.0,1886.7
86507,14.5676,20.0,1886.8
86508,14.5676,20.0,1886.8
86509,14.5676,20.0,1886.8
86510,14.5676,20.0,1886.8
86511,14.5676,20.0,1886.8
86512,14.5676,20.0,1886.9
86513,14.5676,20.0,1886.9
86514,14.5676,20.0,1886.9
86515,14.5676,20.0,1886.9
86516,14.5676,20.0,1886.9
86517,14.5676,20.0,1887.0
86518,14.5676,20.0,1887.0
86519,14.5676,20.0,1887.0
86520,14.5676,20.0,1887.0
86521,14.5471,20.0,1887.0
86522,14.5471,20.0,1887.1
86523,14.5471,20.0,1887.1
86524,14.5471,20.0,1887.1
86525,14.5471,20.0,1887.1
86526,14.5471,20.0,1887.1
86527,14.5471,20.0,1887.2
86528,14.5471,20.0,1887.2
86529,14.5471,20.0,1887.5
86530,14.5471,20.0,1887.5
86531,14.5471,20.0,1887.5
86532,14.5471,20.0,1887.5
86533,14.5471,20.0,1887.6
86534,14.5471,20.0,1887.6
86535,14.5471,20.0,1887.6
86536,14.5471,20.0,1887.6
86537,14.5471,20.0,1887.6
86538,14.5471,20.0,1887.7
86539,14.5471,20.0,1887.7
86540,14.5471,20.0,1887.7
86541,14.5266,20.0,1887.7
86542,14.5266,20.0,1887.8
86543,14.5266,20.0,1887.8
86544,14.5266,20.0,1887.8
86545,14.5266,20.0,1887.8
86546,14.5266,20.0,1887.8
86547,14.5266,20.0,1887.9
86548,14.5266,20.0,1887.9
86549,14.5266,20.0,1887.9
86550,14.5266,20.0,1887.9
86551,14.5266,20.0,1887.9
86552,14.5266,20.0,1888.0
86553,14.5266,20.0,1888.0
86554,14.5266,20.0,1888.0
86555,14.5266,20.0,1888.0
86556,14.5266,20.0,1888.0
86557,14.5266,20.0,1888.1
86558,14.5266,20.0,1888.1
86559,14.5266,20.0,1888.1
86560,14.5266,20.0,1888.1
86561,14.4863,20.0,1888.2
86562,14.4863,20.0,1888.2
86563,14.4863,20.0,1888.2
86564,14.4863,20.0,1888.2
86565,14.4863,20.0,1888.2
86566,14.4863,20.0,1888.3
86567,14.4863,20.0,1888.3
86568,14.4863,20.0,1888.3
86569,14.4863,20.0,1888.3
86570,14.4863,20.0,1888.4
86571,14.4863,20.0,1888.4
86572,14.4863,20.0,1888.4
86573,14.4863,20.0,1888.4
86574,14.4863,20.0,1888.4
86575,14.4863,20.0,1888.5
86576,14.4863,20.0,1888.5
86577,14.4863,20.0,1888.5
86578,14.4863,20.0,1888.5
86579,14.4863,20.0,1888.6
86580,14.4863,20.0,1888.6
86581,14.4461,20.0,1888.6
86582,14.4461,20.0,1888.6
86583,14.4461,20.0,1888.6
86584,14.4461,20.0,1888.7
86585,14.4461,20.0,1888.7
86586,14.4461,20.0,1888.7
86587,14.4461,20.0,1888.7
86588,14.4461,20.0,1888.7
86589,14.4461,20.0,1888.8
86590,14.4461,20.0,1888.8
86591,14.4461,20.0,1888.8
86592,14.4461,20.0,1888.8
86593,14.4461,20.0,1888.8
86594,14.4461,20.0,1888.9
86595,14.4461,20.0,1888.9
86596,14.4461,20.0,1888.9
86597,14.4461,20.0,1888.9
86598,14.4461,20.0,1889.0
86599,14.4461,20.0,1889.0
86600,14.4461,20.0,1889.0
86601,14.4059,20.0,1889.0
86602,14.4059,20.0,1889.0
86603,14.4059,20.0,1889.1
86604,14.4059,20.0,1889.1
86605,14.4059,20.0,1889.1
86606,14.4059,20.0,1889.1
86607,14.4059,20.0,1889.1
86608,14.4059,20.0,1889.2
86609,14.4059,20.0,1889.2
86610,14.4059,20.0,1889.2
86611,14.4059,20.0,1889.2
86612,14.4059,20.0,1889.3
86613,14.4059,20.0,1889.3
86614,14.4059,20.0,1889.3
86615,14.4059,20.0,1889.3
86616,14.4059,20.0,1889.3
86617,14.4059,20.0,1889.4
86618,14.4059,20.0,1889.4
86619,14.4059,20.0,1889.4
86620,14.4059,20.0,1889.4
86621,14.3656,20.0,1889.5
86622,14.3656,20.0,1889.5
86623,14.3656,20.0,1889.5
86624,14.3656,20.0,1889.5
86625,14.3656,20.0,1889.5
86626,14.3656,20.0,1889.6
86627,14.3656,20.0,1889.6
86628,14.3656,20.0,1889.6
86629,14.3656,20.0,1889.6
86630,14.3656,20.0,1889.7
86631,14.3656,20.0,1889.7
86632,14.3656,20.0,1889.7
86633,14.3656,20.0,1889.7
86634,14.3656,20.0,1889.7
86635,14.3656,20.0,1889.8
86636,14.3656,20.0,1889.8
86637,14.3656,20.0,1889.8
86638,14.3656,20.0,1889.8
86639,14.3656,20.0,1889.9
86640,14.3656,20.0,1889.9
86641,14.3254,20.0,1889.9
86642,14.3254,20.0,1889.9
86643,14.3254,20.0,1889.9
86644,14.3254,20.0,1890.0
86645,14.3254,20.0,1890.0
86646,14.3254,20.0,1890.0
86647,14.3254,20.0,1890.0
86648,14.3254,20.0,1890.0
86649,14.3254,20.0,1890.1
86650,14.3254,20.0,1890.1
86651,14.3254,20.0,1890.1
86652,14.3254,20.0,1890.1
86653,14.3254,20.0,1890.2
86654,14.3254,20.0,1890.2
86655,14.3254,20.0,1890.2
86656,14.3254,20.0,1890.2
86657,14.3254,20.0,1890.2
86658,14.3254,20.0,1890.3
86659,14.3254,20.0,1890.3
86660,14.3254,20.0,1890.3
86661,14.2851,20.0,1890.3
86662,14.2851,20.0,1890.3
86663,14.2851,20.0,1890.4
86664,14.2851,20.0,1890.4
86665,14.2851,20.0,1890.4
86666,14.2851,20.0,1890.4
86667,14.2851,20.0,1890.4
86668,14.2851,20.0,1890.5
86669,14.2851,20.0,1890.5
86670,14.2851,20.0,1890.5
86671,14.2851,20.0,1890.5
86672,14.2851,20.0,1890.5
86673,14.2851,20.0,1890.6
86674,14.2851,20.0,1890.6
86675,14.2851,20.0,1890.6
86676,14.2851,20.0,1890.6
86677,14.2851,20.0,1890.6
86678,14.2851,20.0,1890.7
86679,14.2851,20.0,1890.7
86680,14.2851,20.0,1890.7
86681,14.2449,20.0,1890.7
86682,14.2449,20.0,1890.7
86683,14.2449,20.0,1890.8
86684,14.2449,20.0,1890.8
86685,14.2449,20.0,1890.8
86686,14.2449,20.0,1890.8
86687,14.2449,20.0,1890.8
86688,14.2449,20.0,1890.9
86689,14.2449,20.0,1890.9
86690,14.2449,20.0,1890.9
86691,14.2449,20.0,1890.9
86692,14.2449,20.0,1890.9
86693,14.2449,20.0,1891.0
86694,14.2449,20.0,1891.0
86695,14.2449,20.0,1891.0
86696,14.2449,20.0,1891.0
86697,14.2449,20.0,1891.0
86698,14.2449,20.0,1891.1
86699,14.2449,20.0,1891.1
86700,14.2449,20.0,1891.1
86701,14.2046,20.0,1891.1
86702,14.2046,20.0,1891.1
86703,14.2046,20.0,1891.2
86704,14.2046,20.0,1891.2
86705,14.2046,20.0,1891.2
86706,14.2046,20.0,1891.2
86707,14.2046,20.0,1891.3
86708,14.2046,20.0,1891.3
86709,14.2046,20.0,1891.3
86710,14.2046,20.0,1891.3
86711,14.2046,20.0,1891.3
86712,14.2046,20.0,1891.4
86713,14.2046,20.0,1891.4
86714,14.2046,20.0,1891.4
86715,14.2046,20.0,1891.4
86716,14.2046,20.0,1891.4
86717,14.2046,20.0,1891.5
86718,14.2046,20.0,1891.5
86719,14.2046,20.0,1891.5
86720,14.2046,20.0,1891.5
86721,14.1644,20.0,1891.6
86722,14.1644,20.0,1891.6
86723,14.1644,20.0,1891.6
86724,14.1644,20.0,1891.6
86725,14.1644,20.0,1891.7
86726,14.1644,20.0,1891.7
86727,14.1644,20.0,1891.7
86728,14.1644,20.0,1891.7
86729,14.1644,20.0,1891.7
86730,14.1644,20.0,1891.8
86731,14.1644,20.0,1891.8
86732,14.1644,20.0,1891.8
86733,14.1644,20.0,1891.8
86734,14.1644,20.0,1891.8
86735,14.1644,20.0,1891.8
86736,14.1644,20.0,1891.9
86737,14.1644,20.0,1891.9
86738,14.1644,20.0,1891.9
86739,14.1644,20.0,1891.9
86740,14.1644,20.0,1892.0
86741,14.1241,20.0,1892.0
86742,14.1241,20.0,1892.0
86743,14.1241,20.0,1892.0
86744,14.1241,20.0,1892.1
86745,14.1241,20.0,1892.1
86746,14.1241,20.0,1892.1
86747,14.1241,20.0,1892.1
86748,14.1241,20.0,1892.1
86749,14.1241,20.0,1892.2
86750,14.1241,20.0,1892.2
86751,14.1241,20.0,1892.2
86752,14.1241,20.0,1892.2
86753,14.1241,20.0,1892.2
86754,14.1241,20.0,1892.3
86755,14.1241,20.0,1892.3
86756,14.1241,20.0,1892.3
86757,14.1241,20.0,1892.3
86758,14.1241,20.0,1892.4
86759,14.1241,20.0,1892.4
86760,14.1241,20.0,1892.4
86761,14.0839,20.0,1892.4
86762,14.0839,20.0,1892.4
86763,14.0839,20.0,1892.5
86764,14.0839,20.0,1892.5
86765,14.0839,20.0,1892.5
86766,14.0839,20.0,1892.5
86767,14.0839,20.0,1892.6
86768,14.0839,20.0,1892.6
86769,14.0839,20.0,1892.6
86770,14.0839,20.0,1892.6
86771,14.0839,20.0,1892.7
86772,14.0839,20.0,1892.7
86773,14.0839,20.0,1892.7
86774,14.0839,20.0,1892.7
86775,14.0839,20.0,1892.8
86776,14.0839,20.0,1892.8
86777,14.0839,20.0,1892.8
86778,14.0839,20.0,1892.8
86779,14.0839,20.0,1892.8
86780,14.0839,20.0,1892.9
86781,14.0436,20.0,1892.9
86782,14.0436,20.0,1892.9
86783,14.0436,20.0,1892.9
86784,14.0436,20.0,1892.9
86785,14.0436,20.0,1893.0
86786,14.0436,20.0,1893.0
86787,14.0436,20.0,1893.0
86788,14.0436,20.0,1893.0
86789,14.0436,20.0,1893.0
86790,14.0436,20.0,1893.1
86791,14.0436,20.0,1893.1
86792,14.0436,20.0,1893.1
86793,14.0436,20.0,1893.1
86794,14.0436,20.0,1893.1
86795,14.0436,20.0,1893.2
86796,14.0436,20.0,1893.2
86797,14.0436,20.0,1893.2
86798,14.0436,20.0,1893.2
86799,14.0436,20.0,1893.2
86800,14.0436,20.0,1893.3
86801,14.0034,20.0,1893.3
86802,14.0034,20.0,1893.3
86803,14.0034,20.0,1893.3
86804,14.0034,20.0,1893.3
86805,14.0034,20.0,1893.4
86806,14.0034,20.0,1893.4
86807,14.0034,20.0,1893.4
86808,14.0034,20.0,1893.4
86809,14.0034,20.0,1893.4
86810,14.0034,20.0,1893.5
86811,14.0034,20.0,1893.5
86812,14.0034,20.0,1893.5
86813,14.0034,20.0,1893.5
86814,14.0034,20.0,1893.6
86815,14.0034,20.0,1893.6
86816,14.0034,20.0,1893.6
86817,14.0034,20.0,1893.6
86818,14.0034,20.0,1893.6
86819,14.0034,20.0,1893.7
86820,14.0034,20.0,1893.7
86821,13.9632,20.0,1893.7
86822,13.9632,20.0,1893.7
86823,13.9632,20.0,1893.8
86824,13.9632,20.0,1893.8
86825,13.9632,20.0,1893.8
86826,13.9632,20.0,1893.8
86827,13.9632,20.0,1893.8
86828,13.9632,20.0,1893.8
86829,13.9632,20.0,1893.9
86830,13.9632,20.0,1893.9
86831,13.9632,20.0,1893.9
86832,13.9632,20.0,1893.9
86833,13.9632,20.0,1894.0
86834,13.9632,20.0,1894.0
86835,13.9632,20.0,1894.0
86836,13.9632,20.0,1894.0
86837,13.9632,20.0,1894.0
86838,13.9632,20.0,1894.1
86839,13.9632,20.0,1894.1
86840,13.9632,20.0,1894.1
86841,13.9229,20.0,1894.1
86842,13.9229,20.0,1894.1
86843,13.9229,20.0,1894.2
86844,13.9229,20.0,1894.2
86845,13.9229,20.0,1894.2
86846,13.9229,20.0,1894.2
86847,13.9229,20.0,1894.2
86848,13.9229,20.0,1894.3
86849,13.9229,20.0,1894.3
86850,13.9229,20.0,1894.3
86851,13.9229,20.0,1894.3
86852,13.9229,20.0,1894.4
86853,13.9229,20.0,1894.4
86854,13.9229,20.0,1894.4
86855,13.9229,20.0,1894.4
86856,13.9229,20.0,1894.4
86857,13.9229,20.0,1894.5
86858,13.9229,20.0,1894.5
86859,13.9229,20.0,1894.5
86860,13.9229,20.0,1894.5
86861,13.8827,20.0,1894.6
86862,13.8827,20.0,1894.6
86863,13.8827,20.0,1894.6
86864,13.8827,20.0,1894.6
86865,13.8827,20.0,1894.6
86866,13.8827,20.0,1894.7
86867,13.8827,20.0,1894.7
86868,13.8827,20.0,1894.7
86869,13.8827,20.0,1894.7
86870,13.8827,20.0,1894.7
86871,13.8827,20.0,1894.8
86872,13.8827,20.0,1894.8
86873,13.8827,20.0,1894.8
86874,13.8827,20.0,1894.8
86875,13.8827,20.0,1894.8
86876,13.8827,20.0,1894.9
86877,13.8827,20.0,1894.9
86878,13.8827,20.0,1894.9
86879,13.8827,20.0,1894.9
86880,13.8827,20.0,1894.9
86881,13.8424,20.0,1895.0
86882,13.8424,20.0,1895.0
86883,13.8424,20.0,1895.0
86884,13.8424,20.0,1895.0
86885,13.8424,20.0,1895.0
86886,13.8424,20.0,1895.1
86887,13.8424,20.0,1895.1
86888,13.8424,20.0,1895.1
86889,13.8424,20.0,1895.1
86890,13.8424,20.0,1895.1
86891,13.8424,20.0,1895.2
86892,13.8424,20.0,1895.2
86893,13.8424,20.0,1895.2
86894,13.8424,20.0,1895.2
86895,13.8424,20.0,1895.2
86896,13.8424,20.0,1895.3
86897,13.8424,20.0,1895.3
86898,13.8424,20.0,1895.3
86899,13.8424,20.0,1895.3
86900,13.8424,20.0,1895.4
86901,13.8022,20.0,1895.4
86902,13.8022,20.0,1895.4
86903,13.8022,20.0,1895.4
86904,13.8022,20.0,1895.4
86905,13.8022,20.0,1895.5
86906,13.8022,20.0,1895.5
86907,13.8022,20.0,1895.5
86908,13.8022,20.0,1895.5
86909,13.8022,20.0,1895.5
86910,13.8022,20.0,1895.6
86911,13.8022,20.0,1895.6
86912,13.8022,20.0,1895.6
86913,13.8022,20.0,1895.6
86914,13.8022,20.0,1895.6
86915,13.8022,20.0,1895.7
86916,13.8022,20.0,1895.7
86917,13.8022,20.0,1895.7
86918,13.8022,20.0,1895.7
86919,13.8022,20.0,1895.8
86920,13.8022,20.0,1895.8
86921,13.7619,20.0,1895.8
86922,13.7619,20.0,1895.8
86923,13.7619,20.0,1895.8
86924,13.7619,20.0,1895.9
86925,13.7619,20.0,1895.9
86926,13.7619,20.0,1895.9
86927,13.7619,20.0,1895.9
86928,13.7619,20.0,1896.0
86929,13.7619,20.0,1896.0
86930,13.7619,20.0,1896.0
86931,13.7619,20.0,1896.0
86932,13.7619,20.0,1896.0
86933,13.7619,20.0,1896.1
86934,13.7619,20.0,1896.1
86935,13.7619,20.0,1896.1
86936,13.7619,20.0,1896.1
86937,13.7619,20.0,1896.1
86938,13.7619,20.0,1896.2
86939,13.7619,20.0,1896.2
86940,13.7619,20.0,1896.2
86941,13.7217,20.0,1896.2
86942,13.7217,20.0,1896.2
86943,13.7217,20.0,1896.3
86944,13.7217,20.0,1896.3
86945,13.7217,20.0,1896.3
86946,13.7217,20.0,1896.3
86947,13.7217,20.0,1896.4
86948,13.7217,20.0,1896.4
86949,13.7217,20.0,1896.4
86950,13.7217,20.0,1896.4
86951,13.7217,20.0,1896.4
86952,13.7217,20.0,1896.5
86953,13.7217,20.0,1896.5
86954,13.7217,20.0,1896.5
86955,13.7217,20.0,1896.5
86956,13.7217,20.0,1896.6
86957,13.7217,20.0,1896.6
86958,13.7217,20.0,1896.6
86959,13.7217,20.0,1896.6
86960,13.7217,20.0,1896.6
86961,13.6814,20.0,1896.7
86962,13.6814,20.0,1896.7
86963,13.6814,20.0,1896.7
86964,13.6814,20.0,1896.7
86965,13.6814,20.0,1896.8
86966,13.6814,20.0,1896.8
86967,13.6814,20.0,1896.8
86968,13.6814,20.0,1896.8
86969,13.6814,20.0,1896.8
86970,13.6814,20.0,1896.9
86971,13.6814,20.0,1896.9
86972,13.6814,20.0,1896.9
86973,13.6814,20.0,1896.9
86974,13.6814,20.0,1896.9
86975,13.6814,20.0,1897.0
86976,13.6814,20.0,1897.0
86977,13.6814,20.0,1897.0
86978,13.6814,20.0,1897.0
86979,13.6814,20.0,1897.0
86980,13.6814,20.0,1897.1
86981,13.6412,20.0,1897.1
86982,13.6412,20.0,1897.1
86983,13.6412,20.0,1897.1
86984,13.6412,20.0,1897.1
86985,13.6412,20.0,1897.2
86986,13.6412,20.0,1897.2
86987,13.6412,20.0,1897.2
86988,13.6412,20.0,1897.2
86989,13.6412,20.0,1897.2
86990,13.6412,20.0,1897.3
86991,13.6412,20.0,1897.3
86992,13.6412,20.0,1897.3
86993,13.6412,20.0,1897.3
86994,13.6412,20.0,1897.4
86995,13.6412,20.0,1897.4
86996,13.6412,20.0,1897.4
86997,13.6412,20.0,1897.4
86998,13.6412,20.0,1897.4
86999,13.6412,20.0,1897.5
87000,13.6412,20.0,1897.5
87001,13.6016,20.0,1897.5
87002,13.6016,20.0,1897.5
87003,13.6016,20.0,1897.5
87004,13.6016,20.0,1897.6
87005,13.6016,20.0,1897.6
87006,13.6016,20.0,1897.6
87007,13.6016,20.0,1897.6
87008,13.6016,20.0,1897.6
87009,13.6016,20.0,1897.7
87010,13.6016,20.0,1897.7
87011,13.6016,20.0,1897.7
87012,13.6016,20.0,1897.7
87013,13.6016,20.0,1897.7
87014,13.6016,20.0,1897.8
87015,13.6016,20.0,1897.8
87016,13.6016,20.0,1897.8
87017,13.6016,20.0,1897.8
87018,13.6016,20.0,1897.8
87019,13.6016,20.0,1897.9
87020,13.6016,20.0,1897.9
87021,13.5619,20.0,1897.9
87022,13.5619,20.0,1897.9
87023,13.5619,20.0,1898.0
87024,13.5619,20.0,1898.0
87025,13.5619,20.0,1898.0
87026,13.5619,20.0,1898.0
87027,13.5619,20.0,1898.0
87028,13.5619,20.0,1898.1
87029,13.5619,20.0,1898.1
87030,13.5619,20.0,1898.1
87031,13.5619,20.0,1898.1
87032,13.5619,20.0,1898.1
87033,13.5619,20.0,1898.2
87034,13.5619,20.0,1898.2
87035,13.5619,20.0,1898.2
87036,13.5619,20.0,1898.2
87037,13.5619,20.0,1898.2
87038,13.5619,20.0,1898.3
87039,13.5619,20.0,1898.3
87040,13.5619,20.0,1898.3
87041,13.5223,20.0,1898.6
87042,13.5223,20.0,1898.6
87043,13.5223,20.0,1898.7
87044,13.5223,20.0,1898.7
87045,13.5223,20.0,1898.7
87046,13.5223,20.0,1898.7
87047,13.5223,20.0,1898.7
87048,13.5223,20.0,1898.8
87049,13.5223,20.0,1898.8
87050,13.5223,20.0,1898.8
87051,13.5223,20.0,1898.8
87052,13.5223,20.0,1898.8
87053,13.5223,20.0,1898.9
87054,13.5223,20.0,1898.9
87055,13.5223,20.0,1898.9
87056,13.5223,20.0,1898.9
87057,13.5223,20.0,1899.0
87058,13.5223,20.0,1899.0
87059,13.5223,20.0,1899.0
87060,13.5223,20.0,1899.0
87061,13.5021,20.0,1899.0
87062,13.5021,20.0,1899.0
87063,13.5021,20.0,1899.0
87064,13.5021,20.0,1899.1
87065,13.5021,20.0,1899.1
87066,13.5021,20.0,1899.1
87067,13.5021,20.0,1899.1
87068,13.5021,20.0,1899.2
87069,13.5021,20.0,1899.2
87070,13.5021,20.0,1899.2
87071,13.5021,20.0,1899.2
87072,13.5021,20.0,1899.2
87073,13.5021,20.0,1899.3
87074,13.5021,20.0,1899.3
87075,13.5021,20.0,1899.3
87076,13.5021,20.0,1899.3
87077,13.5021,20.0,1899.4
87078,13.5021,20.0,1899.4
87079,13.5021,20.0,1899.4
87080,13.5021,20.0,1899.4
87081,13.4819,20.0,1899.4
87082,13.4819,20.0,1899.5
87083,13.4819,20.0,1899.5
87084,13.4819,20.0,1899.5
87085,13.4819,20.0,1899.5
87086,13.4819,20.0,1899.5
87087,13.4819,20.0,1899.6
87088,13.4819,20.0,1899.6
87089,13.4819,20.0,1899.6
87090,13.4819,20.0,1899.6
87091,13.4819,20.0,1899.6
87092,13.4819,20.0,1899.7
87093,13.4819,20.0,1899.7
87094,13.4819,20.0,1899.7
87095,13.4819,20.0,1899.7
87096,13.4819,20.0,1899.7
87097,13.4819,20.0,1899.8
87098,13.4819,20.0,1899.8
87099,13.4819,20.0,1899.8
87100,13.4819,20.0,1899.8
87101,13.4617,20.0,1899.9
87102,13.4617,20.0,1899.9
87103,13.4617,20.0,1899.9
87104,13.4617,20.0,1899.9
87105,13.4617,20.0,1900.0
87106,13.4617,20.0,1900.0
87107,13.4617,20.0,1900.0
87108,13.4617,20.0,1900.0
87109,13.4617,20.0,1900.0
87110,13.4617,20.0,1900.1
87111,13.4617,20.0,1900.1
87112,13.4617,20.0,1900.1
87113,13.4617,20.0,1900.1
87114,13.4617,20.0,1900.1
87115,13.4617,20.0,1900.2
87116,13.4617,20.0,1900.2
87117,13.4617,20.0,1900.2
87118,13.4617,20.0,1900.2
87119,13.4617,20.0,1900.2
87120,13.4617,20.0,1900.3
87121,13.4415,20.0,1900.3
87122,13.4415,20.0,1900.3
87123,13.4415,20.0,1900.3
87124,13.4415,20.0,1900.4
87125,13.4415,20.0,1900.4
87126,13.4415,20.0,1900.4
87127,13.4415,20.0,1900.4
87128,13.4415,20.0,1900.4
87129,13.4415,20.0,1900.5
87130,13.4415,20.0,1900.5
87131,13.4415,20.0,1900.5
87132,13.4415,20.0,1900.5
87133,13.4415,20.0,1900.5
87134,13.4415,20.0,1900.6
87135,13.4415,20.0,1900.6
87136,13.4415,20.0,1900.6
87137,13.4415,20.0,1900.6
87138,13.4415,20.0,1900.6
87139,13.4415,20.0,1900.7
87140,13.4415,20.0,1900.7
87141,13.4213,20.0,1900.7
87142,13.4213,20.0,1900.7
87143,13.4213,20.0,1900.8
87144,13.4213,20.0,1900.8
87145,13.4213,20.0,1900.8
87146,13.4213,20.0,1900.8
87147,13.4213,20.0,1900.8
87148,13.4213,20.0,1900.9
87149,13.4213,20.0,1900.9
87150,13.4213,20.0,1900.9
87151,13.4213,20.0,1900.9
87152,13.4213,20.0,1901.0
87153,13.4213,20.0,1901.0
87154,13.4213,20.0,1901.0
87155,13.4213,20.0,1901.0
87156,13.4213,20.0,1901.0
87157,13.4213,20.0,1901.1
87158,13.4213,20.0,1901.1
87159,13.4213,20.0,1901.1
87160,13.4213,20.0,1901.1
87161,13.4011,20.0,1901.2
87162,13.4011,20.0,1901.2
87163,13.4011,20.0,1901.2
87164,13.4011,20.0,1901.2
87165,13.4011,20.0,1901.2
87166,13.4011,20.0,1901.2
87167,13.4011,20.0,1901.3
87168,13.4011,20.0,1901.3
87169,13.4011,20.0,1901.3
87170,13.4011,20.0,1901.3
87171,13.4011,20.0,1901.4
87172,13.4011,20.0,1901.4
87173,13.4011,20.0,1901.4
87174,13.4011,20.0,1901.4
87175,13.4011,20.0,1901.4
87176,13.4011,20.0,1901.5
87177,13.4011,20.0,1901.5
87178,13.4011,20.0,1901.5
87179,13.4011,20.0,1901.5
87180,13.4011,20.0,1901.5
87181,13.3808,20.0,1901.6
87182,13.3808,20.0,1901.6
87183,13.3808,20.0,1901.6
87184,13.3808,20.0,1901.6
87185,13.3808,20.0,1901.7
87186,13.3808,20.0,1901.7
87187,13.3808,20.0,1901.7
87188,13.3808,20.0,1901.7
87189,13.3808,20.0,1901.8
87190,13.3808,20.0,1901.8
87191,13.3808,20.0,1901.8
87192,13.3808,20.0,1901.8
87193,13.3808,20.0,1901.8
87194,13.3808,20.0,1901.9
87195,13.3808,20.0,1901.9
87196,13.3808,20.0,1901.9
87197,13.3808,20.0,1901.9
87198,13.3808,20.0,1901.9
87199,13.3808,20.0,1902.0
87200,13.3808,20.0,1902.0
87201,13.3606,20.0,1902.0
87202,13.3606,20.0,1902.0
87203,13.3606,20.0,1902.1
87204,13.3606,20.0,1902.1
87205,13.3606,20.0,1902.1
87206,13.3606,20.0,1902.1
87207,13.3606,20.0,1902.2
87208,13.3606,20.0,1902.2
87209,13.3606,20.0,1902.2
87210,13.3606,20.0,1902.2
87211,13.3606,20.0,1902.2
87212,13.3606,20.0,1902.3
87213,13.3606,20.0,1902.3
87214,13.3606,20.0,1902.3
87215,13.3606,20.0,1902.3
87216,13.3606,20.0,1902.3
87217,13.3606,20.0,1902.4
87218,13.3606,20.0,1902.4
87219,13.3606,20.0,1902.4
87220,13.3606,20.0,1902.4
87221,13.3404,20.0,1902.5
87222,13.3404,20.0,1902.5
87223,13.3404,20.0,1902.5
87224,13.3404,20.0,1902.5
87225,13.3404,20.0,1902.5
87226,13.3404,20.0,1902.6
87227,13.3404,20.0,1902.6
87228,13.3404,20.0,1902.6
87229,13.3404,20.0,1902.6
87230,13.3404,20.0,1902.6
87231,13.3404,20.0,1902.6
87232,13.3404,20.0,1902.7
87233,13.3404,20.0,1902.7
87234,13.3404,20.0,1902.7
87235,13.3404,20.0,1902.7
87236,13.3404,20.0,1902.7
87237,13.3404,20.0,1902.8
87238,13.3404,20.0,1902.8
87239,13.3404,20.0,1902.8
87240,13.3404,20.0,1902.8
87241,13.3202,20.0,1902.9
87242,13.3202,20.0,1902.9
87243,13.3202,20.0,1902.9
87244,13.3202,20.0,1902.9
87245,13.3202,20.0,1902.9
87246,13.3202,20.0,1902.9
87247,13.3202,20.0,1903.0
87248,13.3202,20.0,1903.0
87249,13.3202,20.0,1903.0
87250,13.3202,20.0,1903.0
87251,13.3202,20.0,1903.0
87252,13.3202,20.0,1903.1
87253,13.3202,20.0,1903.1
87254,13.3202,20.0,1903.1
87255,13.3202,20.0,1903.1
87256,13.3202,20.0,1903.2
87257,13.3202,20.0,1903.2
87258,13.3202,20.0,1903.2
87259,13.3202,20.0,1903.2
87260,13.3202,20.0,1903.2
87261,13.3000,20.0,1903.3
87262,13.3000,20.0,1903.3
87263,13.3000,20.0,1903.3
87264,13.3000,20.0,1903.3
87265,13.3000,20.0,1903.3
87266,13.3000,20.0,1903.4
87267,13.3000,20.0,1903.4
87268,13.3000,20.0,1903.4
87269,13.3000,20.0,1903.4
87270,13.3000,20.0,1903.5
87271,13.3000,20.0,1903.5
87272,13.3000,20.0,1903.5
87273,13.3000,20.0,1903.5
87274,13.3000,20.0,1903.5
87275,13.3000,20.0,1903.5
87276,13.3000,20.0,1903.6
87277,13.3000,20.0,1903.6
87278,13.3000,20.0,1903.6
87279,13.3000,20.0,1903.6
87280,13.3000,20.0,1903.6
87281,13.2798,20.0,1903.7
87282,13.2798,20.0,1903.7
87283,13.2798,20.0,1903.7
87284,13.2798,20.0,1903.7
87285,13.2798,20.0,1903.8
87286,13.2798,20.0,1903.8
87287,13.2798,20.0,1903.8
87288,13.2798,20.0,1903.8
87289,13.2798,20.0,1903.8
87290,13.2798,20.0,1903.9
87291,13.2798,20.0,1903.9
87292,13.2798,20.0,1903.9
87293,13.2798,20.0,1903.9
87294,13.2798,20.0,1903.9
87295,13.2798,20.0,1904.0
87296,13.2798,20.0,1904.0
87297,13.2798,20.0,1904.0
87298,13.2798,20.0,1904.0
87299,13.2798,20.0,1904.1
87300,13.2798,20.0,1904.1
87301,13.2596,20.0,1904.1
87302,13.2596,20.0,1904.1
87303,13.2596,20.0,1904.1
87304,13.2596,20.0,1904.2
87305,13.2596,20.0,1904.2
87306,13.2596,20.0,1904.2
87307,13.2596,20.0,1904.2
87308,13.2596,20.0,1904.3
87309,13.2596,20.0,1904.3
87310,13.2596,20.0,1904.3
87311,13.2596,20.0,1904.3
87312,13.2596,20.0,1904.3
87313,13.2596,20.0,1904.4
87314,13.2596,20.0,1904.4
87315,13.2596,20.0,1904.4
87316,13.2596,20.0,1904.4
87317,13.2596,20.0,1904.4
87318,13.2596,20.0,1904.5
87319,13.2596,20.0,1904.5
87320,13.2596,20.0,1904.5
87321,13.2394,20.0,1904.5
87322,13.2394,20.0,1904.5
87323,13.2394,20.0,1904.6
87324,13.2394,20.0,1904.6
87325,13.2394,20.0,1904.6
87326,13.2394,20.0,1904.6
87327,13.2394,20.0,1904.6
87328,13.2394,20.0,1904.7
87329,13.2394,20.0,1904.7
87330,13.2394,20.0,1904.7
87331,13.2394,20.0,1904.7
87332,13.2394,20.0,1904.7
87333,13.2394,20.0,1904.8
87334,13.2394,20.0,1904.8
87335,13.2394,20.0,1904.8
87336,13.2394,20.0,1904.8
87337,13.2394,20.0,1904.9
87338,13.2394,20.0,1904.9
87339,13.2394,20.0,1904.9
87340,13.2394,20.0,1904.9
87341,13.2192,20.0,1904.9
87342,13.2192,20.0,1905.0
87343,13.2192,20.0,1905.0
87344,13.2192,20.0,1905.0
87345,13.2192,20.0,1905.0
87346,13.2192,20.0,1905.0
87347,13.2192,20.0,1905.1
87348,13.2192,20.0,1905.1
87349,13.2192,20.0,1905.1
87350,13.2192,20.0,1905.1
87351,13.2192,20.0,1905.2
87352,13.2192,20.0,1905.2
87353,13.2192,20.0,1905.2
87354,13.2192,20.0,1905.2
87355,13.2192,20.0,1905.2
87356,13.2192,20.0,1905.3
87357,13.2192,20.0,1905.3
87358,13.2192,20.0,1905.3
87359,13.2192,20.0,1905.3
87360,13.2192,20.0,1905.4
87361,13.1989,20.0,1905.4
87362,13.1989,20.0,1905.4
87363,13.1989,20.0,1905.4
87364,13.1989,20.0,1905.4
87365,13.1989,20.0,1905.5
87366,13.1989,20.0,1905.5
87367,13.1989,20.0,1905.5
87368,13.1989,20.0,1905.5
87369,13.1989,20.0,1905.5
87370,13.1989,20.0,1905.6
87371,13.1989,20.0,1905.6
87372,13.1989,20.0,1905.6
87373,13.1989,20.0,1905.6
87374,13.1989,20.0,1905.7
87375,13.1989,20.0,1905.7
87376,13.1989,20.0,1905.7
87377,13.1989,20.0,1905.7
87378,13.1989,20.0,1905.7
87379,13.1989,20.0,1905.8
87380,13.1989,20.0,1905.8
87381,13.1787,20.0,1905.8
87382,13.1787,20.0,1905.8
87383,13.1787,20.0,1905.8
87384,13.1787,20.0,1905.9
87385,13.1787,20.0,1905.9
87386,13.1787,20.0,1905.9
87387,13.1787,20.0,1905.9
87388,13.1787,20.0,1905.9
87389,13.1787,20.0,1905.9
87390,13.1787,20.0,1906.0
87391,13.1787,20.0,1906.0
87392,13.1787,20.0,1906.0
87393,13.1787,20.0,1906.0
87394,13.1787,20.0,1906.0
87395,13.1787,20.0,1906.1
87396,13.1787,20.0,1906.1
87397,13.1787,20.0,1906.1
87398,13.1787,20.0,1906.1
87399,13.1787,20.0,1906.1
87400,13.1787,20.0,1906.2
87401,13.1585,20.0,1906.2
87402,13.1585,20.0,1906.2
87403,13.1585,20.0,1906.2
87404,13.1585,20.0,1906.2
87405,13.1585,20.0,1906.3
87406,13.1585,20.0,1906.3
87407,13.1585,20.0,1906.3
87408,13.1585,20.0,1906.3
87409,13.1585,20.0,1906.3
87410,13.1585,20.0,1906.4
87411,13.1585,20.0,1906.4
87412,13.1585,20.0,1906.4
87413,13.1585,20.0,1906.4
87414,13.1585,20.0,1906.5
87415,13.1585,20.0,1906.5
87416,13.1585,20.0,1906.5
87417,13.1585,20.0,1906.5
87418,13.1585,20.0,1906.6
87419,13.1585,20.0,1906.6
87420,13.1585,20.0,1906.6
87421,13.1383,20.0,1906.6
87422,13.1383,20.0,1906.6
87423,13.1383,20.0,1906.7
87424,13.1383,20.0,1906.7
87425,13.1383,20.0,1906.7
87426,13.1383,20.0,1906.7
87427,13.1383,20.0,1906.8
87428,13.1383,20.0,1906.8
87429,13.1383,20.0,1906.8
87430,13.1383,20.0,1906.8
87431,13.1383,20.0,1906.8
87432,13.1383,20.0,1906.9
87433,13.1383,20.0,1906.9
87434,13.1383,20.0,1906.9
87435,13.1383,20.0,1906.9
87436,13.1383,20.0,1906.9
87437,13.1383,20.0,1907.0
87438,13.1383,20.0,1907.0
87439,13.1383,20.0,1907.0
87440,13.1383,20.0,1907.0
87441,13.1181,20.0,1907.0
87442,13.1181,20.0,1907.1
87443,13.1181,20.0,1907.1
87444,13.1181,20.0,1907.1
87445,13.1181,20.0,1907.1
87446,13.1181,20.0,1907.1
87447,13.1181,20.0,1907.2
87448,13.1181,20.0,1907.2
87449,13.1181,20.0,1907.2
87450,13.1181,20.0,1907.2
87451,13.1181,20.0,1907.2
87452,13.1181,20.0,1907.3
87453,13.1181,20.0,1907.3
87454,13.1181,20.0,1907.3
87455,13.1181,20.0,1907.3
87456,13.1181,20.0,1907.3
87457,13.1181,20.0,1907.4
87458,13.1181,20.0,1907.4
87459,13.1181,20.0,1907.4
87460,13.1181,20.0,1907.4
87461,13.0979,20.0,1907.5
87462,13.0979,20.0,1907.5
87463,13.0979,20.0,1907.5
87464,13.0979,20.0,1907.5
87465,13.0979,20.0,1907.6
87466,13.0979,20.0,1907.6
87467,13.0979,20.0,1907.6
87468,13.0979,20.0,1907.6
87469,13.0979,20.0,1907.6
87470,13.0979,20.0,1907.7
87471,13.0979,20.0,1907.7
87472,13.0979,20.0,1907.7
87473,13.0979,20.0,1907.7
87474,13.0979,20.0,1907.8
87475,13.0979,20.0,1907.8
87476,13.0979,20.0,1907.8
87477,13.0979,20.0,1907.8
87478,13.0979,20.0,1907.8
87479,13.0979,20.0,1907.9
87480,13.0979,20.0,1907.9
87481,13.0777,20.0,1907.9
87482,13.0777,20.0,1907.9
87483,13.0777,20.0,1907.9
87484,13.0777,20.0,1908.0
87485,13.0777,20.0,1908.0
87486,13.0777,20.0,1908.0
87487,13.0777,20.0,1908.0
87488,13.0777,20.0,1908.1
87489,13.0777,20.0,1908.1
87490,13.0777,20.0,1908.1
87491,13.0777,20.0,1908.1
87492,13.0777,20.0,1908.2
87493,13.0777,20.0,1908.2
87494,13.0777,20.0,1908.2
87495,13.0777,20.0,1908.2
87496,13.0777,20.0,1908.2
87497,13.0777,20.0,1908.3
87498,13.0777,20.0,1908.3
87499,13.0777,20.0,1908.3
87500,13.0777,20.0,1908.3
87501,13.0575,20.0,1908.3
87502,13.0575,20.0,1908.4
87503,13.0575,20.0,1908.4
87504,13.0575,20.0,1908.4
87505,13.0575,20.0,1908.4
87506,13.0575,20.0,1908.4
87507,13.0575,20.0,1908.5
87508,13.0575,20.0,1908.5
87509,13.0575,20.0,1908.5
87510,13.0575,20.0,1908.5
87511,13.0575,20.0,1908.5
87512,13.0575,20.0,1908.6
87513,13.0575,20.0,1908.6
87514,13.0575,20.0,1908.6
87515,13.0575,20.0,1908.6
87516,13.0575,20.0,1908.6
87517,13.0575,20.0,1908.7
87518,13.0575,20.0,1908.7
87519,13.0575,20.0,1908.7
87520,13.0575,20.0,1908.7
87521,13.0771,20.0,1908.8
87522,13.0771,20.0,1908.8
87523,13.0771,20.0,1908.8
87524,13.0771,20.0,1908.8
87525,13.0771,20.0,1908.8
87526,13.0771,20.0,1908.8
87527,13.0771,20.0,1908.9
87528,13.0771,20.0,1908.9
87529,13.0771,20.0,1908.9
87530,13.0771,20.0,1908.9
87531,13.0771,20.0,1909.0
87532,13.0771,20.0,1909.0
87533,13.0771,20.0,1909.0
87534,13.0771,20.0,1909.0
87535,13.0771,20.0,1909.0
87536,13.0771,20.0,1909.1
87537,13.0771,20.0,1909.1
87538,13.0771,20.0,1909.1
87539,13.0771,20.0,1909.1
87540,13.0771,20.0,1909.1
87541,13.0968,20.0,1909.2
87542,13.0968,20.0,1909.2
87543,13.0968,20.0,1909.2
87544,13.0968,20.0,1909.2
87545,13.0968,20.0,1909.2
87546,13.0968,20.0,1909.3
87547,13.0968,20.0,1909.3
87548,13.0968,20.0,1909.3
87549,13.0968,20.0,1909.3
87550,13.0968,20.0,1909.4
87551,13.0968,20.0,1909.4
87552,13.0968,20.0,1909.4
87553,13.0968,20.0,1909.7
87554,13.0968,20.0,1909.7
87555,13.0968,20.0,1909.7
87556,13.0968,20.0,1909.8
87557,13.0968,20.0,1909.8
87558,13.0968,20.0,1909.8
87559,13.0968,20.0,1909.8
87560,13.0968,20.0,1909.9
87561,13.1165,20.0,1909.9
87562,13.1165,20.0,1909.9
87563,13.1165,20.0,1909.9
87564,13.1165,20.0,1910.0
87565,13.1165,20.0,1910.0
87566,13.1165,20.0,1910.0
87567,13.1165,20.0,1910.0
87568,13.1165,20.0,1910.0
87569,13.1165,20.0,1910.0
87570,13.1165,20.0,1910.1
87571,13.1165,20.0,1910.1
87572,13.1165,20.0,1910.1
87573,13.1165,20.0,1910.1
87574,13.1165,20.0,1910.2
87575,13.1165,20.0,1910.2
87576,13.1165,20.0,1910.2
87577,13.1165,20.0,1910.2
87578,13.1165,20.0,1910.2
87579,13.1165,20.0,1910.3
87580,13.1165,20.0,1910.3
87581,13.1362,20.0,1910.3
87582,13.1362,20.0,1910.3
87583,13.1362,20.0,1910.4
87584,13.1362,20.0,1910.4
87585,13.1362,20.0,1910.4
87586,13.1362,20.0,1910.4
87587,13.1362,20.0,1910.4
87588,13.1362,20.0,1910.5
87589,13.1362,20.0,1910.5
87590,13.1362,20.0,1910.5
87591,13.1362,20.0,1910.5
87592,13.1362,20.0,1910.5
87593,13.1362,20.0,1910.5
87594,13.1362,20.0,1910.6
87595,13.1362,20.0,1910.6
87596,13.1362,20.0,1910.6
87597,13.1362,20.0,1910.6
87598,13.1362,20.0,1910.7
87599,13.1362,20.0,1910.7
87600,13.1362,20.0,1910.7
87601,13.1559,20.0,1910.8
87602,13.1559,20.0,1910.8
87603,13.1559,20.0,1910.8
87604,13.1559,20.0,1910.8
87605,13.1559,20.0,1910.9
87606,13.1559,20.0,1910.9
87607,13.1559,20.0,1910.9
87608,13.1559,20.0,1910.9
87609,13.1559,20.0,1911.0
87610,13.1559,20.0,1911.0
87611,13.1559,20.0,1911.0
87612,13.1559,20.0,1911.0
87613,13.1559,20.0,1911.0
87614,13.1559,20.0,1911.1
87615,13.1559,20.0,1911.1
87616,13.1559,20.0,1911.1
87617,13.1559,20.0,1911.1
87618,13.1559,20.0,1911.2
87619,13.1559,20.0,1911.2
87620,13.1559,20.0,1911.2
87621,13.1755,20.0,1911.2
87622,13.1755,20.0,1911.3
87623,13.1755,20.0,1911.3
87624,13.1755,20.0,1911.3
87625,13.1755,20.0,1911.3
87626,13.1755,20.0,1911.3
87627,13.1755,20.0,1911.4
87628,13.1755,20.0,1911.4
87629,13.1755,20.0,1911.4
87630,13.1755,20.0,1911.4
87631,13.1755,20.0,1911.5
87632,13.1755,20.0,1911.5
87633,13.1755,20.0,1911.5
87634,13.1755,20.0,1911.5
87635,13.1755,20.0,1911.6
87636,13.1755,20.0,1911.6
87637,13.1755,20.0,1911.6
87638,13.1755,20.0,1911.6
87639,13.1755,20.0,1911.6
87640,13.1755,20.0,1911.7
87641,13.1952,20.0,1911.7
87642,13.1952,20.0,1911.7
87643,13.1952,20.0,1911.7
87644,13.1952,20.0,1911.8
87645,13.1952,20.0,1911.8
87646,13.1952,20.0,1911.8
87647,13.1952,20.0,1911.8
87648,13.1952,20.0,1911.8
87649,13.1952,20.0,1911.9
87650,13.1952,20.0,1911.9
87651,13.1952,20.0,1911.9
87652,13.1952,20.0,1911.9
87653,13.1952,20.0,1912.0
87654,13.1952,20.0,1912.0
87655,13.1952,20.0,1912.0
87656,13.1952,20.0,1912.0
87657,13.1952,20.0,1912.1
87658,13.1952,20.0,1912.1
87659,13.1952,20.0,1912.1
87660,13.1952,20.0,1912.1
87661,13.2149,20.0,1912.2
87662,13.2149,20.0,1912.2
87663,13.2149,20.0,1912.2
87664,13.2149,20.0,1912.2
87665,13.2149,20.0,1912.2
87666,13.2149,20.0,1912.3
87667,13.2149,20.0,1912.3
87668,13.2149,20.0,1912.3
87669,13.2149,20.0,1912.3
87670,13.2149,20.0,1912.3
87671,13.2149,20.0,1912.4
87672,13.2149,20.0,1912.4
87673,13.2149,20.0,1912.4
87674,13.2149,20.0,1912.4
87675,13.2149,20.0,1912.5
87676,13.2149,20.0,1912.5
87677,13.2149,20.0,1912.5
87678,13.2149,20.0,1912.5
87679,13.2149,20.0,1912.5
87680,13.2149,20.0,1912.6
87681,13.2346,20.0,1912.6
87682,13.2346,20.0,1912.6
87683,13.2346,20.0,1912.6
87684,13.2346,20.0,1912.6
87685,13.2346,20.0,1912.7
87686,13.2346,20.0,1912.7
87687,13.2346,20.0,1912.7
87688,13.2346,20.0,1912.7
87689,13.2346,20.0,1912.8
87690,13.2346,20.0,1912.8
87691,13.2346,20.0,1912.8
87692,13.2346,20.0,1912.8
87693,13.2346,20.0,1912.8
87694,13.2346,20.0,1912.9
87695,13.2346,20.0,1912.9
87696,13.2346,20.0,1912.9
87697,13.2346,20.0,1912.9
87698,13.2346,20.0,1912.9
87699,13.2346,20.0,1913.0
87700,13.2346,20.0,1913.0
87701,13.2543,20.0,1913.0
87702,13.2543,20.0,1913.0
87703,13.2543,20.0,1913.0
87704,13.2543,20.0,1913.1
87705,13.2543,20.0,1913.1
87706,13.2543,20.0,1913.1
87707,13.2543,20.0,1913.1
87708,13.2543,20.0,1913.1
87709,13.2543,20.0,1913.2
87710,13.2543,20.0,1913.2
87711,13.2543,20.0,1913.2
87712,13.2543,20.0,1913.2
87713,13.2543,20.0,1913.2
87714,13.2543,20.0,1913.3
87715,13.2543,20.0,1913.3
87716,13.2543,20.0,1913.3
87717,13.2543,20.0,1913.3
87718,13.2543,20.0,1913.3
87719,13.2543,20.0,1913.4
87720,13.2543,20.0,1913.4
87721,13.2739,20.0,1913.4
87722,13.2739,20.0,1913.4
87723,13.2739,20.0,1913.5
87724,13.2739,20.0,1913.5
87725,13.2739,20.0,1913.5
87726,13.2739,20.0,1913.5
87727,13.2739,20.0,1913.5
87728,13.2739,20.0,1913.6
87729,13.2739,20.0,1913.6
87730,13.2739,20.0,1913.6
87731,13.2739,20.0,1913.6
87732,13.2739,20.0,1913.6
87733,13.2739,20.0,1913.6
87734,13.2739,20.0,1913.7
87735,13.2739,20.0,1913.7
87736,13.2739,20.0,1913.7
87737,13.2739,20.0,1913.7
87738,13.2739,20.0,1913.8
87739,13.2739,20.0,1913.8
87740,13.2739,20.0,1913.8
87741,13.2936,20.0,1913.8
87742,13.2936,20.0,1913.8
87743,13.2936,20.0,1913.9
87744,13.2936,20.0,1913.9
87745,13.2936,20.0,1913.9
87746,13.2936,20.0,1913.9
87747,13.2936,20.0,1914.0
87748,13.2936,20.0,1914.0
87749,13.2936,20.0,1914.0
87750,13.2936,20.0,1914.0
87751,13.2936,20.0,1914.1
87752,13.2936,20.0,1914.1
87753,13.2936,20.0,1914.1
87754,13.2936,20.0,1914.1
87755,13.2936,20.0,1914.1
87756,13.2936,20.0,1914.2
87757,13.2936,20.0,1914.2
87758,13.2936,20.0,1914.2
87759,13.2936,20.0,1914.2
87760,13.2936,20.0,1914.2
87761,13.3133,20.0,1914.3
87762,13.3133,20.0,1914.3
87763,13.3133,20.0,1914.3
87764,13.3133,20.0,1914.3
87765,13.3133,20.0,1914.3
87766,13.3133,20.0,1914.4
87767,13.3133,20.0,1914.4
87768,13.3133,20.0,1914.4
87769,13.3133,20.0,1914.4
87770,13.3133,20.0,1914.4
87771,13.3133,20.0,1914.5
87772,13.3133,20.0,1914.5
87773,13.3133,20.0,1914.5
87774,13.3133,20.0,1914.5
87775,13.3133,20.0,1914.6
87776,13.3133,20.0,1914.6
87777,13.3133,20.0,1914.6
87778,13.3133,20.0,1914.6
87779,13.3133,20.0,1914.6
87780,13.3133,20.0,1914.6
87781,13.3330,20.0,1914.7
87782,13.3330,20.0,1914.7
87783,13.3330,20.0,1914.7
87784,13.3330,20.0,1914.7
87785,13.3330,20.0,1914.8
87786,13.3330,20.0,1914.8
87787,13.3330,20.0,1914.8
87788,13.3330,20.0,1914.8
87789,13.3330,20.0,1914.9
87790,13.3330,20.0,1914.9
87791,13.3330,20.0,1914.9
87792,13.3330,20.0,1914.9
87793,13.3330,20.0,1914.9
87794,13.3330,20.0,1915.0
87795,13.3330,20.0,1915.0
87796,13.3330,20.0,1915.0
87797,13.3330,20.0,1915.0
87798,13.3330,20.0,1915.1
87799,13.3330,20.0,1915.1
87800,13.3330,20.0,1915.1
87801,13.3527,20.0,1915.1
87802,13.3527,20.0,1915.1
87803,13.3527,20.0,1915.2
87804,13.3527,20.0,1915.2
87805,13.3527,20.0,1915.2
87806,13.3527,20.0,1915.2
87807,13.3527,20.0,1915.3
87808,13.3527,20.0,1915.3
87809,13.3527,20.0,1915.3
87810,13.3527,20.0,1915.3
87811,13.3527,20.0,1915.3
87812,13.3527,20.0,1915.4
87813,13.3527,20.0,1915.4
87814,13.3527,20.0,1915.4
87815,13.3527,20.0,1915.4
87816,13.3527,20.0,1915.5
87817,13.3527,20.0,1915.5
87818,13.3527,20.0,1915.5
87819,13.3527,20.0,1915.5
87820,13.3527,20.0,1915.5
87821,13.3724,20.0,1915.6
87822,13.3724,20.0,1915.6
87823,13.3724,20.0,1915.6
87824,13.3724,20.0,1915.6
87825,13.3724,20.0,1915.6
87826,13.3724,20.0,1915.7
87827,13.3724,20.0,1915.7
87828,13.3724,20.0,1915.7
87829,13.3724,20.0,1915.7
87830,13.3724,20.0,1915.8
87831,13.3724,20.0,1915.8
87832,13.3724,20.0,1915.8
87833,13.3724,20.0,1915.8
87834,13.3724,20.0,1915.8
87835,13.3724,20.0,1915.9
87836,13.3724,20.0,1915.9
87837,13.3724,20.0,1915.9
87838,13.3724,20.0,1915.9
87839,13.3724,20.0,1916.0
87840,13.3724,20.0,1916.0
87841,13.3920,20.0,1916.0
87842,13.3920,20.0,1916.0
87843,13.3920,20.0,1916.0
87844,13.3920,20.0,1916.1
87845,13.3920,20.0,1916.1
87846,13.3920,20.0,1916.1
87847,13.3920,20.0,1916.1
87848,13.3920,20.0,1916.1
87849,13.3920,20.0,1916.2
87850,13.3920,20.0,1916.2
87851,13.3920,20.0,1916.2
87852,13.3920,20.0,1916.2
87853,13.3920,20.0,1916.2
87854,13.3920,20.0,1916.2
87855,13.3920,20.0,1916.3
87856,13.3920,20.0,1916.3
87857,13.3920,20.0,1916.3
87858,13.3920,20.0,1916.3
87859,13.3920,20.0,1916.4
87860,13.3920,20.0,1916.4
87861,13.4117,20.0,1916.4
87862,13.4117,20.0,1916.4
87863,13.4117,20.0,1916.4
87864,13.4117,20.0,1916.5
87865,13.4117,20.0,1916.5
87866,13.4117,20.0,1916.5
87867,13.4117,20.0,1916.5
87868,13.4117,20.0,1916.5
87869,13.4117,20.0,1916.6
87870,13.4117,20.0,1916.6
87871,13.4117,20.0,1916.6
87872,13.4117,20.0,1916.6
87873,13.4117,20.0,1916.7
87874,13.4117,20.0,1916.7
87875,13.4117,20.0,1916.7
87876,13.4117,20.0,1916.7
87877,13.4117,20.0,1916.7
87878,13.4117,20.0,1916.8
87879,13.4117,20.0,1916.8
87880,13.4117,20.0,1916.8
87881,13.4314,20.0,1916.8
87882,13.4314,20.0,1916.8
87883,13.4314,20.0,1916.9
87884,13.4314,20.0,1916.9
87885,13.4314,20.0,1916.9
87886,13.4314,20.0,1916.9
87887,13.4314,20.0,1916.9
87888,13.4314,20.0,1917.0
87889,13.4314,20.0,1917.0
87890,13.4314,20.0,1917.0
87891,13.4314,20.0,1917.0
87892,13.4314,20.0,1917.0
87893,13.4314,20.0,1917.1
87894,13.4314,20.0,1917.1
87895,13.4314,20.0,1917.1
87896,13.4314,20.0,1917.1
87897,13.4314,20.0,1917.1
87898,13.4314,20.0,1917.2
87899,13.4314,20.0,1917.2
87900,13.4314,20.0,1917.2
87901,13.4511,20.0,1917.2
87902,13.4511,20.0,1917.2
87903,13.4511,20.0,1917.3
87904,13.4511,20.0,1917.3
87905,13.4511,20.0,1917.3
87906,13.4511,20.0,1917.3
87907,13.4511,20.0,1917.3
87908,13.4511,20.0,1917.4
87909,13.4511,20.0,1917.4
87910,13.4511,20.0,1917.4
87911,13.4511,20.0,1917.4
87912,13.4511,20.0,1917.4
87913,13.4511,20.0,1917.5
87914,13.4511,20.0,1917.5
87915,13.4511,20.0,1917.5
87916,13.4511,20.0,1917.5
87917,13.4511,20.0,1917.5
87918,13.4511,20.0,1917.6
87919,13.4511,20.0,1917.6
87920,13.4511,20.0,1917.6
87921,13.4708,20.0,1917.6
87922,13.4708,20.0,1917.6
87923,13.4708,20.0,1917.7
87924,13.4708,20.0,1917.7
87925,13.4708,20.0,1917.7
87926,13.4708,20.0,1917.7
87927,13.4708,20.0,1917.8
87928,13.4708,20.0,1917.8
87929,13.4708,20.0,1917.8
87930,13.4708,20.0,1917.8
87931,13.4708,20.0,1917.8
87932,13.4708,20.0,1917.9
87933,13.4708,20.0,1917.9
87934,13.4708,20.0,1917.9
87935,13.4708,20.0,1917.9
87936,13.4708,20.0,1918.0
87937,13.4708,20.0,1918.0
87938,13.4708,20.0,1918.0
87939,13.4708,20.0,1918.0
87940,13.4708,20.0,1918.0
87941,13.4904,20.0,1918.1
87942,13.4904,20.0,1918.1
87943,13.4904,20.0,1918.1
87944,13.4904,20.0,1918.1
87945,13.4904,20.0,1918.2
87946,13.4904,20.0,1918.2
87947,13.4904,20.0,1918.2
87948,13.4904,20.0,1918.2
87949,13.4904,20.0,1918.2
87950,13.4904,20.0,1918.2
87951,13.4904,20.0,1918.3
87952,13.4904,20.0,1918.3
87953,13.4904,20.0,1918.3
87954,13.4904,20.0,1918.3
87955,13.4904,20.0,1918.3
87956,13.4904,20.0,1918.4
87957,13.4904,20.0,1918.4
87958,13.4904,20.0,1918.4
87959,13.4904,20.0,1918.4
87960,13.4904,20.0,1918.5
87961,13.5101,20.0,1918.5
87962,13.5101,20.0,1918.5
87963,13.5101,20.0,1918.5
87964,13.5101,20.0,1918.5
87965,13.5101,20.0,1918.6
87966,13.5101,20.0,1918.6
87967,13.5101,20.0,1918.6
87968,13.5101,20.0,1918.6
87969,13.5101,20.0,1918.7
87970,13.5101,20.0,1918.7
87971,13.5101,20.0,1918.7
87972,13.5101,20.0,1918.7
87973,13.5101,20.0,1918.8
87974,13.5101,20.0,1918.8
87975,13.5101,20.0,1918.8
87976,13.5101,20.0,1918.8
87977,13.5101,20.0,1918.9
87978,13.5101,20.0,1918.9
87979,13.5101,20.0,1918.9
87980,13.5101,20.0,1918.9
87981,13.5298,20.0,1918.9
87982,13.5298,20.0,1919.0
87983,13.5298,20.0,1919.0
87984,13.5298,20.0,1919.0
87985,13.5298,20.0,1919.0
87986,13.5298,20.0,1919.0
87987,13.5298,20.0,1919.1
87988,13.5298,20.0,1919.1
87989,13.5298,20.0,1919.1
87990,13.5298,20.0,1919.1
87991,13.5298,20.0,1919.1
87992,13.5298,20.0,1919.2
87993,13.5298,20.0,1919.2
87994,13.5298,20.0,1919.2
87995,13.5298,20.0,1919.2
87996,13.5298,20.0,1919.2
87997,13.5298,20.0,1919.3
87998,13.5298,20.0,1919.3
87999,13.5298,20.0,1919.3
88000,13.5298,20.0,1919.3
88001,13.5495,20.0,1919.3
88002,13.5495,20.0,1919.4
88003,13.5495,20.0,1919.4
88004,13.5495,20.0,1919.4
88005,13.5495,20.0,1919.4
88006,13.5495,20.0,1919.5
88007,13.5495,20.0,1919.5
88008,13.5495,20.0,1919.5
88009,13.5495,20.0,1919.5
88010,13.5495,20.0,1919.5
88011,13.5495,20.0,1919.6
88012,13.5495,20.0,1919.6
88013,13.5495,20.0,1919.6
88014,13.5495,20.0,1919.6
88015,13.5495,20.0,1919.7
88016,13.5495,20.0,1919.7
88017,13.5495,20.0,1919.7
88018,13.5495,20.0,1919.7
88019,13.5495,20.0,1919.7
88020,13.5495,20.0,1919.8
88021,13.5493,20.0,1919.8
88022,13.5493,20.0,1919.8
88023,13.5493,20.0,1919.8
88024,13.5493,20.0,1919.8
88025,13.5493,20.0,1919.9
88026,13.5493,20.0,1919.9
88027,13.5493,20.0,1919.9
88028,13.5493,20.0,1919.9
88029,13.5493,20.0,1919.9
88030,13.5493,20.0,1920.0
88031,13.5493,20.0,1920.0
88032,13.5493,20.0,1920.0
88033,13.5493,20.0,1920.0
88034,13.5493,20.0,1920.0
88035,13.5493,20.0,1920.1
88036,13.5493,20.0,1920.1
88037,13.5493,20.0,1920.1
88038,13.5493,20.0,1920.1
88039,13.5493,20.0,1920.1
88040,13.5493,20.0,1920.2
88041,13.5490,20.0,1920.2
88042,13.5490,20.0,1920.2
88043,13.5490,20.0,1920.2
88044,13.5490,20.0,1920.2
88045,13.5490,20.0,1920.3
88046,13.5490,20.0,1920.3
88047,13.5490,20.0,1920.3
88048,13.5490,20.0,1920.3
88049,13.5490,20.0,1920.3
88050,13.5490,20.0,1920.4
88051,13.5490,20.0,1920.4
88052,13.5490,20.0,1920.4
88053,13.5490,20.0,1920.4
88054,13.5490,20.0,1920.4
88055,13.5490,20.0,1920.5
88056,13.5490,20.0,1920.5
88057,13.5490,20.0,1920.5
88058,13.5490,20.0,1920.5
88059,13.5490,20.0,1920.5
88060,13.5490,20.0,1920.6
88061,13.5487,20.0,1920.6
88062,13.5487,20.0,1920.6
88063,13.5487,20.0,1920.6
88064,13.5487,20.0,1920.6
88065,13.5487,20.0,1920.9
88066,13.5487,20.0,1921.0
88067,13.5487,20.0,1921.0
88068,13.5487,20.0,1921.0
88069,13.5487,20.0,1921.0
88070,13.5487,20.0,1921.0
88071,13.5487,20.0,1921.1
88072,13.5487,20.0,1921.1
88073,13.5487,20.0,1921.1
88074,13.5487,20.0,1921.1
88075,13.5487,20.0,1921.1
88076,13.5487,20.0,1921.2
88077,13.5487,20.0,1921.2
88078,13.5487,20.0,1921.2
88079,13.5487,20.0,1921.2
88080,13.5487,20.0,1921.3
88081,13.5283,20.0,1921.3
88082,13.5283,20.0,1921.3
88083,13.5283,20.0,1921.3
88084,13.5283,20.0,1921.3
88085,13.5283,20.0,1921.4
88086,13.5283,20.0,1921.4
88087,13.5283,20.0,1921.4
88088,13.5283,20.0,1921.4
88089,13.5283,20.0,1921.4
88090,13.5283,20.0,1921.5
88091,13.5283,20.0,1921.5
88092,13.5283,20.0,1921.5
88093,13.5283,20.0,1921.5
88094,13.5283,20.0,1921.6
88095,13.5283,20.0,1921.6
88096,13.5283,20.0,1921.6
88097,13.5283,20.0,1921.6
88098,13.5283,20.0,1921.6
88099,13.5283,20.0,1921.7
88100,13.5283,20.0,1921.7
88101,13.5079,20.0,1921.7
88102,13.5079,20.0,1921.7
88103,13.5079,20.0,1921.7
88104,13.5079,20.0,1921.8
88105,13.5079,20.0,1921.8
88106,13.5079,20.0,1921.8
88107,13.5079,20.0,1921.8
88108,13.5079,20.0,1921.8
88109,13.5079,20.0,1921.9
88110,13.5079,20.0,1921.9
88111,13.5079,20.0,1921.9
88112,13.5079,20.0,1921.9
88113,13.5079,20.0,1921.9
88114,13.5079,20.0,1922.0
88115,13.5079,20.0,1922.0
88116,13.5079,20.0,1922.0
88117,13.5079,20.0,1922.0
88118,13.5079,20.0,1922.1
88119,13.5079,20.0,1922.1
88120,13.5079,20.0,1922.1
88121,13.4876,20.0,1922.1
88122,13.4876,20.0,1922.2
88123,13.4876,20.0,1922.2
88124,13.4876,20.0,1922.2
88125,13.4876,20.0,1922.2
88126,13.4876,20.0,1922.2
88127,13.4876,20.0,1922.3
88128,13.4876,20.0,1922.3
88129,13.4876,20.0,1922.3
88130,13.4876,20.0,1922.3
88131,13.4876,20.0,1922.3
88132,13.4876,20.0,1922.4
88133,13.4876,20.0,1922.4
88134,13.4876,20.0,1922.4
88135,13.4876,20.0,1922.4
88136,13.4876,20.0,1922.5
88137,13.4876,20.0,1922.5
88138,13.4876,20.0,1922.5
88139,13.4876,20.0,1922.5
88140,13.4876,20.0,1922.5
88141,13.4672,20.0,1922.5
88142,13.4672,20.0,1922.6
88143,13.4672,20.0,1922.6
88144,13.4672,20.0,1922.6
88145,13.4672,20.0,1922.6
88146,13.4672,20.0,1922.6
88147,13.4672,20.0,1922.7
88148,13.4672,20.0,1922.7
88149,13.4672,20.0,1922.7
88150,13.4672,20.0,1922.7
88151,13.4672,20.0,1922.7
88152,13.4672,20.0,1922.8
88153,13.4672,20.0,1922.8
88154,13.4672,20.0,1922.8
88155,13.4672,20.0,1922.8
88156,13.4672,20.0,1922.9
88157,13.4672,20.0,1922.9
88158,13.4672,20.0,1922.9
88159,13.4672,20.0,1922.9
88160,13.4672,20.0,1922.9
88161,13.4468,20.0,1923.0
88162,13.4468,20.0,1923.0
88163,13.4468,20.0,1923.0
88164,13.4468,20.0,1923.0
88165,13.4468,20.0,1923.0
88166,13.4468,20.0,1923.1
88167,13.4468,20.0,1923.1
88168,13.4468,20.0,1923.1
88169,13.4468,20.0,1923.1
88170,13.4468,20.0,1923.2
88171,13.4468,20.0,1923.2
88172,13.4468,20.0,1923.2
88173,13.4468,20.0,1923.2
88174,13.4468,20.0,1923.2
88175,13.4468,20.0,1923.3
88176,13.4468,20.0,1923.3
88177,13.4468,20.0,1923.3
88178,13.4468,20.0,1923.3
88179,13.4468,20.0,1923.3
88180,13.4468,20.0,1923.4
88181,13.4265,20.0,1923.4
88182,13.4265,20.0,1923.4
88183,13.4265,20.0,1923.4
88184,13.4265,20.0,1923.5
88185,13.4265,20.0,1923.5
88186,13.4265,20.0,1923.5
88187,13.4265,20.0,1923.5
88188,13.4265,20.0,1923.5
88189,13.4265,20.0,1923.6
88190,13.4265,20.0,1923.6
88191,13.4265,20.0,1923.6
88192,13.4265,20.0,1923.6
88193,13.4265,20.0,1923.6
88194,13.4265,20.0,1923.7
88195,13.4265,20.0,1923.7
88196,13.4265,20.0,1923.7
88197,13.4265,20.0,1923.7
88198,13.4265,20.0,1923.7
88199,13.4265,20.0,1923.8
88200,13.4265,20.0,1923.8
88201,13.4061,20.0,1923.8
88202,13.4061,20.0,1923.8
88203,13.4061,20.0,1923.9
88204,13.4061,20.0,1923.9
88205,13.4061,20.0,1923.9
88206,13.4061,20.0,1923.9
88207,13.4061,20.0,1924.0
88208,13.4061,20.0,1924.0
88209,13.4061,20.0,1924.0
88210,13.4061,20.0,1924.0
88211,13.4061,20.0,1924.0
88212,13.4061,20.0,1924.1
88213,13.4061,20.0,1924.1
88214,13.4061,20.0,1924.1
88215,13.4061,20.0,1924.1
88216,13.4061,20.0,1924.1
88217,13.4061,20.0,1924.2
88218,13.4061,20.0,1924.2
88219,13.4061,20.0,1924.2
88220,13.4061,20.0,1924.2
88221,13.3857,20.0,1924.3
88222,13.3857,20.0,1924.3
88223,13.3857,20.0,1924.3
88224,13.3857,20.0,1924.3
88225,13.3857,20.0,1924.4
88226,13.3857,20.0,1924.4
88227,13.3857,20.0,1924.4
88228,13.3857,20.0,1924.4
88229,13.3857,20.0,1924.4
88230,13.3857,20.0,1924.5
88231,13.3857,20.0,1924.5
88232,13.3857,20.0,1924.5
88233,13.3857,20.0,1924.5
88234,13.3857,20.0,1924.5
88235,13.3857,20.0,1924.6
88236,13.3857,20.0,1924.6
88237,13.3857,20.0,1924.6
88238,13.3857,20.0,1924.6
88239,13.3857,20.0,1924.6
88240,13.3857,20.0,1924.7
88241,13.3654,20.0,1924.7
88242,13.3654,20.0,1924.7
88243,13.3654,20.0,1924.7
88244,13.3654,20.0,1924.8
88245,13.3654,20.0,1924.8
88246,13.3654,20.0,1924.8
88247,13.3654,20.0,1924.8
88248,13.3654,20.0,1924.8
88249,13.3654,20.0,1924.8
88250,13.3654,20.0,1924.9
88251,13.3654,20.0,1924.9
88252,13.3654,20.0,1924.9
88253,13.3654,20.0,1924.9
88254,13.3654,20.0,1925.0
88255,13.3654,20.0,1925.0
88256,13.3654,20.0,1925.0
88257,13.3654,20.0,1925.0
88258,13.3654,20.0,1925.0
88259,13.3654,20.0,1925.1
88260,13.3654,20.0,1925.1
88261,13.3450,20.0,1925.1
88262,13.3450,20.0,1925.1
88263,13.3450,20.0,1925.1
88264,13.3450,20.0,1925.2
88265,13.3450,20.0,1925.2
88266,13.3450,20.0,1925.2
88267,13.3450,20.0,1925.2
88268,13.3450,20.0,1925.3
88269,13.3450,20.0,1925.3
88270,13.3450,20.0,1925.3
88271,13.3450,20.0,1925.3
88272,13.3450,20.0,1925.3
88273,13.3450,20.0,1925.4
88274,13.3450,20.0,1925.4
88275,13.3450,20.0,1925.4
88276,13.3450,20.0,1925.4
88277,13.3450,20.0,1925.4
88278,13.3450,20.0,1925.4
88279,13.3450,20.0,1925.5
88280,13.3450,20.0,1925.5
88281,13.3246,20.0,1925.5
88282,13.3246,20.0,1925.5
88283,13.3246,20.0,1925.6
88284,13.3246,20.0,1925.6
88285,13.3246,20.0,1925.6
88286,13.3246,20.0,1925.6
88287,13.3246,20.0,1925.6
88288,13.3246,20.0,1925.6
88289,13.3246,20.0,1925.7
88290,13.3246,20.0,1925.7
88291,13.3246,20.0,1925.7
88292,13.3246,20.0,1925.7
88293,13.3246,20.0,1925.7
88294,13.3246,20.0,1925.8
88295,13.3246,20.0,1925.8
88296,13.3246,20.0,1925.8
88297,13.3246,20.0,1925.8
88298,13.3246,20.0,1925.8
88299,13.3246,20.0,1925.9
88300,13.3246,20.0,1925.9
88301,13.3043,20.0,1925.9
88302,13.3043,20.0,1925.9
88303,13.3043,20.0,1926.0
88304,13.3043,20.0,1926.0
88305,13.3043,20.0,1926.0
88306,13.3043,20.0,1926.0
88307,13.3043,20.0,1926.0
88308,13.3043,20.0,1926.1
88309,13.3043,20.0,1926.1
88310,13.3043,20.0,1926.1
88311,13.3043,20.0,1926.1
88312,13.3043,20.0,1926.1
88313,13.3043,20.0,1926.2
88314,13.3043,20.0,1926.2
88315,13.3043,20.0,1926.2
88316,13.3043,20.0,1926.2
88317,13.3043,20.0,1926.3
88318,13.3043,20.0,1926.3
88319,13.3043,20.0,1926.3
88320,13.3043,20.0,1926.3
88321,13.2839,20.0,1926.3
88322,13.2839,20.0,1926.4
88323,13.2839,20.0,1926.4
88324,13.2839,20.0,1926.4
88325,13.2839,20.0,1926.4
88326,13.2839,20.0,1926.4
88327,13.2839,20.0,1926.5
88328,13.2839,20.0,1926.5
88329,13.2839,20.0,1926.5
88330,13.2839,20.0,1926.5
88331,13.2839,20.0,1926.5
88332,13.2839,20.0,1926.6
88333,13.2839,20.0,1926.6
88334,13.2839,20.0,1926.6
88335,13.2839,20.0,1926.6
88336,13.2839,20.0,1926.7
88337,13.2839,20.0,1926.7
88338,13.2839,20.0,1926.7
88339,13.2839,20.0,1926.7
88340,13.2839,20.0,1926.7
88341,13.2635,20.0,1926.8
88342,13.2635,20.0,1926.8
88343,13.2635,20.0,1926.8
88344,13.2635,20.0,1926.8
88345,13.2635,20.0,1926.8
88346,13.2635,20.0,1926.9
88347,13.2635,20.0,1926.9
88348,13.2635,20.0,1926.9
88349,13.2635,20.0,1926.9
88350,13.2635,20.0,1926.9
88351,13.2635,20.0,1927.0
88352,13.2635,20.0,1927.0
88353,13.2635,20.0,1927.0
88354,13.2635,20.0,1927.0
88355,13.2635,20.0,1927.1
88356,13.2635,20.0,1927.1
88357,13.2635,20.0,1927.1
88358,13.2635,20.0,1927.1
88359,13.2635,20.0,1927.1
88360,13.2635,20.0,1927.2
88361,13.2432,20.0,1927.2
88362,13.2432,20.0,1927.2
88363,13.2432,20.0,1927.2
88364,13.2432,20.0,1927.2
88365,13.2432,20.0,1927.3
88366,13.2432,20.0,1927.3
88367,13.2432,20.0,1927.3
88368,13.2432,20.0,1927.3
88369,13.2432,20.0,1927.3
88370,13.2432,20.0,1927.4
88371,13.2432,20.0,1927.4
88372,13.2432,20.0,1927.4
88373,13.2432,20.0,1927.4
88374,13.2432,20.0,1927.5
88375,13.2432,20.0,1927.5
88376,13.2432,20.0,1927.5
88377,13.2432,20.0,1927.5
88378,13.2432,20.0,1927.5
88379,13.2432,20.0,1927.5
88380,13.2432,20.0,1927.6
88381,13.2228,20.0,1927.6
88382,13.2228,20.0,1927.6
88383,13.2228,20.0,1927.6
88384,13.2228,20.0,1927.6
88385,13.2228,20.0,1927.7
88386,13.2228,20.0,1927.7
88387,13.2228,20.0,1927.7
88388,13.2228,20.0,1927.7
88389,13.2228,20.0,1927.7
88390,13.2228,20.0,1927.8
88391,13.2228,20.0,1927.8
88392,13.2228,20.0,1927.8
88393,13.2228,20.0,1927.8
88394,13.2228,20.0,1927.9
88395,13.2228,20.0,1927.9
88396,13.2228,20.0,1927.9
88397,13.2228,20.0,1927.9
88398,13.2228,20.0,1927.9
88399,13.2228,20.0,1928.0
88400,13.2228,20.0,1928.0
88401,13.2024,20.0,1928.0
88402,13.2024,20.0,1928.0
88403,13.2024,20.0,1928.1
88404,13.2024,20.0,1928.1
88405,13.2024,20.0,1928.1
88406,13.2024,20.0,1928.1
88407,13.2024,20.0,1928.1
88408,13.2024,20.0,1928.2
88409,13.2024,20.0,1928.2
88410,13.2024,20.0,1928.2
88411,13.2024,20.0,1928.2
88412,13.2024,20.0,1928.3
88413,13.2024,20.0,1928.3
88414,13.2024,20.0,1928.3
88415,13.2024,20.0,1928.3
88416,13.2024,20.0,1928.3
88417,13.2024,20.0,1928.4
88418,13.2024,20.0,1928.4
88419,13.2024,20.0,1928.4
88420,13.2024,20.0,1928.4
88421,13.1821,20.0,1928.5
88422,13.1821,20.0,1928.5
88423,13.1821,20.0,1928.5
88424,13.1821,20.0,1928.5
88425,13.1821,20.0,1928.5
88426,13.1821,20.0,1928.6
88427,13.1821,20.0,1928.6
88428,13.1821,20.0,1928.6
88429,13.1821,20.0,1928.6
88430,13.1821,20.0,1928.6
88431,13.1821,20.0,1928.7
88432,13.1821,20.0,1928.7
88433,13.1821,20.0,1928.7
88434,13.1821,20.0,1928.7
88435,13.1821,20.0,1928.7
88436,13.1821,20.0,1928.7
88437,13.1821,20.0,1928.7
88438,13.1821,20.0,1928.8
88439,13.1821,20.0,1928.8
88440,13.1821,20.0,1928.8
88441,13.1617,20.0,1928.8
88442,13.1617,20.0,1928.9
88443,13.1617,20.0,1928.9
88444,13.1617,20.0,1928.9
88445,13.1617,20.0,1928.9
88446,13.1617,20.0,1928.9
88447,13.1617,20.0,1929.0
88448,13.1617,20.0,1929.0
88449,13.1617,20.0,1929.0
88450,13.1617,20.0,1929.0
88451,13.1617,20.0,1929.0
88452,13.1617,20.0,1929.1
88453,13.1617,20.0,1929.1
88454,13.1617,20.0,1929.1
88455,13.1617,20.0,1929.1
88456,13.1617,20.0,1929.1
88457,13.1617,20.0,1929.2
88458,13.1617,20.0,1929.2
88459,13.1617,20.0,1929.2
88460,13.1617,20.0,1929.2
88461,13.1413,20.0,1929.3
88462,13.1413,20.0,1929.3
88463,13.1413,20.0,1929.3
88464,13.1413,20.0,1929.3
88465,13.1413,20.0,1929.3
88466,13.1413,20.0,1929.4
88467,13.1413,20.0,1929.4
88468,13.1413,20.0,1929.4
88469,13.1413,20.0,1929.4
88470,13.1413,20.0,1929.4
88471,13.1413,20.0,1929.5
88472,13.1413,20.0,1929.5
88473,13.1413,20.0,1929.5
88474,13.1413,20.0,1929.5
88475,13.1413,20.0,1929.5
88476,13.1413,20.0,1929.6
88477,13.1413,20.0,1929.6
88478,13.1413,20.0,1929.6
88479,13.1413,20.0,1929.6
88480,13.1413,20.0,1929.7
88481,13.1210,20.0,1929.7
88482,13.1210,20.0,1929.7
88483,13.1210,20.0,1929.7
88484,13.1210,20.0,1929.7
88485,13.1210,20.0,1929.8
88486,13.1210,20.0,1929.8
88487,13.1210,20.0,1929.8
88488,13.1210,20.0,1929.8
88489,13.1210,20.0,1929.8
88490,13.1210,20.0,1929.9
88491,13.1210,20.0,1929.9
88492,13.1210,20.0,1929.9
88493,13.1210,20.0,1929.9
88494,13.1210,20.0,1929.9
88495,13.1210,20.0,1930.0
88496,13.1210,20.0,1930.0
88497,13.1210,20.0,1930.0
88498,13.1210,20.0,1930.0
88499,13.1210,20.0,1930.0
88500,13.1210,20.0,1930.1
88501,13.1006,20.0,1930.1
88502,13.1006,20.0,1930.1
88503,13.1006,20.0,1930.1
88504,13.1006,20.0,1930.2
88505,13.1006,20.0,1930.2
88506,13.1006,20.0,1930.2
88507,13.1006,20.0,1930.2
88508,13.1006,20.0,1930.2
88509,13.1006,20.0,1930.2
88510,13.1006,20.0,1930.3
88511,13.1006,20.0,1930.3
88512,13.1006,20.0,1930.3
88513,13.1006,20.0,1930.3
88514,13.1006,20.0,1930.4
88515,13.1006,20.0,1930.4
88516,13.1006,20.0,1930.4
88517,13.1006,20.0,1930.4
88518,13.1006,20.0,1930.4
88519,13.1006,20.0,1930.5
88520,13.1006,20.0,1930.5
88521,13.0803,20.0,1930.5
88522,13.0803,20.0,1930.5
88523,13.0803,20.0,1930.5
88524,13.0803,20.0,1930.5
88525,13.0803,20.0,1930.6
88526,13.0803,20.0,1930.6
88527,13.0803,20.0,1930.6
88528,13.0803,20.0,1930.6
88529,13.0803,20.0,1930.7
88530,13.0803,20.0,1930.7
88531,13.0803,20.0,1930.7
88532,13.0803,20.0,1930.7
88533,13.0803,20.0,1930.7
88534,13.0803,20.0,1930.8
88535,13.0803,20.0,1930.8
88536,13.0803,20.0,1930.8
88537,13.0803,20.0,1930.8
88538,13.0803,20.0,1930.8
88539,13.0803,20.0,1930.9
88540,13.0803,20.0,1930.9
88541,13.0599,20.0,1930.9
88542,13.0599,20.0,1930.9
88543,13.0599,20.0,1930.9
88544,13.0599,20.0,1931.0
88545,13.0599,20.0,1931.0
88546,13.0599,20.0,1931.0
88547,13.0599,20.0,1931.0
88548,13.0599,20.0,1931.1
88549,13.0599,20.0,1931.1
88550,13.0599,20.0,1931.1
88551,13.0599,20.0,1931.1
88552,13.0599,20.0,1931.1
88553,13.0599,20.0,1931.2
88554,13.0599,20.0,1931.2
88555,13.0599,20.0,1931.2
88556,13.0599,20.0,1931.2
88557,13.0599,20.0,1931.2
88558,13.0599,20.0,1931.3
88559,13.0599,20.0,1931.3
88560,13.0599,20.0,1931.3
88561,13.0592,20.0,1931.3
88562,13.0592,20.0,1931.3
88563,13.0592,20.0,1931.4
88564,13.0592,20.0,1931.4
88565,13.0592,20.0,1931.4
88566,13.0592,20.0,1931.4
88567,13.0592,20.0,1931.4
88568,13.0592,20.0,1931.5
88569,13.0592,20.0,1931.5
88570,13.0592,20.0,1931.5
88571,13.0592,20.0,1931.5
88572,13.0592,20.0,1931.5
88573,13.0592,20.0,1931.5
88574,13.0592,20.0,1931.6
88575,13.0592,20.0,1931.6
88576,13.0592,20.0,1931.6
88577,13.0592,20.0,1931.9
88578,13.0592,20.0,1931.9
88579,13.0592,20.0,1932.0
88580,13.0592,20.0,1932.0
88581,13.0786,20.0,1932.0
88582,13.0786,20.0,1932.0
88583,13.0786,20.0,1932.0
88584,13.0786,20.0,1932.1
88585,13.0786,20.0,1932.1
88586,13.0786,20.0,1932.1
88587,13.0786,20.0,1932.1
88588,13.0786,20.0,1932.1
88589,13.0786,20.0,1932.2
88590,13.0786,20.0,1932.2
88591,13.0786,20.0,1932.2
88592,13.0786,20.0,1932.2
88593,13.0786,20.0,1932.2
88594,13.0786,20.0,1932.3
88595,13.0786,20.0,1932.3
88596,13.0786,20.0,1932.3
88597,13.0786,20.0,1932.3
88598,13.0786,20.0,1932.3
88599,13.0786,20.0,1932.4
88600,13.0786,20.0,1932.4
88601,13.1180,20.0,1932.4
88602,13.1180,20.0,1932.4
88603,13.1180,20.0,1932.4
88604,13.1180,20.0,1932.5
88605,13.1180,20.0,1932.5
88606,13.1180,20.0,1932.5
88607,13.1180,20.0,1932.5
88608,13.1180,20.0,1932.6
88609,13.1180,20.0,1932.6
88610,13.1180,20.0,1932.6
88611,13.1180,20.0,1932.6
88612,13.1180,20.0,1932.6
88613,13.1180,20.0,1932.7
88614,13.1180,20.0,1932.7
88615,13.1180,20.0,1932.7
88616,13.1180,20.0,1932.7
88617,13.1180,20.0,1932.7
88618,13.1180,20.0,1932.8
88619,13.1180,20.0,1932.8
88620,13.1180,20.0,1932.8
88621,13.1574,20.0,1932.8
88622,13.1574,20.0,1932.8
88623,13.1574,20.0,1932.9
88624,13.1574,20.0,1932.9
88625,13.1574,20.0,1932.9
88626,13.1574,20.0,1932.9
88627,13.1574,20.0,1932.9
88628,13.1574,20.0,1933.0
88629,13.1574,20.0,1933.0
88630,13.1574,20.0,1933.0
88631,13.1574,20.0,1933.0
88632,13.1574,20.0,1933.1
88633,13.1574,20.0,1933.1
88634,13.1574,20.0,1933.1
88635,13.1574,20.0,1933.1
88636,13.1574,20.0,1933.1
88637,13.1574,20.0,1933.2
88638,13.1574,20.0,1933.2
88639,13.1574,20.0,1933.2
88640,13.1574,20.0,1933.2
88641,13.1968,20.0,1933.3
88642,13.1968,20.0,1933.3
88643,13.1968,20.0,1933.3
88644,13.1968,20.0,1933.3
88645,13.1968,20.0,1933.3
88646,13.1968,20.0,1933.4
88647,13.1968,20.0,1933.4
88648,13.1968,20.0,1933.4
88649,13.1968,20.0,1933.4
88650,13.1968,20.0,1933.5
88651,13.1968,20.0,1933.5
88652,13.1968,20.0,1933.5
88653,13.1968,20.0,1933.5
88654,13.1968,20.0,1933.5
88655,13.1968,20.0,1933.6
88656,13.1968,20.0,1933.6
88657,13.1968,20.0,1933.6
88658,13.1968,20.0,1933.6
88659,13.1968,20.0,1933.6
88660,13.1968,20.0,1933.7
88661,13.2362,20.0,1933.7
88662,13.2362,20.0,1933.7
88663,13.2362,20.0,1933.7
88664,13.2362,20.0,1933.7
88665,13.2362,20.0,1933.8
88666,13.2362,20.0,1933.8
88667,13.2362,20.0,1933.8
88668,13.2362,20.0,1933.8
88669,13.2362,20.0,1933.8
88670,13.2362,20.0,1933.9
88671,13.2362,20.0,1933.9
88672,13.2362,20.0,1933.9
88673,13.2362,20.0,1933.9
88674,13.2362,20.0,1934.0
88675,13.2362,20.0,1934.0
88676,13.2362,20.0,1934.0
88677,13.2362,20.0,1934.0
88678,13.2362,20.0,1934.1
88679,13.2362,20.0,1934.1
88680,13.2362,20.0,1934.1
88681,13.2756,20.0,1934.1
88682,13.2756,20.0,1934.1
88683,13.2756,20.0,1934.2
88684,13.2756,20.0,1934.2
88685,13.2756,20.0,1934.2
88686,13.2756,20.0,1934.2
88687,13.2756,20.0,1934.2
88688,13.2756,20.0,1934.3
88689,13.2756,20.0,1934.3
88690,13.2756,20.0,1934.3
88691,13.2756,20.0,1934.3
88692,13.2756,20.0,1934.4
88693,13.2756,20.0,1934.4
88694,13.2756,20.0,1934.4
88695,13.2756,20.0,1934.4
88696,13.2756,20.0,1934.4
88697,13.2756,20.0,1934.5
88698,13.2756,20.0,1934.5
88699,13.2756,20.0,1934.5
88700,13.2756,20.0,1934.5
88701,13.3150,20.0,1934.5
88702,13.3150,20.0,1934.6
88703,13.3150,20.0,1934.6
88704,13.3150,20.0,1934.6
88705,13.3150,20.0,1934.6
88706,13.3150,20.0,1934.6
88707,13.3150,20.0,1934.7
88708,13.3150,20.0,1934.7
88709,13.3150,20.0,1934.7
88710,13.3150,20.0,1934.7
88711,13.3150,20.0,1934.7
88712,13.3150,20.0,1934.8
88713,13.3150,20.0,1934.8
88714,13.3150,20.0,1934.8
88715,13.3150,20.0,1934.8
88716,13.3150,20.0,1934.8
88717,13.3150,20.0,1934.9
88718,13.3150,20.0,1934.9
88719,13.3150,20.0,1934.9
88720,13.3150,20.0,1934.9
88721,13.3544,20.0,1935.0
88722,13.3544,20.0,1935.0
88723,13.3544,20.0,1935.0
88724,13.3544,20.0,1935.0
88725,13.3544,20.0,1935.0
88726,13.3544,20.0,1935.1
88727,13.3544,20.0,1935.1
88728,13.3544,20.0,1935.1
88729,13.3544,20.0,1935.1
88730,13.3544,20.0,1935.1
88731,13.3544,20.0,1935.2
88732,13.3544,20.0,1935.2
88733,13.3544,20.0,1935.2
88734,13.3544,20.0,1935.2
88735,13.3544,20.0,1935.2
88736,13.3544,20.0,1935.3
88737,13.3544,20.0,1935.3
88738,13.3544,20.0,1935.3
88739,13.3544,20.0,1935.3
88740,13.3544,20.0,1935.3
88741,13.3938,20.0,1935.4
88742,13.3938,20.0,1935.4
88743,13.3938,20.0,1935.4
88744,13.3938,20.0,1935.4
88745,13.3938,20.0,1935.5
88746,13.3938,20.0,1935.5
88747,13.3938,20.0,1935.5
88748,13.3938,20.0,1935.5
88749,13.3938,20.0,1935.5
88750,13.3938,20.0,1935.6
88751,13.3938,20.0,1935.6
88752,13.3938,20.0,1935.6
88753,13.3938,20.0,1935.6
88754,13.3938,20.0,1935.6
88755,13.3938,20.0,1935.6
88756,13.3938,20.0,1935.7
88757,13.3938,20.0,1935.7
88758,13.3938,20.0,1935.7
88759,13.3938,20.0,1935.7
88760,13.3938,20.0,1935.8
88761,13.4332,20.0,1935.8
88762,13.4332,20.0,1935.8
88763,13.4332,20.0,1935.8
88764,13.4332,20.0,1935.8
88765,13.4332,20.0,1935.8
88766,13.4332,20.0,1935.9
88767,13.4332,20.0,1935.9
88768,13.4332,20.0,1935.9
88769,13.4332,20.0,1935.9
88770,13.4332,20.0,1936.0
88771,13.4332,20.0,1936.0
88772,13.4332,20.0,1936.0
88773,13.4332,20.0,1936.0
88774,13.4332,20.0,1936.0
88775,13.4332,20.0,1936.0
88776,13.4332,20.0,1936.1
88777,13.4332,20.0,1936.1
88778,13.4332,20.0,1936.1
88779,13.4332,20.0,1936.1
88780,13.4332,20.0,1936.2
88781,13.4726,20.0,1936.2
88782,13.4726,20.0,1936.2
88783,13.4726,20.0,1936.2
88784,13.4726,20.0,1936.3
88785,13.4726,20.0,1936.3
88786,13.4726,20.0,1936.3
88787,13.4726,20.0,1936.3
88788,13.4726,20.0,1936.3
88789,13.4726,20.0,1936.4
88790,13.4726,20.0,1936.4
88791,13.4726,20.0,1936.4
88792,13.4726,20.0,1936.4
88793,13.4726,20.0,1936.4
88794,13.4726,20.0,1936.5
88795,13.4726,20.0,1936.5
88796,13.4726,20.0,1936.5
88797,13.4726,20.0,1936.5
88798,13.4726,20.0,1936.5
88799,13.4726,20.0,1936.6
88800,13.4726,20.0,1936.6
88801,13.5120,20.0,1936.6
88802,13.5120,20.0,1936.6
88803,13.5120,20.0,1936.6
88804,13.5120,20.0,1936.6
88805,13.5120,20.0,1936.7
88806,13.5120,20.0,1936.7
88807,13.5120,20.0,1936.7
88808,13.5120,20.0,1936.8
88809,13.5120,20.0,1936.8
88810,13.5120,20.0,1936.8
88811,13.5120,20.0,1936.8
88812,13.5120,20.0,1936.8
88813,13.5120,20.0,1936.9
88814,13.5120,20.0,1936.9
88815,13.5120,20.0,1936.9
88816,13.5120,20.0,1936.9
88817,13.5120,20.0,1937.0
88818,13.5120,20.0,1937.0
88819,13.5120,20.0,1937.0
88820,13.5120,20.0,1937.0
88821,13.5514,20.0,1937.0
88822,13.5514,20.0,1937.1
88823,13.5514,20.0,1937.1
88824,13.5514,20.0,1937.1
88825,13.5514,20.0,1937.1
88826,13.5514,20.0,1937.2
88827,13.5514,20.0,1937.2
88828,13.5514,20.0,1937.2
88829,13.5514,20.0,1937.2
88830,13.5514,20.0,1937.2
88831,13.5514,20.0,1937.3
88832,13.5514,20.0,1937.3
88833,13.5514,20.0,1937.3
88834,13.5514,20.0,1937.3
88835,13.5514,20.0,1937.3
88836,13.5514,20.0,1937.4
88837,13.5514,20.0,1937.4
88838,13.5514,20.0,1937.4
88839,13.5514,20.0,1937.4
88840,13.5514,20.0,1937.5
88841,13.5908,20.0,1937.5
88842,13.5908,20.0,1937.5
88843,13.5908,20.0,1937.5
88844,13.5908,20.0,1937.6
88845,13.5908,20.0,1937.6
88846,13.5908,20.0,1937.6
88847,13.5908,20.0,1937.6
88848,13.5908,20.0,1937.6
88849,13.5908,20.0,1937.7
88850,13.5908,20.0,1937.7
88851,13.5908,20.0,1937.7
88852,13.5908,20.0,1937.7
88853,13.5908,20.0,1937.7
88854,13.5908,20.0,1937.8
88855,13.5908,20.0,1937.8
88856,13.5908,20.0,1937.8
88857,13.5908,20.0,1937.8
88858,13.5908,20.0,1937.9
88859,13.5908,20.0,1937.9
88860,13.5908,20.0,1937.9
88861,13.6302,20.0,1937.9
88862,13.6302,20.0,1938.0
88863,13.6302,20.0,1938.0
88864,13.6302,20.0,1938.0
88865,13.6302,20.0,1938.0
88866,13.6302,20.0,1938.0
88867,13.6302,20.0,1938.1
88868,13.6302,20.0,1938.1
88869,13.6302,20.0,1938.1
88870,13.6302,20.0,1938.1
88871,13.6302,20.0,1938.1
88872,13.6302,20.0,1938.2
88873,13.6302,20.0,1938.2
88874,13.6302,20.0,1938.2
88875,13.6302,20.0,1938.2
88876,13.6302,20.0,1938.2
88877,13.6302,20.0,1938.3
88878,13.6302,20.0,1938.3
88879,13.6302,20.0,1938.3
88880,13.6302,20.0,1938.3
88881,13.6696,20.0,1938.3
88882,13.6696,20.0,1938.4
88883,13.6696,20.0,1938.4
88884,13.6696,20.0,1938.4
88885,13.6696,20.0,1938.4
88886,13.6696,20.0,1938.5
88887,13.6696,20.0,1938.5
88888,13.6696,20.0,1938.5
88889,13.6696,20.0,1938.5
88890,13.6696,20.0,1938.5
88891,13.6696,20.0,1938.6
88892,13.6696,20.0,1938.6
88893,13.6696,20.0,1938.6
88894,13.6696,20.0,1938.6
88895,13.6696,20.0,1938.6
88896,13.6696,20.0,1938.7
88897,13.6696,20.0,1938.7
88898,13.6696,20.0,1938.7
88899,13.6696,20.0,1938.7
88900,13.6696,20.0,1938.7
88901,13.7090,20.0,1938.8
88902,13.7090,20.0,1938.8
88903,13.7090,20.0,1938.8
88904,13.7090,20.0,1938.8
88905,13.7090,20.0,1938.9
88906,13.7090,20.0,1938.9
88907,13.7090,20.0,1938.9
88908,13.7090,20.0,1938.9
88909,13.7090,20.0,1938.9
88910,13.7090,20.0,1939.0
88911,13.7090,20.0,1939.0
88912,13.7090,20.0,1939.0
88913,13.7090,20.0,1939.0
88914,13.7090,20.0,1939.0
88915,13.7090,20.0,1939.1
88916,13.7090,20.0,1939.1
88917,13.7090,20.0,1939.1
88918,13.7090,20.0,1939.1
88919,13.7090,20.0,1939.2
88920,13.7090,20.0,1939.2
88921,13.7484,20.0,1939.2
88922,13.7484,20.0,1939.2
88923,13.7484,20.0,1939.2
88924,13.7484,20.0,1939.3
88925,13.7484,20.0,1939.3
88926,13.7484,20.0,1939.3
88927,13.7484,20.0,1939.3
88928,13.7484,20.0,1939.3
88929,13.7484,20.0,1939.3
88930,13.7484,20.0,1939.4
88931,13.7484,20.0,1939.4
88932,13.7484,20.0,1939.4
88933,13.7484,20.0,1939.4
88934,13.7484,20.0,1939.5
88935,13.7484,20.0,1939.5
88936,13.7484,20.0,1939.5
88937,13.7484,20.0,1939.5
88938,13.7484,20.0,1939.6
88939,13.7484,20.0,1939.6
88940,13.7484,20.0,1939.6
88941,13.7878,20.0,1939.6
88942,13.7878,20.0,1939.7
88943,13.7878,20.0,1939.7
88944,13.7878,20.0,1939.7
88945,13.7878,20.0,1939.7
88946,13.7878,20.0,1939.7
88947,13.7878,20.0,1939.8
88948,13.7878,20.0,1939.8
88949,13.7878,20.0,1939.8
88950,13.7878,20.0,1939.8
88951,13.7878,20.0,1939.8
88952,13.7878,20.0,1939.9
88953,13.7878,20.0,1939.9
88954,13.7878,20.0,1939.9
88955,13.7878,20.0,1939.9
88956,13.7878,20.0,1939.9
88957,13.7878,20.0,1940.0
88958,13.7878,20.0,1940.0
88959,13.7878,20.0,1940.0
88960,13.7878,20.0,1940.0
88961,13.8272,20.0,1940.1
88962,13.8272,20.0,1940.1
88963,13.8272,20.0,1940.1
88964,13.8272,20.0,1940.1
88965,13.8272,20.0,1940.2
88966,13.8272,20.0,1940.2
88967,13.8272,20.0,1940.2
88968,13.8272,20.0,1940.2
88969,13.8272,20.0,1940.2
88970,13.8272,20.0,1940.2
88971,13.8272,20.0,1940.3
88972,13.8272,20.0,1940.3
88973,13.8272,20.0,1940.3
88974,13.8272,20.0,1940.3
88975,13.8272,20.0,1940.3
88976,13.8272,20.0,1940.4
88977,13.8272,20.0,1940.4
88978,13.8272,20.0,1940.4
88979,13.8272,20.0,1940.4
88980,13.8272,20.0,1940.4
88981,13.8666,20.0,1940.5
88982,13.8666,20.0,1940.5
88983,13.8666,20.0,1940.5
88984,13.8666,20.0,1940.5
88985,13.8666,20.0,1940.6
88986,13.8666,20.0,1940.6
88987,13.8666,20.0,1940.6
88988,13.8666,20.0,1940.6
88989,13.8666,20.0,1940.6
88990,13.8666,20.0,1940.7
88991,13.8666,20.0,1940.7
88992,13.8666,20.0,1940.7
88993,13.8666,20.0,1940.7
88994,13.8666,20.0,1940.7
88995,13.8666,20.0,1940.8
88996,13.8666,20.0,1940.8
88997,13.8666,20.0,1940.8
88998,13.8666,20.0,1940.8
88999,13.8666,20.0,1940.8
89000,13.8666,20.0,1940.9
89001,13.9060,20.0,1940.9
89002,13.9060,20.0,1940.9
89003,13.9060,20.0,1940.9
89004,13.9060,20.0,1940.9
89005,13.9060,20.0,1941.0
89006,13.9060,20.0,1941.0
89007,13.9060,20.0,1941.0
89008,13.9060,20.0,1941.0
89009,13.9060,20.0,1941.1
89010,13.9060,20.0,1941.1
89011,13.9060,20.0,1941.1
89012,13.9060,20.0,1941.1
89013,13.9060,20.0,1941.1
89014,13.9060,20.0,1941.2
89015,13.9060,20.0,1941.2
89016,13.9060,20.0,1941.2
89017,13.9060,20.0,1941.2
89018,13.9060,20.0,1941.2
89019,13.9060,20.0,1941.3
89020,13.9060,20.0,1941.3
89021,13.9454,20.0,1941.3
89022,13.9454,20.0,1941.3
89023,13.9454,20.0,1941.4
89024,13.9454,20.0,1941.4
89025,13.9454,20.0,1941.4
89026,13.9454,20.0,1941.4
89027,13.9454,20.0,1941.4
89028,13.9454,20.0,1941.5
89029,13.9454,20.0,1941.5
89030,13.9454,20.0,1941.5
89031,13.9454,20.0,1941.5
89032,13.9454,20.0,1941.5
89033,13.9454,20.0,1941.6
89034,13.9454,20.0,1941.6
89035,13.9454,20.0,1941.6
89036,13.9454,20.0,1941.6
89037,13.9454,20.0,1941.7
89038,13.9454,20.0,1941.7
89039,13.9454,20.0,1941.7
89040,13.9454,20.0,1941.7
89041,13.9848,20.0,1941.7
89042,13.9848,20.0,1941.8
89043,13.9848,20.0,1941.8
89044,13.9848,20.0,1941.8
89045,13.9848,20.0,1941.8
89046,13.9848,20.0,1941.8
89047,13.9848,20.0,1941.9
89048,13.9848,20.0,1941.9
89049,13.9848,20.0,1941.9
89050,13.9848,20.0,1941.9
89051,13.9848,20.0,1942.0
89052,13.9848,20.0,1942.0
89053,13.9848,20.0,1942.0
89054,13.9848,20.0,1942.0
89055,13.9848,20.0,1942.0
89056,13.9848,20.0,1942.1
89057,13.9848,20.0,1942.1
89058,13.9848,20.0,1942.1
89059,13.9848,20.0,1942.1
89060,13.9848,20.0,1942.1
89061,14.0048,20.0,1942.2
89062,14.0048,20.0,1942.2
89063,14.0048,20.0,1942.2
89064,14.0048,20.0,1942.2
89065,14.0048,20.0,1942.2
89066,14.0048,20.0,1942.3
89067,14.0048,20.0,1942.3
89068,14.0048,20.0,1942.3
89069,14.0048,20.0,1942.3
89070,14.0048,20.0,1942.4
89071,14.0048,20.0,1942.4
89072,14.0048,20.0,1942.4
89073,14.0048,20.0,1942.4
89074,14.0048,20.0,1942.4
89075,14.0048,20.0,1942.5
89076,14.0048,20.0,1942.5
89077,14.0048,20.0,1942.5
89078,14.0048,20.0,1942.5
89079,14.0048,20.0,1942.5
89080,14.0048,20.0,1942.5
89081,14.0248,20.0,1942.6
89082,14.0248,20.0,1942.6
89083,14.0248,20.0,1942.6
89084,14.0248,20.0,1942.6
89085,14.0248,20.0,1942.7
89086,14.0248,20.0,1942.7
89087,14.0248,20.0,1942.7
89088,14.0248,20.0,1942.7
89089,14.0248,20.0,1943.0
89090,14.0248,20.0,1943.0
89091,14.0248,20.0,1943.1
89092,14.0248,20.0,1943.1
89093,14.0248,20.0,1943.1
89094,14.0248,20.0,1943.1
89095,14.0248,20.0,1943.1
89096,14.0248,20.0,1943.2
89097,14.0248,20.0,1943.2
89098,14.0248,20.0,1943.2
89099,14.0248,20.0,1943.2
89100,14.0248,20.0,1943.3
89101,14.0448,20.0,1943.3
89102,14.0448,20.0,1943.3
89103,14.0448,20.0,1943.3
89104,14.0448,20.0,1943.3
89105,14.0448,20.0,1943.3
89106,14.0448,20.0,1943.4
89107,14.0448,20.0,1943.4
89108,14.0448,20.0,1943.4
89109,14.0448,20.0,1943.4
89110,14.0448,20.0,1943.4
89111,14.0448,20.0,1943.5
89112,14.0448,20.0,1943.5
89113,14.0448,20.0,1943.5
89114,14.0448,20.0,1943.5
89115,14.0448,20.0,1943.6
89116,14.0448,20.0,1943.6
89117,14.0448,20.0,1943.6
89118,14.0448,20.0,1943.6
89119,14.0448,20.0,1943.7
89120,14.0448,20.0,1943.7
89121,14.0648,20.0,1943.7
89122,14.0648,20.0,1943.7
89123,14.0648,20.0,1943.7
89124,14.0648,20.0,1943.8
89125,14.0648,20.0,1943.8
89126,14.0648,20.0,1943.8
89127,14.0648,20.0,1943.8
89128,14.0648,20.0,1943.9
89129,14.0648,20.0,1943.9
89130,14.0648,20.0,1943.9
89131,14.0648,20.0,1943.9
89132,14.0648,20.0,1943.9
89133,14.0648,20.0,1944.0
89134,14.0648,20.0,1944.0
89135,14.0648,20.0,1944.0
89136,14.0648,20.0,1944.0
89137,14.0648,20.0,1944.0
89138,14.0648,20.0,1944.1
89139,14.0648,20.0,1944.1
89140,14.0648,20.0,1944.1
89141,14.0848,20.0,1944.1
89142,14.0848,20.0,1944.1
89143,14.0848,20.0,1944.2
89144,14.0848,20.0,1944.2
89145,14.0848,20.0,1944.2
89146,14.0848,20.0,1944.2
89147,14.0848,20.0,1944.3
89148,14.0848,20.0,1944.3
89149,14.0848,20.0,1944.3
89150,14.0848,20.0,1944.3
89151,14.0848,20.0,1944.3
89152,14.0848,20.0,1944.4
89153,14.0848,20.0,1944.4
89154,14.0848,20.0,1944.4
89155,14.0848,20.0,1944.4
89156,14.0848,20.0,1944.4
89157,14.0848,20.0,1944.5
89158,14.0848,20.0,1944.5
89159,14.0848,20.0,1944.5
89160,14.0848,20.0,1944.5
89161,14.1048,20.0,1944.5
89162,14.1048,20.0,1944.6
89163,14.1048,20.0,1944.6
89164,14.1048,20.0,1944.6
89165,14.1048,20.0,1944.6
89166,14.1048,20.0,1944.6
89167,14.1048,20.0,1944.7
89168,14.1048,20.0,1944.7
89169,14.1048,20.0,1944.7
89170,14.1048,20.0,1944.7
89171,14.1048,20.0,1944.7
89172,14.1048,20.0,1944.8
89173,14.1048,20.0,1944.8
89174,14.1048,20.0,1944.8
89175,14.1048,20.0,1944.8
89176,14.1048,20.0,1944.8
89177,14.1048,20.0,1944.9
89178,14.1048,20.0,1944.9
89179,14.1048,20.0,1944.9
89180,14.1048,20.0,1944.9
89181,14.1248,20.0,1944.9
89182,14.1248,20.0,1945.0
89183,14.1248,20.0,1945.0
89184,14.1248,20.0,1945.0
89185,14.1248,20.0,1945.0
89186,14.1248,20.0,1945.1
89187,14.1248,20.0,1945.1
89188,14.1248,20.0,1945.1
89189,14.1248,20.0,1945.1
89190,14.1248,20.0,1945.1
89191,14.1248,20.0,1945.2
89192,14.1248,20.0,1945.2
89193,14.1248,20.0,1945.2
89194,14.1248,20.0,1945.2
89195,14.1248,20.0,1945.2
89196,14.1248,20.0,1945.3
89197,14.1248,20.0,1945.3
89198,14.1248,20.0,1945.3
89199,14.1248,20.0,1945.3
89200,14.1248,20.0,1945.3
89201,14.1448,20.0,1945.4
89202,14.1448,20.0,1945.4
89203,14.1448,20.0,1945.4
89204,14.1448,20.0,1945.4
89205,14.1448,20.0,1945.5
89206,14.1448,20.0,1945.5
89207,14.1448,20.0,1945.5
89208,14.1448,20.0,1945.5
89209,14.1448,20.0,1945.6
89210,14.1448,20.0,1945.6
89211,14.1448,20.0,1945.6
89212,14.1448,20.0,1945.6
89213,14.1448,20.0,1945.6
89214,14.1448,20.0,1945.7
89215,14.1448,20.0,1945.7
89216,14.1448,20.0,1945.7
89217,14.1448,20.0,1945.7
89218,14.1448,20.0,1945.7
89219,14.1448,20.0,1945.8
89220,14.1448,20.0,1945.8
89221,14.1648,20.0,1945.8
89222,14.1648,20.0,1945.8
89223,14.1648,20.0,1945.8
89224,14.1648,20.0,1945.9
89225,14.1648,20.0,1945.9
89226,14.1648,20.0,1945.9
89227,14.1648,20.0,1945.9
89228,14.1648,20.0,1946.0
89229,14.1648,20.0,1946.0
89230,14.1648,20.0,1946.0
89231,14.1648,20.0,1946.0
89232,14.1648,20.0,1946.0
89233,14.1648,20.0,1946.1
89234,14.1648,20.0,1946.1
89235,14.1648,20.0,1946.1
89236,14.1648,20.0,1946.1
89237,14.1648,20.0,1946.1
89238,14.1648,20.0,1946.2
89239,14.1648,20.0,1946.2
89240,14.1648,20.0,1946.2
89241,14.1848,20.0,1946.2
89242,14.1848,20.0,1946.3
89243,14.1848,20.0,1946.3
89244,14.1848,20.0,1946.3
89245,14.1848,20.0,1946.3
89246,14.1848,20.0,1946.3
89247,14.1848,20.0,1946.3
89248,14.1848,20.0,1946.4
89249,14.1848,20.0,1946.4
89250,14.1848,20.0,1946.4
89251,14.1848,20.0,1946.4
89252,14.1848,20.0,1946.4
89253,14.1848,20.0,1946.5
89254,14.1848,20.0,1946.5
89255,14.1848,20.0,1946.5
89256,14.1848,20.0,1946.5
89257,14.1848,20.0,1946.6
89258,14.1848,20.0,1946.6
89259,14.1848,20.0,1946.6
89260,14.1848,20.0,1946.6
89261,14.2048,20.0,1946.6
89262,14.2048,20.0,1946.7
89263,14.2048,20.0,1946.7
89264,14.2048,20.0,1946.7
89265,14.2048,20.0,1946.7
89266,14.2048,20.0,1946.7
89267,14.2048,20.0,1946.8
89268,14.2048,20.0,1946.8
89269,14.2048,20.0,1946.8
89270,14.2048,20.0,1946.8
89271,14.2048,20.0,1946.9
89272,14.2048,20.0,1946.9
89273,14.2048,20.0,1946.9
89274,14.2048,20.0,1946.9
89275,14.2048,20.0,1946.9
89276,14.2048,20.0,1947.0
89277,14.2048,20.0,1947.0
89278,14.2048,20.0,1947.0
89279,14.2048,20.0,1947.0
89280,14.2048,20.0,1947.0
89281,14.2248,20.0,1947.1
89282,14.2248,20.0,1947.1
89283,14.2248,20.0,1947.1
89284,14.2248,20.0,1947.1
89285,14.2248,20.0,1947.1
89286,14.2248,20.0,1947.2
89287,14.2248,20.0,1947.2
89288,14.2248,20.0,1947.2
89289,14.2248,20.0,1947.2
89290,14.2248,20.0,1947.2
89291,14.2248,20.0,1947.3
89292,14.2248,20.0,1947.3
89293,14.2248,20.0,1947.3
89294,14.2248,20.0,1947.3
89295,14.2248,20.0,1947.3
89296,14.2248,20.0,1947.4
89297,14.2248,20.0,1947.4
89298,14.2248,20.0,1947.4
89299,14.2248,20.0,1947.4
89300,14.2248,20.0,1947.5
89301,14.2448,20.0,1947.5
89302,14.2448,20.0,1947.5
89303,14.2448,20.0,1947.5
89304,14.2448,20.0,1947.5
89305,14.2448,20.0,1947.6
89306,14.2448,20.0,1947.6
89307,14.2448,20.0,1947.6
89308,14.2448,20.0,1947.6
89309,14.2448,20.0,1947.7
89310,14.2448,20.0,1947.7
89311,14.2448,20.0,1947.7
89312,14.2448,20.0,1947.7
89313,14.2448,20.0,1947.7
89314,14.2448,20.0,1947.7
89315,14.2448,20.0,1947.8
89316,14.2448,20.0,1947.8
89317,14.2448,20.0,1947.8
89318,14.2448,20.0,1947.8
89319,14.2448,20.0,1947.8
89320,14.2448,20.0,1947.9
89321,14.2647,20.0,1947.9
89322,14.2647,20.0,1947.9
89323,14.2647,20.0,1948.0
89324,14.2647,20.0,1948.0
89325,14.2647,20.0,1948.0
89326,14.2647,20.0,1948.0
89327,14.2647,20.0,1948.0
89328,14.2647,20.0,1948.0
89329,14.2647,20.0,1948.1
89330,14.2647,20.0,1948.1
89331,14.2647,20.0,1948.1
89332,14.2647,20.0,1948.1
89333,14.2647,20.0,1948.2
89334,14.2647,20.0,1948.2
89335,14.2647,20.0,1948.2
89336,14.2647,20.0,1948.2
89337,14.2647,20.0,1948.2
89338,14.2647,20.0,1948.3
89339,14.2647,20.0,1948.3
89340,14.2647,20.0,1948.3
89341,14.2847,20.0,1948.3
89342,14.2847,20.0,1948.3
89343,14.2847,20.0,1948.4
89344,14.2847,20.0,1948.4
89345,14.2847,20.0,1948.4
89346,14.2847,20.0,1948.4
89347,14.2847,20.0,1948.4
89348,14.2847,20.0,1948.5
89349,14.2847,20.0,1948.5
89350,14.2847,20.0,1948.5
89351,14.2847,20.0,1948.5
89352,14.2847,20.0,1948.6
89353,14.2847,20.0,1948.6
89354,14.2847,20.0,1948.6
89355,14.2847,20.0,1948.6
89356,14.2847,20.0,1948.6
89357,14.2847,20.0,1948.7
89358,14.2847,20.0,1948.7
89359,14.2847,20.0,1948.7
89360,14.2847,20.0,1948.7
89361,14.3047,20.0,1948.7
89362,14.3047,20.0,1948.8
89363,14.3047,20.0,1948.8
89364,14.3047,20.0,1948.8
89365,14.3047,20.0,1948.8
89366,14.3047,20.0,1948.8
89367,14.3047,20.0,1948.9
89368,14.3047,20.0,1948.9
89369,14.3047,20.0,1948.9
89370,14.3047,20.0,1948.9
89371,14.3047,20.0,1948.9
89372,14.3047,20.0,1949.0
89373,14.3047,20.0,1949.0
89374,14.3047,20.0,1949.0
89375,14.3047,20.0,1949.0
89376,14.3047,20.0,1949.0
89377,14.3047,20.0,1949.1
89378,14.3047,20.0,1949.1
89379,14.3047,20.0,1949.1
89380,14.3047,20.0,1949.1
89381,14.3247,20.0,1949.1
89382,14.3247,20.0,1949.2
89383,14.3247,20.0,1949.2
89384,14.3247,20.0,1949.2
89385,14.3247,20.0,1949.2
89386,14.3247,20.0,1949.3
89387,14.3247,20.0,1949.3
89388,14.3247,20.0,1949.3
89389,14.3247,20.0,1949.3
89390,14.3247,20.0,1949.3
89391,14.3247,20.0,1949.4
89392,14.3247,20.0,1949.4
89393,14.3247,20.0,1949.4
89394,14.3247,20.0,1949.4
89395,14.3247,20.0,1949.4
89396,14.3247,20.0,1949.5
89397,14.3247,20.0,1949.5
89398,14.3247,20.0,1949.5
89399,14.3247,20.0,1949.5
89400,14.3247,20.0,1949.5
89401,14.3447,20.0,1949.6
89402,14.3447,20.0,1949.6
89403,14.3447,20.0,1949.6
89404,14.3447,20.0,1949.6
89405,14.3447,20.0,1949.7
89406,14.3447,20.0,1949.7
89407,14.3447,20.0,1949.7
89408,14.3447,20.0,1949.7
89409,14.3447,20.0,1949.7
89410,14.3447,20.0,1949.8
89411,14.3447,20.0,1949.8
89412,14.3447,20.0,1949.8
89413,14.3447,20.0,1949.8
89414,14.3447,20.0,1949.8
89415,14.3447,20.0,1949.9
89416,14.3447,20.0,1949.9
89417,14.3447,20.0,1949.9
89418,14.3447,20.0,1949.9
89419,14.3447,20.0,1949.9
89420,14.3447,20.0,1950.0
89421,14.3647,20.0,1950.0
89422,14.3647,20.0,1950.0
89423,14.3647,20.0,1950.0
89424,14.3647,20.0,1950.1
89425,14.3647,20.0,1950.1
89426,14.3647,20.0,1950.1
89427,14.3647,20.0,1950.1
89428,14.3647,20.0,1950.1
89429,14.3647,20.0,1950.1
89430,14.3647,20.0,1950.2
89431,14.3647,20.0,1950.2
89432,14.3647,20.0,1950.2
89433,14.3647,20.0,1950.2
89434,14.3647,20.0,1950.3
89435,14.3647,20.0,1950.3
89436,14.3647,20.0,1950.3
89437,14.3647,20.0,1950.3
89438,14.3647,20.0,1950.3
89439,14.3647,20.0,1950.3
89440,14.3647,20.0,1950.4
89441,14.3847,20.0,1950.4
89442,14.3847,20.0,1950.4
89443,14.3847,20.0,1950.4
89444,14.3847,20.0,1950.5
89445,14.3847,20.0,1950.5
89446,14.3847,20.0,1950.5
89447,14.3847,20.0,1950.5
89448,14.3847,20.0,1950.6
89449,14.3847,20.0,1950.6
89450,14.3847,20.0,1950.6
89451,14.3847,20.0,1950.6
89452,14.3847,20.0,1950.6
89453,14.3847,20.0,1950.7
89454,14.3847,20.0,1950.7
89455,14.3847,20.0,1950.7
89456,14.3847,20.0,1950.7
89457,14.3847,20.0,1950.7
89458,14.3847,20.0,1950.7
89459,14.3847,20.0,1950.8
89460,14.3847,20.0,1950.8
89461,14.4047,20.0,1950.8
89462,14.4047,20.0,1950.8
89463,14.4047,20.0,1950.9
89464,14.4047,20.0,1950.9
89465,14.4047,20.0,1950.9
89466,14.4047,20.0,1950.9
89467,14.4047,20.0,1950.9
89468,14.4047,20.0,1951.0
89469,14.4047,20.0,1951.0
89470,14.4047,20.0,1951.0
89471,14.4047,20.0,1951.0
89472,14.4047,20.0,1951.0
89473,14.4047,20.0,1951.1
89474,14.4047,20.0,1951.1
89475,14.4047,20.0,1951.1
89476,14.4047,20.0,1951.1
89477,14.4047,20.0,1951.2
89478,14.4047,20.0,1951.2
89479,14.4047,20.0,1951.2
89480,14.4047,20.0,1951.2
89481,14.4247,20.0,1951.2
89482,14.4247,20.0,1951.2
89483,14.4247,20.0,1951.3
89484,14.4247,20.0,1951.3
89485,14.4247,20.0,1951.3
89486,14.4247,20.0,1951.3
89487,14.4247,20.0,1951.3
89488,14.4247,20.0,1951.4
89489,14.4247,20.0,1951.4
89490,14.4247,20.0,1951.4
89491,14.4247,20.0,1951.4
89492,14.4247,20.0,1951.4
89493,14.4247,20.0,1951.5
89494,14.4247,20.0,1951.5
89495,14.4247,20.0,1951.5
89496,14.4247,20.0,1951.5
89497,14.4247,20.0,1951.6
89498,14.4247,20.0,1951.6
89499,14.4247,20.0,1951.6
89500,14.4247,20.0,1951.6
89501,14.4447,20.0,1951.7
89502,14.4447,20.0,1951.7
89503,14.4447,20.0,1951.7
89504,14.4447,20.0,1951.7
89505,14.4447,20.0,1951.7
89506,14.4447,20.0,1951.8
89507,14.4447,20.0,1951.8
89508,14.4447,20.0,1951.8
89509,14.4447,20.0,1951.8
89510,14.4447,20.0,1951.9
89511,14.4447,20.0,1951.9
89512,14.4447,20.0,1951.9
89513,14.4447,20.0,1951.9
89514,14.4447,20.0,1951.9
89515,14.4447,20.0,1952.0
89516,14.4447,20.0,1952.0
89517,14.4447,20.0,1952.0
89518,14.4447,20.0,1952.0
89519,14.4447,20.0,1952.0
89520,14.4447,20.0,1952.1
89521,14.4647,20.0,1952.1
89522,14.4647,20.0,1952.1
89523,14.4647,20.0,1952.1
89524,14.4647,20.0,1952.2
89525,14.4647,20.0,1952.2
89526,14.4647,20.0,1952.2
89527,14.4647,20.0,1952.2
89528,14.4647,20.0,1952.2
89529,14.4647,20.0,1952.3
89530,14.4647,20.0,1952.3
89531,14.4647,20.0,1952.3
89532,14.4647,20.0,1952.3
89533,14.4647,20.0,1952.3
89534,14.4647,20.0,1952.4
89535,14.4647,20.0,1952.4
89536,14.4647,20.0,1952.4
89537,14.4647,20.0,1952.4
89538,14.4647,20.0,1952.5
89539,14.4647,20.0,1952.5
89540,14.4647,20.0,1952.5
89541,14.4847,20.0,1952.5
89542,14.4847,20.0,1952.5
89543,14.4847,20.0,1952.6
89544,14.4847,20.0,1952.6
89545,14.4847,20.0,1952.6
89546,14.4847,20.0,1952.6
89547,14.4847,20.0,1952.7
89548,14.4847,20.0,1952.7
89549,14.4847,20.0,1952.7
89550,14.4847,20.0,1952.7
89551,14.4847,20.0,1952.8
89552,14.4847,20.0,1952.8
89553,14.4847,20.0,1952.8
89554,14.4847,20.0,1952.8
89555,14.4847,20.0,1952.8
89556,14.4847,20.0,1952.9
89557,14.4847,20.0,1952.9
89558,14.4847,20.0,1952.9
89559,14.4847,20.0,1952.9
89560,14.4847,20.0,1952.9
89561,14.5047,20.0,1953.0
89562,14.5047,20.0,1953.0
89563,14.5047,20.0,1953.0
89564,14.5047,20.0,1953.0
89565,14.5047,20.0,1953.1
89566,14.5047,20.0,1953.1
89567,14.5047,20.0,1953.1
89568,14.5047,20.0,1953.1
89569,14.5047,20.0,1953.1
89570,14.5047,20.0,1953.2
89571,14.5047,20.0,1953.2
89572,14.5047,20.0,1953.2
89573,14.5047,20.0,1953.2
89574,14.5047,20.0,1953.2
89575,14.5047,20.0,1953.3
89576,14.5047,20.0,1953.3
89577,14.5047,20.0,1953.3
89578,14.5047,20.0,1953.3
89579,14.5047,20.0,1953.3
89580,14.5047,20.0,1953.4
89581,14.5247,20.0,1953.4
89582,14.5247,20.0,1953.4
89583,14.5247,20.0,1953.4
89584,14.5247,20.0,1953.4
89585,14.5247,20.0,1953.5
89586,14.5247,20.0,1953.5
89587,14.5247,20.0,1953.5
89588,14.5247,20.0,1953.5
89589,14.5247,20.0,1953.6
89590,14.5247,20.0,1953.6
89591,14.5247,20.0,1953.6
89592,14.5247,20.0,1953.6
89593,14.5247,20.0,1953.6
89594,14.5247,20.0,1953.7
89595,14.5247,20.0,1953.7
89596,14.5247,20.0,1953.7
89597,14.5247,20.0,1953.7
89598,14.5247,20.0,1953.7
89599,14.5247,20.0,1953.7
89600,14.5247,20.0,1953.8
89601,14.5447,20.0,1954.1
89602,14.5447,20.0,1954.1
89603,14.5447,20.0,1954.2
89604,14.5447,20.0,1954.2
89605,14.5447,20.0,1954.2
89606,14.5447,20.0,1954.2
89607,14.5447,20.0,1954.2
89608,14.5447,20.0,1954.3
89609,14.5447,20.0,1954.3
89610,14.5447,20.0,1954.3
89611,14.5447,20.0,1954.3
89612,14.5447,20.0,1954.3
89613,14.5447,20.0,1954.4
89614,14.5447,20.0,1954.4
89615,14.5447,20.0,1954.4
89616,14.5447,20.0,1954.4
89617,14.5447,20.0,1954.4
89618,14.5447,20.0,1954.5
89619,14.5447,20.0,1954.5
89620,14.5447,20.0,1954.5
89621,14.5246,20.0,1954.5
89622,14.5246,20.0,1954.6
89623,14.5246,20.0,1954.6
89624,14.5246,20.0,1954.6
89625,14.5246,20.0,1954.6
89626,14.5246,20.0,1954.6
89627,14.5246,20.0,1954.7
89628,14.5246,20.0,1954.7
89629,14.5246,20.0,1954.7
89630,14.5246,20.0,1954.7
89631,14.5246,20.0,1954.7
89632,14.5246,20.0,1954.8
89633,14.5246,20.0,1954.8
89634,14.5246,20.0,1954.8
89635,14.5246,20.0,1954.8
89636,14.5246,20.0,1954.8
89637,14.5246,20.0,1954.9
89638,14.5246,20.0,1954.9
89639,14.5246,20.0,1954.9
89640,14.5246,20.0,1954.9
89641,14.5045,20.0,1954.9
89642,14.5045,20.0,1955.0
89643,14.5045,20.0,1955.0
89644,14.5045,20.0,1955.0
89645,14.5045,20.0,1955.0
89646,14.5045,20.0,1955.1
89647,14.5045,20.0,1955.1
89648,14.5045,20.0,1955.1
89649,14.5045,20.0,1955.1
89650,14.5045,20.0,1955.1
89651,14.5045,20.0,1955.2
89652,14.5045,20.0,1955.2
89653,14.5045,20.0,1955.2
89654,14.5045,20.0,1955.2
89655,14.5045,20.0,1955.2
89656,14.5045,20.0,1955.3
89657,14.5045,20.0,1955.3
89658,14.5045,20.0,1955.3
89659,14.5045,20.0,1955.3
89660,14.5045,20.0,1955.3
89661,14.4845,20.0,1955.4
89662,14.4845,20.0,1955.4
89663,14.4845,20.0,1955.4
89664,14.4845,20.0,1955.4
89665,14.4845,20.0,1955.5
89666,14.4845,20.0,1955.5
89667,14.4845,20.0,1955.5
89668,14.4845,20.0,1955.5
89669,14.4845,20.0,1955.5
89670,14.4845,20.0,1955.6
89671,14.4845,20.0,1955.6
89672,14.4845,20.0,1955.6
89673,14.4845,20.0,1955.6
89674,14.4845,20.0,1955.6
89675,14.4845,20.0,1955.7
89676,14.4845,20.0,1955.7
89677,14.4845,20.0,1955.7
89678,14.4845,20.0,1955.7
89679,14.4845,20.0,1955.8
89680,14.4845,20.0,1955.8
89681,14.4644,20.0,1955.8
89682,14.4644,20.0,1955.8
89683,14.4644,20.0,1955.8
89684,14.4644,20.0,1955.9
89685,14.4644,20.0,1955.9
89686,14.4644,20.0,1955.9
89687,14.4644,20.0,1955.9
89688,14.4644,20.0,1956.0
89689,14.4644,20.0,1956.0
89690,14.4644,20.0,1956.0
89691,14.4644,20.0,1956.0
89692,14.4644,20.0,1956.0
89693,14.4644,20.0,1956.1
89694,14.4644,20.0,1956.1
89695,14.4644,20.0,1956.1
89696,14.4644,20.0,1956.1
89697,14.4644,20.0,1956.2
89698,14.4644,20.0,1956.2
89699,14.4644,20.0,1956.2
89700,14.4644,20.0,1956.2
89701,14.4443,20.0,1956.2
89702,14.4443,20.0,1956.3
89703,14.4443,20.0,1956.3
89704,14.4443,20.0,1956.3
89705,14.4443,20.0,1956.3
89706,14.4443,20.0,1956.3
89707,14.4443,20.0,1956.4
89708,14.4443,20.0,1956.4
89709,14.4443,20.0,1956.4
89710,14.4443,20.0,1956.4
89711,14.4443,20.0,1956.4
89712,14.4443,20.0,1956.5
89713,14.4443,20.0,1956.5
89714,14.4443,20.0,1956.5
89715,14.4443,20.0,1956.5
89716,14.4443,20.0,1956.6
89717,14.4443,20.0,1956.6
89718,14.4443,20.0,1956.6
89719,14.4443,20.0,1956.6
89720,14.4443,20.0,1956.6
89721,14.4243,20.0,1956.7
89722,14.4243,20.0,1956.7
89723,14.4243,20.0,1956.7
89724,14.4243,20.0,1956.7
89725,14.4243,20.0,1956.7
89726,14.4243,20.0,1956.8
89727,14.4243,20.0,1956.8
89728,14.4243,20.0,1956.8
89729,14.4243,20.0,1956.8
89730,14.4243,20.0,1956.8
89731,14.4243,20.0,1956.9
89732,14.4243,20.0,1956.9
89733,14.4243,20.0,1956.9
89734,14.4243,20.0,1956.9
89735,14.4243,20.0,1956.9
89736,14.4243,20.0,1957.0
89737,14.4243,20.0,1957.0
89738,14.4243,20.0,1957.0
89739,14.4243,20.0,1957.0
89740,14.4243,20.0,1957.0
89741,14.4042,20.0,1957.1
89742,14.4042,20.0,1957.1
89743,14.4042,20.0,1957.1
89744,14.4042,20.0,1957.1
89745,14.4042,20.0,1957.2
89746,14.4042,20.0,1957.2
89747,14.4042,20.0,1957.2
89748,14.4042,20.0,1957.2
89749,14.4042,20.0,1957.2
89750,14.4042,20.0,1957.3
89751,14.4042,20.0,1957.3
89752,14.4042,20.0,1957.3
89753,14.4042,20.0,1957.3
89754,14.4042,20.0,1957.3
89755,14.4042,20.0,1957.4
89756,14.4042,20.0,1957.4
89757,14.4042,20.0,1957.4
89758,14.4042,20.0,1957.4
89759,14.4042,20.0,1957.4
89760,14.4042,20.0,1957.5
89761,14.3841,20.0,1957.5
89762,14.3841,20.0,1957.5
89763,14.3841,20.0,1957.5
89764,14.3841,20.0,1957.5
89765,14.3841,20.0,1957.6
89766,14.3841,20.0,1957.6
89767,14.3841,20.0,1957.6
89768,14.3841,20.0,1957.6
89769,14.3841,20.0,1957.6
89770,14.3841,20.0,1957.7
89771,14.3841,20.0,1957.7
89772,14.3841,20.0,1957.7
89773,14.3841,20.0,1957.7
89774,14.3841,20.0,1957.7
89775,14.3841,20.0,1957.8
89776,14.3841,20.0,1957.8
89777,14.3841,20.0,1957.8
89778,14.3841,20.0,1957.8
89779,14.3841,20.0,1957.8
89780,14.3841,20.0,1957.9
89781,14.3641,20.0,1957.9
89782,14.3641,20.0,1957.9
89783,14.3641,20.0,1957.9
89784,14.3641,20.0,1958.0
89785,14.3641,20.0,1958.0
89786,14.3641,20.0,1958.0
89787,14.3641,20.0,1958.0
89788,14.3641,20.0,1958.1
89789,14.3641,20.0,1958.1
89790,14.3641,20.0,1958.1
89791,14.3641,20.0,1958.1
89792,14.3641,20.0,1958.1
89793,14.3641,20.0,1958.2
89794,14.3641,20.0,1958.2
89795,14.3641,20.0,1958.2
89796,14.3641,20.0,1958.2
89797,14.3641,20.0,1958.3
89798,14.3641,20.0,1958.3
89799,14.3641,20.0,1958.3
89800,14.3641,20.0,1958.3
89801,14.3440,20.0,1958.4
89802,14.3440,20.0,1958.4
89803,14.3440,20.0,1958.4
89804,14.3440,20.0,1958.4
89805,14.3440,20.0,1958.4
89806,14.3440,20.0,1958.5
89807,14.3440,20.0,1958.5
89808,14.3440,20.0,1958.5
89809,14.3440,20.0,1958.5
89810,14.3440,20.0,1958.5
89811,14.3440,20.0,1958.6
89812,14.3440,20.0,1958.6
89813,14.3440,20.0,1958.6
89814,14.3440,20.0,1958.6
89815,14.3440,20.0,1958.6
89816,14.3440,20.0,1958.7
89817,14.3440,20.0,1958.7
89818,14.3440,20.0,1958.7
89819,14.3440,20.0,1958.7
89820,14.3440,20.0,1958.7
89821,14.3240,20.0,1958.8
89822,14.3240,20.0,1958.8
89823,14.3240,20.0,1958.8
89824,14.3240,20.0,1958.8
89825,14.3240,20.0,1958.9
89826,14.3240,20.0,1958.9
89827,14.3240,20.0,1958.9
89828,14.3240,20.0,1958.9
89829,14.3240,20.0,1958.9
89830,14.3240,20.0,1958.9
89831,14.3240,20.0,1959.0
89832,14.3240,20.0,1959.0
89833,14.3240,20.0,1959.0
89834,14.3240,20.0,1959.0
89835,14.3240,20.0,1959.0
89836,14.3240,20.0,1959.1
89837,14.3240,20.0,1959.1
89838,14.3240,20.0,1959.1
89839,14.3240,20.0,1959.1
89840,14.3240,20.0,1959.2
89841,14.3039,20.0,1959.2
89842,14.3039,20.0,1959.2
89843,14.3039,20.0,1959.2
89844,14.3039,20.0,1959.2
89845,14.3039,20.0,1959.3
89846,14.3039,20.0,1959.3
89847,14.3039,20.0,1959.3
89848,14.3039,20.0,1959.3
89849,14.3039,20.0,1959.4
89850,14.3039,20.0,1959.4
89851,14.3039,20.0,1959.4
89852,14.3039,20.0,1959.4
89853,14.3039,20.0,1959.4
89854,14.3039,20.0,1959.5
89855,14.3039,20.0,1959.5
89856,14.3039,20.0,1959.5
89857,14.3039,20.0,1959.5
89858,14.3039,20.0,1959.6
89859,14.3039,20.0,1959.6
89860,14.3039,20.0,1959.6
89861,14.2838,20.0,1959.6
89862,14.2838,20.0,1959.6
89863,14.2838,20.0,1959.7
89864,14.2838,20.0,1959.7
89865,14.2838,20.0,1959.7
89866,14.2838,20.0,1959.7
89867,14.2838,20.0,1959.7
89868,14.2838,20.0,1959.7
89869,14.2838,20.0,1959.7
89870,14.2838,20.0,1959.8
89871,14.2838,20.0,1959.8
89872,14.2838,20.0,1959.8
89873,14.2838,20.0,1959.8
89874,14.2838,20.0,1959.9
89875,14.2838,20.0,1959.9
89876,14.2838,20.0,1959.9
89877,14.2838,20.0,1959.9
89878,14.2838,20.0,1959.9
89879,14.2838,20.0,1960.0
89880,14.2838,20.0,1960.0
89881,14.2638,20.0,1960.0
89882,14.2638,20.0,1960.0
89883,14.2638,20.0,1960.0
89884,14.2638,20.0,1960.1
89885,14.2638,20.0,1960.1
89886,14.2638,20.0,1960.1
89887,14.2638,20.0,1960.1
89888,14.2638,20.0,1960.2
89889,14.2638,20.0,1960.2
89890,14.2638,20.0,1960.2
89891,14.2638,20.0,1960.2
89892,14.2638,20.0,1960.3
89893,14.2638,20.0,1960.3
89894,14.2638,20.0,1960.3
89895,14.2638,20.0,1960.3
89896,14.2638,20.0,1960.3
89897,14.2638,20.0,1960.4
89898,14.2638,20.0,1960.4
89899,14.2638,20.0,1960.4
89900,14.2638,20.0,1960.4
89901,14.2437,20.0,1960.4
89902,14.2437,20.0,1960.5
89903,14.2437,20.0,1960.5
89904,14.2437,20.0,1960.5
89905,14.2437,20.0,1960.5
89906,14.2437,20.0,1960.6
89907,14.2437,20.0,1960.6
89908,14.2437,20.0,1960.6
89909,14.2437,20.0,1960.6
89910,14.2437,20.0,1960.6
89911,14.2437,20.0,1960.7
89912,14.2437,20.0,1960.7
89913,14.2437,20.0,1960.7
89914,14.2437,20.0,1960.7
89915,14.2437,20.0,1960.8
89916,14.2437,20.0,1960.8
89917,14.2437,20.0,1960.8
89918,14.2437,20.0,1960.8
89919,14.2437,20.0,1960.8
89920,14.2437,20.0,1960.9
89921,14.2236,20.0,1960.9
89922,14.2236,20.0,1960.9
89923,14.2236,20.0,1960.9
89924,14.2236,20.0,1960.9
89925,14.2236,20.0,1961.0
89926,14.2236,20.0,1961.0
89927,14.2236,20.0,1961.0
89928,14.2236,20.0,1961.0
89929,14.2236,20.0,1961.0
89930,14.2236,20.0,1961.1
89931,14.2236,20.0,1961.1
89932,14.2236,20.0,1961.1
89933,14.2236,20.0,1961.1
89934,14.2236,20.0,1961.1
89935,14.2236,20.0,1961.1
89936,14.2236,20.0,1961.2
89937,14.2236,20.0,1961.2
89938,14.2236,20.0,1961.2
89939,14.2236,20.0,1961.2
89940,14.2236,20.0,1961.3
89941,14.2036,20.0,1961.3
89942,14.2036,20.0,1961.3
89943,14.2036,20.0,1961.3
89944,14.2036,20.0,1961.3
89945,14.2036,20.0,1961.4
89946,14.2036,20.0,1961.4
89947,14.2036,20.0,1961.4
89948,14.2036,20.0,1961.4
89949,14.2036,20.0,1961.4
89950,14.2036,20.0,1961.5
89951,14.2036,20.0,1961.5
89952,14.2036,20.0,1961.5
89953,14.2036,20.0,1961.5
89954,14.2036,20.0,1961.5
89955,14.2036,20.0,1961.6
89956,14.2036,20.0,1961.6
89957,14.2036,20.0,1961.6
89958,14.2036,20.0,1961.6
89959,14.2036,20.0,1961.6
89960,14.2036,20.0,1961.7
89961,14.1835,20.0,1961.7
89962,14.1835,20.0,1961.7
89963,14.1835,20.0,1961.7
89964,14.1835,20.0,1961.8
89965,14.1835,20.0,1961.8
89966,14.1835,20.0,1961.8
89967,14.1835,20.0,1961.8
89968,14.1835,20.0,1961.8
89969,14.1835,20.0,1961.8
89970,14.1835,20.0,1961.9
89971,14.1835,20.0,1961.9
89972,14.1835,20.0,1961.9
89973,14.1835,20.0,1961.9
89974,14.1835,20.0,1961.9
89975,14.1835,20.0,1962.0
89976,14.1835,20.0,1962.0
89977,14.1835,20.0,1962.0
89978,14.1835,20.0,1962.0
89979,14.1835,20.0,1962.0
89980,14.1835,20.0,1962.1
89981,14.1635,20.0,1962.1
89982,14.1635,20.0,1962.1
89983,14.1635,20.0,1962.1
89984,14.1635,20.0,1962.1
89985,14.1635,20.0,1962.2
89986,14.1635,20.0,1962.2
89987,14.1635,20.0,1962.2
89988,14.1635,20.0,1962.2
89989,14.1635,20.0,1962.2
89990,14.1635,20.0,1962.3
89991,14.1635,20.0,1962.3
89992,14.1635,20.0,1962.3
89993,14.1635,20.0,1962.3
89994,14.1635,20.0,1962.4
89995,14.1635,20.0,1962.4
89996,14.1635,20.0,1962.4
89997,14.1635,20.0,1962.4
89998,14.1635,20.0,1962.4
89999,14.1635,20.0,1962.5
90000,14.1635,20.0,1962.5
90001,14.1434,20.0,1962.5
90002,14.1434,20.0,1962.5
90003,14.1434,20.0,1962.5
90004,14.1434,20.0,1962.6
90005,14.1434,20.0,1962.6
90006,14.1434,20.0,1962.6
90007,14.1434,20.0,1962.6
90008,14.1434,20.0,1962.7
90009,14.1434,20.0,1962.7
90010,14.1434,20.0,1962.7
90011,14.1434,20.0,1962.7
90012,14.1434,20.0,1962.8
90013,14.1434,20.0,1962.8
90014,14.1434,20.0,1962.8
90015,14.1434,20.0,1962.8
90016,14.1434,20.0,1962.8
90017,14.1434,20.0,1962.9
90018,14.1434,20.0,1962.9
90019,14.1434,20.0,1962.9
90020,14.1434,20.0,1962.9
90021,14.1233,20.0,1963.0
90022,14.1233,20.0,1963.0
90023,14.1233,20.0,1963.0
90024,14.1233,20.0,1963.0
90025,14.1233,20.0,1963.0
90026,14.1233,20.0,1963.1
90027,14.1233,20.0,1963.1
90028,14.1233,20.0,1963.1
90029,14.1233,20.0,1963.1
90030,14.1233,20.0,1963.1
90031,14.1233,20.0,1963.1
90032,14.1233,20.0,1963.2
90033,14.1233,20.0,1963.2
90034,14.1233,20.0,1963.2
90035,14.1233,20.0,1963.2
90036,14.1233,20.0,1963.3
90037,14.1233,20.0,1963.3
90038,14.1233,20.0,1963.3
90039,14.1233,20.0,1963.3
90040,14.1233,20.0,1963.3
90041,14.1033,20.0,1963.3
90042,14.1033,20.0,1963.4
90043,14.1033,20.0,1963.4
90044,14.1033,20.0,1963.4
90045,14.1033,20.0,1963.4
90046,14.1033,20.0,1963.5
90047,14.1033,20.0,1963.5
90048,14.1033,20.0,1963.5
90049,14.1033,20.0,1963.5
90050,14.1033,20.0,1963.5
90051,14.1033,20.0,1963.6
90052,14.1033,20.0,1963.6
90053,14.1033,20.0,1963.6
90054,14.1033,20.0,1963.6
90055,14.1033,20.0,1963.6
90056,14.1033,20.0,1963.7
90057,14.1033,20.0,1963.7
90058,14.1033,20.0,1963.7
90059,14.1033,20.0,1963.7
90060,14.1033,20.0,1963.7
90061,14.0832,20.0,1963.8
90062,14.0832,20.0,1963.8
90063,14.0832,20.0,1963.8
90064,14.0832,20.0,1963.8
90065,14.0832,20.0,1963.8
90066,14.0832,20.0,1963.8
90067,14.0832,20.0,1963.9
90068,14.0832,20.0,1963.9
90069,14.0832,20.0,1963.9
90070,14.0832,20.0,1963.9
90071,14.0832,20.0,1964.0
90072,14.0832,20.0,1964.0
90073,14.0832,20.0,1964.0
90074,14.0832,20.0,1964.0
90075,14.0832,20.0,1964.0
90076,14.0832,20.0,1964.1
90077,14.0832,20.0,1964.1
90078,14.0832,20.0,1964.1
90079,14.0832,20.0,1964.1
90080,14.0832,20.0,1964.1
90081,14.0832,20.0,1964.2
90082,14.0832,20.0,1964.2
90083,14.0832,20.0,1964.2
90084,14.0832,20.0,1964.2
90085,14.0832,20.0,1964.3
90086,14.0832,20.0,1964.3
90087,14.0832,20.0,1964.3
90088,14.0832,20.0,1964.3
90089,14.0832,20.0,1964.3
90090,14.0832,20.0,1964.4
90091,14.0832,20.0,1964.4
90092,14.0832,20.0,1964.4
90093,14.0832,20.0,1964.4
90094,14.0832,20.0,1964.4
90095,14.0832,20.0,1964.4
90096,14.0832,20.0,1964.5
90097,14.0832,20.0,1964.5
90098,14.0832,20.0,1964.5
90099,14.0832,20.0,1964.5
90100,14.0832,20.0,1964.6
90101,14.0832,20.0,1964.6
90102,14.0832,20.0,1964.6
90103,14.0832,20.0,1964.6
90104,14.0832,20.0,1964.6
90105,14.0832,20.0,1964.6
90106,14.0832,20.0,1964.7
90107,14.0832,20.0,1964.7
90108,14.0832,20.0,1964.7
90109,14.0832,20.0,1964.7
90110,14.0832,20.0,1964.7
90111,14.0832,20.0,1964.8
90112,14.0832,20.0,1964.8
90113,14.0832,20.0,1965.1
90114,14.0832,20.0,1965.1
90115,14.0832,20.0,1965.1
90116,14.0832,20.0,1965.2
90117,14.0832,20.0,1965.2
90118,14.0832,20.0,1965.2
90119,14.0832,20.0,1965.2
90120,14.0832,20.0,1965.2
90121,14.1233,20.0,1965.3
90122,14.1233,20.0,1965.3
90123,14.1233,20.0,1965.3
90124,14.1233,20.0,1965.3
90125,14.1233,20.0,1965.4
90126,14.1233,20.0,1965.4
90127,14.1233,20.0,1965.4
90128,14.1233,20.0,1965.4
90129,14.1233,20.0,1965.4
90130,14.1233,20.0,1965.5
90131,14.1233,20.0,1965.5
90132,14.1233,20.0,1965.5
90133,14.1233,20.0,1965.5
90134,14.1233,20.0,1965.5
90135,14.1233,20.0,1965.6
90136,14.1233,20.0,1965.6
90137,14.1233,20.0,1965.6
90138,14.1233,20.0,1965.6
90139,14.1233,20.0,1965.6
90140,14.1233,20.0,1965.6
90141,14.1633,20.0,1965.7
90142,14.1633,20.0,1965.7
90143,14.1633,20.0,1965.7
90144,14.1633,20.0,1965.7
90145,14.1633,20.0,1965.8
90146,14.1633,20.0,1965.8
90147,14.1633,20.0,1965.8
90148,14.1633,20.0,1965.8
90149,14.1633,20.0,1965.8
90150,14.1633,20.0,1965.9
90151,14.1633,20.0,1965.9
90152,14.1633,20.0,1965.9
90153,14.1633,20.0,1965.9
90154,14.1633,20.0,1965.9
90155,14.1633,20.0,1965.9
90156,14.1633,20.0,1966.0
90157,14.1633,20.0,1966.0
90158,14.1633,20.0,1966.0
90159,14.1633,20.0,1966.0
90160,14.1633,20.0,1966.0
90161,14.2034,20.0,1966.1
90162,14.2034,20.0,1966.1
90163,14.2034,20.0,1966.1
90164,14.2034,20.0,1966.1
90165,14.2034,20.0,1966.2
90166,14.2034,20.0,1966.2
90167,14.2034,20.0,1966.2
90168,14.2034,20.0,1966.2
90169,14.2034,20.0,1966.2
90170,14.2034,20.0,1966.3
90171,14.2034,20.0,1966.3
90172,14.2034,20.0,1966.3
90173,14.2034,20.0,1966.3
90174,14.2034,20.0,1966.4
90175,14.2034,20.0,1966.4
90176,14.2034,20.0,1966.4
90177,14.2034,20.0,1966.4
90178,14.2034,20.0,1966.4
90179,14.2034,20.0,1966.4
90180,14.2034,20.0,1966.5
90181,14.2434,20.0,1966.5
90182,14.2434,20.0,1966.5
90183,14.2434,20.0,1966.5
90184,14.2434,20.0,1966.6
90185,14.2434,20.0,1966.6
90186,14.2434,20.0,1966.6
90187,14.2434,20.0,1966.6
90188,14.2434,20.0,1966.7
90189,14.2434,20.0,1966.7
90190,14.2434,20.0,1966.7
90191,14.2434,20.0,1966.7
90192,14.2434,20.0,1966.7
90193,14.2434,20.0,1966.7
90194,14.2434,20.0,1966.8
90195,14.2434,20.0,1966.8
90196,14.2434,20.0,1966.8
90197,14.2434,20.0,1966.8
90198,14.2434,20.0,1966.8
90199,14.2434,20.0,1966.9
90200,14.2434,20.0,1966.9
90201,14.2835,20.0,1966.9
90202,14.2835,20.0,1966.9
90203,14.2835,20.0,1966.9
90204,14.2835,20.0,1967.0
90205,14.2835,20.0,1967.0
90206,14.2835,20.0,1967.0
90207,14.2835,20.0,1967.0
90208,14.2835,20.0,1967.1
90209,14.2835,20.0,1967.1
90210,14.2835,20.0,1967.1
90211,14.2835,20.0,1967.1
90212,14.2835,20.0,1967.1
90213,14.2835,20.0,1967.2
90214,14.2835,20.0,1967.2
90215,14.2835,20.0,1967.2
90216,14.2835,20.0,1967.2
90217,14.2835,20.0,1967.3
90218,14.2835,20.0,1967.3
90219,14.2835,20.0,1967.3
90220,14.2835,20.0,1967.3
90221,14.3235,20.0,1967.3
90222,14.3235,20.0,1967.4
90223,14.3235,20.0,1967.4
90224,14.3235,20.0,1967.4
90225,14.3235,20.0,1967.4
90226,14.3235,20.0,1967.5
90227,14.3235,20.0,1967.5
90228,14.3235,20.0,1967.5
90229,14.3235,20.0,1967.5
90230,14.3235,20.0,1967.5
90231,14.3235,20.0,1967.6
90232,14.3235,20.0,1967.6
90233,14.3235,20.0,1967.6
90234,14.3235,20.0,1967.6
90235,14.3235,20.0,1967.6
90236,14.3235,20.0,1967.7
90237,14.3235,20.0,1967.7
90238,14.3235,20.0,1967.7
90239,14.3235,20.0,1967.7
90240,14.3235,20.0,1967.7
90241,14.3636,20.0,1967.7
90242,14.3636,20.0,1967.8
90243,14.3636,20.0,1967.8
90244,14.3636,20.0,1967.8
90245,14.3636,20.0,1967.8
90246,14.3636,20.0,1967.8
90247,14.3636,20.0,1967.9
90248,14.3636,20.0,1967.9
90249,14.3636,20.0,1967.9
90250,14.3636,20.0,1967.9
90251,14.3636,20.0,1968.0
90252,14.3636,20.0,1968.0
90253,14.3636,20.0,1968.0
90254,14.3636,20.0,1968.0
90255,14.3636,20.0,1968.1
90256,14.3636,20.0,1968.1
90257,14.3636,20.0,1968.1
90258,14.3636,20.0,1968.1
90259,14.3636,20.0,1968.1
90260,14.3636,20.0,1968.2
90261,14.4036,20.0,1968.2
90262,14.4036,20.0,1968.2
90263,14.4036,20.0,1968.2
90264,14.4036,20.0,1968.2
90265,14.4036,20.0,1968.3
90266,14.4036,20.0,1968.3
90267,14.4036,20.0,1968.3
90268,14.4036,20.0,1968.3
90269,14.4036,20.0,1968.3
90270,14.4036,20.0,1968.4
90271,14.4036,20.0,1968.4
90272,14.4036,20.0,1968.4
90273,14.4036,20.0,1968.4
90274,14.4036,20.0,1968.4
90275,14.4036,20.0,1968.5
90276,14.4036,20.0,1968.5
90277,14.4036,20.0,1968.5
90278,14.4036,20.0,1968.5
90279,14.4036,20.0,1968.6
90280,14.4036,20.0,1968.6
90281,14.4437,20.0,1968.6
90282,14.4437,20.0,1968.6
90283,14.4437,20.0,1968.6
90284,14.4437,20.0,1968.7
90285,14.4437,20.0,1968.7
90286,14.4437,20.0,1968.7
90287,14.4437,20.0,1968.7
90288,14.4437,20.0,1968.7
90289,14.4437,20.0,1968.7
90290,14.4437,20.0,1968.8
90291,14.4437,20.0,1968.8
90292,14.4437,20.0,1968.8
90293,14.4437,20.0,1968.8
90294,14.4437,20.0,1968.8
90295,14.4437,20.0,1968.9
90296,14.4437,20.0,1968.9
90297,14.4437,20.0,1968.9
90298,14.4437,20.0,1968.9
90299,14.4437,20.0,1968.9
90300,14.4437,20.0,1968.9
90301,14.4837,20.0,1969.0
90302,14.4837,20.0,1969.0
90303,14.4837,20.0,1969.0
90304,14.4837,20.0,1969.0
90305,14.4837,20.0,1969.0
90306,14.4837,20.0,1969.1
90307,14.4837,20.0,1969.1
90308,14.4837,20.0,1969.1
90309,14.4837,20.0,1969.1
90310,14.4837,20.0,1969.2
90311,14.4837,20.0,1969.2
90312,14.4837,20.0,1969.2
90313,14.4837,20.0,1969.2
90314,14.4837,20.0,1969.2
90315,14.4837,20.0,1969.3
90316,14.4837,20.0,1969.3
90317,14.4837,20.0,1969.3
90318,14.4837,20.0,1969.3
90319,14.4837,20.0,1969.4
90320,14.4837,20.0,1969.4
90321,14.5238,20.0,1969.4
90322,14.5238,20.0,1969.4
90323,14.5238,20.0,1969.4
90324,14.5238,20.0,1969.5
90325,14.5238,20.0,1969.5
90326,14.5238,20.0,1969.5
90327,14.5238,20.0,1969.5
90328,14.5238,20.0,1969.6
90329,14.5238,20.0,1969.6
90330,14.5238,20.0,1969.6
90331,14.5238,20.0,1969.6
90332,14.5238,20.0,1969.6
90333,14.5238,20.0,1969.7
90334,14.5238,20.0,1969.7
90335,14.5238,20.0,1969.7
90336,14.5238,20.0,1969.7
90337,14.5238,20.0,1969.7
90338,14.5238,20.0,1969.8
90339,14.5238,20.0,1969.8
90340,14.5238,20.0,1969.8
90341,14.5638,20.0,1969.8
90342,14.5638,20.0,1969.9
90343,14.5638,20.0,1969.9
90344,14.5638,20.0,1969.9
90345,14.5638,20.0,1969.9
90346,14.5638,20.0,1969.9
90347,14.5638,20.0,1970.0
90348,14.5638,20.0,1970.0
90349,14.5638,20.0,1970.0
90350,14.5638,20.0,1970.0
90351,14.5638,20.0,1970.0
90352,14.5638,20.0,1970.1
90353,14.5638,20.0,1970.1
90354,14.5638,20.0,1970.1
90355,14.5638,20.0,1970.1
90356,14.5638,20.0,1970.1
90357,14.5638,20.0,1970.2
90358,14.5638,20.0,1970.2
90359,14.5638,20.0,1970.2
90360,14.5638,20.0,1970.2
90361,14.6039,20.0,1970.3
90362,14.6039,20.0,1970.3
90363,14.6039,20.0,1970.3
90364,14.6039,20.0,1970.3
90365,14.6039,20.0,1970.4
90366,14.6039,20.0,1970.4
90367,14.6039,20.0,1970.4
90368,14.6039,20.0,1970.4
90369,14.6039,20.0,1970.4
90370,14.6039,20.0,1970.4
90371,14.6039,20.0,1970.5
90372,14.6039,20.0,1970.5
90373,14.6039,20.0,1970.5
90374,14.6039,20.0,1970.5
90375,14.6039,20.0,1970.6
90376,14.6039,20.0,1970.6
90377,14.6039,20.0,1970.6
90378,14.6039,20.0,1970.6
90379,14.6039,20.0,1970.6
90380,14.6039,20.0,1970.7
90381,14.6439,20.0,1970.7
90382,14.6439,20.0,1970.7
90383,14.6439,20.0,1970.7
90384,14.6439,20.0,1970.7
90385,14.6439,20.0,1970.8
90386,14.6439,20.0,1970.8
90387,14.6439,20.0,1970.8
90388,14.6439,20.0,1970.8
90389,14.6439,20.0,1970.9
90390,14.6439,20.0,1970.9
90391,14.6439,20.0,1970.9
90392,14.6439,20.0,1970.9
90393,14.6439,20.0,1970.9
90394,14.6439,20.0,1971.0
90395,14.6439,20.0,1971.0
90396,14.6439,20.0,1971.0
90397,14.6439,20.0,1971.0
90398,14.6439,20.0,1971.0
90399,14.6439,20.0,1971.1
90400,14.6439,20.0,1971.1
90401,14.6840,20.0,1971.1
90402,14.6840,20.0,1971.1
90403,14.6840,20.0,1971.2
90404,14.6840,20.0,1971.2
90405,14.6840,20.0,1971.2
90406,14.6840,20.0,1971.2
90407,14.6840,20.0,1971.3
90408,14.6840,20.0,1971.3
90409,14.6840,20.0,1971.3
90410,14.6840,20.0,1971.3
90411,14.6840,20.0,1971.4
90412,14.6840,20.0,1971.4
90413,14.6840,20.0,1971.4
90414,14.6840,20.0,1971.4
90415,14.6840,20.0,1971.4
90416,14.6840,20.0,1971.5
90417,14.6840,20.0,1971.5
90418,14.6840,20.0,1971.5
90419,14.6840,20.0,1971.5
90420,14.6840,20.0,1971.6
90421,14.7240,20.0,1971.6
90422,14.7240,20.0,1971.6
90423,14.7240,20.0,1971.6
90424,14.7240,20.0,1971.6
90425,14.7240,20.0,1971.7
90426,14.7240,20.0,1971.7
90427,14.7240,20.0,1971.7
90428,14.7240,20.0,1971.7
90429,14.7240,20.0,1971.7
90430,14.7240,20.0,1971.8
90431,14.7240,20.0,1971.8
90432,14.7240,20.0,1971.8
90433,14.7240,20.0,1971.8
90434,14.7240,20.0,1971.9
90435,14.7240,20.0,1971.9
90436,14.7240,20.0,1971.9
90437,14.7240,20.0,1971.9
90438,14.7240,20.0,1971.9
90439,14.7240,20.0,1972.0
90440,14.7240,20.0,1972.0
90441,14.7641,20.0,1972.0
90442,14.7641,20.0,1972.0
90443,14.7641,20.0,1972.0
90444,14.7641,20.0,1972.1
90445,14.7641,20.0,1972.1
90446,14.7641,20.0,1972.1
90447,14.7641,20.0,1972.1
90448,14.7641,20.0,1972.1
90449,14.7641,20.0,1972.1
90450,14.7641,20.0,1972.2
90451,14.7641,20.0,1972.2
90452,14.7641,20.0,1972.2
90453,14.7641,20.0,1972.2
90454,14.7641,20.0,1972.3
90455,14.7641,20.0,1972.3
90456,14.7641,20.0,1972.3
90457,14.7641,20.0,1972.3
90458,14.7641,20.0,1972.3
90459,14.7641,20.0,1972.4
90460,14.7641,20.0,1972.4
90461,14.8041,20.0,1972.4
90462,14.8041,20.0,1972.4
90463,14.8041,20.0,1972.4
90464,14.8041,20.0,1972.4
90465,14.8041,20.0,1972.5
90466,14.8041,20.0,1972.5
90467,14.8041,20.0,1972.5
90468,14.8041,20.0,1972.5
90469,14.8041,20.0,1972.6
90470,14.8041,20.0,1972.6
90471,14.8041,20.0,1972.6
90472,14.8041,20.0,1972.6
90473,14.8041,20.0,1972.7
90474,14.8041,20.0,1972.7
90475,14.8041,20.0,1972.7
90476,14.8041,20.0,1972.7
90477,14.8041,20.0,1972.7
90478,14.8041,20.0,1972.8
90479,14.8041,20.0,1972.8
90480,14.8041,20.0,1972.8
90481,14.8442,20.0,1972.8
90482,14.8442,20.0,1972.8
90483,14.8442,20.0,1972.8
90484,14.8442,20.0,1972.9
90485,14.8442,20.0,1972.9
90486,14.8442,20.0,1972.9
90487,14.8442,20.0,1972.9
90488,14.8442,20.0,1972.9
90489,14.8442,20.0,1973.0
90490,14.8442,20.0,1973.0
90491,14.8442,20.0,1973.0
90492,14.8442,20.0,1973.0
90493,14.8442,20.0,1973.0
90494,14.8442,20.0,1973.1
90495,14.8442,20.0,1973.1
90496,14.8442,20.0,1973.1
90497,14.8442,20.0,1973.1
90498,14.8442,20.0,1973.1
90499,14.8442,20.0,1973.2
90500,14.8442,20.0,1973.2
90501,14.8842,20.0,1973.2
90502,14.8842,20.0,1973.2
90503,14.8842,20.0,1973.2
90504,14.8842,20.0,1973.3
90505,14.8842,20.0,1973.3
90506,14.8842,20.0,1973.3
90507,14.8842,20.0,1973.3
90508,14.8842,20.0,1973.4
90509,14.8842,20.0,1973.4
90510,14.8842,20.0,1973.4
90511,14.8842,20.0,1973.4
90512,14.8842,20.0,1973.4
90513,14.8842,20.0,1973.5
90514,14.8842,20.0,1973.5
90515,14.8842,20.0,1973.5
90516,14.8842,20.0,1973.5
90517,14.8842,20.0,1973.6
90518,14.8842,20.0,1973.6
90519,14.8842,20.0,1973.6
90520,14.8842,20.0,1973.6
90521,14.9243,20.0,1973.6
90522,14.9243,20.0,1973.7
90523,14.9243,20.0,1973.7
90524,14.9243,20.0,1973.7
90525,14.9243,20.0,1973.7
90526,14.9243,20.0,1973.8
90527,14.9243,20.0,1973.8
90528,14.9243,20.0,1973.8
90529,14.9243,20.0,1973.8
90530,14.9243,20.0,1973.8
90531,14.9243,20.0,1973.9
90532,14.9243,20.0,1973.9
90533,14.9243,20.0,1973.9
90534,14.9243,20.0,1973.9
90535,14.9243,20.0,1973.9
90536,14.9243,20.0,1974.0
90537,14.9243,20.0,1974.0
90538,14.9243,20.0,1974.0
90539,14.9243,20.0,1974.0
90540,14.9243,20.0,1974.0
90541,14.9643,20.0,1974.1
90542,14.9643,20.0,1974.1
90543,14.9643,20.0,1974.1
90544,14.9643,20.0,1974.1
90545,14.9643,20.0,1974.1
90546,14.9643,20.0,1974.2
90547,14.9643,20.0,1974.2
90548,14.9643,20.0,1974.2
90549,14.9643,20.0,1974.2
90550,14.9643,20.0,1974.2
90551,14.9643,20.0,1974.3
90552,14.9643,20.0,1974.3
90553,14.9643,20.0,1974.3
90554,14.9643,20.0,1974.3
90555,14.9643,20.0,1974.3
90556,14.9643,20.0,1974.4
90557,14.9643,20.0,1974.4
90558,14.9643,20.0,1974.4
90559,14.9643,20.0,1974.4
90560,14.9643,20.0,1974.4
90561,15.0044,20.0,1974.5
90562,15.0044,20.0,1974.5
90563,15.0044,20.0,1974.5
90564,15.0044,20.0,1974.5
90565,15.0044,20.0,1974.6
90566,15.0044,20.0,1974.6
90567,15.0044,20.0,1974.6
90568,15.0044,20.0,1974.6
90569,15.0044,20.0,1974.7
90570,15.0044,20.0,1974.7
90571,15.0044,20.0,1974.7
90572,15.0044,20.0,1974.7
90573,15.0044,20.0,1974.7
90574,15.0044,20.0,1974.8
90575,15.0044,20.0,1974.8
90576,15.0044,20.0,1974.8
90577,15.0044,20.0,1974.8
90578,15.0044,20.0,1974.8
90579,15.0044,20.0,1974.8
90580,15.0044,20.0,1974.9
90581,15.0245,20.0,1974.9
90582,15.0245,20.0,1974.9
90583,15.0245,20.0,1974.9
90584,15.0245,20.0,1975.0
90585,15.0245,20.0,1975.0
90586,15.0245,20.0,1975.0
90587,15.0245,20.0,1975.0
90588,15.0245,20.0,1975.0
90589,15.0245,20.0,1975.1
90590,15.0245,20.0,1975.1
90591,15.0245,20.0,1975.1
90592,15.0245,20.0,1975.1
90593,15.0245,20.0,1975.1
90594,15.0245,20.0,1975.2
90595,15.0245,20.0,1975.2
90596,15.0245,20.0,1975.2
90597,15.0245,20.0,1975.2
90598,15.0245,20.0,1975.3
90599,15.0245,20.0,1975.3
90600,15.0245,20.0,1975.3
90601,15.0245,20.0,1975.3
90602,15.0245,20.0,1975.3
90603,15.0245,20.0,1975.3
90604,15.0245,20.0,1975.4
90605,15.0245,20.0,1975.4
90606,15.0245,20.0,1975.4
90607,15.0245,20.0,1975.4
90608,15.0245,20.0,1975.5
90609,15.0245,20.0,1975.5
90610,15.0245,20.0,1975.5
90611,15.0245,20.0,1975.5
90612,15.0245,20.0,1975.5
90613,15.0245,20.0,1975.6
90614,15.0245,20.0,1975.6
90615,15.0245,20.0,1975.6
90616,15.0245,20.0,1975.6
90617,15.0245,20.0,1975.6
90618,15.0245,20.0,1975.7
90619,15.0245,20.0,1975.7
90620,15.0245,20.0,1975.7
90621,15.0245,20.0,1975.7
90622,15.0245,20.0,1975.8
90623,15.0245,20.0,1975.8
90624,15.0245,20.0,1975.8
90625,15.0245,20.0,1976.1
90626,15.0245,20.0,1976.1
90627,15.0245,20.0,1976.1
90628,15.0245,20.0,1976.2
90629,15.0245,20.0,1976.2
90630,15.0245,20.0,1976.2
90631,15.0245,20.0,1976.2
90632,15.0245,20.0,1976.2
90633,15.0245,20.0,1976.3
90634,15.0245,20.0,1976.3
90635,15.0245,20.0,1976.3
90636,15.0245,20.0,1976.3
90637,15.0245,20.0,1976.3
90638,15.0245,20.0,1976.4
90639,15.0245,20.0,1976.4
90640,15.0245,20.0,1976.4
90641,15.0245,20.0,1976.4
90642,15.0245,20.0,1976.5
90643,15.0245,20.0,1976.5
90644,15.0245,20.0,1976.5
90645,15.0245,20.0,1976.5
90646,15.0245,20.0,1976.5
90647,15.0245,20.0,1976.6
90648,15.0245,20.0,1976.6
90649,15.0245,20.0,1976.6
90650,15.0245,20.0,1976.6
90651,15.0245,20.0,1976.7
90652,15.0245,20.0,1976.7
90653,15.0245,20.0,1976.7
90654,15.0245,20.0,1976.7
90655,15.0245,20.0,1976.7
90656,15.0245,20.0,1976.7
90657,15.0245,20.0,1976.8
90658,15.0245,20.0,1976.8
90659,15.0245,20.0,1976.8
90660,15.0245,20.0,1976.8
90661,15.0245,20.0,1976.8
90662,15.0245,20.0,1976.9
90663,15.0245,20.0,1976.9
90664,15.0245,20.0,1976.9
90665,15.0245,20.0,1976.9
90666,15.0245,20.0,1976.9
90667,15.0245,20.0,1977.0
90668,15.0245,20.0,1977.0
90669,15.0245,20.0,1977.0
90670,15.0245,20.0,1977.0
90671,15.0245,20.0,1977.0
90672,15.0245,20.0,1977.1
90673,15.0245,20.0,1977.1
90674,15.0245,20.0,1977.1
90675,15.0245,20.0,1977.1
90676,15.0245,20.0,1977.2
90677,15.0245,20.0,1977.2
90678,15.0245,20.0,1977.2
90679,15.0245,20.0,1977.2
90680,15.0245,20.0,1977.2
90681,15.0245,20.0,1977.3
90682,15.0245,20.0,1977.3
90683,15.0245,20.0,1977.3
90684,15.0245,20.0,1977.3
90685,15.0245,20.0,1977.3
90686,15.0245,20.0,1977.4
90687,15.0245,20.0,1977.4
90688,15.0245,20.0,1977.4
90689,15.0245,20.0,1977.4
90690,15.0245,20.0,1977.4
90691,15.0245,20.0,1977.5
90692,15.0245,20.0,1977.5
90693,15.0245,20.0,1977.5
90694,15.0245,20.0,1977.5
90695,15.0245,20.0,1977.5
90696,15.0245,20.0,1977.6
90697,15.0245,20.0,1977.6
90698,15.0245,20.0,1977.6
90699,15.0245,20.0,1977.6
90700,15.0245,20.0,1977.7
90701,15.0245,20.0,1977.7
90702,15.0245,20.0,1977.7
90703,15.0245,20.0,1977.7
90704,15.0245,20.0,1977.7
90705,15.0245,20.0,1977.8
90706,15.0245,20.0,1977.8
90707,15.0245,20.0,1977.8
90708,15.0245,20.0,1977.8
90709,15.0245,20.0,1977.8
90710,15.0245,20.0,1977.9
90711,15.0245,20.0,1977.9
90712,15.0245,20.0,1977.9
90713,15.0245,20.0,1977.9
90714,15.0245,20.0,1977.9
90715,15.0245,20.0,1978.0
90716,15.0245,20.0,1978.0
90717,15.0245,20.0,1978.0
90718,15.0245,20.0,1978.0
90719,15.0245,20.0,1978.1
90720,15.0245,20.0,1978.1
90721,15.0244,20.0,1978.1
90722,15.0244,20.0,1978.1
90723,15.0244,20.0,1978.1
90724,15.0244,20.0,1978.2
90725,15.0244,20.0,1978.2
90726,15.0244,20.0,1978.2
90727,15.0244,20.0,1978.2
90728,15.0244,20.0,1978.2
90729,15.0244,20.0,1978.3
90730,15.0244,20.0,1978.3
90731,15.0244,20.0,1978.3
90732,15.0244,20.0,1978.3
90733,15.0244,20.0,1978.4
90734,15.0244,20.0,1978.4
90735,15.0244,20.0,1978.4
90736,15.0244,20.0,1978.4
90737,15.0244,20.0,1978.4
90738,15.0244,20.0,1978.5
90739,15.0244,20.0,1978.5
90740,15.0244,20.0,1978.5
90741,15.0244,20.0,1978.5
90742,15.0244,20.0,1978.5
90743,15.0244,20.0,1978.6
90744,15.0244,20.0,1978.6
90745,15.0244,20.0,1978.6
90746,15.0244,20.0,1978.6
90747,15.0244,20.0,1978.7
90748,15.0244,20.0,1978.7
90749,15.0244,20.0,1978.7
90750,15.0244,20.0,1978.7
90751,15.0244,20.0,1978.7
90752,15.0244,20.0,1978.8
90753,15.0244,20.0,1978.8
90754,15.0244,20.0,1978.8
90755,15.0244,20.0,1978.8
90756,15.0244,20.0,1978.9
90757,15.0244,20.0,1978.9
90758,15.0244,20.0,1978.9
90759,15.0244,20.0,1978.9
90760,15.0244,20.0,1978.9
90761,15.0244,20.0,1979.0
90762,15.0244,20.0,1979.0
90763,15.0244,20.0,1979.0
90764,15.0244,20.0,1979.0
90765,15.0244,20.0,1979.1
90766,15.0244,20.0,1979.1
90767,15.0244,20.0,1979.1
90768,15.0244,20.0,1979.1
90769,15.0244,20.0,1979.1
90770,15.0244,20.0,1979.1
90771,15.0244,20.0,1979.2
90772,15.0244,20.0,1979.2
90773,15.0244,20.0,1979.2
90774,15.0244,20.0,1979.2
90775,15.0244,20.0,1979.2
90776,15.0244,20.0,1979.3
90777,15.0244,20.0,1979.3
90778,15.0244,20.0,1979.3
90779,15.0244,20.0,1979.3
90780,15.0244,20.0,1979.4
90781,15.0244,20.0,1979.4
90782,15.0244,20.0,1979.4
90783,15.0244,20.0,1979.4
90784,15.0244,20.0,1979.4
90785,15.0244,20.0,1979.5
90786,15.0244,20.0,1979.5
90787,15.0244,20.0,1979.5
90788,15.0244,20.0,1979.5
90789,15.0244,20.0,1979.5
90790,15.0244,20.0,1979.6
90791,15.0244,20.0,1979.6
90792,15.0244,20.0,1979.6
90793,15.0244,20.0,1979.6
90794,15.0244,20.0,1979.7
90795,15.0244,20.0,1979.7
90796,15.0244,20.0,1979.7
90797,15.0244,20.0,1979.7
90798,15.0244,20.0,1979.7
90799,15.0244,20.0,1979.8
90800,15.0244,20.0,1979.8
90801,15.0244,20.0,1979.8
90802,15.0244,20.0,1979.8
90803,15.0244,20.0,1979.8
90804,15.0244,20.0,1979.9
90805,15.0244,20.0,1979.9
90806,15.0244,20.0,1979.9
90807,15.0244,20.0,1979.9
90808,15.0244,20.0,1980.0
90809,15.0244,20.0,1980.0
90810,15.0244,20.0,1980.0
90811,15.0244,20.0,1980.0
90812,15.0244,20.0,1980.0
90813,15.0244,20.0,1980.1
90814,15.0244,20.0,1980.1
90815,15.0244,20.0,1980.1
90816,15.0244,20.0,1980.1
90817,15.0244,20.0,1980.2
90818,15.0244,20.0,1980.2
90819,15.0244,20.0,1980.2
90820,15.0244,20.0,1980.2
90821,15.0244,20.0,1980.2
90822,15.0244,20.0,1980.3
90823,15.0244,20.0,1980.3
90824,15.0244,20.0,1980.3
90825,15.0244,20.0,1980.3
90826,15.0244,20.0,1980.4
90827,15.0244,20.0,1980.4
90828,15.0244,20.0,1980.4
90829,15.0244,20.0,1980.4
90830,15.0244,20.0,1980.4
90831,15.0244,20.0,1980.5
90832,15.0244,20.0,1980.5
90833,15.0244,20.0,1980.5
90834,15.0244,20.0,1980.5
90835,15.0244,20.0,1980.5
90836,15.0244,20.0,1980.6
90837,15.0244,20.0,1980.6
90838,15.0244,20.0,1980.6
90839,15.0244,20.0,1980.6
90840,15.0244,20.0,1980.7
90841,15.0244,20.0,1980.7
90842,15.0244,20.0,1980.7
90843,15.0244,20.0,1980.7
90844,15.0244,20.0,1980.7
90845,15.0244,20.0,1980.8
90846,15.0244,20.0,1980.8
90847,15.0244,20.0,1980.8
90848,15.0244,20.0,1980.8
90849,15.0244,20.0,1980.8
90850,15.0244,20.0,1980.8
90851,15.0244,20.0,1980.9
90852,15.0244,20.0,1980.9
90853,15.0244,20.0,1980.9
90854,15.0244,20.0,1980.9
90855,15.0244,20.0,1981.0
90856,15.0244,20.0,1981.0
90857,15.0244,20.0,1981.0
90858,15.0244,20.0,1981.0
90859,15.0244,20.0,1981.1
90860,15.0244,20.0,1981.1
90861,15.0244,20.0,1981.1
90862,15.0244,20.0,1981.1
90863,15.0244,20.0,1981.1
90864,15.0244,20.0,1981.2
90865,15.0244,20.0,1981.2
90866,15.0244,20.0,1981.2
90867,15.0244,20.0,1981.2
90868,15.0244,20.0,1981.2
90869,15.0244,20.0,1981.3
90870,15.0244,20.0,1981.3
90871,15.0244,20.0,1981.3
90872,15.0244,20.0,1981.3
90873,15.0244,20.0,1981.3
90874,15.0244,20.0,1981.4
90875,15.0244,20.0,1981.4
90876,15.0244,20.0,1981.4
90877,15.0244,20.0,1981.4
90878,15.0244,20.0,1981.5
90879,15.0244,20.0,1981.5
90880,15.0244,20.0,1981.5
90881,15.0244,20.0,1981.5
90882,15.0244,20.0,1981.5
90883,15.0244,20.0,1981.5
90884,15.0244,20.0,1981.6
90885,15.0244,20.0,1981.6
90886,15.0244,20.0,1981.6
90887,15.0244,20.0,1981.6
90888,15.0244,20.0,1981.6
90889,15.0244,20.0,1981.7
90890,15.0244,20.0,1981.7
90891,15.0244,20.0,1981.7
90892,15.0244,20.0,1981.7
90893,15.0244,20.0,1981.7
90894,15.0244,20.0,1981.8
90895,15.0244,20.0,1981.8
90896,15.0244,20.0,1981.8
90897,15.0244,20.0,1981.8
90898,15.0244,20.0,1981.8
90899,15.0244,20.0,1981.9
90900,15.0244,20.0,1981.9
90901,15.0244,20.0,1981.9
90902,15.0244,20.0,1981.9
90903,15.0244,20.0,1981.9
90904,15.0244,20.0,1982.0
90905,15.0244,20.0,1982.0
90906,15.0244,20.0,1982.0
90907,15.0244,20.0,1982.0
90908,15.0244,20.0,1982.1
90909,15.0244,20.0,1982.1
90910,15.0244,20.0,1982.1
90911,15.0244,20.0,1982.1
90912,15.0244,20.0,1982.1
90913,15.0244,20.0,1982.2
90914,15.0244,20.0,1982.2
90915,15.0244,20.0,1982.2
90916,15.0244,20.0,1982.2
90917,15.0244,20.0,1982.2
90918,15.0244,20.0,1982.3
90919,15.0244,20.0,1982.3
90920,15.0244,20.0,1982.3
90921,15.0244,20.0,1982.3
90922,15.0244,20.0,1982.3
90923,15.0244,20.0,1982.4
90924,15.0244,20.0,1982.4
90925,15.0244,20.0,1982.4
90926,15.0244,20.0,1982.4
90927,15.0244,20.0,1982.5
90928,15.0244,20.0,1982.5
90929,15.0244,20.0,1982.5
90930,15.0244,20.0,1982.5
90931,15.0244,20.0,1982.5
90932,15.0244,20.0,1982.6
90933,15.0244,20.0,1982.6
90934,15.0244,20.0,1982.6
90935,15.0244,20.0,1982.6
90936,15.0244,20.0,1982.7
90937,15.0244,20.0,1982.7
90938,15.0244,20.0,1982.7
90939,15.0244,20.0,1982.7
90940,15.0244,20.0,1982.8
90941,15.0244,20.0,1982.8
90942,15.0244,20.0,1982.8
90943,15.0244,20.0,1982.8
90944,15.0244,20.0,1982.8
90945,15.0244,20.0,1982.9
90946,15.0244,20.0,1982.9
90947,15.0244,20.0,1982.9
90948,15.0244,20.0,1982.9
90949,15.0244,20.0,1982.9
90950,15.0244,20.0,1983.0
90951,15.0244,20.0,1983.0
90952,15.0244,20.0,1983.0
90953,15.0244,20.0,1983.0
90954,15.0244,20.0,1983.1
90955,15.0244,20.0,1983.1
90956,15.0244,20.0,1983.1
90957,15.0244,20.0,1983.1
90958,15.0244,20.0,1983.1
90959,15.0244,20.0,1983.2
90960,15.0244,20.0,1983.2
90961,15.0244,20.0,1983.2
90962,15.0244,20.0,1983.2
90963,15.0244,20.0,1983.2
90964,15.0244,20.0,1983.3
90965,15.0244,20.0,1983.3
90966,15.0244,20.0,1983.3
90967,15.0244,20.0,1983.3
90968,15.0244,20.0,1983.4
90969,15.0244,20.0,1983.4
90970,15.0244,20.0,1983.4
90971,15.0244,20.0,1983.4
90972,15.0244,20.0,1983.5
90973,15.0244,20.0,1983.5
90974,15.0244,20.0,1983.5
90975,15.0244,20.0,1983.5
90976,15.0244,20.0,1983.5
90977,15.0244,20.0,1983.6
90978,15.0244,20.0,1983.6
90979,15.0244,20.0,1983.6
90980,15.0244,20.0,1983.6
90981,15.0244,20.0,1983.6
90982,15.0244,20.0,1983.7
90983,15.0244,20.0,1983.7
90984,15.0244,20.0,1983.7
90985,15.0244,20.0,1983.7
90986,15.0244,20.0,1983.7
90987,15.0244,20.0,1983.8
90988,15.0244,20.0,1983.8
90989,15.0244,20.0,1983.8
90990,15.0244,20.0,1983.8
90991,15.0244,20.0,1983.8
90992,15.0244,20.0,1983.9
90993,15.0244,20.0,1983.9
90994,15.0244,20.0,1983.9
90995,15.0244,20.0,1983.9
90996,15.0244,20.0,1983.9
90997,15.0244,20.0,1983.9
90998,15.0244,20.0,1984.0
90999,15.0244,20.0,1984.0
91000,15.0244,20.0,1984.0
91001,15.0244,20.0,1984.0
91002,15.0244,20.0,1984.1
91003,15.0244,20.0,1984.1
91004,15.0244,20.0,1984.1
91005,15.0244,20.0,1984.1
91006,15.0244,20.0,1984.2
91007,15.0244,20.0,1984.2
91008,15.0244,20.0,1984.2
91009,15.0244,20.0,1984.2
91010,15.0244,20.0,1984.2
91011,15.0244,20.0,1984.3
91012,15.0244,20.0,1984.3
91013,15.0244,20.0,1984.3
91014,15.0244,20.0,1984.3
91015,15.0244,20.0,1984.4
91016,15.0244,20.0,1984.4
91017,15.0244,20.0,1984.4
91018,15.0244,20.0,1984.4
91019,15.0244,20.0,1984.5
91020,15.0244,20.0,1984.5
91021,15.0244,20.0,1984.5
91022,15.0244,20.0,1984.5
91023,15.0244,20.0,1984.5
91024,15.0244,20.0,1984.6
91025,15.0244,20.0,1984.6
91026,15.0244,20.0,1984.6
91027,15.0244,20.0,1984.6
91028,15.0244,20.0,1984.6
91029,15.0244,20.0,1984.7
91030,15.0244,20.0,1984.7
91031,15.0244,20.0,1984.7
91032,15.0244,20.0,1984.7
91033,15.0244,20.0,1984.7
91034,15.0244,20.0,1984.8
91035,15.0244,20.0,1984.8
91036,15.0244,20.0,1984.8
91037,15.0244,20.0,1984.8
91038,15.0244,20.0,1984.9
91039,15.0244,20.0,1984.9
91040,15.0244,20.0,1984.9
91041,15.0244,20.0,1984.9
91042,15.0244,20.0,1985.0
91043,15.0244,20.0,1985.0
91044,15.0244,20.0,1985.0
91045,15.0244,20.0,1985.0
91046,15.0244,20.0,1985.0
91047,15.0244,20.0,1985.1
91048,15.0244,20.0,1985.1
91049,15.0244,20.0,1985.1
91050,15.0244,20.0,1985.1
91051,15.0244,20.0,1985.1
91052,15.0244,20.0,1985.1
91053,15.0244,20.0,1985.2
91054,15.0244,20.0,1985.2
91055,15.0244,20.0,1985.2
91056,15.0244,20.0,1985.2
91057,15.0244,20.0,1985.2
91058,15.0244,20.0,1985.3
91059,15.0244,20.0,1985.3
91060,15.0244,20.0,1985.3
91061,15.0244,20.0,1985.3
91062,15.0244,20.0,1985.4
91063,15.0244,20.0,1985.4
91064,15.0244,20.0,1985.4
91065,15.0244,20.0,1985.4
91066,15.0244,20.0,1985.4
91067,15.0244,20.0,1985.5
91068,15.0244,20.0,1985.5
91069,15.0244,20.0,1985.5
91070,15.0244,20.0,1985.5
91071,15.0244,20.0,1985.5
91072,15.0244,20.0,1985.6
91073,15.0244,20.0,1985.6
91074,15.0244,20.0,1985.6
91075,15.0244,20.0,1985.6
91076,15.0244,20.0,1985.6
91077,15.0244,20.0,1985.7
91078,15.0244,20.0,1985.7
91079,15.0244,20.0,1985.7
91080,15.0244,20.0,1985.7
91081,15.0244,20.0,1985.7
91082,15.0244,20.0,1985.8
91083,15.0244,20.0,1985.8
91084,15.0244,20.0,1985.8
91085,15.0244,20.0,1985.8
91086,15.0244,20.0,1985.9
91087,15.0244,20.0,1985.9
91088,15.0244,20.0,1985.9
91089,15.0244,20.0,1985.9
91090,15.0244,20.0,1985.9
91091,15.0244,20.0,1986.0
91092,15.0244,20.0,1986.0
91093,15.0244,20.0,1986.0
91094,15.0244,20.0,1986.0
91095,15.0244,20.0,1986.0
91096,15.0244,20.0,1986.1
91097,15.0244,20.0,1986.1
91098,15.0244,20.0,1986.1
91099,15.0244,20.0,1986.1
91100,15.0244,20.0,1986.1
91101,15.0244,20.0,1986.2
91102,15.0244,20.0,1986.2
91103,15.0244,20.0,1986.2
91104,15.0244,20.0,1986.2
91105,15.0244,20.0,1986.2
91106,15.0244,20.0,1986.3
91107,15.0244,20.0,1986.3
91108,15.0244,20.0,1986.3
91109,15.0244,20.0,1986.3
91110,15.0244,20.0,1986.4
91111,15.0244,20.0,1986.4
91112,15.0244,20.0,1986.4
91113,15.0244,20.0,1986.4
91114,15.0244,20.0,1986.4
91115,15.0244,20.0,1986.5
91116,15.0244,20.0,1986.5
91117,15.0244,20.0,1986.5
91118,15.0244,20.0,1986.5
91119,15.0244,20.0,1986.5
91120,15.0244,20.0,1986.6
91121,15.0244,20.0,1986.6
91122,15.0244,20.0,1986.6
91123,15.0244,20.0,1986.6
91124,15.0244,20.0,1986.7
91125,15.0244,20.0,1986.7
91126,15.0244,20.0,1986.7
91127,15.0244,20.0,1986.7
91128,15.0244,20.0,1986.7
91129,15.0244,20.0,1986.8
91130,15.0244,20.0,1986.8
91131,15.0244,20.0,1986.8
91132,15.0244,20.0,1986.8
91133,15.0244,20.0,1986.8
91134,15.0244,20.0,1986.9
91135,15.0244,20.0,1986.9
91136,15.0244,20.0,1986.9
91137,15.0244,20.0,1987.2
91138,15.0244,20.0,1987.2
91139,15.0244,20.0,1987.2
91140,15.0244,20.0,1987.3
91141,15.0244,20.0,1987.3
91142,15.0244,20.0,1987.3
91143,15.0244,20.0,1987.3
91144,15.0244,20.0,1987.3
91145,15.0244,20.0,1987.3
91146,15.0244,20.0,1987.4
91147,15.0244,20.0,1987.4
91148,15.0244,20.0,1987.4
91149,15.0244,20.0,1987.4
91150,15.0244,20.0,1987.5
91151,15.0244,20.0,1987.5
91152,15.0244,20.0,1987.5
91153,15.0244,20.0,1987.5
91154,15.0244,20.0,1987.5
91155,15.0244,20.0,1987.6
91156,15.0244,20.0,1987.6
91157,15.0244,20.0,1987.6
91158,15.0244,20.0,1987.6
91159,15.0244,20.0,1987.6
91160,15.0244,20.0,1987.7
91161,15.0443,20.0,1987.7
91162,15.0443,20.0,1987.7
91163,15.0443,20.0,1987.7
91164,15.0443,20.0,1987.7
91165,15.0443,20.0,1987.8
91166,15.0443,20.0,1987.8
91167,15.0443,20.0,1987.8
91168,15.0443,20.0,1987.8
91169,15.0443,20.0,1987.9
91170,15.0443,20.0,1987.9
91171,15.0443,20.0,1987.9
91172,15.0443,20.0,1987.9
91173,15.0443,20.0,1988.0
91174,15.0443,20.0,1988.0
91175,15.0443,20.0,1988.0
91176,15.0443,20.0,1988.0
91177,15.0443,20.0,1988.0
91178,15.0443,20.0,1988.1
91179,15.0443,20.0,1988.1
91180,15.0443,20.0,1988.1
91181,15.0642,20.0,1988.1
91182,15.0642,20.0,1988.1
91183,15.0642,20.0,1988.2
91184,15.0642,20.0,1988.2
91185,15.0642,20.0,1988.2
91186,15.0642,20.0,1988.2
91187,15.0642,20.0,1988.3
91188,15.0642,20.0,1988.3
91189,15.0642,20.0,1988.3
91190,15.0642,20.0,1988.3
91191,15.0642,20.0,1988.3
91192,15.0642,20.0,1988.4
91193,15.0642,20.0,1988.4
91194,15.0642,20.0,1988.4
91195,15.0642,20.0,1988.4
91196,15.0642,20.0,1988.4
91197,15.0642,20.0,1988.5
91198,15.0642,20.0,1988.5
91199,15.0642,20.0,1988.5
91200,15.0642,20.0,1988.5
91201,15.0841,20.0,1988.6
91202,15.0841,20.0,1988.6
91203,15.0841,20.0,1988.6
91204,15.0841,20.0,1988.6
91205,15.0841,20.0,1988.7
91206,15.0841,20.0,1988.7
91207,15.0841,20.0,1988.7
91208,15.0841,20.0,1988.7
91209,15.0841,20.0,1988.7
91210,15.0841,20.0,1988.8
91211,15.0841,20.0,1988.8
91212,15.0841,20.0,1988.8
91213,15.0841,20.0,1988.8
91214,15.0841,20.0,1988.8
91215,15.0841,20.0,1988.9
91216,15.0841,20.0,1988.9
91217,15.0841,20.0,1988.9
91218,15.0841,20.0,1988.9
91219,15.0841,20.0,1988.9
91220,15.0841,20.0,1989.0
91221,15.1040,20.0,1989.0
91222,15.1040,20.0,1989.0
91223,15.1040,20.0,1989.0
91224,15.1040,20.0,1989.0
91225,15.1040,20.0,1989.0
91226,15.1040,20.0,1989.1
91227,15.1040,20.0,1989.1
91228,15.1040,20.0,1989.1
91229,15.1040,20.0,1989.1
91230,15.1040,20.0,1989.2
91231,15.1040,20.0,1989.2
91232,15.1040,20.0,1989.2
91233,15.1040,20.0,1989.2
91234,15.1040,20.0,1989.3
91235,15.1040,20.0,1989.3
91236,15.1040,20.0,1989.3
91237,15.1040,20.0,1989.3
91238,15.1040,20.0,1989.4
91239,15.1040,20.0,1989.4
91240,15.1040,20.0,1989.4
91241,15.1239,20.0,1989.4
91242,15.1239,20.0,1989.5
91243,15.1239,20.0,1989.5
91244,15.1239,20.0,1989.5
91245,15.1239,20.0,1989.5
91246,15.1239,20.0,1989.5
91247,15.1239,20.0,1989.6
91248,15.1239,20.0,1989.6
91249,15.1239,20.0,1989.6
91250,15.1239,20.0,1989.6
91251,15.1239,20.0,1989.7
91252,15.1239,20.0,1989.7
91253,15.1239,20.0,1989.7
91254,15.1239,20.0,1989.7
91255,15.1239,20.0,1989.8
91256,15.1239,20.0,1989.8
91257,15.1239,20.0,1989.8
91258,15.1239,20.0,1989.8
91259,15.1239,20.0,1989.9
91260,15.1239,20.0,1989.9
91261,15.1438,20.0,1989.9
91262,15.1438,20.0,1989.9
91263,15.1438,20.0,1990.0
91264,15.1438,20.0,1990.0
91265,15.1438,20.0,1990.0
91266,15.1438,20.0,1990.0
91267,15.1438,20.0,1990.0
91268,15.1438,20.0,1990.1
91269,15.1438,20.0,1990.1
91270,15.1438,20.0,1990.1
91271,15.1438,20.0,1990.1
91272,15.1438,20.0,1990.1
91273,15.1438,20.0,1990.2
91274,15.1438,20.0,1990.2
91275,15.1438,20.0,1990.2
91276,15.1438,20.0,1990.2
91277,15.1438,20.0,1990.3
91278,15.1438,20.0,1990.3
91279,15.1438,20.0,1990.3
91280,15.1438,20.0,1990.3
91281,15.1637,20.0,1990.4
91282,15.1637,20.0,1990.4
91283,15.1637,20.0,1990.4
91284,15.1637,20.0,1990.4
91285,15.1637,20.0,1990.4
91286,15.1637,20.0,1990.5
91287,15.1637,20.0,1990.5
91288,15.1637,20.0,1990.5
91289,15.1637,20.0,1990.5
91290,15.1637,20.0,1990.5
91291,15.1637,20.0,1990.6
91292,15.1637,20.0,1990.6
91293,15.1637,20.0,1990.6
91294,15.1637,20.0,1990.6
91295,15.1637,20.0,1990.6
91296,15.1637,20.0,1990.7
91297,15.1637,20.0,1990.7
91298,15.1637,20.0,1990.7
91299,15.1637,20.0,1990.7
91300,15.1637,20.0,1990.8
91301,15.1836,20.0,1990.8
91302,15.1836,20.0,1990.8
91303,15.1836,20.0,1990.8
91304,15.1836,20.0,1990.8
91305,15.1836,20.0,1990.9
91306,15.1836,20.0,1990.9
91307,15.1836,20.0,1990.9
91308,15.1836,20.0,1990.9
91309,15.1836,20.0,1991.0
91310,15.1836,20.0,1991.0
91311,15.1836,20.0,1991.0
91312,15.1836,20.0,1991.0
91313,15.1836,20.0,1991.0
91314,15.1836,20.0,1991.1
91315,15.1836,20.0,1991.1
91316,15.1836,20.0,1991.1
91317,15.1836,20.0,1991.1
91318,15.1836,20.0,1991.2
91319,15.1836,20.0,1991.2
91320,15.1836,20.0,1991.2
91321,15.2035,20.0,1991.2
91322,15.2035,20.0,1991.3
91323,15.2035,20.0,1991.3
91324,15.2035,20.0,1991.3
91325,15.2035,20.0,1991.3
91326,15.2035,20.0,1991.4
91327,15.2035,20.0,1991.4
91328,15.2035,20.0,1991.4
91329,15.2035,20.0,1991.4
91330,15.2035,20.0,1991.5
91331,15.2035,20.0,1991.5
91332,15.2035,20.0,1991.5
91333,15.2035,20.0,1991.5
91334,15.2035,20.0,1991.5
91335,15.2035,20.0,1991.6
91336,15.2035,20.0,1991.6
91337,15.2035,20.0,1991.6
91338,15.2035,20.0,1991.6
91339,15.2035,20.0,1991.6
91340,15.2035,20.0,1991.7
91341,15.2234,20.0,1991.7
91342,15.2234,20.0,1991.7
91343,15.2234,20.0,1991.7
91344,15.2234,20.0,1991.7
91345,15.2234,20.0,1991.8
91346,15.2234,20.0,1991.8
91347,15.2234,20.0,1991.8
91348,15.2234,20.0,1991.8
91349,15.2234,20.0,1991.9
91350,15.2234,20.0,1991.9
91351,15.2234,20.0,1991.9
91352,15.2234,20.0,1991.9
91353,15.2234,20.0,1991.9
91354,15.2234,20.0,1991.9
91355,15.2234,20.0,1992.0
91356,15.2234,20.0,1992.0
91357,15.2234,20.0,1992.0
91358,15.2234,20.0,1992.0
91359,15.2234,20.0,1992.0
91360,15.2234,20.0,1992.1
91361,15.2433,20.0,1992.1
91362,15.2433,20.0,1992.1
91363,15.2433,20.0,1992.1
91364,15.2433,20.0,1992.2
91365,15.2433,20.0,1992.2
91366,15.2433,20.0,1992.2
91367,15.2433,20.0,1992.2
91368,15.2433,20.0,1992.2
91369,15.2433,20.0,1992.3
91370,15.2433,20.0,1992.3
91371,15.2433,20.0,1992.3
91372,15.2433,20.0,1992.3
91373,15.2433,20.0,1992.4
91374,15.2433,20.0,1992.4
91375,15.2433,20.0,1992.4
91376,15.2433,20.0,1992.4
91377,15.2433,20.0,1992.4
91378,15.2433,20.0,1992.5
91379,15.2433,20.0,1992.5
91380,15.2433,20.0,1992.5
91381,15.2632,20.0,1992.5
91382,15.2632,20.0,1992.6
91383,15.2632,20.0,1992.6
91384,15.2632,20.0,1992.6
91385,15.2632,20.0,1992.6
91386,15.2632,20.0,1992.6
91387,15.2632,20.0,1992.7
91388,15.2632,20.0,1992.7
91389,15.2632,20.0,1992.7
91390,15.2632,20.0,1992.7
91391,15.2632,20.0,1992.8
91392,15.2632,20.0,1992.8
91393,15.2632,20.0,1992.8
91394,15.2632,20.0,1992.8
91395,15.2632,20.0,1992.8
91396,15.2632,20.0,1992.9
91397,15.2632,20.0,1992.9
91398,15.2632,20.0,1992.9
91399,15.2632,20.0,1992.9
91400,15.2632,20.0,1993.0
91401,15.2831,20.0,1993.0
91402,15.2831,20.0,1993.0
91403,15.2831,20.0,1993.0
91404,15.2831,20.0,1993.0
91405,15.2831,20.0,1993.1
91406,15.2831,20.0,1993.1
91407,15.2831,20.0,1993.1
91408,15.2831,20.0,1993.1
91409,15.2831,20.0,1993.2
91410,15.2831,20.0,1993.2
91411,15.2831,20.0,1993.2
91412,15.2831,20.0,1993.2
91413,15.2831,20.0,1993.2
91414,15.2831,20.0,1993.3
91415,15.2831,20.0,1993.3
91416,15.2831,20.0,1993.3
91417,15.2831,20.0,1993.3
91418,15.2831,20.0,1993.4
91419,15.2831,20.0,1993.4
91420,15.2831,20.0,1993.4
91421,15.3030,20.0,1993.4
91422,15.3030,20.0,1993.5
91423,15.3030,20.0,1993.5
91424,15.3030,20.0,1993.5
91425,15.3030,20.0,1993.5
91426,15.3030,20.0,1993.5
91427,15.3030,20.0,1993.6
91428,15.3030,20.0,1993.6
91429,15.3030,20.0,1993.6
91430,15.3030,20.0,1993.6
91431,15.3030,20.0,1993.7
91432,15.3030,20.0,1993.7
91433,15.3030,20.0,1993.7
91434,15.3030,20.0,1993.7
91435,15.3030,20.0,1993.7
91436,15.3030,20.0,1993.8
91437,15.3030,20.0,1993.8
91438,15.3030,20.0,1993.8
91439,15.3030,20.0,1993.8
91440,15.3030,20.0,1993.9
91441,15.3229,20.0,1993.9
91442,15.3229,20.0,1993.9
91443,15.3229,20.0,1993.9
91444,15.3229,20.0,1993.9
91445,15.3229,20.0,1994.0
91446,15.3229,20.0,1994.0
91447,15.3229,20.0,1994.0
91448,15.3229,20.0,1994.0
91449,15.3229,20.0,1994.0
91450,15.3229,20.0,1994.1
91451,15.3229,20.0,1994.1
91452,15.3229,20.0,1994.1
91453,15.3229,20.0,1994.1
91454,15.3229,20.0,1994.1
91455,15.3229,20.0,1994.2
91456,15.3229,20.0,1994.2
91457,15.3229,20.0,1994.2
91458,15.3229,20.0,1994.2
91459,15.3229,20.0,1994.3
91460,15.3229,20.0,1994.3
91461,15.3428,20.0,1994.4
91462,15.3428,20.0,1994.4
91463,15.3428,20.0,1994.4
91464,15.3428,20.0,1994.5
91465,15.3428,20.0,1994.5
91466,15.3428,20.0,1994.5
91467,15.3428,20.0,1994.5
91468,15.3428,20.0,1994.5
91469,15.3428,20.0,1994.6
91470,15.3428,20.0,1994.6
91471,15.3428,20.0,1994.6
91472,15.3428,20.0,1994.6
91473,15.3428,20.0,1994.6
91474,15.3428,20.0,1994.7
91475,15.3428,20.0,1994.7
91476,15.3428,20.0,1994.7
91477,15.3428,20.0,1994.7
91478,15.3428,20.0,1994.8
91479,15.3428,20.0,1994.8
91480,15.3428,20.0,1994.8
91481,15.3627,20.0,1994.8
91482,15.3627,20.0,1994.8
91483,15.3627,20.0,1994.9
91484,15.3627,20.0,1994.9
91485,15.3627,20.0,1994.9
91486,15.3627,20.0,1994.9
91487,15.3627,20.0,1995.0
91488,15.3627,20.0,1995.0
91489,15.3627,20.0,1995.0
91490,15.3627,20.0,1995.0
91491,15.3627,20.0,1995.0
91492,15.3627,20.0,1995.1
91493,15.3627,20.0,1995.1
91494,15.3627,20.0,1995.1
91495,15.3627,20.0,1995.1
91496,15.3627,20.0,1995.1
91497,15.3627,20.0,1995.2
91498,15.3627,20.0,1995.2
91499,15.3627,20.0,1995.2
91500,15.3627,20.0,1995.2
91501,15.3826,20.0,1995.3
91502,15.3826,20.0,1995.3
91503,15.3826,20.0,1995.3
91504,15.3826,20.0,1995.3
91505,15.3826,20.0,1995.3
91506,15.3826,20.0,1995.4
91507,15.3826,20.0,1995.4
91508,15.3826,20.0,1995.4
91509,15.3826,20.0,1995.4
91510,15.3826,20.0,1995.4
91511,15.3826,20.0,1995.5
91512,15.3826,20.0,1995.5
91513,15.3826,20.0,1995.5
91514,15.3826,20.0,1995.5
91515,15.3826,20.0,1995.5
91516,15.3826,20.0,1995.6
91517,15.3826,20.0,1995.6
91518,15.3826,20.0,1995.6
91519,15.3826,20.0,1995.6
91520,15.3826,20.0,1995.6
91521,15.4025,20.0,1995.7
91522,15.4025,20.0,1995.7
91523,15.4025,20.0,1995.7
91524,15.4025,20.0,1995.7
91525,15.4025,20.0,1995.8
91526,15.4025,20.0,1995.8
91527,15.4025,20.0,1995.8
91528,15.4025,20.0,1995.8
91529,15.4025,20.0,1995.8
91530,15.4025,20.0,1995.9
91531,15.4025,20.0,1995.9
91532,15.4025,20.0,1995.9
91533,15.4025,20.0,1995.9
91534,15.4025,20.0,1996.0
91535,15.4025,20.0,1996.0
91536,15.4025,20.0,1996.0
91537,15.4025,20.0,1996.0
91538,15.4025,20.0,1996.0
91539,15.4025,20.0,1996.0
91540,15.4025,20.0,1996.1
91541,15.4224,20.0,1996.1
91542,15.4224,20.0,1996.1
91543,15.4224,20.0,1996.1
91544,15.4224,20.0,1996.1
91545,15.4224,20.0,1996.2
91546,15.4224,20.0,1996.2
91547,15.4224,20.0,1996.2
91548,15.4224,20.0,1996.2
91549,15.4224,20.0,1996.3
91550,15.4224,20.0,1996.3
91551,15.4224,20.0,1996.3
91552,15.4224,20.0,1996.3
91553,15.4224,20.0,1996.3
91554,15.4224,20.0,1996.4
91555,15.4224,20.0,1996.4
91556,15.4224,20.0,1996.4
91557,15.4224,20.0,1996.4
91558,15.4224,20.0,1996.4
91559,15.4224,20.0,1996.4
91560,15.4224,20.0,1996.5
91561,15.4423,20.0,1996.5
91562,15.4423,20.0,1996.5
91563,15.4423,20.0,1996.5
91564,15.4423,20.0,1996.6
91565,15.4423,20.0,1996.6
91566,15.4423,20.0,1996.6
91567,15.4423,20.0,1996.6
91568,15.4423,20.0,1996.7
91569,15.4423,20.0,1996.7
91570,15.4423,20.0,1996.7
91571,15.4423,20.0,1996.7
91572,15.4423,20.0,1996.7
91573,15.4423,20.0,1996.7
91574,15.4423,20.0,1996.8
91575,15.4423,20.0,1996.8
91576,15.4423,20.0,1996.8
91577,15.4423,20.0,1996.8
91578,15.4423,20.0,1996.8
91579,15.4423,20.0,1996.9
91580,15.4423,20.0,1996.9
91581,15.4622,20.0,1996.9
91582,15.4622,20.0,1996.9
91583,15.4622,20.0,1997.0
91584,15.4622,20.0,1997.0
91585,15.4622,20.0,1997.0
91586,15.4622,20.0,1997.0
91587,15.4622,20.0,1997.0
91588,15.4622,20.0,1997.0
91589,15.4622,20.0,1997.1
91590,15.4622,20.0,1997.1
91591,15.4622,20.0,1997.1
91592,15.4622,20.0,1997.1
91593,15.4622,20.0,1997.1
91594,15.4622,20.0,1997.2
91595,15.4622,20.0,1997.2
91596,15.4622,20.0,1997.2
91597,15.4622,20.0,1997.2
91598,15.4622,20.0,1997.3
91599,15.4622,20.0,1997.3
91600,15.4622,20.0,1997.3
91601,15.4821,20.0,1997.3
91602,15.4821,20.0,1997.4
91603,15.4821,20.0,1997.4
91604,15.4821,20.0,1997.4
91605,15.4821,20.0,1997.4
91606,15.4821,20.0,1997.5
91607,15.4821,20.0,1997.5
91608,15.4821,20.0,1997.5
91609,15.4821,20.0,1997.5
91610,15.4821,20.0,1997.6
91611,15.4821,20.0,1997.6
91612,15.4821,20.0,1997.6
91613,15.4821,20.0,1997.6
91614,15.4821,20.0,1997.7
91615,15.4821,20.0,1997.7
91616,15.4821,20.0,1997.7
91617,15.4821,20.0,1997.7
91618,15.4821,20.0,1997.8
91619,15.4821,20.0,1997.8
91620,15.4821,20.0,1997.8
91621,15.5421,20.0,1997.8
91622,15.5421,20.0,1997.9
91623,15.5421,20.0,1997.9
91624,15.5421,20.0,1997.9
91625,15.5421,20.0,1997.9
91626,15.5421,20.0,1998.0
91627,15.5421,20.0,1998.0
91628,15.5421,20.0,1998.0
91629,15.5421,20.0,1998.0
91630,15.5421,20.0,1998.1
91631,15.5421,20.0,1998.1
91632,15.5421,20.0,1998.1
91633,15.5421,20.0,1998.1
91634,15.5421,20.0,1998.1
91635,15.5421,20.0,1998.2
91636,15.5421,20.0,1998.2
91637,15.5421,20.0,1998.2
91638,15.5421,20.0,1998.2
91639,15.5421,20.0,1998.3
91640,15.5421,20.0,1998.3
91641,15.6020,20.0,1998.3
91642,15.6020,20.0,1998.3
91643,15.6020,20.0,1998.3
91644,15.6020,20.0,1998.4
91645,15.6020,20.0,1998.4
91646,15.6020,20.0,1998.4
91647,15.6020,20.0,1998.4
91648,15.6020,20.0,1998.4
91649,15.6020,20.0,1998.7
91650,15.6020,20.0,1998.8
91651,15.6020,20.0,1998.8
91652,15.6020,20.0,1998.8
91653,15.6020,20.0,1998.8
91654,15.6020,20.0,1998.8
91655,15.6020,20.0,1998.9
91656,15.6020,20.0,1998.9
91657,15.6020,20.0,1998.9
91658,15.6020,20.0,1998.9
91659,15.6020,20.0,1998.9
91660,15.6020,20.0,1999.0
91661,15.6220,20.0,1999.0
91662,15.6220,20.0,1999.0
91663,15.6220,20.0,1999.0
91664,15.6220,20.0,1999.1
91665,15.6220,20.0,1999.1
91666,15.6220,20.0,1999.1
91667,15.6220,20.0,1999.1
91668,15.6220,20.0,1999.1
91669,15.6220,20.0,1999.1
91670,15.6220,20.0,1999.2
91671,15.6220,20.0,1999.2
91672,15.6220,20.0,1999.2
91673,15.6220,20.0,1999.2
91674,15.6220,20.0,1999.3
91675,15.6220,20.0,1999.3
91676,15.6220,20.0,1999.3
91677,15.6220,20.0,1999.3
91678,15.6220,20.0,1999.3
91679,15.6220,20.0,1999.4
91680,15.6220,20.0,1999.4
91681,15.6420,20.0,1999.4
91682,15.6420,20.0,1999.4
91683,15.6420,20.0,1999.4
91684,15.6420,20.0,1999.5
91685,15.6420,20.0,1999.5
91686,15.6420,20.0,1999.5
91687,15.6420,20.0,1999.5
91688,15.6420,20.0,1999.6
91689,15.6420,20.0,1999.6
91690,15.6420,20.0,1999.6
91691,15.6420,20.0,1999.6
91692,15.6420,20.0,1999.7
91693,15.6420,20.0,1999.7
91694,15.6420,20.0,1999.7
91695,15.6420,20.0,1999.7
91696,15.6420,20.0,1999.7
91697,15.6420,20.0,1999.7
91698,15.6420,20.0,1999.8
91699,15.6420,20.0,1999.8
91700,15.6420,20.0,1999.8
91701,15.6620,20.0,1999.8
91702,15.6620,20.0,1999.9
91703,15.6620,20.0,1999.9
91704,15.6620,20.0,1999.9
91705,15.6620,20.0,1999.9
91706,15.6620,20.0,2000.0
91707,15.6620,20.0,2000.0
91708,15.6620,20.0,2000.0
91709,15.6620,20.0,2000.0
91710,15.6620,20.0,2000.0
91711,15.6620,20.0,2000.1
91712,15.6620,20.0,2000.1
91713,15.6620,20.0,2000.1
91714,15.6620,20.0,2000.1
91715,15.6620,20.0,2000.1
91716,15.6620,20.0,2000.2
91717,15.6620,20.0,2000.2
91718,15.6620,20.0,2000.2
91719,15.6620,20.0,2000.2
91720,15.6620,20.0,2000.3
91721,15.6820,20.0,2000.3
91722,15.6820,20.0,2000.3
91723,15.6820,20.0,2000.3
91724,15.6820,20.0,2000.3
91725,15.6820,20.0,2000.4
91726,15.6820,20.0,2000.4
91727,15.6820,20.0,2000.4
91728,15.6820,20.0,2000.4
91729,15.6820,20.0,2000.4
91730,15.6820,20.0,2000.5
91731,15.6820,20.0,2000.5
91732,15.6820,20.0,2000.5
91733,15.6820,20.0,2000.5
91734,15.6820,20.0,2000.6
91735,15.6820,20.0,2000.6
91736,15.6820,20.0,2000.6
91737,15.6820,20.0,2000.6
91738,15.6820,20.0,2000.6
91739,15.6820,20.0,2000.7
91740,15.6820,20.0,2000.7
91741,15.7020,20.0,2000.7
91742,15.7020,20.0,2000.7
91743,15.7020,20.0,2000.7
91744,15.7020,20.0,2000.8
91745,15.7020,20.0,2000.8
91746,15.7020,20.0,2000.8
91747,15.7020,20.0,2000.8
91748,15.7020,20.0,2000.8
91749,15.7020,20.0,2000.9
91750,15.7020,20.0,2000.9
91751,15.7020,20.0,2000.9
91752,15.7020,20.0,2000.9
91753,15.7020,20.0,2001.0
91754,15.7020,20.0,2001.0
91755,15.7020,20.0,2001.0
91756,15.7020,20.0,2001.0
91757,15.7020,20.0,2001.0
91758,15.7020,20.0,2001.1
91759,15.7020,20.0,2001.1
91760,15.7020,20.0,2001.1
91761,15.7220,20.0,2001.1
91762,15.7220,20.0,2001.1
91763,15.7220,20.0,2001.2
91764,15.7220,20.0,2001.2
91765,15.7220,20.0,2001.2
91766,15.7220,20.0,2001.2
91767,15.7220,20.0,2001.2
91768,15.7220,20.0,2001.3
91769,15.7220,20.0,2001.3
91770,15.7220,20.0,2001.3
91771,15.7220,20.0,2001.3
91772,15.7220,20.0,2001.3
91773,15.7220,20.0,2001.4
91774,15.7220,20.0,2001.4
91775,15.7220,20.0,2001.4
91776,15.7220,20.0,2001.4
91777,15.7220,20.0,2001.4
91778,15.7220,20.0,2001.5
91779,15.7220,20.0,2001.5
91780,15.7220,20.0,2001.5
91781,15.7419,20.0,2001.5
91782,15.7419,20.0,2001.6
91783,15.7419,20.0,2001.6
91784,15.7419,20.0,2001.6
91785,15.7419,20.0,2001.6
91786,15.7419,20.0,2001.6
91787,15.7419,20.0,2001.7
91788,15.7419,20.0,2001.7
91789,15.7419,20.0,2001.7
91790,15.7419,20.0,2001.7
91791,15.7419,20.0,2001.7
91792,15.7419,20.0,2001.8
91793,15.7419,20.0,2001.8
91794,15.7419,20.0,2001.8
91795,15.7419,20.0,2001.8
91796,15.7419,20.0,2001.8
91797,15.7419,20.0,2001.9
91798,15.7419,20.0,2001.9
91799,15.7419,20.0,2001.9
91800,15.7419,20.0,2001.9
91801,15.7619,20.0,2001.9
91802,15.7619,20.0,2002.0
91803,15.7619,20.0,2002.0
91804,15.7619,20.0,2002.0
91805,15.7619,20.0,2002.0
91806,15.7619,20.0,2002.0
91807,15.7619,20.0,2002.1
91808,15.7619,20.0,2002.1
91809,15.7619,20.0,2002.1
91810,15.7619,20.0,2002.1
91811,15.7619,20.0,2002.2
91812,15.7619,20.0,2002.2
91813,15.7619,20.0,2002.2
91814,15.7619,20.0,2002.2
91815,15.7619,20.0,2002.2
91816,15.7619,20.0,2002.3
91817,15.7619,20.0,2002.3
91818,15.7619,20.0,2002.3
91819,15.7619,20.0,2002.3
91820,15.7619,20.0,2002.3
91821,15.7819,20.0,2002.4
91822,15.7819,20.0,2002.4
91823,15.7819,20.0,2002.4
91824,15.7819,20.0,2002.4
91825,15.7819,20.0,2002.5
91826,15.7819,20.0,2002.5
91827,15.7819,20.0,2002.5
91828,15.7819,20.0,2002.5
91829,15.7819,20.0,2002.5
91830,15.7819,20.0,2002.6
91831,15.7819,20.0,2002.6
91832,15.7819,20.0,2002.6
91833,15.7819,20.0,2002.6
91834,15.7819,20.0,2002.6
91835,15.7819,20.0,2002.7
91836,15.7819,20.0,2002.7
91837,15.7819,20.0,2002.7
91838,15.7819,20.0,2002.7
91839,15.7819,20.0,2002.8
91840,15.7819,20.0,2002.8
91841,15.8019,20.0,2002.8
91842,15.8019,20.0,2002.8
91843,15.8019,20.0,2002.8
91844,15.8019,20.0,2002.9
91845,15.8019,20.0,2002.9
91846,15.8019,20.0,2002.9
91847,15.8019,20.0,2002.9
91848,15.8019,20.0,2003.0
91849,15.8019,20.0,2003.0
91850,15.8019,20.0,2003.0
91851,15.8019,20.0,2003.0
91852,15.8019,20.0,2003.0
91853,15.8019,20.0,2003.1
91854,15.8019,20.0,2003.1
91855,15.8019,20.0,2003.1
91856,15.8019,20.0,2003.1
91857,15.8019,20.0,2003.2
91858,15.8019,20.0,2003.2
91859,15.8019,20.0,2003.2
91860,15.8019,20.0,2003.2
91861,15.8219,20.0,2003.2
91862,15.8219,20.0,2003.3
91863,15.8219,20.0,2003.3
91864,15.8219,20.0,2003.3
91865,15.8219,20.0,2003.3
91866,15.8219,20.0,2003.3
91867,15.8219,20.0,2003.4
91868,15.8219,20.0,2003.4
91869,15.8219,20.0,2003.4
91870,15.8219,20.0,2003.4
91871,15.8219,20.0,2003.4
91872,15.8219,20.0,2003.5
91873,15.8219,20.0,2003.5
91874,15.8219,20.0,2003.5
91875,15.8219,20.0,2003.5
91876,15.8219,20.0,2003.5
91877,15.8219,20.0,2003.6
91878,15.8219,20.0,2003.6
91879,15.8219,20.0,2003.6
91880,15.8219,20.0,2003.6
91881,15.8419,20.0,2003.7
91882,15.8419,20.0,2003.7
91883,15.8419,20.0,2003.7
91884,15.8419,20.0,2003.7
91885,15.8419,20.0,2003.8
91886,15.8419,20.0,2003.8
91887,15.8419,20.0,2003.8
91888,15.8419,20.0,2003.8
91889,15.8419,20.0,2003.8
91890,15.8419,20.0,2003.9
91891,15.8419,20.0,2003.9
91892,15.8419,20.0,2003.9
91893,15.8419,20.0,2003.9
91894,15.8419,20.0,2003.9
91895,15.8419,20.0,2004.0
91896,15.8419,20.0,2004.0
91897,15.8419,20.0,2004.0
91898,15.8419,20.0,2004.0
91899,15.8419,20.0,2004.1
91900,15.8419,20.0,2004.1
91901,15.8619,20.0,2004.1
91902,15.8619,20.0,2004.1
91903,15.8619,20.0,2004.1
91904,15.8619,20.0,2004.2
91905,15.8619,20.0,2004.2
91906,15.8619,20.0,2004.2
91907,15.8619,20.0,2004.2
91908,15.8619,20.0,2004.2
91909,15.8619,20.0,2004.3
91910,15.8619,20.0,2004.3
91911,15.8619,20.0,2004.3
91912,15.8619,20.0,2004.3
91913,15.8619,20.0,2004.3
91914,15.8619,20.0,2004.4
91915,15.8619,20.0,2004.4
91916,15.8619,20.0,2004.4
91917,15.8619,20.0,2004.4
91918,15.8619,20.0,2004.4
91919,15.8619,20.0,2004.5
91920,15.8619,20.0,2004.5
91921,15.8819,20.0,2004.5
91922,15.8819,20.0,2004.5
91923,15.8819,20.0,2004.6
91924,15.8819,20.0,2004.6
91925,15.8819,20.0,2004.6
91926,15.8819,20.0,2004.6
91927,15.8819,20.0,2004.6
91928,15.8819,20.0,2004.7
91929,15.8819,20.0,2004.7
91930,15.8819,20.0,2004.7
91931,15.8819,20.0,2004.7
91932,15.8819,20.0,2004.7
91933,15.8819,20.0,2004.8
91934,15.8819,20.0,2004.8
91935,15.8819,20.0,2004.8
91936,15.8819,20.0,2004.8
91937,15.8819,20.0,2004.8
91938,15.8819,20.0,2004.9
91939,15.8819,20.0,2004.9
91940,15.8819,20.0,2004.9
91941,15.9019,20.0,2004.9
91942,15.9019,20.0,2004.9
91943,15.9019,20.0,2005.0
91944,15.9019,20.0,2005.0
91945,15.9019,20.0,2005.0
91946,15.9019,20.0,2005.0
91947,15.9019,20.0,2005.0
91948,15.9019,20.0,2005.1
91949,15.9019,20.0,2005.1
91950,15.9019,20.0,2005.1
91951,15.9019,20.0,2005.1
91952,15.9019,20.0,2005.2
91953,15.9019,20.0,2005.2
91954,15.9019,20.0,2005.2
91955,15.9019,20.0,2005.2
91956,15.9019,20.0,2005.2
91957,15.9019,20.0,2005.3
91958,15.9019,20.0,2005.3
91959,15.9019,20.0,2005.3
91960,15.9019,20.0,2005.3
91961,15.9218,20.0,2005.4
91962,15.9218,20.0,2005.4
91963,15.9218,20.0,2005.4
91964,15.9218,20.0,2005.4
91965,15.9218,20.0,2005.4
91966,15.9218,20.0,2005.4
91967,15.9218,20.0,2005.5
91968,15.9218,20.0,2005.5
91969,15.9218,20.0,2005.5
91970,15.9218,20.0,2005.5
91971,15.9218,20.0,2005.6
91972,15.9218,20.0,2005.6
91973,15.9218,20.0,2005.6
91974,15.9218,20.0,2005.6
91975,15.9218,20.0,2005.6
91976,15.9218,20.0,2005.7
91977,15.9218,20.0,2005.7
91978,15.9218,20.0,2005.7
91979,15.9218,20.0,2005.7
91980,15.9218,20.0,2005.7
91981,15.9418,20.0,2005.8
91982,15.9418,20.0,2005.8
91983,15.9418,20.0,2005.8
91984,15.9418,20.0,2005.8
91985,15.9418,20.0,2005.8
91986,15.9418,20.0,2005.9
91987,15.9418,20.0,2005.9
91988,15.9418,20.0,2005.9
91989,15.9418,20.0,2005.9
91990,15.9418,20.0,2006.0
91991,15.9418,20.0,2006.0
91992,15.9418,20.0,2006.0
91993,15.9418,20.0,2006.0
91994,15.9418,20.0,2006.0
91995,15.9418,20.0,2006.1
91996,15.9418,20.0,2006.1
91997,15.9418,20.0,2006.1
91998,15.9418,20.0,2006.1
91999,15.9418,20.0,2006.1
92000,15.9418,20.0,2006.2
92001,15.9618,20.0,2006.2
92002,15.9618,20.0,2006.2
92003,15.9618,20.0,2006.2
92004,15.9618,20.0,2006.2
92005,15.9618,20.0,2006.3
92006,15.9618,20.0,2006.3
92007,15.9618,20.0,2006.3
92008,15.9618,20.0,2006.3
92009,15.9618,20.0,2006.4
92010,15.9618,20.0,2006.4
92011,15.9618,20.0,2006.4
92012,15.9618,20.0,2006.4
92013,15.9618,20.0,2006.4
92014,15.9618,20.0,2006.4
92015,15.9618,20.0,2006.5
92016,15.9618,20.0,2006.5
92017,15.9618,20.0,2006.5
92018,15.9618,20.0,2006.5
92019,15.9618,20.0,2006.6
92020,15.9618,20.0,2006.6
92021,15.9818,20.0,2006.6
92022,15.9818,20.0,2006.6
92023,15.9818,20.0,2006.6
92024,15.9818,20.0,2006.7
92025,15.9818,20.0,2006.7
92026,15.9818,20.0,2006.7
92027,15.9818,20.0,2006.7
92028,15.9818,20.0,2006.7
92029,15.9818,20.0,2006.8
92030,15.9818,20.0,2006.8
92031,15.9818,20.0,2006.8
92032,15.9818,20.0,2006.8
92033,15.9818,20.0,2006.8
92034,15.9818,20.0,2006.9
92035,15.9818,20.0,2006.9
92036,15.9818,20.0,2006.9
92037,15.9818,20.0,2006.9
92038,15.9818,20.0,2006.9
92039,15.9818,20.0,2007.0
92040,15.9818,20.0,2007.0
92041,16.0018,20.0,2007.0
92042,16.0018,20.0,2007.0
92043,16.0018,20.0,2007.0
92044,16.0018,20.0,2007.1
92045,16.0018,20.0,2007.1
92046,16.0018,20.0,2007.1
92047,16.0018,20.0,2007.1
92048,16.0018,20.0,2007.1
92049,16.0018,20.0,2007.2
92050,16.0018,20.0,2007.2
92051,16.0018,20.0,2007.2
92052,16.0018,20.0,2007.2
92053,16.0018,20.0,2007.2
92054,16.0018,20.0,2007.3
92055,16.0018,20.0,2007.3
92056,16.0018,20.0,2007.3
92057,16.0018,20.0,2007.3
92058,16.0018,20.0,2007.3
92059,16.0018,20.0,2007.4
92060,16.0018,20.0,2007.4
92061,16.0218,20.0,2007.4
92062,16.0218,20.0,2007.4
92063,16.0218,20.0,2007.4
92064,16.0218,20.0,2007.5
92065,16.0218,20.0,2007.5
92066,16.0218,20.0,2007.5
92067,16.0218,20.0,2007.5
92068,16.0218,20.0,2007.6
92069,16.0218,20.0,2007.6
92070,16.0218,20.0,2007.6
92071,16.0218,20.0,2007.6
92072,16.0218,20.0,2007.6
92073,16.0218,20.0,2007.7
92074,16.0218,20.0,2007.7
92075,16.0218,20.0,2007.7
92076,16.0218,20.0,2007.7
92077,16.0218,20.0,2007.8
92078,16.0218,20.0,2007.8
92079,16.0218,20.0,2007.8
92080,16.0218,20.0,2007.8
92081,16.0418,20.0,2007.8
92082,16.0418,20.0,2007.9
92083,16.0418,20.0,2007.9
92084,16.0418,20.0,2007.9
92085,16.0418,20.0,2007.9
92086,16.0418,20.0,2007.9
92087,16.0418,20.0,2008.0
92088,16.0418,20.0,2008.0
92089,16.0418,20.0,2008.0
92090,16.0418,20.0,2008.0
92091,16.0418,20.0,2008.0
92092,16.0418,20.0,2008.1
92093,16.0418,20.0,2008.1
92094,16.0418,20.0,2008.1
92095,16.0418,20.0,2008.1
92096,16.0418,20.0,2008.1
92097,16.0418,20.0,2008.2
92098,16.0418,20.0,2008.2
92099,16.0418,20.0,2008.2
92100,16.0418,20.0,2008.2
92101,16.0618,20.0,2008.3
92102,16.0618,20.0,2008.3
92103,16.0618,20.0,2008.3
92104,16.0618,20.0,2008.3
92105,16.0618,20.0,2008.3
92106,16.0618,20.0,2008.4
92107,16.0618,20.0,2008.4
92108,16.0618,20.0,2008.4
92109,16.0618,20.0,2008.4
92110,16.0618,20.0,2008.4
92111,16.0618,20.0,2008.5
92112,16.0618,20.0,2008.5
92113,16.0618,20.0,2008.5
92114,16.0618,20.0,2008.5
92115,16.0618,20.0,2008.6
92116,16.0618,20.0,2008.6
92117,16.0618,20.0,2008.6
92118,16.0618,20.0,2008.6
92119,16.0618,20.0,2008.6
92120,16.0618,20.0,2008.7
92121,16.0417,20.0,2008.7
92122,16.0417,20.0,2008.7
92123,16.0417,20.0,2008.7
92124,16.0417,20.0,2008.7
92125,16.0417,20.0,2008.8
92126,16.0417,20.0,2008.8
92127,16.0417,20.0,2008.8
92128,16.0417,20.0,2008.8
92129,16.0417,20.0,2008.8
92130,16.0417,20.0,2008.9
92131,16.0417,20.0,2008.9
92132,16.0417,20.0,2008.9
92133,16.0417,20.0,2008.9
92134,16.0417,20.0,2009.0
92135,16.0417,20.0,2009.0
92136,16.0417,20.0,2009.0
92137,16.0417,20.0,2009.0
92138,16.0417,20.0,2009.0
92139,16.0417,20.0,2009.1
92140,16.0417,20.0,2009.1
92141,16.0217,20.0,2009.1
92142,16.0217,20.0,2009.1
92143,16.0217,20.0,2009.2
92144,16.0217,20.0,2009.2
92145,16.0217,20.0,2009.2
92146,16.0217,20.0,2009.2
92147,16.0217,20.0,2009.2
92148,16.0217,20.0,2009.3
92149,16.0217,20.0,2009.3
92150,16.0217,20.0,2009.3
92151,16.0217,20.0,2009.3
92152,16.0217,20.0,2009.3
92153,16.0217,20.0,2009.4
92154,16.0217,20.0,2009.4
92155,16.0217,20.0,2009.4
92156,16.0217,20.0,2009.4
92157,16.0217,20.0,2009.5
92158,16.0217,20.0,2009.5
92159,16.0217,20.0,2009.5
92160,16.0217,20.0,2009.5
92161,16.0016,20.0,2009.8
92162,16.0016,20.0,2009.8
92163,16.0016,20.0,2009.8
92164,16.0016,20.0,2009.9
92165,16.0016,20.0,2009.9
92166,16.0016,20.0,2009.9
92167,16.0016,20.0,2009.9
92168,16.0016,20.0,2009.9
92169,16.0016,20.0,2010.0
92170,16.0016,20.0,2010.0
92171,16.0016,20.0,2010.0
92172,16.0016,20.0,2010.0
92173,16.0016,20.0,2010.0
92174,16.0016,20.0,2010.1
92175,16.0016,20.0,2010.1
92176,16.0016,20.0,2010.1
92177,16.0016,20.0,2010.1
92178,16.0016,20.0,2010.2
92179,16.0016,20.0,2010.2
92180,16.0016,20.0,2010.2
92181,16.0215,20.0,2010.2
92182,16.0215,20.0,2010.2
92183,16.0215,20.0,2010.3
92184,16.0215,20.0,2010.3
92185,16.0215,20.0,2010.3
92186,16.0215,20.0,2010.3
92187,16.0215,20.0,2010.4
92188,16.0215,20.0,2010.4
92189,16.0215,20.0,2010.4
92190,16.0215,20.0,2010.4
92191,16.0215,20.0,2010.4
92192,16.0215,20.0,2010.5
92193,16.0215,20.0,2010.5
92194,16.0215,20.0,2010.5
92195,16.0215,20.0,2010.5
92196,16.0215,20.0,2010.6
92197,16.0215,20.0,2010.6
92198,16.0215,20.0,2010.6
92199,16.0215,20.0,2010.6
92200,16.0215,20.0,2010.7
92201,16.0414,20.0,2010.7
92202,16.0414,20.0,2010.7
92203,16.0414,20.0,2010.7
92204,16.0414,20.0,2010.7
92205,16.0414,20.0,2010.8
92206,16.0414,20.0,2010.8
92207,16.0414,20.0,2010.8
92208,16.0414,20.0,2010.8
92209,16.0414,20.0,2010.8
92210,16.0414,20.0,2010.8
92211,16.0414,20.0,2010.9
92212,16.0414,20.0,2010.9
92213,16.0414,20.0,2010.9
92214,16.0414,20.0,2010.9
92215,16.0414,20.0,2011.0
92216,16.0414,20.0,2011.0
92217,16.0414,20.0,2011.0
92218,16.0414,20.0,2011.0
92219,16.0414,20.0,2011.0
92220,16.0414,20.0,2011.1
92221,16.0613,20.0,2011.1
92222,16.0613,20.0,2011.1
92223,16.0613,20.0,2011.1
92224,16.0613,20.0,2011.1
92225,16.0613,20.0,2011.2
92226,16.0613,20.0,2011.2
92227,16.0613,20.0,2011.2
92228,16.0613,20.0,2011.2
92229,16.0613,20.0,2011.3
92230,16.0613,20.0,2011.3
92231,16.0613,20.0,2011.3
92232,16.0613,20.0,2011.3
92233,16.0613,20.0,2011.3
92234,16.0613,20.0,2011.4
92235,16.0613,20.0,2011.4
92236,16.0613,20.0,2011.4
92237,16.0613,20.0,2011.4
92238,16.0613,20.0,2011.4
92239,16.0613,20.0,2011.5
92240,16.0613,20.0,2011.5
92241,16.0812,20.0,2011.5
92242,16.0812,20.0,2011.5
92243,16.0812,20.0,2011.6
92244,16.0812,20.0,2011.6
92245,16.0812,20.0,2011.6
92246,16.0812,20.0,2011.6
92247,16.0812,20.0,2011.6
92248,16.0812,20.0,2011.7
92249,16.0812,20.0,2011.7
92250,16.0812,20.0,2011.7
92251,16.0812,20.0,2011.7
92252,16.0812,20.0,2011.7
92253,16.0812,20.0,2011.8
92254,16.0812,20.0,2011.8
92255,16.0812,20.0,2011.8
92256,16.0812,20.0,2011.8
92257,16.0812,20.0,2011.8
92258,16.0812,20.0,2011.9
92259,16.0812,20.0,2011.9
92260,16.0812,20.0,2011.9
92261,16.1011,20.0,2011.9
92262,16.1011,20.0,2012.0
92263,16.1011,20.0,2012.0
92264,16.1011,20.0,2012.0
92265,16.1011,20.0,2012.0
92266,16.1011,20.0,2012.0
92267,16.1011,20.0,2012.1
92268,16.1011,20.0,2012.1
92269,16.1011,20.0,2012.1
92270,16.1011,20.0,2012.1
92271,16.1011,20.0,2012.1
92272,16.1011,20.0,2012.2
92273,16.1011,20.0,2012.2
92274,16.1011,20.0,2012.2
92275,16.1011,20.0,2012.2
92276,16.1011,20.0,2012.2
92277,16.1011,20.0,2012.3
92278,16.1011,20.0,2012.3
92279,16.1011,20.0,2012.3
92280,16.1011,20.0,2012.3
92281,16.1210,20.0,2012.4
92282,16.1210,20.0,2012.4
92283,16.1210,20.0,2012.4
92284,16.1210,20.0,2012.4
92285,16.1210,20.0,2012.4
92286,16.1210,20.0,2012.5
92287,16.1210,20.0,2012.5
92288,16.1210,20.0,2012.5
92289,16.1210,20.0,2012.5
92290,16.1210,20.0,2012.5
92291,16.1210,20.0,2012.6
92292,16.1210,20.0,2012.6
92293,16.1210,20.0,2012.6
92294,16.1210,20.0,2012.6
92295,16.1210,20.0,2012.7
92296,16.1210,20.0,2012.7
92297,16.1210,20.0,2012.7
92298,16.1210,20.0,2012.7
92299,16.1210,20.0,2012.7
92300,16.1210,20.0,2012.8
92301,16.1409,20.0,2012.8
92302,16.1409,20.0,2012.8
92303,16.1409,20.0,2012.8
92304,16.1409,20.0,2012.8
92305,16.1409,20.0,2012.9
92306,16.1409,20.0,2012.9
92307,16.1409,20.0,2012.9
92308,16.1409,20.0,2012.9
92309,16.1409,20.0,2012.9
92310,16.1409,20.0,2013.0
92311,16.1409,20.0,2013.0
92312,16.1409,20.0,2013.0
92313,16.1409,20.0,2013.0
92314,16.1409,20.0,2013.1
92315,16.1409,20.0,2013.1
92316,16.1409,20.0,2013.1
92317,16.1409,20.0,2013.1
92318,16.1409,20.0,2013.1
92319,16.1409,20.0,2013.1
92320,16.1409,20.0,2013.2
92321,16.1608,20.0,2013.2
92322,16.1608,20.0,2013.2
92323,16.1608,20.0,2013.2
92324,16.1608,20.0,2013.3
92325,16.1608,20.0,2013.3
92326,16.1608,20.0,2013.3
92327,16.1608,20.0,2013.3
92328,16.1608,20.0,2013.3
92329,16.1608,20.0,2013.4
92330,16.1608,20.0,2013.4
92331,16.1608,20.0,2013.4
92332,16.1608,20.0,2013.4
92333,16.1608,20.0,2013.5
92334,16.1608,20.0,2013.5
92335,16.1608,20.0,2013.5
92336,16.1608,20.0,2013.5
92337,16.1608,20.0,2013.5
92338,16.1608,20.0,2013.6
92339,16.1608,20.0,2013.6
92340,16.1608,20.0,2013.6
92341,16.1807,20.0,2013.6
92342,16.1807,20.0,2013.7
92343,16.1807,20.0,2013.7
92344,16.1807,20.0,2013.7
92345,16.1807,20.0,2013.7
92346,16.1807,20.0,2013.7
92347,16.1807,20.0,2013.8
92348,16.1807,20.0,2013.8
92349,16.1807,20.0,2013.8
92350,16.1807,20.0,2013.8
92351,16.1807,20.0,2013.8
92352,16.1807,20.0,2013.9
92353,16.1807,20.0,2013.9
92354,16.1807,20.0,2013.9
92355,16.1807,20.0,2013.9
92356,16.1807,20.0,2013.9
92357,16.1807,20.0,2014.0
92358,16.1807,20.0,2014.0
92359,16.1807,20.0,2014.0
92360,16.1807,20.0,2014.0
92361,16.2006,20.0,2014.1
92362,16.2006,20.0,2014.1
92363,16.2006,20.0,2014.1
92364,16.2006,20.0,2014.1
92365,16.2006,20.0,2014.1
92366,16.2006,20.0,2014.2
92367,16.2006,20.0,2014.2
92368,16.2006,20.0,2014.2
92369,16.2006,20.0,2014.2
92370,16.2006,20.0,2014.2
92371,16.2006,20.0,2014.3
92372,16.2006,20.0,2014.3
92373,16.2006,20.0,2014.3
92374,16.2006,20.0,2014.3
92375,16.2006,20.0,2014.4
92376,16.2006,20.0,2014.4
92377,16.2006,20.0,2014.4
92378,16.2006,20.0,2014.4
92379,16.2006,20.0,2014.5
92380,16.2006,20.0,2014.5
92381,16.2205,20.0,2014.5
92382,16.2205,20.0,2014.5
92383,16.2205,20.0,2014.5
92384,16.2205,20.0,2014.6
92385,16.2205,20.0,2014.6
92386,16.2205,20.0,2014.6
92387,16.2205,20.0,2014.6
92388,16.2205,20.0,2014.7
92389,16.2205,20.0,2014.7
92390,16.2205,20.0,2014.7
92391,16.2205,20.0,2014.7
92392,16.2205,20.0,2014.8
92393,16.2205,20.0,2014.8
92394,16.2205,20.0,2014.8
92395,16.2205,20.0,2014.8
92396,16.2205,20.0,2014.8
92397,16.2205,20.0,2014.9
92398,16.2205,20.0,2014.9
92399,16.2205,20.0,2014.9
92400,16.2205,20.0,2014.9
92401,16.2405,20.0,2014.9
92402,16.2405,20.0,2014.9
92403,16.2405,20.0,2015.0
92404,16.2405,20.0,2015.0
92405,16.2405,20.0,2015.0
92406,16.2405,20.0,2015.0
92407,16.2405,20.0,2015.1
92408,16.2405,20.0,2015.1
92409,16.2405,20.0,2015.1
92410,16.2405,20.0,2015.1
92411,16.2405,20.0,2015.1
92412,16.2405,20.0,2015.2
92413,16.2405,20.0,2015.2
92414,16.2405,20.0,2015.2
92415,16.2405,20.0,2015.2
92416,16.2405,20.0,2015.2
92417,16.2405,20.0,2015.3
92418,16.2405,20.0,2015.3
92419,16.2405,20.0,2015.3
92420,16.2405,20.0,2015.3
92421,16.2604,20.0,2015.4
92422,16.2604,20.0,2015.4
92423,16.2604,20.0,2015.4
92424,16.2604,20.0,2015.4
92425,16.2604,20.0,2015.4
92426,16.2604,20.0,2015.5
92427,16.2604,20.0,2015.5
92428,16.2604,20.0,2015.5
92429,16.2604,20.0,2015.5
92430,16.2604,20.0,2015.5
92431,16.2604,20.0,2015.6
92432,16.2604,20.0,2015.6
92433,16.2604,20.0,2015.6
92434,16.2604,20.0,2015.6
92435,16.2604,20.0,2015.6
92436,16.2604,20.0,2015.7
92437,16.2604,20.0,2015.7
92438,16.2604,20.0,2015.7
92439,16.2604,20.0,2015.7
92440,16.2604,20.0,2015.8
92441,16.2803,20.0,2015.8
92442,16.2803,20.0,2015.8
92443,16.2803,20.0,2015.8
92444,16.2803,20.0,2015.8
92445,16.2803,20.0,2015.8
92446,16.2803,20.0,2015.9
92447,16.2803,20.0,2015.9
92448,16.2803,20.0,2015.9
92449,16.2803,20.0,2016.0
92450,16.2803,20.0,2016.0
92451,16.2803,20.0,2016.0
92452,16.2803,20.0,2016.0
92453,16.2803,20.0,2016.1
92454,16.2803,20.0,2016.1
92455,16.2803,20.0,2016.1
92456,16.2803,20.0,2016.1
92457,16.2803,20.0,2016.1
92458,16.2803,20.0,2016.2
92459,16.2803,20.0,2016.2
92460,16.2803,20.0,2016.2
92461,16.3002,20.0,2016.2
92462,16.3002,20.0,2016.2
92463,16.3002,20.0,2016.3
92464,16.3002,20.0,2016.3
92465,16.3002,20.0,2016.3
92466,16.3002,20.0,2016.3
92467,16.3002,20.0,2016.3
92468,16.3002,20.0,2016.4
92469,16.3002,20.0,2016.4
92470,16.3002,20.0,2016.4
92471,16.3002,20.0,2016.4
92472,16.3002,20.0,2016.4
92473,16.3002,20.0,2016.5
92474,16.3002,20.0,2016.5
92475,16.3002,20.0,2016.5
92476,16.3002,20.0,2016.5
92477,16.3002,20.0,2016.5
92478,16.3002,20.0,2016.5
92479,16.3002,20.0,2016.6
92480,16.3002,20.0,2016.6
92481,16.3201,20.0,2016.6
92482,16.3201,20.0,2016.6
92483,16.3201,20.0,2016.6
92484,16.3201,20.0,2016.7
92485,16.3201,20.0,2016.7
92486,16.3201,20.0,2016.7
92487,16.3201,20.0,2016.7
92488,16.3201,20.0,2016.7
92489,16.3201,20.0,2016.8
92490,16.3201,20.0,2016.8
92491,16.3201,20.0,2016.8
92492,16.3201,20.0,2016.8
92493,16.3201,20.0,2016.8
92494,16.3201,20.0,2016.9
92495,16.3201,20.0,2016.9
92496,16.3201,20.0,2016.9
92497,16.3201,20.0,2016.9
92498,16.3201,20.0,2016.9
92499,16.3201,20.0,2017.0
92500,16.3201,20.0,2017.0
92501,16.3400,20.0,2017.0
92502,16.3400,20.0,2017.0
92503,16.3400,20.0,2017.0
92504,16.3400,20.0,2017.1
92505,16.3400,20.0,2017.1
92506,16.3400,20.0,2017.1
92507,16.3400,20.0,2017.1
92508,16.3400,20.0,2017.2
92509,16.3400,20.0,2017.2
92510,16.3400,20.0,2017.2
92511,16.3400,20.0,2017.2
92512,16.3400,20.0,2017.2
92513,16.3400,20.0,2017.3
92514,16.3400,20.0,2017.3
92515,16.3400,20.0,2017.3
92516,16.3400,20.0,2017.3
92517,16.3400,20.0,2017.4
92518,16.3400,20.0,2017.4
92519,16.3400,20.0,2017.4
92520,16.3400,20.0,2017.4
92521,16.3599,20.0,2017.5
92522,16.3599,20.0,2017.5
92523,16.3599,20.0,2017.5
92524,16.3599,20.0,2017.6
92525,16.3599,20.0,2017.6
92526,16.3599,20.0,2017.6
92527,16.3599,20.0,2017.6
92528,16.3599,20.0,2017.6
92529,16.3599,20.0,2017.7
92530,16.3599,20.0,2017.7
92531,16.3599,20.0,2017.7
92532,16.3599,20.0,2017.7
92533,16.3599,20.0,2017.8
92534,16.3599,20.0,2017.8
92535,16.3599,20.0,2017.8
92536,16.3599,20.0,2017.8
92537,16.3599,20.0,2017.9
92538,16.3599,20.0,2017.9
92539,16.3599,20.0,2017.9
92540,16.3599,20.0,2017.9
92541,16.3798,20.0,2018.0
92542,16.3798,20.0,2018.0
92543,16.3798,20.0,2018.0
92544,16.3798,20.0,2018.0
92545,16.3798,20.0,2018.1
92546,16.3798,20.0,2018.1
92547,16.3798,20.0,2018.1
92548,16.3798,20.0,2018.2
92549,16.3798,20.0,2018.2
92550,16.3798,20.0,2018.2
92551,16.3798,20.0,2018.3
92552,16.3798,20.0,2018.3
92553,16.3798,20.0,2018.3
92554,16.3798,20.0,2018.3
92555,16.3798,20.0,2018.4
92556,16.3798,20.0,2018.4
92557,16.3798,20.0,2018.4
92558,16.3798,20.0,2018.4
92559,16.3798,20.0,2018.5
92560,16.3798,20.0,2018.5
92561,16.3997,20.0,2018.5
92562,16.3997,20.0,2018.5
92563,16.3997,20.0,2018.5
92564,16.3997,20.0,2018.6
92565,16.3997,20.0,2018.6
92566,16.3997,20.0,2018.6
92567,16.3997,20.0,2018.6
92568,16.3997,20.0,2018.6
92569,16.3997,20.0,2018.7
92570,16.3997,20.0,2018.7
92571,16.3997,20.0,2018.7
92572,16.3997,20.0,2018.7
92573,16.3997,20.0,2018.8
92574,16.3997,20.0,2018.8
92575,16.3997,20.0,2018.8
92576,16.3997,20.0,2018.8
92577,16.3997,20.0,2018.9
92578,16.3997,20.0,2018.9
92579,16.3997,20.0,2018.9
92580,16.3997,20.0,2018.9
92581,16.4196,20.0,2018.9
92582,16.4196,20.0,2019.0
92583,16.4196,20.0,2019.0
92584,16.4196,20.0,2019.0
92585,16.4196,20.0,2019.0
92586,16.4196,20.0,2019.1
92587,16.4196,20.0,2019.1
92588,16.4196,20.0,2019.1
92589,16.4196,20.0,2019.1
92590,16.4196,20.0,2019.1
92591,16.4196,20.0,2019.1
92592,16.4196,20.0,2019.2
92593,16.4196,20.0,2019.2
92594,16.4196,20.0,2019.2
92595,16.4196,20.0,2019.2
92596,16.4196,20.0,2019.2
92597,16.4196,20.0,2019.3
92598,16.4196,20.0,2019.3
92599,16.4196,20.0,2019.3
92600,16.4196,20.0,2019.3
92601,16.4395,20.0,2019.3
92602,16.4395,20.0,2019.3
92603,16.4395,20.0,2019.4
92604,16.4395,20.0,2019.4
92605,16.4395,20.0,2019.4
92606,16.4395,20.0,2019.4
92607,16.4395,20.0,2019.4
92608,16.4395,20.0,2019.5
92609,16.4395,20.0,2019.5
92610,16.4395,20.0,2019.5
92611,16.4395,20.0,2019.5
92612,16.4395,20.0,2019.6
92613,16.4395,20.0,2019.6
92614,16.4395,20.0,2019.6
92615,16.4395,20.0,2019.6
92616,16.4395,20.0,2019.6
92617,16.4395,20.0,2019.6
92618,16.4395,20.0,2019.7
92619,16.4395,20.0,2019.7
92620,16.4395,20.0,2019.7
92621,16.4594,20.0,2019.7
92622,16.4594,20.0,2019.8
92623,16.4594,20.0,2019.8
92624,16.4594,20.0,2019.8
92625,16.4594,20.0,2019.8
92626,16.4594,20.0,2019.8
92627,16.4594,20.0,2019.9
92628,16.4594,20.0,2019.9
92629,16.4594,20.0,2019.9
92630,16.4594,20.0,2019.9
92631,16.4594,20.0,2019.9
92632,16.4594,20.0,2020.0
92633,16.4594,20.0,2020.0
92634,16.4594,20.0,2020.0
92635,16.4594,20.0,2020.0
92636,16.4594,20.0,2020.0
92637,16.4594,20.0,2020.1
92638,16.4594,20.0,2020.1
92639,16.4594,20.0,2020.1
92640,16.4594,20.0,2020.1
92641,16.4793,20.0,2020.1
92642,16.4793,20.0,2020.2
92643,16.4793,20.0,2020.2
92644,16.4793,20.0,2020.2
92645,16.4793,20.0,2020.2
92646,16.4793,20.0,2020.2
92647,16.4793,20.0,2020.3
92648,16.4793,20.0,2020.3
92649,16.4793,20.0,2020.3
92650,16.4793,20.0,2020.3
92651,16.4793,20.0,2020.3
92652,16.4793,20.0,2020.4
92653,16.4793,20.0,2020.4
92654,16.4793,20.0,2020.4
92655,16.4793,20.0,2020.4
92656,16.4793,20.0,2020.4
92657,16.4793,20.0,2020.5
92658,16.4793,20.0,2020.5
92659,16.4793,20.0,2020.5
92660,16.4793,20.0,2020.5
92661,16.4992,20.0,2020.5
92662,16.4992,20.0,2020.5
92663,16.4992,20.0,2020.5
92664,16.4992,20.0,2020.6
92665,16.4992,20.0,2020.6
92666,16.4992,20.0,2020.6
92667,16.4992,20.0,2020.7
92668,16.4992,20.0,2020.7
92669,16.4992,20.0,2020.7
92670,16.4992,20.0,2020.7
92671,16.4992,20.0,2020.7
92672,16.4992,20.0,2020.8
92673,16.4992,20.0,2021.1
92674,16.4992,20.0,2021.1
92675,16.4992,20.0,2021.1
92676,16.4992,20.0,2021.1
92677,16.4992,20.0,2021.1
92678,16.4992,20.0,2021.2
92679,16.4992,20.0,2021.2
92680,16.4992,20.0,2021.2
92681,16.5193,20.0,2021.2
92682,16.5193,20.0,2021.3
92683,16.5193,20.0,2021.3
92684,16.5193,20.0,2021.3
92685,16.5193,20.0,2021.3
92686,16.5193,20.0,2021.3
92687,16.5193,20.0,2021.4
92688,16.5193,20.0,2021.4
92689,16.5193,20.0,2021.4
92690,16.5193,20.0,2021.4
92691,16.5193,20.0,2021.4
92692,16.5193,20.0,2021.4
92693,16.5193,20.0,2021.5
92694,16.5193,20.0,2021.5
92695,16.5193,20.0,2021.5
92696,16.5193,20.0,2021.5
92697,16.5193,20.0,2021.5
92698,16.5193,20.0,2021.6
92699,16.5193,20.0,2021.6
92700,16.5193,20.0,2021.6
92701,16.5393,20.0,2021.6
92702,16.5393,20.0,2021.6
92703,16.5393,20.0,2021.7
92704,16.5393,20.0,2021.7
92705,16.5393,20.0,2021.7
92706,16.5393,20.0,2021.7
92707,16.5393,20.0,2021.8
92708,16.5393,20.0,2021.8
92709,16.5393,20.0,2021.8
92710,16.5393,20.0,2021.8
92711,16.5393,20.0,2021.8
92712,16.5393,20.0,2021.8
92713,16.5393,20.0,2021.9
92714,16.5393,20.0,2021.9
92715,16.5393,20.0,2021.9
92716,16.5393,20.0,2021.9
92717,16.5393,20.0,2021.9
92718,16.5393,20.0,2022.0
92719,16.5393,20.0,2022.0
92720,16.5393,20.0,2022.0
92721,16.5594,20.0,2022.0
92722,16.5594,20.0,2022.0
92723,16.5594,20.0,2022.1
92724,16.5594,20.0,2022.1
92725,16.5594,20.0,2022.1
92726,16.5594,20.0,2022.1
92727,16.5594,20.0,2022.1
92728,16.5594,20.0,2022.2
92729,16.5594,20.0,2022.2
92730,16.5594,20.0,2022.2
92731,16.5594,20.0,2022.2
92732,16.5594,20.0,2022.2
92733,16.5594,20.0,2022.3
92734,16.5594,20.0,2022.3
92735,16.5594,20.0,2022.3
92736,16.5594,20.0,2022.3
92737,16.5594,20.0,2022.4
92738,16.5594,20.0,2022.4
92739,16.5594,20.0,2022.4
92740,16.5594,20.0,2022.5
92741,16.5794,20.0,2022.5
92742,16.5794,20.0,2022.5
92743,16.5794,20.0,2022.5
92744,16.5794,20.0,2022.5
92745,16.5794,20.0,2022.5
92746,16.5794,20.0,2022.6
92747,16.5794,20.0,2022.6
92748,16.5794,20.0,2022.6
92749,16.5794,20.0,2022.6
92750,16.5794,20.0,2022.7
92751,16.5794,20.0,2022.7
92752,16.5794,20.0,2022.7
92753,16.5794,20.0,2022.7
92754,16.5794,20.0,2022.7
92755,16.5794,20.0,2022.8
92756,16.5794,20.0,2022.8
92757,16.5794,20.0,2022.8
92758,16.5794,20.0,2022.8
92759,16.5794,20.0,2022.8
92760,16.5794,20.0,2022.9
92761,16.5995,20.0,2022.9
92762,16.5995,20.0,2022.9
92763,16.5995,20.0,2022.9
92764,16.5995,20.0,2022.9
92765,16.5995,20.0,2022.9
92766,16.5995,20.0,2023.0
92767,16.5995,20.0,2023.0
92768,16.5995,20.0,2023.0
92769,16.5995,20.0,2023.0
92770,16.5995,20.0,2023.0
92771,16.5995,20.0,2023.1
92772,16.5995,20.0,2023.1
92773,16.5995,20.0,2023.1
92774,16.5995,20.0,2023.1
92775,16.5995,20.0,2023.1
92776,16.5995,20.0,2023.2
92777,16.5995,20.0,2023.2
92778,16.5995,20.0,2023.2
92779,16.5995,20.0,2023.2
92780,16.5995,20.0,2023.3
92781,16.6196,20.0,2023.3
92782,16.6196,20.0,2023.3
92783,16.6196,20.0,2023.3
92784,16.6196,20.0,2023.3
92785,16.6196,20.0,2023.4
92786,16.6196,20.0,2023.4
92787,16.6196,20.0,2023.4
92788,16.6196,20.0,2023.4
92789,16.6196,20.0,2023.4
92790,16.6196,20.0,2023.4
92791,16.6196,20.0,2023.5
92792,16.6196,20.0,2023.5
92793,16.6196,20.0,2023.5
92794,16.6196,20.0,2023.5
92795,16.6196,20.0,2023.6
92796,16.6196,20.0,2023.6
92797,16.6196,20.0,2023.6
92798,16.6196,20.0,2023.6
92799,16.6196,20.0,2023.7
92800,16.6196,20.0,2023.7
92801,16.6396,20.0,2023.7
92802,16.6396,20.0,2023.7
92803,16.6396,20.0,2023.8
92804,16.6396,20.0,2023.8
92805,16.6396,20.0,2023.8
92806,16.6396,20.0,2023.8
92807,16.6396,20.0,2023.8
92808,16.6396,20.0,2023.8
92809,16.6396,20.0,2023.9
92810,16.6396,20.0,2023.9
92811,16.6396,20.0,2023.9
92812,16.6396,20.0,2023.9
92813,16.6396,20.0,2023.9
92814,16.6396,20.0,2024.0
92815,16.6396,20.0,2024.0
92816,16.6396,20.0,2024.0
92817,16.6396,20.0,2024.0
92818,16.6396,20.0,2024.0
92819,16.6396,20.0,2024.1
92820,16.6396,20.0,2024.1
92821,16.6597,20.0,2024.1
92822,16.6597,20.0,2024.1
92823,16.6597,20.0,2024.1
92824,16.6597,20.0,2024.2
92825,16.6597,20.0,2024.2
92826,16.6597,20.0,2024.2
92827,16.6597,20.0,2024.2
92828,16.6597,20.0,2024.2
92829,16.6597,20.0,2024.3
92830,16.6597,20.0,2024.3
92831,16.6597,20.0,2024.3
92832,16.6597,20.0,2024.3
92833,16.6597,20.0,2024.3
92834,16.6597,20.0,2024.3
92835,16.6597,20.0,2024.4
92836,16.6597,20.0,2024.4
92837,16.6597,20.0,2024.4
92838,16.6597,20.0,2024.4
92839,16.6597,20.0,2024.4
92840,16.6597,20.0,2024.4
92841,16.6797,20.0,2024.5
92842,16.6797,20.0,2024.5
92843,16.6797,20.0,2024.5
92844,16.6797,20.0,2024.5
92845,16.6797,20.0,2024.6
92846,16.6797,20.0,2024.6
92847,16.6797,20.0,2024.6
92848,16.6797,20.0,2024.6
92849,16.6797,20.0,2024.6
92850,16.6797,20.0,2024.7
92851,16.6797,20.0,2024.7
92852,16.6797,20.0,2024.7
92853,16.6797,20.0,2024.7
92854,16.6797,20.0,2024.7
92855,16.6797,20.0,2024.8
92856,16.6797,20.0,2024.8
92857,16.6797,20.0,2024.8
92858,16.6797,20.0,2024.8
92859,16.6797,20.0,2024.8
92860,16.6797,20.0,2024.9
92861,16.6998,20.0,2024.9
92862,16.6998,20.0,2024.9
92863,16.6998,20.0,2024.9
92864,16.6998,20.0,2024.9
92865,16.6998,20.0,2025.0
92866,16.6998,20.0,2025.0
92867,16.6998,20.0,2025.0
92868,16.6998,20.0,2025.0
92869,16.6998,20.0,2025.1
92870,16.6998,20.0,2025.1
92871,16.6998,20.0,2025.1
92872,16.6998,20.0,2025.1
92873,16.6998,20.0,2025.1
92874,16.6998,20.0,2025.1
92875,16.6998,20.0,2025.2
92876,16.6998,20.0,2025.2
92877,16.6998,20.0,2025.2
92878,16.6998,20.0,2025.2
92879,16.6998,20.0,2025.2
92880,16.6998,20.0,2025.3
92881,16.7198,20.0,2025.3
92882,16.7198,20.0,2025.3
92883,16.7198,20.0,2025.3
92884,16.7198,20.0,2025.3
92885,16.7198,20.0,2025.4
92886,16.7198,20.0,2025.4
92887,16.7198,20.0,2025.4
92888,16.7198,20.0,2025.4
92889,16.7198,20.0,2025.4
92890,16.7198,20.0,2025.4
92891,16.7198,20.0,2025.5
92892,16.7198,20.0,2025.5
92893,16.7198,20.0,2025.5
92894,16.7198,20.0,2025.5
92895,16.7198,20.0,2025.5
92896,16.7198,20.0,2025.6
92897,16.7198,20.0,2025.6
92898,16.7198,20.0,2025.6
92899,16.7198,20.0,2025.6
92900,16.7198,20.0,2025.6
92901,16.7399,20.0,2025.7
92902,16.7399,20.0,2025.7
92903,16.7399,20.0,2025.7
92904,16.7399,20.0,2025.7
92905,16.7399,20.0,2025.7
92906,16.7399,20.0,2025.8
92907,16.7399,20.0,2025.8
92908,16.7399,20.0,2025.8
92909,16.7399,20.0,2025.8
92910,16.7399,20.0,2025.8
92911,16.7399,20.0,2025.9
92912,16.7399,20.0,2025.9
92913,16.7399,20.0,2025.9
92914,16.7399,20.0,2025.9
92915,16.7399,20.0,2025.9
92916,16.7399,20.0,2025.9
92917,16.7399,20.0,2026.0
92918,16.7399,20.0,2026.0
92919,16.7399,20.0,2026.0
92920,16.7399,20.0,2026.0
92921,16.7600,20.0,2026.1
92922,16.7600,20.0,2026.1
92923,16.7600,20.0,2026.1
92924,16.7600,20.0,2026.1
92925,16.7600,20.0,2026.1
92926,16.7600,20.0,2026.1
92927,16.7600,20.0,2026.2
92928,16.7600,20.0,2026.2
92929,16.7600,20.0,2026.2
92930,16.7600,20.0,2026.2
92931,16.7600,20.0,2026.2
92932,16.7600,20.0,2026.3
92933,16.7600,20.0,2026.3
92934,16.7600,20.0,2026.3
92935,16.7600,20.0,2026.3
92936,16.7600,20.0,2026.3
92937,16.7600,20.0,2026.3
92938,16.7600,20.0,2026.4
92939,16.7600,20.0,2026.4
92940,16.7600,20.0,2026.4
92941,16.7800,20.0,2026.4
92942,16.7800,20.0,2026.4
92943,16.7800,20.0,2026.5
92944,16.7800,20.0,2026.5
92945,16.7800,20.0,2026.5
92946,16.7800,20.0,2026.5
92947,16.7800,20.0,2026.5
92948,16.7800,20.0,2026.6
92949,16.7800,20.0,2026.6
92950,16.7800,20.0,2026.6
92951,16.7800,20.0,2026.6
92952,16.7800,20.0,2026.6
92953,16.7800,20.0,2026.7
92954,16.7800,20.0,2026.7
92955,16.7800,20.0,2026.7
92956,16.7800,20.0,2026.7
92957,16.7800,20.0,2026.7
92958,16.7800,20.0,2026.8
92959,16.7800,20.0,2026.8
92960,16.7800,20.0,2026.8
92961,16.8001,20.0,2026.8
92962,16.8001,20.0,2026.9
92963,16.8001,20.0,2026.9
92964,16.8001,20.0,2026.9
92965,16.8001,20.0,2026.9
92966,16.8001,20.0,2026.9
92967,16.8001,20.0,2027.0
92968,16.8001,20.0,2027.0
92969,16.8001,20.0,2027.0
92970,16.8001,20.0,2027.0
92971,16.8001,20.0,2027.0
92972,16.8001,20.0,2027.0
92973,16.8001,20.0,2027.1
92974,16.8001,20.0,2027.1
92975,16.8001,20.0,2027.1
92976,16.8001,20.0,2027.1
92977,16.8001,20.0,2027.1
92978,16.8001,20.0,2027.1
92979,16.8001,20.0,2027.2
92980,16.8001,20.0,2027.2
92981,16.8201,20.0,2027.2
92982,16.8201,20.0,2027.2
92983,16.8201,20.0,2027.2
92984,16.8201,20.0,2027.3
92985,16.8201,20.0,2027.3
92986,16.8201,20.0,2027.3
92987,16.8201,20.0,2027.3
92988,16.8201,20.0,2027.3
92989,16.8201,20.0,2027.4
92990,16.8201,20.0,2027.4
92991,16.8201,20.0,2027.4
92992,16.8201,20.0,2027.4
92993,16.8201,20.0,2027.5
92994,16.8201,20.0,2027.5
92995,16.8201,20.0,2027.5
92996,16.8201,20.0,2027.5
92997,16.8201,20.0,2027.6
92998,16.8201,20.0,2027.6
92999,16.8201,20.0,2027.6
93000,16.8201,20.0,2027.6
93001,16.8402,20.0,2027.6
93002,16.8402,20.0,2027.7
93003,16.8402,20.0,2027.7
93004,16.8402,20.0,2027.7
93005,16.8402,20.0,2027.7
93006,16.8402,20.0,2027.7
93007,16.8402,20.0,2027.8
93008,16.8402,20.0,2027.8
93009,16.8402,20.0,2027.8
93010,16.8402,20.0,2027.8
93011,16.8402,20.0,2027.8
93012,16.8402,20.0,2027.8
93013,16.8402,20.0,2027.9
93014,16.8402,20.0,2027.9
93015,16.8402,20.0,2027.9
93016,16.8402,20.0,2027.9
93017,16.8402,20.0,2027.9
93018,16.8402,20.0,2028.0
93019,16.8402,20.0,2028.0
93020,16.8402,20.0,2028.0
93021,16.8602,20.0,2028.0
93022,16.8602,20.0,2028.1
93023,16.8602,20.0,2028.1
93024,16.8602,20.0,2028.1
93025,16.8602,20.0,2028.1
93026,16.8602,20.0,2028.2
93027,16.8602,20.0,2028.2
93028,16.8602,20.0,2028.2
93029,16.8602,20.0,2028.2
93030,16.8602,20.0,2028.2
93031,16.8602,20.0,2028.2
93032,16.8602,20.0,2028.3
93033,16.8602,20.0,2028.3
93034,16.8602,20.0,2028.3
93035,16.8602,20.0,2028.3
93036,16.8602,20.0,2028.3
93037,16.8602,20.0,2028.4
93038,16.8602,20.0,2028.4
93039,16.8602,20.0,2028.4
93040,16.8602,20.0,2028.4
93041,16.8803,20.0,2028.5
93042,16.8803,20.0,2028.5
93043,16.8803,20.0,2028.5
93044,16.8803,20.0,2028.5
93045,16.8803,20.0,2028.5
93046,16.8803,20.0,2028.5
93047,16.8803,20.0,2028.6
93048,16.8803,20.0,2028.6
93049,16.8803,20.0,2028.6
93050,16.8803,20.0,2028.6
93051,16.8803,20.0,2028.6
93052,16.8803,20.0,2028.7
93053,16.8803,20.0,2028.7
93054,16.8803,20.0,2028.7
93055,16.8803,20.0,2028.7
93056,16.8803,20.0,2028.7
93057,16.8803,20.0,2028.8
93058,16.8803,20.0,2028.8
93059,16.8803,20.0,2028.8
93060,16.8803,20.0,2028.8
93061,16.9004,20.0,2028.8
93062,16.9004,20.0,2028.9
93063,16.9004,20.0,2028.9
93064,16.9004,20.0,2028.9
93065,16.9004,20.0,2028.9
93066,16.9004,20.0,2028.9
93067,16.9004,20.0,2029.0
93068,16.9004,20.0,2029.0
93069,16.9004,20.0,2029.0
93070,16.9004,20.0,2029.0
93071,16.9004,20.0,2029.0
93072,16.9004,20.0,2029.1
93073,16.9004,20.0,2029.1
93074,16.9004,20.0,2029.1
93075,16.9004,20.0,2029.1
93076,16.9004,20.0,2029.1
93077,16.9004,20.0,2029.2
93078,16.9004,20.0,2029.2
93079,16.9004,20.0,2029.2
93080,16.9004,20.0,2029.2
93081,16.9204,20.0,2029.2
93082,16.9204,20.0,2029.3
93083,16.9204,20.0,2029.3
93084,16.9204,20.0,2029.3
93085,16.9204,20.0,2029.3
93086,16.9204,20.0,2029.3
93087,16.9204,20.0,2029.3
93088,16.9204,20.0,2029.4
93089,16.9204,20.0,2029.4
93090,16.9204,20.0,2029.4
93091,16.9204,20.0,2029.4
93092,16.9204,20.0,2029.4
93093,16.9204,20.0,2029.5
93094,16.9204,20.0,2029.5
93095,16.9204,20.0,2029.5
93096,16.9204,20.0,2029.5
93097,16.9204,20.0,2029.6
93098,16.9204,20.0,2029.6
93099,16.9204,20.0,2029.6
93100,16.9204,20.0,2029.6
93101,16.9405,20.0,2029.6
93102,16.9405,20.0,2029.6
93103,16.9405,20.0,2029.7
93104,16.9405,20.0,2029.7
93105,16.9405,20.0,2029.7
93106,16.9405,20.0,2029.7
93107,16.9405,20.0,2029.7
93108,16.9405,20.0,2029.8
93109,16.9405,20.0,2029.8
93110,16.9405,20.0,2029.8
93111,16.9405,20.0,2029.8
93112,16.9405,20.0,2029.8
93113,16.9405,20.0,2029.9
93114,16.9405,20.0,2029.9
93115,16.9405,20.0,2029.9
93116,16.9405,20.0,2029.9
93117,16.9405,20.0,2029.9
93118,16.9405,20.0,2030.0
93119,16.9405,20.0,2030.0
93120,16.9405,20.0,2030.0
93121,16.9605,20.0,2030.0
93122,16.9605,20.0,2030.0
93123,16.9605,20.0,2030.1
93124,16.9605,20.0,2030.1
93125,16.9605,20.0,2030.1
93126,16.9605,20.0,2030.1
93127,16.9605,20.0,2030.1
93128,16.9605,20.0,2030.2
93129,16.9605,20.0,2030.2
93130,16.9605,20.0,2030.2
93131,16.9605,20.0,2030.2
93132,16.9605,20.0,2030.2
93133,16.9605,20.0,2030.3
93134,16.9605,20.0,2030.3
93135,16.9605,20.0,2030.3
93136,16.9605,20.0,2030.3
93137,16.9605,20.0,2030.3
93138,16.9605,20.0,2030.4
93139,16.9605,20.0,2030.4
93140,16.9605,20.0,2030.4
93141,16.9806,20.0,2030.4
93142,16.9806,20.0,2030.4
93143,16.9806,20.0,2030.4
93144,16.9806,20.0,2030.5
93145,16.9806,20.0,2030.5
93146,16.9806,20.0,2030.5
93147,16.9806,20.0,2030.5
93148,16.9806,20.0,2030.5
93149,16.9806,20.0,2030.6
93150,16.9806,20.0,2030.6
93151,16.9806,20.0,2030.6
93152,16.9806,20.0,2030.6
93153,16.9806,20.0,2030.6
93154,16.9806,20.0,2030.7
93155,16.9806,20.0,2030.7
93156,16.9806,20.0,2030.7
93157,16.9806,20.0,2030.7
93158,16.9806,20.0,2030.7
93159,16.9806,20.0,2030.8
93160,16.9806,20.0,2030.8
93161,16.9807,20.0,2030.8
93162,16.9807,20.0,2030.8
93163,16.9807,20.0,2030.8
93164,16.9807,20.0,2030.8
93165,16.9807,20.0,2030.9
93166,16.9807,20.0,2030.9
93167,16.9807,20.0,2030.9
93168,16.9807,20.0,2030.9
93169,16.9807,20.0,2030.9
93170,16.9807,20.0,2031.0
93171,16.9807,20.0,2031.0
93172,16.9807,20.0,2031.0
93173,16.9807,20.0,2031.0
93174,16.9807,20.0,2031.0
93175,16.9807,20.0,2031.1
93176,16.9807,20.0,2031.1
93177,16.9807,20.0,2031.1
93178,16.9807,20.0,2031.1
93179,16.9807,20.0,2031.1
93180,16.9807,20.0,2031.2
93181,16.9809,20.0,2031.2
93182,16.9809,20.0,2031.2
93183,16.9809,20.0,2031.2
93184,16.9809,20.0,2031.3
93185,16.9809,20.0,2031.5
93186,16.9809,20.0,2031.5
93187,16.9809,20.0,2031.5
93188,16.9809,20.0,2031.6
93189,16.9809,20.0,2031.6
93190,16.9809,20.0,2031.6
93191,16.9809,20.0,2031.6
93192,16.9809,20.0,2031.6
93193,16.9809,20.0,2031.7
93194,16.9809,20.0,2031.7
93195,16.9809,20.0,2031.7
93196,16.9809,20.0,2031.7
93197,16.9809,20.0,2031.8
93198,16.9809,20.0,2031.8
93199,16.9809,20.0,2031.8
93200,16.9809,20.0,2031.8
93201,16.9610,20.0,2031.9
93202,16.9610,20.0,2031.9
93203,16.9610,20.0,2031.9
93204,16.9610,20.0,2031.9
93205,16.9610,20.0,2031.9
93206,16.9610,20.0,2032.0
93207,16.9610,20.0,2032.0
93208,16.9610,20.0,2032.0
93209,16.9610,20.0,2032.0
93210,16.9610,20.0,2032.0
93211,16.9610,20.0,2032.0
93212,16.9610,20.0,2032.1
93213,16.9610,20.0,2032.1
93214,16.9610,20.0,2032.1
93215,16.9610,20.0,2032.1
93216,16.9610,20.0,2032.1
93217,16.9610,20.0,2032.2
93218,16.9610,20.0,2032.2
93219,16.9610,20.0,2032.2
93220,16.9610,20.0,2032.2
93221,16.9411,20.0,2032.2
93222,16.9411,20.0,2032.3
93223,16.9411,20.0,2032.3
93224,16.9411,20.0,2032.3
93225,16.9411,20.0,2032.3
93226,16.9411,20.0,2032.3
93227,16.9411,20.0,2032.3
93228,16.9411,20.0,2032.4
93229,16.9411,20.0,2032.4
93230,16.9411,20.0,2032.4
93231,16.9411,20.0,2032.4
93232,16.9411,20.0,2032.5
93233,16.9411,20.0,2032.5
93234,16.9411,20.0,2032.5
93235,16.9411,20.0,2032.5
93236,16.9411,20.0,2032.5
93237,16.9411,20.0,2032.5
93238,16.9411,20.0,2032.6
93239,16.9411,20.0,2032.6
93240,16.9411,20.0,2032.6
93241,16.9212,20.0,2032.6
93242,16.9212,20.0,2032.7
93243,16.9212,20.0,2032.7
93244,16.9212,20.0,2032.7
93245,16.9212,20.0,2032.7
93246,16.9212,20.0,2032.7
93247,16.9212,20.0,2032.8
93248,16.9212,20.0,2032.8
93249,16.9212,20.0,2032.8
93250,16.9212,20.0,2032.8
93251,16.9212,20.0,2032.8
93252,16.9212,20.0,2032.8
93253,16.9212,20.0,2032.9
93254,16.9212,20.0,2032.9
93255,16.9212,20.0,2032.9
93256,16.9212,20.0,2032.9
93257,16.9212,20.0,2032.9
93258,16.9212,20.0,2033.0
93259,16.9212,20.0,2033.0
93260,16.9212,20.0,2033.0
93261,16.9012,20.0,2033.0
93262,16.9012,20.0,2033.0
93263,16.9012,20.0,2033.1
93264,16.9012,20.0,2033.1
93265,16.9012,20.0,2033.1
93266,16.9012,20.0,2033.1
93267,16.9012,20.0,2033.2
93268,16.9012,20.0,2033.2
93269,16.9012,20.0,2033.2
93270,16.9012,20.0,2033.2
93271,16.9012,20.0,2033.2
93272,16.9012,20.0,2033.3
93273,16.9012,20.0,2033.3
93274,16.9012,20.0,2033.3
93275,16.9012,20.0,2033.3
93276,16.9012,20.0,2033.3
93277,16.9012,20.0,2033.4
93278,16.9012,20.0,2033.4
93279,16.9012,20.0,2033.4
93280,16.9012,20.0,2033.4
93281,16.8813,20.0,2033.4
93282,16.8813,20.0,2033.5
93283,16.8813,20.0,2033.5
93284,16.8813,20.0,2033.5
93285,16.8813,20.0,2033.5
93286,16.8813,20.0,2033.5
93287,16.8813,20.0,2033.6
93288,16.8813,20.0,2033.6
93289,16.8813,20.0,2033.6
93290,16.8813,20.0,2033.6
93291,16.8813,20.0,2033.6
93292,16.8813,20.0,2033.6
93293,16.8813,20.0,2033.7
93294,16.8813,20.0,2033.7
93295,16.8813,20.0,2033.7
93296,16.8813,20.0,2033.7
93297,16.8813,20.0,2033.8
93298,16.8813,20.0,2033.8
93299,16.8813,20.0,2033.8
93300,16.8813,20.0,2033.8
93301,16.8614,20.0,2033.8
93302,16.8614,20.0,2033.8
93303,16.8614,20.0,2033.9
93304,16.8614,20.0,2033.9
93305,16.8614,20.0,2033.9
93306,16.8614,20.0,2033.9
93307,16.8614,20.0,2033.9
93308,16.8614,20.0,2034.0
93309,16.8614,20.0,2034.0
93310,16.8614,20.0,2034.0
93311,16.8614,20.0,2034.0
93312,16.8614,20.0,2034.0
93313,16.8614,20.0,2034.1
93314,16.8614,20.0,2034.1
93315,16.8614,20.0,2034.1
93316,16.8614,20.0,2034.1
93317,16.8614,20.0,2034.1
93318,16.8614,20.0,2034.1
93319,16.8614,20.0,2034.2
93320,16.8614,20.0,2034.2
93321,16.8415,20.0,2034.2
93322,16.8415,20.0,2034.2
93323,16.8415,20.0,2034.2
93324,16.8415,20.0,2034.3
93325,16.8415,20.0,2034.3
93326,16.8415,20.0,2034.3
93327,16.8415,20.0,2034.3
93328,16.8415,20.0,2034.3
93329,16.8415,20.0,2034.4
93330,16.8415,20.0,2034.4
93331,16.8415,20.0,2034.4
93332,16.8415,20.0,2034.4
93333,16.8415,20.0,2034.4
93334,16.8415,20.0,2034.5
93335,16.8415,20.0,2034.5
93336,16.8415,20.0,2034.5
93337,16.8415,20.0,2034.5
93338,16.8415,20.0,2034.5
93339,16.8415,20.0,2034.6
93340,16.8415,20.0,2034.6
93341,16.8216,20.0,2034.6
93342,16.8216,20.0,2034.6
93343,16.8216,20.0,2034.6
93344,16.8216,20.0,2034.7
93345,16.8216,20.0,2034.7
93346,16.8216,20.0,2034.7
93347,16.8216,20.0,2034.7
93348,16.8216,20.0,2034.7
93349,16.8216,20.0,2034.7
93350,16.8216,20.0,2034.8
93351,16.8216,20.0,2034.8
93352,16.8216,20.0,2034.8
93353,16.8216,20.0,2034.8
93354,16.8216,20.0,2034.8
93355,16.8216,20.0,2034.9
93356,16.8216,20.0,2034.9
93357,16.8216,20.0,2034.9
93358,16.8216,20.0,2034.9
93359,16.8216,20.0,2034.9
93360,16.8216,20.0,2034.9
93361,16.8017,20.0,2035.0
93362,16.8017,20.0,2035.0
93363,16.8017,20.0,2035.0
93364,16.8017,20.0,2035.0
93365,16.8017,20.0,2035.0
93366,16.8017,20.0,2035.1
93367,16.8017,20.0,2035.1
93368,16.8017,20.0,2035.1
93369,16.8017,20.0,2035.1
93370,16.8017,20.0,2035.1
93371,16.8017,20.0,2035.2
93372,16.8017,20.0,2035.2
93373,16.8017,20.0,2035.2
93374,16.8017,20.0,2035.2
93375,16.8017,20.0,2035.2
93376,16.8017,20.0,2035.3
93377,16.8017,20.0,2035.3
93378,16.8017,20.0,2035.3
93379,16.8017,20.0,2035.3
93380,16.8017,20.0,2035.3
93381,16.7818,20.0,2035.4
93382,16.7818,20.0,2035.4
93383,16.7818,20.0,2035.4
93384,16.7818,20.0,2035.4
93385,16.7818,20.0,2035.4
93386,16.7818,20.0,2035.5
93387,16.7818,20.0,2035.5
93388,16.7818,20.0,2035.5
93389,16.7818,20.0,2035.5
93390,16.7818,20.0,2035.5
93391,16.7818,20.0,2035.6
93392,16.7818,20.0,2035.6
93393,16.7818,20.0,2035.6
93394,16.7818,20.0,2035.6
93395,16.7818,20.0,2035.6
93396,16.7818,20.0,2035.7
93397,16.7818,20.0,2035.7
93398,16.7818,20.0,2035.7
93399,16.7818,20.0,2035.7
93400,16.7818,20.0,2035.8
93401,16.7619,20.0,2035.8
93402,16.7619,20.0,2035.8
93403,16.7619,20.0,2035.8
93404,16.7619,20.0,2035.8
93405,16.7619,20.0,2035.9
93406,16.7619,20.0,2035.9
93407,16.7619,20.0,2035.9
93408,16.7619,20.0,2035.9
93409,16.7619,20.0,2035.9
93410,16.7619,20.0,2036.0
93411,16.7619,20.0,2036.0
93412,16.7619,20.0,2036.0
93413,16.7619,20.0,2036.0
93414,16.7619,20.0,2036.0
93415,16.7619,20.0,2036.1
93416,16.7619,20.0,2036.1
93417,16.7619,20.0,2036.1
93418,16.7619,20.0,2036.1
93419,16.7619,20.0,2036.1
93420,16.7619,20.0,2036.2
93421,16.7420,20.0,2036.2
93422,16.7420,20.0,2036.2
93423,16.7420,20.0,2036.2
93424,16.7420,20.0,2036.2
93425,16.7420,20.0,2036.2
93426,16.7420,20.0,2036.3
93427,16.7420,20.0,2036.3
93428,16.7420,20.0,2036.3
93429,16.7420,20.0,2036.3
93430,16.7420,20.0,2036.4
93431,16.7420,20.0,2036.4
93432,16.7420,20.0,2036.4
93433,16.7420,20.0,2036.4
93434,16.7420,20.0,2036.4
93435,16.7420,20.0,2036.4
93436,16.7420,20.0,2036.5
93437,16.7420,20.0,2036.5
93438,16.7420,20.0,2036.5
93439,16.7420,20.0,2036.5
93440,16.7420,20.0,2036.5
93441,16.7221,20.0,2036.6
93442,16.7221,20.0,2036.6
93443,16.7221,20.0,2036.6
93444,16.7221,20.0,2036.6
93445,16.7221,20.0,2036.6
93446,16.7221,20.0,2036.7
93447,16.7221,20.0,2036.7
93448,16.7221,20.0,2036.7
93449,16.7221,20.0,2036.7
93450,16.7221,20.0,2036.7
93451,16.7221,20.0,2036.7
93452,16.7221,20.0,2036.8
93453,16.7221,20.0,2036.8
93454,16.7221,20.0,2036.8
93455,16.7221,20.0,2036.8
93456,16.7221,20.0,2036.9
93457,16.7221,20.0,2036.9
93458,16.7221,20.0,2036.9
93459,16.7221,20.0,2036.9
93460,16.7221,20.0,2036.9
93461,16.7022,20.0,2037.0
93462,16.7022,20.0,2037.0
93463,16.7022,20.0,2037.0
93464,16.7022,20.0,2037.0
93465,16.7022,20.0,2037.0
93466,16.7022,20.0,2037.0
93467,16.7022,20.0,2037.1
93468,16.7022,20.0,2037.1
93469,16.7022,20.0,2037.1
93470,16.7022,20.0,2037.1
93471,16.7022,20.0,2037.1
93472,16.7022,20.0,2037.2
93473,16.7022,20.0,2037.2
93474,16.7022,20.0,2037.2
93475,16.7022,20.0,2037.2
93476,16.7022,20.0,2037.2
93477,16.7022,20.0,2037.3
93478,16.7022,20.0,2037.3
93479,16.7022,20.0,2037.3
93480,16.7022,20.0,2037.3
93481,16.6823,20.0,2037.3
93482,16.6823,20.0,2037.4
93483,16.6823,20.0,2037.4
93484,16.6823,20.0,2037.4
93485,16.6823,20.0,2037.4
93486,16.6823,20.0,2037.4
93487,16.6823,20.0,2037.5
93488,16.6823,20.0,2037.5
93489,16.6823,20.0,2037.5
93490,16.6823,20.0,2037.5
93491,16.6823,20.0,2037.5
93492,16.6823,20.0,2037.6
93493,16.6823,20.0,2037.6
93494,16.6823,20.0,2037.6
93495,16.6823,20.0,2037.6
93496,16.6823,20.0,2037.6
93497,16.6823,20.0,2037.7
93498,16.6823,20.0,2037.7
93499,16.6823,20.0,2037.7
93500,16.6823,20.0,2037.8
93501,16.6624,20.0,2037.8
93502,16.6624,20.0,2037.8
93503,16.6624,20.0,2037.8
93504,16.6624,20.0,2037.9
93505,16.6624,20.0,2037.9
93506,16.6624,20.0,2037.9
93507,16.6624,20.0,2037.9
93508,16.6624,20.0,2037.9
93509,16.6624,20.0,2038.0
93510,16.6624,20.0,2038.0
93511,16.6624,20.0,2038.0
93512,16.6624,20.0,2038.0
93513,16.6624,20.0,2038.0
93514,16.6624,20.0,2038.1
93515,16.6624,20.0,2038.1
93516,16.6624,20.0,2038.1
93517,16.6624,20.0,2038.1
93518,16.6624,20.0,2038.2
93519,16.6624,20.0,2038.2
93520,16.6624,20.0,2038.2
93521,16.6425,20.0,2038.2
93522,16.6425,20.0,2038.2
93523,16.6425,20.0,2038.2
93524,16.6425,20.0,2038.3
93525,16.6425,20.0,2038.3
93526,16.6425,20.0,2038.3
93527,16.6425,20.0,2038.3
93528,16.6425,20.0,2038.3
93529,16.6425,20.0,2038.4
93530,16.6425,20.0,2038.4
93531,16.6425,20.0,2038.4
93532,16.6425,20.0,2038.4
93533,16.6425,20.0,2038.5
93534,16.6425,20.0,2038.5
93535,16.6425,20.0,2038.5
93536,16.6425,20.0,2038.5
93537,16.6425,20.0,2038.5
93538,16.6425,20.0,2038.6
93539,16.6425,20.0,2038.6
93540,16.6425,20.0,2038.6
93541,16.6225,20.0,2038.6
93542,16.6225,20.0,2038.6
93543,16.6225,20.0,2038.7
93544,16.6225,20.0,2038.7
93545,16.6225,20.0,2038.7
93546,16.6225,20.0,2038.7
93547,16.6225,20.0,2038.7
93548,16.6225,20.0,2038.8
93549,16.6225,20.0,2038.8
93550,16.6225,20.0,2038.8
93551,16.6225,20.0,2038.8
93552,16.6225,20.0,2038.8
93553,16.6225,20.0,2038.8
93554,16.6225,20.0,2038.9
93555,16.6225,20.0,2038.9
93556,16.6225,20.0,2038.9
93557,16.6225,20.0,2038.9
93558,16.6225,20.0,2039.0
93559,16.6225,20.0,2039.0
93560,16.6225,20.0,2039.0
93561,16.6026,20.0,2039.0
93562,16.6026,20.0,2039.0
93563,16.6026,20.0,2039.1
93564,16.6026,20.0,2039.1
93565,16.6026,20.0,2039.1
93566,16.6026,20.0,2039.1
93567,16.6026,20.0,2039.1
93568,16.6026,20.0,2039.2
93569,16.6026,20.0,2039.2
93570,16.6026,20.0,2039.2
93571,16.6026,20.0,2039.2
93572,16.6026,20.0,2039.2
93573,16.6026,20.0,2039.3
93574,16.6026,20.0,2039.3
93575,16.6026,20.0,2039.3
93576,16.6026,20.0,2039.3
93577,16.6026,20.0,2039.3
93578,16.6026,20.0,2039.3
93579,16.6026,20.0,2039.4
93580,16.6026,20.0,2039.4
93581,16.5827,20.0,2039.4
93582,16.5827,20.0,2039.4
93583,16.5827,20.0,2039.4
93584,16.5827,20.0,2039.5
93585,16.5827,20.0,2039.5
93586,16.5827,20.0,2039.5
93587,16.5827,20.0,2039.5
93588,16.5827,20.0,2039.5
93589,16.5827,20.0,2039.6
93590,16.5827,20.0,2039.6
93591,16.5827,20.0,2039.6
93592,16.5827,20.0,2039.6
93593,16.5827,20.0,2039.6
93594,16.5827,20.0,2039.7
93595,16.5827,20.0,2039.7
93596,16.5827,20.0,2039.7
93597,16.5827,20.0,2039.7
93598,16.5827,20.0,2039.7
93599,16.5827,20.0,2039.8
93600,16.5827,20.0,2039.8
93601,16.5628,20.0,2039.8
93602,16.5628,20.0,2039.8
93603,16.5628,20.0,2039.9
93604,16.5628,20.0,2039.9
93605,16.5628,20.0,2039.9
93606,16.5628,20.0,2039.9
93607,16.5628,20.0,2039.9
93608,16.5628,20.0,2040.0
93609,16.5628,20.0,2040.0
93610,16.5628,20.0,2040.0
93611,16.5628,20.0,2040.0
93612,16.5628,20.0,2040.1
93613,16.5628,20.0,2040.1
93614,16.5628,20.0,2040.1
93615,16.5628,20.0,2040.1
93616,16.5628,20.0,2040.1
93617,16.5628,20.0,2040.1
93618,16.5628,20.0,2040.2
93619,16.5628,20.0,2040.2
93620,16.5628,20.0,2040.2
93621,16.5429,20.0,2040.3
93622,16.5429,20.0,2040.3
93623,16.5429,20.0,2040.3
93624,16.5429,20.0,2040.3
93625,16.5429,20.0,2040.3
93626,16.5429,20.0,2040.4
93627,16.5429,20.0,2040.4
93628,16.5429,20.0,2040.4
93629,16.5429,20.0,2040.4
93630,16.5429,20.0,2040.4
93631,16.5429,20.0,2040.5
93632,16.5429,20.0,2040.5
93633,16.5429,20.0,2040.5
93634,16.5429,20.0,2040.5
93635,16.5429,20.0,2040.5
93636,16.5429,20.0,2040.6
93637,16.5429,20.0,2040.6
93638,16.5429,20.0,2040.6
93639,16.5429,20.0,2040.6
93640,16.5429,20.0,2040.6
93641,16.5230,20.0,2040.7
93642,16.5230,20.0,2040.7
93643,16.5230,20.0,2040.7
93644,16.5230,20.0,2040.7
93645,16.5230,20.0,2040.7
93646,16.5230,20.0,2040.8
93647,16.5230,20.0,2040.8
93648,16.5230,20.0,2040.8
93649,16.5230,20.0,2040.8
93650,16.5230,20.0,2040.8
93651,16.5230,20.0,2040.9
93652,16.5230,20.0,2040.9
93653,16.5230,20.0,2040.9
93654,16.5230,20.0,2040.9
93655,16.5230,20.0,2040.9
93656,16.5230,20.0,2041.0
93657,16.5230,20.0,2041.0
93658,16.5230,20.0,2041.0
93659,16.5230,20.0,2041.0
93660,16.5230,20.0,2041.0
93661,16.5431,20.0,2041.1
93662,16.5431,20.0,2041.1
93663,16.5431,20.0,2041.1
93664,16.5431,20.0,2041.1
93665,16.5431,20.0,2041.1
93666,16.5431,20.0,2041.1
93667,16.5431,20.0,2041.2
93668,16.5431,20.0,2041.2
93669,16.5431,20.0,2041.2
93670,16.5431,20.0,2041.2
93671,16.5431,20.0,2041.2
93672,16.5431,20.0,2041.3
93673,16.5431,20.0,2041.3
93674,16.5431,20.0,2041.3
93675,16.5431,20.0,2041.3
93676,16.5431,20.0,2041.3
93677,16.5431,20.0,2041.4
93678,16.5431,20.0,2041.4
93679,16.5431,20.0,2041.4
93680,16.5431,20.0,2041.4
93681,16.5631,20.0,2041.4
93682,16.5631,20.0,2041.4
93683,16.5631,20.0,2041.5
93684,16.5631,20.0,2041.5
93685,16.5631,20.0,2041.5
93686,16.5631,20.0,2041.5
93687,16.5631,20.0,2041.5
93688,16.5631,20.0,2041.6
93689,16.5631,20.0,2041.6
93690,16.5631,20.0,2041.6
93691,16.5631,20.0,2041.6
93692,16.5631,20.0,2041.6
93693,16.5631,20.0,2041.7
93694,16.5631,20.0,2041.7
93695,16.5631,20.0,2041.7
93696,16.5631,20.0,2041.7
93697,16.5631,20.0,2042.0
93698,16.5631,20.0,2042.0
93699,16.5631,20.0,2042.0
93700,16.5631,20.0,2042.0
93701,16.6031,20.0,2042.1
93702,16.6031,20.0,2042.1
93703,16.6031,20.0,2042.1
93704,16.6031,20.0,2042.1
93705,16.6031,20.0,2042.1
93706,16.6031,20.0,2042.2
93707,16.6031,20.0,2042.2
93708,16.6031,20.0,2042.2
93709,16.6031,20.0,2042.2
93710,16.6031,20.0,2042.2
93711,16.6031,20.0,2042.3
93712,16.6031,20.0,2042.3
93713,16.6031,20.0,2042.3
93714,16.6031,20.0,2042.3
93715,16.6031,20.0,2042.3
93716,16.6031,20.0,2042.4
93717,16.6031,20.0,2042.4
93718,16.6031,20.0,2042.4
93719,16.6031,20.0,2042.4
93720,16.6031,20.0,2042.5
93721,16.6231,20.0,2042.5
93722,16.6231,20.0,2042.5
93723,16.6231,20.0,2042.5
93724,16.6231,20.0,2042.5
93725,16.6231,20.0,2042.5
93726,16.6231,20.0,2042.5
93727,16.6231,20.0,2042.6
93728,16.6231,20.0,2042.6
93729,16.6231,20.0,2042.6
93730,16.6231,20.0,2042.6
93731,16.6231,20.0,2042.7
93732,16.6231,20.0,2042.7
93733,16.6231,20.0,2042.7
93734,16.6231,20.0,2042.7
93735,16.6231,20.0,2042.7
93736,16.6231,20.0,2042.8
93737,16.6231,20.0,2042.8
93738,16.6231,20.0,2042.8
93739,16.6231,20.0,2042.8
93740,16.6231,20.0,2042.8
93741,16.6431,20.0,2042.8
93742,16.6431,20.0,2042.9
93743,16.6431,20.0,2042.9
93744,16.6431,20.0,2042.9
93745,16.6431,20.0,2042.9
93746,16.6431,20.0,2043.0
93747,16.6431,20.0,2043.0
93748,16.6431,20.0,2043.0
93749,16.6431,20.0,2043.0
93750,16.6431,20.0,2043.0
93751,16.6431,20.0,2043.0
93752,16.6431,20.0,2043.1
93753,16.6431,20.0,2043.1
93754,16.6431,20.0,2043.1
93755,16.6431,20.0,2043.1
93756,16.6431,20.0,2043.2
93757,16.6431,20.0,2043.2
93758,16.6431,20.0,2043.2
93759,16.6431,20.0,2043.2
93760,16.6431,20.0,2043.2
93761,16.6631,20.0,2043.3
93762,16.6631,20.0,2043.3
93763,16.6631,20.0,2043.3
93764,16.6631,20.0,2043.3
93765,16.6631,20.0,2043.3
93766,16.6631,20.0,2043.3
93767,16.6631,20.0,2043.4
93768,16.6631,20.0,2043.4
93769,16.6631,20.0,2043.4
93770,16.6631,20.0,2043.4
93771,16.6631,20.0,2043.4
93772,16.6631,20.0,2043.5
93773,16.6631,20.0,2043.5
93774,16.6631,20.0,2043.5
93775,16.6631,20.0,2043.5
93776,16.6631,20.0,2043.5
93777,16.6631,20.0,2043.6
93778,16.6631,20.0,2043.6
93779,16.6631,20.0,2043.6
93780,16.6631,20.0,2043.6
93781,16.6830,20.0,2043.6
93782,16.6830,20.0,2043.7
93783,16.6830,20.0,2043.7
93784,16.6830,20.0,2043.7
93785,16.6830,20.0,2043.7
93786,16.6830,20.0,2043.7
93787,16.6830,20.0,2043.8
93788,16.6830,20.0,2043.8
93789,16.6830,20.0,2043.8
93790,16.6830,20.0,2043.8
93791,16.6830,20.0,2043.8
93792,16.6830,20.0,2043.8
93793,16.6830,20.0,2043.9
93794,16.6830,20.0,2043.9
93795,16.6830,20.0,2043.9
93796,16.6830,20.0,2043.9
93797,16.6830,20.0,2044.0
93798,16.6830,20.0,2044.0
93799,16.6830,20.0,2044.0
93800,16.6830,20.0,2044.0
93801,16.7030,20.0,2044.1
93802,16.7030,20.0,2044.1
93803,16.7030,20.0,2044.1
93804,16.7030,20.0,2044.1
93805,16.7030,20.0,2044.2
93806,16.7030,20.0,2044.2
93807,16.7030,20.0,2044.2
93808,16.7030,20.0,2044.2
93809,16.7030,20.0,2044.2
93810,16.7030,20.0,2044.3
93811,16.7030,20.0,2044.3
93812,16.7030,20.0,2044.3
93813,16.7030,20.0,2044.3
93814,16.7030,20.0,2044.3
93815,16.7030,20.0,2044.4
93816,16.7030,20.0,2044.4
93817,16.7030,20.0,2044.4
93818,16.7030,20.0,2044.4
93819,16.7030,20.0,2044.5
93820,16.7030,20.0,2044.5
93821,16.7230,20.0,2044.5
93822,16.7230,20.0,2044.5
93823,16.7230,20.0,2044.5
93824,16.7230,20.0,2044.6
93825,16.7230,20.0,2044.6
93826,16.7230,20.0,2044.6
93827,16.7230,20.0,2044.6
93828,16.7230,20.0,2044.7
93829,16.7230,20.0,2044.7
93830,16.7230,20.0,2044.7
93831,16.7230,20.0,2044.7
93832,16.7230,20.0,2044.8
93833,16.7230,20.0,2044.8
93834,16.7230,20.0,2044.8
93835,16.7230,20.0,2044.8
93836,16.7230,20.0,2044.9
93837,16.7230,20.0,2044.9
93838,16.7230,20.0,2044.9
93839,16.7230,20.0,2044.9
93840,16.7230,20.0,2045.0
93841,16.7430,20.0,2045.0
93842,16.7430,20.0,2045.0
93843,16.7430,20.0,2045.0
93844,16.7430,20.0,2045.0
93845,16.7430,20.0,2045.1
93846,16.7430,20.0,2045.1
93847,16.7430,20.0,2045.1
93848,16.7430,20.0,2045.1
93849,16.7430,20.0,2045.2
93850,16.7430,20.0,2045.2
93851,16.7430,20.0,2045.2
93852,16.7430,20.0,2045.2
93853,16.7430,20.0,2045.2
93854,16.7430,20.0,2045.3
93855,16.7430,20.0,2045.3
93856,16.7430,20.0,2045.3
93857,16.7430,20.0,2045.3
93858,16.7430,20.0,2045.4
93859,16.7430,20.0,2045.4
93860,16.7430,20.0,2045.4
93861,16.7630,20.0,2045.4
93862,16.7630,20.0,2045.4
93863,16.7630,20.0,2045.5
93864,16.7630,20.0,2045.5
93865,16.7630,20.0,2045.5
93866,16.7630,20.0,2045.5
93867,16.7630,20.0,2045.5
93868,16.7630,20.0,2045.6
93869,16.7630,20.0,2045.6
93870,16.7630,20.0,2045.6
93871,16.7630,20.0,2045.6
93872,16.7630,20.0,2045.6
93873,16.7630,20.0,2045.7
93874,16.7630,20.0,2045.7
93875,16.7630,20.0,2045.7
93876,16.7630,20.0,2045.7
93877,16.7630,20.0,2045.7
93878,16.7630,20.0,2045.8
93879,16.7630,20.0,2045.8
93880,16.7630,20.0,2045.8
93881,16.7830,20.0,2045.8
93882,16.7830,20.0,2045.9
93883,16.7830,20.0,2045.9
93884,16.7830,20.0,2045.9
93885,16.7830,20.0,2045.9
93886,16.7830,20.0,2046.0
93887,16.7830,20.0,2046.0
93888,16.7830,20.0,2046.0
93889,16.7830,20.0,2046.0
93890,16.7830,20.0,2046.0
93891,16.7830,20.0,2046.1
93892,16.7830,20.0,2046.1
93893,16.7830,20.0,2046.1
93894,16.7830,20.0,2046.1
93895,16.7830,20.0,2046.1
93896,16.7830,20.0,2046.2
93897,16.7830,20.0,2046.2
93898,16.7830,20.0,2046.2
93899,16.7830,20.0,2046.2
93900,16.7830,20.0,2046.2
93901,16.8030,20.0,2046.2
93902,16.8030,20.0,2046.3
93903,16.8030,20.0,2046.3
93904,16.8030,20.0,2046.3
93905,16.8030,20.0,2046.3
93906,16.8030,20.0,2046.3
93907,16.8030,20.0,2046.4
93908,16.8030,20.0,2046.4
93909,16.8030,20.0,2046.4
93910,16.8030,20.0,2046.4
93911,16.8030,20.0,2046.4
93912,16.8030,20.0,2046.4
93913,16.8030,20.0,2046.5
93914,16.8030,20.0,2046.5
93915,16.8030,20.0,2046.5
93916,16.8030,20.0,2046.5
93917,16.8030,20.0,2046.5
93918,16.8030,20.0,2046.6
93919,16.8030,20.0,2046.6
93920,16.8030,20.0,2046.6
93921,16.8229,20.0,2046.6
93922,16.8229,20.0,2046.7
93923,16.8229,20.0,2046.7
93924,16.8229,20.0,2046.7
93925,16.8229,20.0,2046.7
93926,16.8229,20.0,2046.8
93927,16.8229,20.0,2046.8
93928,16.8229,20.0,2046.8
93929,16.8229,20.0,2046.8
93930,16.8229,20.0,2046.8
93931,16.8229,20.0,2046.9
93932,16.8229,20.0,2046.9
93933,16.8229,20.0,2046.9
93934,16.8229,20.0,2046.9
93935,16.8229,20.0,2046.9
93936,16.8229,20.0,2047.0
93937,16.8229,20.0,2047.0
93938,16.8229,20.0,2047.0
93939,16.8229,20.0,2047.0
93940,16.8229,20.0,2047.0
93941,16.8429,20.0,2047.1
93942,16.8429,20.0,2047.1
93943,16.8429,20.0,2047.1
93944,16.8429,20.0,2047.1
93945,16.8429,20.0,2047.1
93946,16.8429,20.0,2047.2
93947,16.8429,20.0,2047.2
93948,16.8429,20.0,2047.2
93949,16.8429,20.0,2047.2
93950,16.8429,20.0,2047.2
93951,16.8429,20.0,2047.2
93952,16.8429,20.0,2047.3
93953,16.8429,20.0,2047.3
93954,16.8429,20.0,2047.3
93955,16.8429,20.0,2047.3
93956,16.8429,20.0,2047.3
93957,16.8429,20.0,2047.4
93958,16.8429,20.0,2047.4
93959,16.8429,20.0,2047.4
93960,16.8429,20.0,2047.4
93961,16.8629,20.0,2047.4
93962,16.8629,20.0,2047.4
93963,16.8629,20.0,2047.5
93964,16.8629,20.0,2047.5
93965,16.8629,20.0,2047.5
93966,16.8629,20.0,2047.5
93967,16.8629,20.0,2047.5
93968,16.8629,20.0,2047.5
93969,16.8629,20.0,2047.6
93970,16.8629,20.0,2047.6
93971,16.8629,20.0,2047.6
93972,16.8629,20.0,2047.6
93973,16.8629,20.0,2047.6
93974,16.8629,20.0,2047.7
93975,16.8629,20.0,2047.7
93976,16.8629,20.0,2047.7
93977,16.8629,20.0,2047.7
93978,16.8629,20.0,2047.7
93979,16.8629,20.0,2047.7
93980,16.8629,20.0,2047.8
93981,16.8829,20.0,2047.8
93982,16.8829,20.0,2047.8
93983,16.8829,20.0,2047.8
93984,16.8829,20.0,2047.9
93985,16.8829,20.0,2047.9
93986,16.8829,20.0,2047.9
93987,16.8829,20.0,2047.9
93988,16.8829,20.0,2047.9
93989,16.8829,20.0,2048.0
93990,16.8829,20.0,2048.0
93991,16.8829,20.0,2048.0
93992,16.8829,20.0,2048.0
93993,16.8829,20.0,2048.0
93994,16.8829,20.0,2048.1
93995,16.8829,20.0,2048.1
93996,16.8829,20.0,2048.1
93997,16.8829,20.0,2048.1
93998,16.8829,20.0,2048.1
93999,16.8829,20.0,2048.1
94000,16.8829,20.0,2048.2
94001,16.9029,20.0,2048.2
94002,16.9029,20.0,2048.2
94003,16.9029,20.0,2048.2
94004,16.9029,20.0,2048.2
94005,16.9029,20.0,2048.3
94006,16.9029,20.0,2048.3
94007,16.9029,20.0,2048.3
94008,16.9029,20.0,2048.3
94009,16.9029,20.0,2048.3
94010,16.9029,20.0,2048.4
94011,16.9029,20.0,2048.4
94012,16.9029,20.0,2048.4
94013,16.9029,20.0,2048.4
94014,16.9029,20.0,2048.4
94015,16.9029,20.0,2048.5
94016,16.9029,20.0,2048.5
94017,16.9029,20.0,2048.5
94018,16.9029,20.0,2048.5
94019,16.9029,20.0,2048.5
94020,16.9029,20.0,2048.6
94021,16.9229,20.0,2048.6
94022,16.9229,20.0,2048.6
94023,16.9229,20.0,2048.6
94024,16.9229,20.0,2048.6
94025,16.9229,20.0,2048.7
94026,16.9229,20.0,2048.7
94027,16.9229,20.0,2048.7
94028,16.9229,20.0,2048.7
94029,16.9229,20.0,2048.7
94030,16.9229,20.0,2048.8
94031,16.9229,20.0,2048.8
94032,16.9229,20.0,2048.8
94033,16.9229,20.0,2048.8
94034,16.9229,20.0,2048.9
94035,16.9229,20.0,2048.9
94036,16.9229,20.0,2048.9
94037,16.9229,20.0,2048.9
94038,16.9229,20.0,2049.0
94039,16.9229,20.0,2049.0
94040,16.9229,20.0,2049.0
94041,16.9429,20.0,2049.0
94042,16.9429,20.0,2049.0
94043,16.9429,20.0,2049.1
94044,16.9429,20.0,2049.1
94045,16.9429,20.0,2049.1
94046,16.9429,20.0,2049.1
94047,16.9429,20.0,2049.1
94048,16.9429,20.0,2049.2
94049,16.9429,20.0,2049.2
94050,16.9429,20.0,2049.2
94051,16.9429,20.0,2049.2
94052,16.9429,20.0,2049.2
94053,16.9429,20.0,2049.3
94054,16.9429,20.0,2049.3
94055,16.9429,20.0,2049.3
94056,16.9429,20.0,2049.3
94057,16.9429,20.0,2049.3
94058,16.9429,20.0,2049.3
94059,16.9429,20.0,2049.4
94060,16.9429,20.0,2049.4
94061,16.9628,20.0,2049.4
94062,16.9628,20.0,2049.4
94063,16.9628,20.0,2049.4
94064,16.9628,20.0,2049.5
94065,16.9628,20.0,2049.5
94066,16.9628,20.0,2049.5
94067,16.9628,20.0,2049.5
94068,16.9628,20.0,2049.5
94069,16.9628,20.0,2049.6
94070,16.9628,20.0,2049.6
94071,16.9628,20.0,2049.6
94072,16.9628,20.0,2049.6
94073,16.9628,20.0,2049.6
94074,16.9628,20.0,2049.6
94075,16.9628,20.0,2049.7
94076,16.9628,20.0,2049.7
94077,16.9628,20.0,2049.7
94078,16.9628,20.0,2049.7
94079,16.9628,20.0,2049.7
94080,16.9628,20.0,2049.8
94081,16.9828,20.0,2049.8
94082,16.9828,20.0,2049.8
94083,16.9828,20.0,2049.8
94084,16.9828,20.0,2049.8
94085,16.9828,20.0,2049.9
94086,16.9828,20.0,2049.9
94087,16.9828,20.0,2049.9
94088,16.9828,20.0,2049.9
94089,16.9828,20.0,2049.9
94090,16.9828,20.0,2050.0
94091,16.9828,20.0,2050.0
94092,16.9828,20.0,2050.0
94093,16.9828,20.0,2050.0
94094,16.9828,20.0,2050.0
94095,16.9828,20.0,2050.1
94096,16.9828,20.0,2050.1
94097,16.9828,20.0,2050.1
94098,16.9828,20.0,2050.1
94099,16.9828,20.0,2050.1
94100,16.9828,20.0,2050.1
94101,17.0028,20.0,2050.2
94102,17.0028,20.0,2050.2
94103,17.0028,20.0,2050.2
94104,17.0028,20.0,2050.2
94105,17.0028,20.0,2050.2
94106,17.0028,20.0,2050.2
94107,17.0028,20.0,2050.3
94108,17.0028,20.0,2050.3
94109,17.0028,20.0,2050.3
94110,17.0028,20.0,2050.3
94111,17.0028,20.0,2050.3
94112,17.0028,20.0,2050.4
94113,17.0028,20.0,2050.4
94114,17.0028,20.0,2050.4
94115,17.0028,20.0,2050.4
94116,17.0028,20.0,2050.4
94117,17.0028,20.0,2050.5
94118,17.0028,20.0,2050.5
94119,17.0028,20.0,2050.5
94120,17.0028,20.0,2050.5
94121,17.0228,20.0,2050.5
94122,17.0228,20.0,2050.6
94123,17.0228,20.0,2050.6
94124,17.0228,20.0,2050.6
94125,17.0228,20.0,2050.6
94126,17.0228,20.0,2050.6
94127,17.0228,20.0,2050.7
94128,17.0228,20.0,2050.7
94129,17.0228,20.0,2050.7
94130,17.0228,20.0,2050.7
94131,17.0228,20.0,2050.7
94132,17.0228,20.0,2050.7
94133,17.0228,20.0,2050.8
94134,17.0228,20.0,2050.8
94135,17.0228,20.0,2050.8
94136,17.0228,20.0,2050.8
94137,17.0228,20.0,2050.9
94138,17.0228,20.0,2050.9
94139,17.0228,20.0,2050.9
94140,17.0228,20.0,2050.9
94141,17.0428,20.0,2050.9
94142,17.0428,20.0,2051.0
94143,17.0428,20.0,2051.0
94144,17.0428,20.0,2051.0
94145,17.0428,20.0,2051.0
94146,17.0428,20.0,2051.0
94147,17.0428,20.0,2051.1
94148,17.0428,20.0,2051.1
94149,17.0428,20.0,2051.1
94150,17.0428,20.0,2051.1
94151,17.0428,20.0,2051.2
94152,17.0428,20.0,2051.2
94153,17.0428,20.0,2051.2
94154,17.0428,20.0,2051.2
94155,17.0428,20.0,2051.2
94156,17.0428,20.0,2051.3
94157,17.0428,20.0,2051.3
94158,17.0428,20.0,2051.3
94159,17.0428,20.0,2051.3
94160,17.0428,20.0,2051.3
94161,17.0628,20.0,2051.3
94162,17.0628,20.0,2051.4
94163,17.0628,20.0,2051.4
94164,17.0628,20.0,2051.4
94165,17.0628,20.0,2051.4
94166,17.0628,20.0,2051.5
94167,17.0628,20.0,2051.5
94168,17.0628,20.0,2051.5
94169,17.0628,20.0,2051.5
94170,17.0628,20.0,2051.5
94171,17.0628,20.0,2051.5
94172,17.0628,20.0,2051.6
94173,17.0628,20.0,2051.6
94174,17.0628,20.0,2051.6
94175,17.0628,20.0,2051.6
94176,17.0628,20.0,2051.6
94177,17.0628,20.0,2051.7
94178,17.0628,20.0,2051.7
94179,17.0628,20.0,2051.7
94180,17.0628,20.0,2051.7
94181,17.0428,20.0,2051.7
94182,17.0428,20.0,2051.8
94183,17.0428,20.0,2051.8
94184,17.0428,20.0,2051.8
94185,17.0428,20.0,2051.8
94186,17.0428,20.0,2051.8
94187,17.0428,20.0,2051.9
94188,17.0428,20.0,2051.9
94189,17.0428,20.0,2051.9
94190,17.0428,20.0,2051.9
94191,17.0428,20.0,2051.9
94192,17.0428,20.0,2052.0
94193,17.0428,20.0,2052.0
94194,17.0428,20.0,2052.0
94195,17.0428,20.0,2052.0
94196,17.0428,20.0,2052.1
94197,17.0428,20.0,2052.1
94198,17.0428,20.0,2052.1
94199,17.0428,20.0,2052.1
94200,17.0428,20.0,2052.1
94201,17.0228,20.0,2052.2
94202,17.0228,20.0,2052.2
94203,17.0228,20.0,2052.2
94204,17.0228,20.0,2052.2
94205,17.0228,20.0,2052.2
94206,17.0228,20.0,2052.2
94207,17.0228,20.0,2052.3
94208,17.0228,20.0,2052.3
94209,17.0228,20.0,2052.5
94210,17.0228,20.0,2052.6
94211,17.0228,20.0,2052.6
94212,17.0228,20.0,2052.6
94213,17.0228,20.0,2052.6
94214,17.0228,20.0,2052.7
94215,17.0228,20.0,2052.7
94216,17.0228,20.0,2052.7
94217,17.0228,20.0,2052.7
94218,17.0228,20.0,2052.7
94219,17.0228,20.0,2052.7
94220,17.0228,20.0,2052.8
94221,17.0028,20.0,2052.8
94222,17.0028,20.0,2052.8
94223,17.0028,20.0,2052.8
94224,17.0028,20.0,2052.8
94225,17.0028,20.0,2052.9
94226,17.0028,20.0,2052.9
94227,17.0028,20.0,2052.9
94228,17.0028,20.0,2052.9
94229,17.0028,20.0,2052.9
94230,17.0028,20.0,2053.0
94231,17.0028,20.0,2053.0
94232,17.0028,20.0,2053.0
94233,17.0028,20.0,2053.0
94234,17.0028,20.0,2053.0
94235,17.0028,20.0,2053.1
94236,17.0028,20.0,2053.1
94237,17.0028,20.0,2053.1
94238,17.0028,20.0,2053.1
94239,17.0028,20.0,2053.2
94240,17.0028,20.0,2053.2
94241,16.9829,20.0,2053.2
94242,16.9829,20.0,2053.2
94243,16.9829,20.0,2053.2
94244,16.9829,20.0,2053.3
94245,16.9829,20.0,2053.3
94246,16.9829,20.0,2053.3
94247,16.9829,20.0,2053.3
94248,16.9829,20.0,2053.4
94249,16.9829,20.0,2053.4
94250,16.9829,20.0,2053.4
94251,16.9829,20.0,2053.4
94252,16.9829,20.0,2053.5
94253,16.9829,20.0,2053.5
94254,16.9829,20.0,2053.5
94255,16.9829,20.0,2053.5
94256,16.9829,20.0,2053.5
94257,16.9829,20.0,2053.5
94258,16.9829,20.0,2053.6
94259,16.9829,20.0,2053.6
94260,16.9829,20.0,2053.6
94261,16.9629,20.0,2053.6
94262,16.9629,20.0,2053.6
94263,16.9629,20.0,2053.7
94264,16.9629,20.0,2053.7
94265,16.9629,20.0,2053.7
94266,16.9629,20.0,2053.7
94267,16.9629,20.0,2053.7
94268,16.9629,20.0,2053.8
94269,16.9629,20.0,2053.8
94270,16.9629,20.0,2053.8
94271,16.9629,20.0,2053.8
94272,16.9629,20.0,2053.8
94273,16.9629,20.0,2053.9
94274,16.9629,20.0,2053.9
94275,16.9629,20.0,2053.9
94276,16.9629,20.0,2053.9
94277,16.9629,20.0,2053.9
94278,16.9629,20.0,2054.0
94279,16.9629,20.0,2054.0
94280,16.9629,20.0,2054.0
94281,16.9429,20.0,2054.0
94282,16.9429,20.0,2054.1
94283,16.9429,20.0,2054.1
94284,16.9429,20.0,2054.1
94285,16.9429,20.0,2054.1
94286,16.9429,20.0,2054.1
94287,16.9429,20.0,2054.1
94288,16.9429,20.0,2054.2
94289,16.9429,20.0,2054.2
94290,16.9429,20.0,2054.2
94291,16.9429,20.0,2054.2
94292,16.9429,20.0,2054.2
94293,16.9429,20.0,2054.3
94294,16.9429,20.0,2054.3
94295,16.9429,20.0,2054.3
94296,16.9429,20.0,2054.3
94297,16.9429,20.0,2054.3
94298,16.9429,20.0,2054.4
94299,16.9429,20.0,2054.4
94300,16.9429,20.0,2054.4
94301,16.9229,20.0,2054.4
94302,16.9229,20.0,2054.4
94303,16.9229,20.0,2054.5
94304,16.9229,20.0,2054.5
94305,16.9229,20.0,2054.5
94306,16.9229,20.0,2054.5
94307,16.9229,20.0,2054.5
94308,16.9229,20.0,2054.5
94309,16.9229,20.0,2054.6
94310,16.9229,20.0,2054.6
94311,16.9229,20.0,2054.6
94312,16.9229,20.0,2054.6
94313,16.9229,20.0,2054.6
94314,16.9229,20.0,2054.7
94315,16.9229,20.0,2054.7
94316,16.9229,20.0,2054.7
94317,16.9229,20.0,2054.7
94318,16.9229,20.0,2054.7
94319,16.9229,20.0,2054.7
94320,16.9229,20.0,2054.8
94321,16.9029,20.0,2054.8
94322,16.9029,20.0,2054.8
94323,16.9029,20.0,2054.8
94324,16.9029,20.0,2054.8
94325,16.9029,20.0,2054.9
94326,16.9029,20.0,2054.9
94327,16.9029,20.0,2054.9
94328,16.9029,20.0,2054.9
94329,16.9029,20.0,2054.9
94330,16.9029,20.0,2055.0
94331,16.9029,20.0,2055.0
94332,16.9029,20.0,2055.0
94333,16.9029,20.0,2055.0
94334,16.9029,20.0,2055.0
94335,16.9029,20.0,2055.1
94336,16.9029,20.0,2055.1
94337,16.9029,20.0,2055.1
94338,16.9029,20.0,2055.1
94339,16.9029,20.0,2055.1
94340,16.9029,20.0,2055.2
94341,16.8830,20.0,2055.2
94342,16.8830,20.0,2055.2
94343,16.8830,20.0,2055.2
94344,16.8830,20.0,2055.2
94345,16.8830,20.0,2055.3
94346,16.8830,20.0,2055.3
94347,16.8830,20.0,2055.3
94348,16.8830,20.0,2055.3
94349,16.8830,20.0,2055.3
94350,16.8830,20.0,2055.3
94351,16.8830,20.0,2055.4
94352,16.8830,20.0,2055.4
94353,16.8830,20.0,2055.4
94354,16.8830,20.0,2055.4
94355,16.8830,20.0,2055.5
94356,16.8830,20.0,2055.5
94357,16.8830,20.0,2055.5
94358,16.8830,20.0,2055.5
94359,16.8830,20.0,2055.6
94360,16.8830,20.0,2055.6
94361,16.8630,20.0,2055.6
94362,16.8630,20.0,2055.6
94363,16.8630,20.0,2055.6
94364,16.8630,20.0,2055.7
94365,16.8630,20.0,2055.7
94366,16.8630,20.0,2055.7
94367,16.8630,20.0,2055.7
94368,16.8630,20.0,2055.7
94369,16.8630,20.0,2055.7
94370,16.8630,20.0,2055.8
94371,16.8630,20.0,2055.8
94372,16.8630,20.0,2055.8
94373,16.8630,20.0,2055.8
94374,16.8630,20.0,2055.8
94375,16.8630,20.0,2055.9
94376,16.8630,20.0,2055.9
94377,16.8630,20.0,2055.9
94378,16.8630,20.0,2055.9
94379,16.8630,20.0,2055.9
94380,16.8630,20.0,2056.0
94381,16.8430,20.0,2056.0
94382,16.8430,20.0,2056.0
94383,16.8430,20.0,2056.0
94384,16.8430,20.0,2056.0
94385,16.8430,20.0,2056.1
94386,16.8430,20.0,2056.1
94387,16.8430,20.0,2056.1
94388,16.8430,20.0,2056.1
94389,16.8430,20.0,2056.1
94390,16.8430,20.0,2056.2
94391,16.8430,20.0,2056.2
94392,16.8430,20.0,2056.2
94393,16.8430,20.0,2056.2
94394,16.8430,20.0,2056.2
94395,16.8430,20.0,2056.2
94396,16.8430,20.0,2056.3
94397,16.8430,20.0,2056.3
94398,16.8430,20.0,2056.3
94399,16.8430,20.0,2056.3
94400,16.8430,20.0,2056.3
94401,16.8230,20.0,2056.3
94402,16.8230,20.0,2056.4
94403,16.8230,20.0,2056.4
94404,16.8230,20.0,2056.4
94405,16.8230,20.0,2056.4
94406,16.8230,20.0,2056.4
94407,16.8230,20.0,2056.5
94408,16.8230,20.0,2056.5
94409,16.8230,20.0,2056.5
94410,16.8230,20.0,2056.5
94411,16.8230,20.0,2056.6
94412,16.8230,20.0,2056.6
94413,16.8230,20.0,2056.6
94414,16.8230,20.0,2056.6
94415,16.8230,20.0,2056.6
94416,16.8230,20.0,2056.7
94417,16.8230,20.0,2056.7
94418,16.8230,20.0,2056.7
94419,16.8230,20.0,2056.7
94420,16.8230,20.0,2056.7
94421,16.8030,20.0,2056.8
94422,16.8030,20.0,2056.8
94423,16.8030,20.0,2056.8
94424,16.8030,20.0,2056.8
94425,16.8030,20.0,2056.8
94426,16.8030,20.0,2056.9
94427,16.8030,20.0,2056.9
94428,16.8030,20.0,2056.9
94429,16.8030,20.0,2056.9
94430,16.8030,20.0,2056.9
94431,16.8030,20.0,2057.0
94432,16.8030,20.0,2057.0
94433,16.8030,20.0,2057.0
94434,16.8030,20.0,2057.0
94435,16.8030,20.0,2057.0
94436,16.8030,20.0,2057.1
94437,16.8030,20.0,2057.1
94438,16.8030,20.0,2057.1
94439,16.8030,20.0,2057.1
94440,16.8030,20.0,2057.1
94441,16.7830,20.0,2057.1
94442,16.7830,20.0,2057.2
94443,16.7830,20.0,2057.2
94444,16.7830,20.0,2057.2
94445,16.7830,20.0,2057.2
94446,16.7830,20.0,2057.2
94447,16.7830,20.0,2057.3
94448,16.7830,20.0,2057.3
94449,16.7830,20.0,2057.3
94450,16.7830,20.0,2057.3
94451,16.7830,20.0,2057.3
94452,16.7830,20.0,2057.4
94453,16.7830,20.0,2057.4
94454,16.7830,20.0,2057.4
94455,16.7830,20.0,2057.4
94456,16.7830,20.0,2057.5
94457,16.7830,20.0,2057.5
94458,16.7830,20.0,2057.5
94459,16.7830,20.0,2057.5
94460,16.7830,20.0,2057.6
94461,16.7631,20.0,2057.6
94462,16.7631,20.0,2057.6
94463,16.7631,20.0,2057.7
94464,16.7631,20.0,2057.7
94465,16.7631,20.0,2057.7
94466,16.7631,20.0,2057.8
94467,16.7631,20.0,2057.8
94468,16.7631,20.0,2057.8
94469,16.7631,20.0,2057.9
94470,16.7631,20.0,2057.9
94471,16.7631,20.0,2057.9
94472,16.7631,20.0,2057.9
94473,16.7631,20.0,2057.9
94474,16.7631,20.0,2058.0
94475,16.7631,20.0,2058.0
94476,16.7631,20.0,2058.0
94477,16.7631,20.0,2058.0
94478,16.7631,20.0,2058.1
94479,16.7631,20.0,2058.1
94480,16.7631,20.0,2058.1
94481,16.7431,20.0,2058.1
94482,16.7431,20.0,2058.2
94483,16.7431,20.0,2058.2
94484,16.7431,20.0,2058.2
94485,16.7431,20.0,2058.2
94486,16.7431,20.0,2058.2
94487,16.7431,20.0,2058.3
94488,16.7431,20.0,2058.3
94489,16.7431,20.0,2058.3
94490,16.7431,20.0,2058.3
94491,16.7431,20.0,2058.3
94492,16.7431,20.0,2058.4
94493,16.7431,20.0,2058.4
94494,16.7431,20.0,2058.4
94495,16.7431,20.0,2058.4
94496,16.7431,20.0,2058.5
94497,16.7431,20.0,2058.5
94498,16.7431,20.0,2058.5
94499,16.7431,20.0,2058.5
94500,16.7431,20.0,2058.5
94501,16.7231,20.0,2058.6
94502,16.7231,20.0,2058.6
94503,16.7231,20.0,2058.6
94504,16.7231,20.0,2058.6
94505,16.7231,20.0,2058.7
94506,16.7231,20.0,2058.7
94507,16.7231,20.0,2058.7
94508,16.7231,20.0,2058.7
94509,16.7231,20.0,2058.7
94510,16.7231,20.0,2058.7
94511,16.7231,20.0,2058.8
94512,16.7231,20.0,2058.8
94513,16.7231,20.0,2058.8
94514,16.7231,20.0,2058.8
94515,16.7231,20.0,2058.9
94516,16.7231,20.0,2058.9
94517,16.7231,20.0,2058.9
94518,16.7231,20.0,2058.9
94519,16.7231,20.0,2058.9
94520,16.7231,20.0,2059.0
94521,16.7031,20.0,2059.0
94522,16.7031,20.0,2059.0
94523,16.7031,20.0,2059.0
94524,16.7031,20.0,2059.0
94525,16.7031,20.0,2059.1
94526,16.7031,20.0,2059.1
94527,16.7031,20.0,2059.1
94528,16.7031,20.0,2059.1
94529,16.7031,20.0,2059.1
94530,16.7031,20.0,2059.2
94531,16.7031,20.0,2059.2
94532,16.7031,20.0,2059.2
94533,16.7031,20.0,2059.2
94534,16.7031,20.0,2059.2
94535,16.7031,20.0,2059.2
94536,16.7031,20.0,2059.3
94537,16.7031,20.0,2059.3
94538,16.7031,20.0,2059.3
94539,16.7031,20.0,2059.3
94540,16.7031,20.0,2059.4
94541,16.6831,20.0,2059.4
94542,16.6831,20.0,2059.4
94543,16.6831,20.0,2059.4
94544,16.6831,20.0,2059.4
94545,16.6831,20.0,2059.5
94546,16.6831,20.0,2059.5
94547,16.6831,20.0,2059.5
94548,16.6831,20.0,2059.5
94549,16.6831,20.0,2059.5
94550,16.6831,20.0,2059.6
94551,16.6831,20.0,2059.6
94552,16.6831,20.0,2059.6
94553,16.6831,20.0,2059.6
94554,16.6831,20.0,2059.6
94555,16.6831,20.0,2059.7
94556,16.6831,20.0,2059.7
94557,16.6831,20.0,2059.7
94558,16.6831,20.0,2059.7
94559,16.6831,20.0,2059.8
94560,16.6831,20.0,2059.8
94561,16.6632,20.0,2059.8
94562,16.6632,20.0,2059.8
94563,16.6632,20.0,2059.9
94564,16.6632,20.0,2059.9
94565,16.6632,20.0,2059.9
94566,16.6632,20.0,2059.9
94567,16.6632,20.0,2060.0
94568,16.6632,20.0,2060.0
94569,16.6632,20.0,2060.0
94570,16.6632,20.0,2060.0
94571,16.6632,20.0,2060.1
94572,16.6632,20.0,2060.1
94573,16.6632,20.0,2060.1
94574,16.6632,20.0,2060.1
94575,16.6632,20.0,2060.1
94576,16.6632,20.0,2060.2
94577,16.6632,20.0,2060.2
94578,16.6632,20.0,2060.2
94579,16.6632,20.0,2060.2
94580,16.6632,20.0,2060.2
94581,16.6432,20.0,2060.3
94582,16.6432,20.0,2060.3
94583,16.6432,20.0,2060.3
94584,16.6432,20.0,2060.3
94585,16.6432,20.0,2060.4
94586,16.6432,20.0,2060.4
94587,16.6432,20.0,2060.4
94588,16.6432,20.0,2060.4
94589,16.6432,20.0,2060.4
94590,16.6432,20.0,2060.4
94591,16.6432,20.0,2060.5
94592,16.6432,20.0,2060.5
94593,16.6432,20.0,2060.5
94594,16.6432,20.0,2060.5
94595,16.6432,20.0,2060.5
94596,16.6432,20.0,2060.6
94597,16.6432,20.0,2060.6
94598,16.6432,20.0,2060.6
94599,16.6432,20.0,2060.6
94600,16.6432,20.0,2060.6
94601,16.6232,20.0,2060.7
94602,16.6232,20.0,2060.7
94603,16.6232,20.0,2060.7
94604,16.6232,20.0,2060.7
94605,16.6232,20.0,2060.7
94606,16.6232,20.0,2060.8
94607,16.6232,20.0,2060.8
94608,16.6232,20.0,2060.8
94609,16.6232,20.0,2060.8
94610,16.6232,20.0,2060.9
94611,16.6232,20.0,2060.9
94612,16.6232,20.0,2060.9
94613,16.6232,20.0,2060.9
94614,16.6232,20.0,2060.9
94615,16.6232,20.0,2060.9
94616,16.6232,20.0,2061.0
94617,16.6232,20.0,2061.0
94618,16.6232,20.0,2061.0
94619,16.6232,20.0,2061.0
94620,16.6232,20.0,2061.1
94621,16.6032,20.0,2061.1
94622,16.6032,20.0,2061.1
94623,16.6032,20.0,2061.1
94624,16.6032,20.0,2061.1
94625,16.6032,20.0,2061.2
94626,16.6032,20.0,2061.2
94627,16.6032,20.0,2061.2
94628,16.6032,20.0,2061.2
94629,16.6032,20.0,2061.2
94630,16.6032,20.0,2061.3
94631,16.6032,20.0,2061.3
94632,16.6032,20.0,2061.3
94633,16.6032,20.0,2061.3
94634,16.6032,20.0,2061.3
94635,16.6032,20.0,2061.4
94636,16.6032,20.0,2061.4
94637,16.6032,20.0,2061.4
94638,16.6032,20.0,2061.4
94639,16.6032,20.0,2061.4
94640,16.6032,20.0,2061.4
94641,16.5832,20.0,2061.5
94642,16.5832,20.0,2061.5
94643,16.5832,20.0,2061.5
94644,16.5832,20.0,2061.5
94645,16.5832,20.0,2061.6
94646,16.5832,20.0,2061.6
94647,16.5832,20.0,2061.6
94648,16.5832,20.0,2061.6
94649,16.5832,20.0,2061.6
94650,16.5832,20.0,2061.7
94651,16.5832,20.0,2061.7
94652,16.5832,20.0,2061.7
94653,16.5832,20.0,2061.7
94654,16.5832,20.0,2061.7
94655,16.5832,20.0,2061.8
94656,16.5832,20.0,2061.8
94657,16.5832,20.0,2061.8
94658,16.5832,20.0,2061.8
94659,16.5832,20.0,2061.8
94660,16.5832,20.0,2061.9
94661,16.5632,20.0,2061.9
94662,16.5632,20.0,2061.9
94663,16.5632,20.0,2061.9
94664,16.5632,20.0,2062.0
94665,16.5632,20.0,2062.0
94666,16.5632,20.0,2062.0
94667,16.5632,20.0,2062.0
94668,16.5632,20.0,2062.0
94669,16.5632,20.0,2062.1
94670,16.5632,20.0,2062.1
94671,16.5632,20.0,2062.1
94672,16.5632,20.0,2062.1
94673,16.5632,20.0,2062.2
94674,16.5632,20.0,2062.2
94675,16.5632,20.0,2062.2
94676,16.5632,20.0,2062.2
94677,16.5632,20.0,2062.2
94678,16.5632,20.0,2062.3
94679,16.5632,20.0,2062.3
94680,16.5632,20.0,2062.3
94681,16.5431,20.0,2062.3
94682,16.5431,20.0,2062.3
94683,16.5431,20.0,2062.4
94684,16.5431,20.0,2062.4
94685,16.5431,20.0,2062.4
94686,16.5431,20.0,2062.4
94687,16.5431,20.0,2062.4
94688,16.5431,20.0,2062.5
94689,16.5431,20.0,2062.5
94690,16.5431,20.0,2062.5
94691,16.5431,20.0,2062.5
94692,16.5431,20.0,2062.5
94693,16.5431,20.0,2062.5
94694,16.5431,20.0,2062.6
94695,16.5431,20.0,2062.6
94696,16.5431,20.0,2062.6
94697,16.5431,20.0,2062.6
94698,16.5431,20.0,2062.6
94699,16.5431,20.0,2062.7
94700,16.5431,20.0,2062.7
94701,16.5230,20.0,2062.7
94702,16.5230,20.0,2062.7
94703,16.5230,20.0,2062.7
94704,16.5230,20.0,2062.8
94705,16.5230,20.0,2062.8
94706,16.5230,20.0,2062.8
94707,16.5230,20.0,2062.8
94708,16.5230,20.0,2062.8
94709,16.5230,20.0,2062.9
94710,16.5230,20.0,2062.9
94711,16.5230,20.0,2062.9
94712,16.5230,20.0,2062.9
94713,16.5230,20.0,2062.9
94714,16.5230,20.0,2063.0
94715,16.5230,20.0,2063.0
94716,16.5230,20.0,2063.0
94717,16.5230,20.0,2063.0
94718,16.5230,20.0,2063.0
94719,16.5230,20.0,2063.0
94720,16.5230,20.0,2063.1
94721,16.5029,20.0,2063.3
94722,16.5029,20.0,2063.4
94723,16.5029,20.0,2063.4
94724,16.5029,20.0,2063.4
94725,16.5029,20.0,2063.4
94726,16.5029,20.0,2063.4
94727,16.5029,20.0,2063.4
94728,16.5029,20.0,2063.5
94729,16.5029,20.0,2063.5
94730,16.5029,20.0,2063.5
94731,16.5029,20.0,2063.5
94732,16.5029,20.0,2063.5
94733,16.5029,20.0,2063.6
94734,16.5029,20.0,2063.6
94735,16.5029,20.0,2063.6
94736,16.5029,20.0,2063.6
94737,16.5029,20.0,2063.6
94738,16.5029,20.0,2063.7
94739,16.5029,20.0,2063.7
94740,16.5029,20.0,2063.7
94741,16.4827,20.0,2063.7
94742,16.4827,20.0,2063.7
94743,16.4827,20.0,2063.8
94744,16.4827,20.0,2063.8
94745,16.4827,20.0,2063.8
94746,16.4827,20.0,2063.8
94747,16.4827,20.0,2063.8
94748,16.4827,20.0,2063.9
94749,16.4827,20.0,2063.9
94750,16.4827,20.0,2063.9
94751,16.4827,20.0,2063.9
94752,16.4827,20.0,2063.9
94753,16.4827,20.0,2064.0
94754,16.4827,20.0,2064.0
94755,16.4827,20.0,2064.0
94756,16.4827,20.0,2064.0
94757,16.4827,20.0,2064.0
94758,16.4827,20.0,2064.1
94759,16.4827,20.0,2064.1
94760,16.4827,20.0,2064.1
94761,16.4626,20.0,2064.1
94762,16.4626,20.0,2064.1
94763,16.4626,20.0,2064.2
94764,16.4626,20.0,2064.2
94765,16.4626,20.0,2064.2
94766,16.4626,20.0,2064.2
94767,16.4626,20.0,2064.2
94768,16.4626,20.0,2064.3
94769,16.4626,20.0,2064.3
94770,16.4626,20.0,2064.3
94771,16.4626,20.0,2064.3
94772,16.4626,20.0,2064.4
94773,16.4626,20.0,2064.4
94774,16.4626,20.0,2064.4
94775,16.4626,20.0,2064.4
94776,16.4626,20.0,2064.4
94777,16.4626,20.0,2064.5
94778,16.4626,20.0,2064.5
94779,16.4626,20.0,2064.5
94780,16.4626,20.0,2064.5
94781,16.4425,20.0,2064.5
94782,16.4425,20.0,2064.6
94783,16.4425,20.0,2064.6
94784,16.4425,20.0,2064.6
94785,16.4425,20.0,2064.6
94786,16.4425,20.0,2064.6
94787,16.4425,20.0,2064.7
94788,16.4425,20.0,2064.7
94789,16.4425,20.0,2064.7
94790,16.4425,20.0,2064.7
94791,16.4425,20.0,2064.7
94792,16.4425,20.0,2064.7
94793,16.4425,20.0,2064.8
94794,16.4425,20.0,2064.8
94795,16.4425,20.0,2064.8
94796,16.4425,20.0,2064.8
94797,16.4425,20.0,2064.8
94798,16.4425,20.0,2064.9
94799,16.4425,20.0,2064.9
94800,16.4425,20.0,2064.9
94801,16.4224,20.0,2064.9
94802,16.4224,20.0,2064.9
94803,16.4224,20.0,2065.0
94804,16.4224,20.0,2065.0
94805,16.4224,20.0,2065.0
94806,16.4224,20.0,2065.0
94807,16.4224,20.0,2065.0
94808,16.4224,20.0,2065.1
94809,16.4224,20.0,2065.1
94810,16.4224,20.0,2065.1
94811,16.4224,20.0,2065.1
94812,16.4224,20.0,2065.1
94813,16.4224,20.0,2065.2
94814,16.4224,20.0,2065.2
94815,16.4224,20.0,2065.2
94816,16.4224,20.0,2065.2
94817,16.4224,20.0,2065.2
94818,16.4224,20.0,2065.3
94819,16.4224,20.0,2065.3
94820,16.4224,20.0,2065.3
94821,16.4022,20.0,2065.3
94822,16.4022,20.0,2065.3
94823,16.4022,20.0,2065.4
94824,16.4022,20.0,2065.4
94825,16.4022,20.0,2065.4
94826,16.4022,20.0,2065.4
94827,16.4022,20.0,2065.4
94828,16.4022,20.0,2065.5
94829,16.4022,20.0,2065.5
94830,16.4022,20.0,2065.5
94831,16.4022,20.0,2065.5
94832,16.4022,20.0,2065.5
94833,16.4022,20.0,2065.6
94834,16.4022,20.0,2065.6
94835,16.4022,20.0,2065.6
94836,16.4022,20.0,2065.6
94837,16.4022,20.0,2065.6
94838,16.4022,20.0,2065.6
94839,16.4022,20.0,2065.7
94840,16.4022,20.0,2065.7
94841,16.3821,20.0,2065.7
94842,16.3821,20.0,2065.7
94843,16.3821,20.0,2065.7
94844,16.3821,20.0,2065.7
94845,16.3821,20.0,2065.8
94846,16.3821,20.0,2065.8
94847,16.3821,20.0,2065.8
94848,16.3821,20.0,2065.8
94849,16.3821,20.0,2065.8
94850,16.3821,20.0,2065.9
94851,16.3821,20.0,2065.9
94852,16.3821,20.0,2065.9
94853,16.3821,20.0,2065.9
94854,16.3821,20.0,2065.9
94855,16.3821,20.0,2066.0
94856,16.3821,20.0,2066.0
94857,16.3821,20.0,2066.0
94858,16.3821,20.0,2066.0
94859,16.3821,20.0,2066.0
94860,16.3821,20.0,2066.1
94861,16.3620,20.0,2066.1
94862,16.3620,20.0,2066.1
94863,16.3620,20.0,2066.1
94864,16.3620,20.0,2066.2
94865,16.3620,20.0,2066.2
94866,16.3620,20.0,2066.2
94867,16.3620,20.0,2066.2
94868,16.3620,20.0,2066.2
94869,16.3620,20.0,2066.3
94870,16.3620,20.0,2066.3
94871,16.3620,20.0,2066.3
94872,16.3620,20.0,2066.3
94873,16.3620,20.0,2066.4
94874,16.3620,20.0,2066.4
94875,16.3620,20.0,2066.4
94876,16.3620,20.0,2066.4
94877,16.3620,20.0,2066.4
94878,16.3620,20.0,2066.5
94879,16.3620,20.0,2066.5
94880,16.3620,20.0,2066.5
94881,16.3418,20.0,2066.5
94882,16.3418,20.0,2066.5
94883,16.3418,20.0,2066.6
94884,16.3418,20.0,2066.6
94885,16.3418,20.0,2066.6
94886,16.3418,20.0,2066.6
94887,16.3418,20.0,2066.6
94888,16.3418,20.0,2066.7
94889,16.3418,20.0,2066.7
94890,16.3418,20.0,2066.7
94891,16.3418,20.0,2066.7
94892,16.3418,20.0,2066.7
94893,16.3418,20.0,2066.8
94894,16.3418,20.0,2066.8
94895,16.3418,20.0,2066.8
94896,16.3418,20.0,2066.8
94897,16.3418,20.0,2066.8
94898,16.3418,20.0,2066.9
94899,16.3418,20.0,2066.9
94900,16.3418,20.0,2066.9
94901,16.3217,20.0,2066.9
94902,16.3217,20.0,2066.9
94903,16.3217,20.0,2067.0
94904,16.3217,20.0,2067.0
94905,16.3217,20.0,2067.0
94906,16.3217,20.0,2067.0
94907,16.3217,20.0,2067.0
94908,16.3217,20.0,2067.1
94909,16.3217,20.0,2067.1
94910,16.3217,20.0,2067.1
94911,16.3217,20.0,2067.1
94912,16.3217,20.0,2067.1
94913,16.3217,20.0,2067.1
94914,16.3217,20.0,2067.2
94915,16.3217,20.0,2067.2
94916,16.3217,20.0,2067.2
94917,16.3217,20.0,2067.2
94918,16.3217,20.0,2067.2
94919,16.3217,20.0,2067.3
94920,16.3217,20.0,2067.3
94921,16.3016,20.0,2067.3
94922,16.3016,20.0,2067.3
94923,16.3016,20.0,2067.3
94924,16.3016,20.0,2067.4
94925,16.3016,20.0,2067.4
94926,16.3016,20.0,2067.4
94927,16.3016,20.0,2067.4
94928,16.3016,20.0,2067.4
94929,16.3016,20.0,2067.5
94930,16.3016,20.0,2067.5
94931,16.3016,20.0,2067.5
94932,16.3016,20.0,2067.5
94933,16.3016,20.0,2067.5
94934,16.3016,20.0,2067.6
94935,16.3016,20.0,2067.6
94936,16.3016,20.0,2067.6
94937,16.3016,20.0,2067.6
94938,16.3016,20.0,2067.6
94939,16.3016,20.0,2067.7
94940,16.3016,20.0,2067.7
94941,16.2815,20.0,2067.7
94942,16.2815,20.0,2067.7
94943,16.2815,20.0,2067.7
94944,16.2815,20.0,2067.8
94945,16.2815,20.0,2067.8
94946,16.2815,20.0,2067.8
94947,16.2815,20.0,2067.8
94948,16.2815,20.0,2067.8
94949,16.2815,20.0,2067.9
94950,16.2815,20.0,2067.9
94951,16.2815,20.0,2067.9
94952,16.2815,20.0,2067.9
94953,16.2815,20.0,2067.9
94954,16.2815,20.0,2068.0
94955,16.2815,20.0,2068.0
94956,16.2815,20.0,2068.0
94957,16.2815,20.0,2068.0
94958,16.2815,20.0,2068.0
94959,16.2815,20.0,2068.1
94960,16.2815,20.0,2068.1
94961,16.2613,20.0,2068.1
94962,16.2613,20.0,2068.1
94963,16.2613,20.0,2068.1
94964,16.2613,20.0,2068.2
94965,16.2613,20.0,2068.2
94966,16.2613,20.0,2068.2
94967,16.2613,20.0,2068.2
94968,16.2613,20.0,2068.2
94969,16.2613,20.0,2068.3
94970,16.2613,20.0,2068.3
94971,16.2613,20.0,2068.3
94972,16.2613,20.0,2068.3
94973,16.2613,20.0,2068.3
94974,16.2613,20.0,2068.4
94975,16.2613,20.0,2068.4
94976,16.2613,20.0,2068.4
94977,16.2613,20.0,2068.4
94978,16.2613,20.0,2068.4
94979,16.2613,20.0,2068.5
94980,16.2613,20.0,2068.5
94981,16.2412,20.0,2068.5
94982,16.2412,20.0,2068.5
94983,16.2412,20.0,2068.6
94984,16.2412,20.0,2068.6
94985,16.2412,20.0,2068.6
94986,16.2412,20.0,2068.6
94987,16.2412,20.0,2068.6
94988,16.2412,20.0,2068.7
94989,16.2412,20.0,2068.7
94990,16.2412,20.0,2068.7
94991,16.2412,20.0,2068.7
94992,16.2412,20.0,2068.7
94993,16.2412,20.0,2068.8
94994,16.2412,20.0,2068.8
94995,16.2412,20.0,2068.8
94996,16.2412,20.0,2068.8
94997,16.2412,20.0,2068.8
94998,16.2412,20.0,2068.9
94999,16.2412,20.0,2068.9
95000,16.2412,20.0,2068.9
95001,16.2211,20.0,2068.9
95002,16.2211,20.0,2068.9
95003,16.2211,20.0,2069.0
95004,16.2211,20.0,2069.0
95005,16.2211,20.0,2069.0
95006,16.2211,20.0,2069.0
95007,16.2211,20.0,2069.0
95008,16.2211,20.0,2069.0
95009,16.2211,20.0,2069.1
95010,16.2211,20.0,2069.1
95011,16.2211,20.0,2069.1
95012,16.2211,20.0,2069.1
95013,16.2211,20.0,2069.2
95014,16.2211,20.0,2069.2
95015,16.2211,20.0,2069.2
95016,16.2211,20.0,2069.2
95017,16.2211,20.0,2069.2
95018,16.2211,20.0,2069.2
95019,16.2211,20.0,2069.3
95020,16.2211,20.0,2069.3
95021,16.2010,20.0,2069.3
95022,16.2010,20.0,2069.3
95023,16.2010,20.0,2069.4
95024,16.2010,20.0,2069.4
95025,16.2010,20.0,2069.4
95026,16.2010,20.0,2069.4
95027,16.2010,20.0,2069.4
95028,16.2010,20.0,2069.5
95029,16.2010,20.0,2069.5
95030,16.2010,20.0,2069.5
95031,16.2010,20.0,2069.5
95032,16.2010,20.0,2069.5
95033,16.2010,20.0,2069.6
95034,16.2010,20.0,2069.6
95035,16.2010,20.0,2069.6
95036,16.2010,20.0,2069.6
95037,16.2010,20.0,2069.6
95038,16.2010,20.0,2069.7
95039,16.2010,20.0,2069.7
95040,16.2010,20.0,2069.7
95041,16.1808,20.0,2069.7
95042,16.1808,20.0,2069.7
95043,16.1808,20.0,2069.7
95044,16.1808,20.0,2069.8
95045,16.1808,20.0,2069.8
95046,16.1808,20.0,2069.8
95047,16.1808,20.0,2069.8
95048,16.1808,20.0,2069.8
95049,16.1808,20.0,2069.9
95050,16.1808,20.0,2069.9
95051,16.1808,20.0,2069.9
95052,16.1808,20.0,2069.9
95053,16.1808,20.0,2069.9
95054,16.1808,20.0,2070.0
95055,16.1808,20.0,2070.0
95056,16.1808,20.0,2070.0
95057,16.1808,20.0,2070.0
95058,16.1808,20.0,2070.0
95059,16.1808,20.0,2070.1
95060,16.1808,20.0,2070.1
95061,16.1607,20.0,2070.1
95062,16.1607,20.0,2070.1
95063,16.1607,20.0,2070.1
95064,16.1607,20.0,2070.2
95065,16.1607,20.0,2070.2
95066,16.1607,20.0,2070.2
95067,16.1607,20.0,2070.2
95068,16.1607,20.0,2070.2
95069,16.1607,20.0,2070.3
95070,16.1607,20.0,2070.3
95071,16.1607,20.0,2070.3
95072,16.1607,20.0,2070.3
95073,16.1607,20.0,2070.3
95074,16.1607,20.0,2070.4
95075,16.1607,20.0,2070.4
95076,16.1607,20.0,2070.4
95077,16.1607,20.0,2070.4
95078,16.1607,20.0,2070.4
95079,16.1607,20.0,2070.5
95080,16.1607,20.0,2070.5
95081,16.1406,20.0,2070.5
95082,16.1406,20.0,2070.5
95083,16.1406,20.0,2070.6
95084,16.1406,20.0,2070.6
95085,16.1406,20.0,2070.6
95086,16.1406,20.0,2070.6
95087,16.1406,20.0,2070.6
95088,16.1406,20.0,2070.7
95089,16.1406,20.0,2070.7
95090,16.1406,20.0,2070.7
95091,16.1406,20.0,2070.7
95092,16.1406,20.0,2070.7
95093,16.1406,20.0,2070.8
95094,16.1406,20.0,2070.8
95095,16.1406,20.0,2070.8
95096,16.1406,20.0,2070.8
95097,16.1406,20.0,2070.8
95098,16.1406,20.0,2070.9
95099,16.1406,20.0,2070.9
95100,16.1406,20.0,2070.9
95101,16.1205,20.0,2070.9
95102,16.1205,20.0,2070.9
95103,16.1205,20.0,2071.0
95104,16.1205,20.0,2071.0
95105,16.1205,20.0,2071.0
95106,16.1205,20.0,2071.0
95107,16.1205,20.0,2071.0
95108,16.1205,20.0,2071.1
95109,16.1205,20.0,2071.1
95110,16.1205,20.0,2071.1
95111,16.1205,20.0,2071.1
95112,16.1205,20.0,2071.2
95113,16.1205,20.0,2071.2
95114,16.1205,20.0,2071.2
95115,16.1205,20.0,2071.2
95116,16.1205,20.0,2071.2
95117,16.1205,20.0,2071.3
95118,16.1205,20.0,2071.3
95119,16.1205,20.0,2071.3
95120,16.1205,20.0,2071.3
95121,16.1003,20.0,2071.3
95122,16.1003,20.0,2071.4
95123,16.1003,20.0,2071.4
95124,16.1003,20.0,2071.4
95125,16.1003,20.0,2071.4
95126,16.1003,20.0,2071.4
95127,16.1003,20.0,2071.5
95128,16.1003,20.0,2071.5
95129,16.1003,20.0,2071.5
95130,16.1003,20.0,2071.5
95131,16.1003,20.0,2071.5
95132,16.1003,20.0,2071.5
95133,16.1003,20.0,2071.5
95134,16.1003,20.0,2071.6
95135,16.1003,20.0,2071.6
95136,16.1003,20.0,2071.6
95137,16.1003,20.0,2071.6
95138,16.1003,20.0,2071.6
95139,16.1003,20.0,2071.7
95140,16.1003,20.0,2071.7
95141,16.0802,20.0,2071.7
95142,16.0802,20.0,2071.7
95143,16.0802,20.0,2071.7
95144,16.0802,20.0,2071.8
95145,16.0802,20.0,2071.8
95146,16.0802,20.0,2071.8
95147,16.0802,20.0,2071.8
95148,16.0802,20.0,2071.8
95149,16.0802,20.0,2071.8
95150,16.0802,20.0,2071.9
95151,16.0802,20.0,2071.9
95152,16.0802,20.0,2071.9
95153,16.0802,20.0,2071.9
95154,16.0802,20.0,2071.9
95155,16.0802,20.0,2072.0
95156,16.0802,20.0,2072.0
95157,16.0802,20.0,2072.0
95158,16.0802,20.0,2072.0
95159,16.0802,20.0,2072.0
95160,16.0802,20.0,2072.1
95161,16.0601,20.0,2072.1
95162,16.0601,20.0,2072.1
95163,16.0601,20.0,2072.1
95164,16.0601,20.0,2072.1
95165,16.0601,20.0,2072.2
95166,16.0601,20.0,2072.2
95167,16.0601,20.0,2072.2
95168,16.0601,20.0,2072.2
95169,16.0601,20.0,2072.2
95170,16.0601,20.0,2072.3
95171,16.0601,20.0,2072.3
95172,16.0601,20.0,2072.3
95173,16.0601,20.0,2072.3
95174,16.0601,20.0,2072.3
95175,16.0601,20.0,2072.4
95176,16.0601,20.0,2072.4
95177,16.0601,20.0,2072.4
95178,16.0601,20.0,2072.4
95179,16.0601,20.0,2072.4
95180,16.0601,20.0,2072.5
95181,16.0400,20.0,2072.5
95182,16.0400,20.0,2072.5
95183,16.0400,20.0,2072.5
95184,16.0400,20.0,2072.5
95185,16.0400,20.0,2072.6
95186,16.0400,20.0,2072.6
95187,16.0400,20.0,2072.6
95188,16.0400,20.0,2072.6
95189,16.0400,20.0,2072.6
95190,16.0400,20.0,2072.7
95191,16.0400,20.0,2072.7
95192,16.0400,20.0,2072.7
95193,16.0400,20.0,2072.7
95194,16.0400,20.0,2072.7
95195,16.0400,20.0,2072.8
95196,16.0400,20.0,2072.8
95197,16.0400,20.0,2072.8
95198,16.0400,20.0,2072.8
95199,16.0400,20.0,2072.8
95200,16.0400,20.0,2072.8
95201,16.0399,20.0,2072.9
95202,16.0399,20.0,2072.9
95203,16.0399,20.0,2072.9
95204,16.0399,20.0,2072.9
95205,16.0399,20.0,2072.9
95206,16.0399,20.0,2072.9
95207,16.0399,20.0,2073.0
95208,16.0399,20.0,2073.0
95209,16.0399,20.0,2073.0
95210,16.0399,20.0,2073.0
95211,16.0399,20.0,2073.1
95212,16.0399,20.0,2073.1
95213,16.0399,20.0,2073.1
95214,16.0399,20.0,2073.1
95215,16.0399,20.0,2073.1
95216,16.0399,20.0,2073.2
95217,16.0399,20.0,2073.2
95218,16.0399,20.0,2073.2
95219,16.0399,20.0,2073.2
95220,16.0399,20.0,2073.3
95221,16.0398,20.0,2073.3
95222,16.0398,20.0,2073.3
95223,16.0398,20.0,2073.3
95224,16.0398,20.0,2073.3
95225,16.0398,20.0,2073.3
95226,16.0398,20.0,2073.4
95227,16.0398,20.0,2073.4
95228,16.0398,20.0,2073.4
95229,16.0398,20.0,2073.4
95230,16.0398,20.0,2073.4
95231,16.0398,20.0,2073.5
95232,16.0398,20.0,2073.5
95233,16.0398,20.0,2073.7
95234,16.0398,20.0,2073.7
95235,16.0398,20.0,2073.8
95236,16.0398,20.0,2073.8
95237,16.0398,20.0,2073.8
95238,16.0398,20.0,2073.8
95239,16.0398,20.0,2073.9
95240,16.0398,20.0,2073.9
95241,16.0198,20.0,2073.9
95242,16.0198,20.0,2073.9
95243,16.0198,20.0,2073.9
95244,16.0198,20.0,2073.9
95245,16.0198,20.0,2074.0
95246,16.0198,20.0,2074.0
95247,16.0198,20.0,2074.0
95248,16.0198,20.0,2074.0
95249,16.0198,20.0,2074.0
95250,16.0198,20.0,2074.1
95251,16.0198,20.0,2074.1
95252,16.0198,20.0,2074.1
95253,16.0198,20.0,2074.1
95254,16.0198,20.0,2074.2
95255,16.0198,20.0,2074.2
95256,16.0198,20.0,2074.2
95257,16.0198,20.0,2074.2
95258,16.0198,20.0,2074.2
95259,16.0198,20.0,2074.3
95260,16.0198,20.0,2074.3
95261,15.9997,20.0,2074.3
95262,15.9997,20.0,2074.3
95263,15.9997,20.0,2074.3
95264,15.9997,20.0,2074.3
95265,15.9997,20.0,2074.4
95266,15.9997,20.0,2074.4
95267,15.9997,20.0,2074.4
95268,15.9997,20.0,2074.4
95269,15.9997,20.0,2074.5
95270,15.9997,20.0,2074.5
95271,15.9997,20.0,2074.5
95272,15.9997,20.0,2074.5
95273,15.9997,20.0,2074.5
95274,15.9997,20.0,2074.6
95275,15.9997,20.0,2074.6
95276,15.9997,20.0,2074.6
95277,15.9997,20.0,2074.6
95278,15.9997,20.0,2074.6
95279,15.9997,20.0,2074.7
95280,15.9997,20.0,2074.7
95281,15.9796,20.0,2074.7
95282,15.9796,20.0,2074.7
95283,15.9796,20.0,2074.8
95284,15.9796,20.0,2074.8
95285,15.9796,20.0,2074.8
95286,15.9796,20.0,2074.8
95287,15.9796,20.0,2074.8
95288,15.9796,20.0,2074.9
95289,15.9796,20.0,2074.9
95290,15.9796,20.0,2074.9
95291,15.9796,20.0,2074.9
95292,15.9796,20.0,2074.9
95293,15.9796,20.0,2075.0
95294,15.9796,20.0,2075.0
95295,15.9796,20.0,2075.0
95296,15.9796,20.0,2075.0
95297,15.9796,20.0,2075.0
95298,15.9796,20.0,2075.1
95299,15.9796,20.0,2075.1
95300,15.9796,20.0,2075.1
95301,15.9596,20.0,2075.1
95302,15.9596,20.0,2075.1
95303,15.9596,20.0,2075.2
95304,15.9596,20.0,2075.2
95305,15.9596,20.0,2075.2
95306,15.9596,20.0,2075.2
95307,15.9596,20.0,2075.3
95308,15.9596,20.0,2075.3
95309,15.9596,20.0,2075.3
95310,15.9596,20.0,2075.3
95311,15.9596,20.0,2075.3
95312,15.9596,20.0,2075.4
95313,15.9596,20.0,2075.4
95314,15.9596,20.0,2075.4
95315,15.9596,20.0,2075.4
95316,15.9596,20.0,2075.4
95317,15.9596,20.0,2075.5
95318,15.9596,20.0,2075.5
95319,15.9596,20.0,2075.5
95320,15.9596,20.0,2075.5
95321,15.9395,20.0,2075.5
95322,15.9395,20.0,2075.6
95323,15.9395,20.0,2075.6
95324,15.9395,20.0,2075.6
95325,15.9395,20.0,2075.6
95326,15.9395,20.0,2075.6
95327,15.9395,20.0,2075.7
95328,15.9395,20.0,2075.7
95329,15.9395,20.0,2075.7
95330,15.9395,20.0,2075.7
95331,15.9395,20.0,2075.7
95332,15.9395,20.0,2075.7
95333,15.9395,20.0,2075.8
95334,15.9395,20.0,2075.8
95335,15.9395,20.0,2075.8
95336,15.9395,20.0,2075.8
95337,15.9395,20.0,2075.9
95338,15.9395,20.0,2075.9
95339,15.9395,20.0,2075.9
95340,15.9395,20.0,2075.9
95341,15.9195,20.0,2075.9
95342,15.9195,20.0,2075.9
95343,15.9195,20.0,2076.0
95344,15.9195,20.0,2076.0
95345,15.9195,20.0,2076.0
95346,15.9195,20.0,2076.0
95347,15.9195,20.0,2076.0
95348,15.9195,20.0,2076.1
95349,15.9195,20.0,2076.1
95350,15.9195,20.0,2076.1
95351,15.9195,20.0,2076.1
95352,15.9195,20.0,2076.1
95353,15.9195,20.0,2076.2
95354,15.9195,20.0,2076.2
95355,15.9195,20.0,2076.2
95356,15.9195,20.0,2076.2
95357,15.9195,20.0,2076.2
95358,15.9195,20.0,2076.3
95359,15.9195,20.0,2076.3
95360,15.9195,20.0,2076.3
95361,15.8994,20.0,2076.3
95362,15.8994,20.0,2076.3
95363,15.8994,20.0,2076.4
95364,15.8994,20.0,2076.4
95365,15.8994,20.0,2076.4
95366,15.8994,20.0,2076.4
95367,15.8994,20.0,2076.4
95368,15.8994,20.0,2076.5
95369,15.8994,20.0,2076.5
95370,15.8994,20.0,2076.5
95371,15.8994,20.0,2076.5
95372,15.8994,20.0,2076.5
95373,15.8994,20.0,2076.5
95374,15.8994,20.0,2076.5
95375,15.8994,20.0,2076.6
95376,15.8994,20.0,2076.6
95377,15.8994,20.0,2076.6
95378,15.8994,20.0,2076.6
95379,15.8994,20.0,2076.7
95380,15.8994,20.0,2076.7
95381,15.8793,20.0,2076.7
95382,15.8793,20.0,2076.7
95383,15.8793,20.0,2076.7
95384,15.8793,20.0,2076.8
95385,15.8793,20.0,2076.8
95386,15.8793,20.0,2076.8
95387,15.8793,20.0,2076.8
95388,15.8793,20.0,2076.8
95389,15.8793,20.0,2076.9
95390,15.8793,20.0,2076.9
95391,15.8793,20.0,2076.9
95392,15.8793,20.0,2076.9
95393,15.8793,20.0,2076.9
95394,15.8793,20.0,2077.0
95395,15.8793,20.0,2077.0
95396,15.8793,20.0,2077.0
95397,15.8793,20.0,2077.0
95398,15.8793,20.0,2077.0
95399,15.8793,20.0,2077.0
95400,15.8793,20.0,2077.1
95401,15.8593,20.0,2077.1
95402,15.8593,20.0,2077.1
95403,15.8593,20.0,2077.1
95404,15.8593,20.0,2077.1
95405,15.8593,20.0,2077.2
95406,15.8593,20.0,2077.2
95407,15.8593,20.0,2077.2
95408,15.8593,20.0,2077.2
95409,15.8593,20.0,2077.3
95410,15.8593,20.0,2077.3
95411,15.8593,20.0,2077.3
95412,15.8593,20.0,2077.3
95413,15.8593,20.0,2077.3
95414,15.8593,20.0,2077.4
95415,15.8593,20.0,2077.4
95416,15.8593,20.0,2077.4
95417,15.8593,20.0,2077.4
95418,15.8593,20.0,2077.4
95419,15.8593,20.0,2077.5
95420,15.8593,20.0,2077.5
95421,15.8392,20.0,2077.5
95422,15.8392,20.0,2077.5
95423,15.8392,20.0,2077.6
95424,15.8392,20.0,2077.6
95425,15.8392,20.0,2077.6
95426,15.8392,20.0,2077.6
95427,15.8392,20.0,2077.6
95428,15.8392,20.0,2077.7
95429,15.8392,20.0,2077.7
95430,15.8392,20.0,2077.7
95431,15.8392,20.0,2077.7
95432,15.8392,20.0,2077.8
95433,15.8392,20.0,2077.8
95434,15.8392,20.0,2077.8
95435,15.8392,20.0,2077.8
95436,15.8392,20.0,2077.8
95437,15.8392,20.0,2077.9
95438,15.8392,20.0,2077.9
95439,15.8392,20.0,2077.9
95440,15.8392,20.0,2077.9
95441,15.8192,20.0,2077.9
95442,15.8192,20.0,2078.0
95443,15.8192,20.0,2078.0
95444,15.8192,20.0,2078.0
95445,15.8192,20.0,2078.0
95446,15.8192,20.0,2078.0
95447,15.8192,20.0,2078.0
95448,15.8192,20.0,2078.1
95449,15.8192,20.0,2078.1
95450,15.8192,20.0,2078.1
95451,15.8192,20.0,2078.1
95452,15.8192,20.0,2078.1
95453,15.8192,20.0,2078.2
95454,15.8192,20.0,2078.2
95455,15.8192,20.0,2078.2
95456,15.8192,20.0,2078.2
95457,15.8192,20.0,2078.2
95458,15.8192,20.0,2078.2
95459,15.8192,20.0,2078.3
95460,15.8192,20.0,2078.3
95461,15.7991,20.0,2078.3
95462,15.7991,20.0,2078.3
95463,15.7991,20.0,2078.4
95464,15.7991,20.0,2078.4
95465,15.7991,20.0,2078.4
95466,15.7991,20.0,2078.4
95467,15.7991,20.0,2078.4
95468,15.7991,20.0,2078.5
95469,15.7991,20.0,2078.5
95470,15.7991,20.0,2078.5
95471,15.7991,20.0,2078.5
95472,15.7991,20.0,2078.5
95473,15.7991,20.0,2078.6
95474,15.7991,20.0,2078.6
95475,15.7991,20.0,2078.6
95476,15.7991,20.0,2078.6
95477,15.7991,20.0,2078.6
95478,15.7991,20.0,2078.7
95479,15.7991,20.0,2078.7
95480,15.7991,20.0,2078.7
95481,15.7790,20.0,2078.7
95482,15.7790,20.0,2078.7
95483,15.7790,20.0,2078.7
95484,15.7790,20.0,2078.8
95485,15.7790,20.0,2078.8
95486,15.7790,20.0,2078.8
95487,15.7790,20.0,2078.8
95488,15.7790,20.0,2078.9
95489,15.7790,20.0,2078.9
95490,15.7790,20.0,2078.9
95491,15.7790,20.0,2078.9
95492,15.7790,20.0,2078.9
95493,15.7790,20.0,2079.0
95494,15.7790,20.0,2079.0
95495,15.7790,20.0,2079.0
95496,15.7790,20.0,2079.0
95497,15.7790,20.0,2079.0
95498,15.7790,20.0,2079.0
95499,15.7790,20.0,2079.1
95500,15.7790,20.0,2079.1
95501,15.7590,20.0,2079.1
95502,15.7590,20.0,2079.1
95503,15.7590,20.0,2079.2
95504,15.7590,20.0,2079.2
95505,15.7590,20.0,2079.2
95506,15.7590,20.0,2079.2
95507,15.7590,20.0,2079.3
95508,15.7590,20.0,2079.3
95509,15.7590,20.0,2079.3
95510,15.7590,20.0,2079.3
95511,15.7590,20.0,2079.3
95512,15.7590,20.0,2079.4
95513,15.7590,20.0,2079.4
95514,15.7590,20.0,2079.4
95515,15.7590,20.0,2079.4
95516,15.7590,20.0,2079.5
95517,15.7590,20.0,2079.5
95518,15.7590,20.0,2079.5
95519,15.7590,20.0,2079.5
95520,15.7590,20.0,2079.5
95521,15.7389,20.0,2079.6
95522,15.7389,20.0,2079.6
95523,15.7389,20.0,2079.6
95524,15.7389,20.0,2079.6
95525,15.7389,20.0,2079.6
95526,15.7389,20.0,2079.7
95527,15.7389,20.0,2079.7
95528,15.7389,20.0,2079.7
95529,15.7389,20.0,2079.7
95530,15.7389,20.0,2079.7
95531,15.7389,20.0,2079.7
95532,15.7389,20.0,2079.8
95533,15.7389,20.0,2079.8
95534,15.7389,20.0,2079.8
95535,15.7389,20.0,2079.8
95536,15.7389,20.0,2079.9
95537,15.7389,20.0,2079.9
95538,15.7389,20.0,2079.9
95539,15.7389,20.0,2079.9
95540,15.7389,20.0,2079.9
95541,15.7189,20.0,2080.0
95542,15.7189,20.0,2080.0
95543,15.7189,20.0,2080.0
95544,15.7189,20.0,2080.0
95545,15.7189,20.0,2080.0
95546,15.7189,20.0,2080.1
95547,15.7189,20.0,2080.1
95548,15.7189,20.0,2080.1
95549,15.7189,20.0,2080.1
95550,15.7189,20.0,2080.1
95551,15.7189,20.0,2080.2
95552,15.7189,20.0,2080.2
95553,15.7189,20.0,2080.2
95554,15.7189,20.0,2080.2
95555,15.7189,20.0,2080.3
95556,15.7189,20.0,2080.3
95557,15.7189,20.0,2080.3
95558,15.7189,20.0,2080.3
95559,15.7189,20.0,2080.3
95560,15.7189,20.0,2080.3
95561,15.6988,20.0,2080.4
95562,15.6988,20.0,2080.4
95563,15.6988,20.0,2080.4
95564,15.6988,20.0,2080.4
95565,15.6988,20.0,2080.4
95566,15.6988,20.0,2080.5
95567,15.6988,20.0,2080.5
95568,15.6988,20.0,2080.5
95569,15.6988,20.0,2080.5
95570,15.6988,20.0,2080.5
95571,15.6988,20.0,2080.6
95572,15.6988,20.0,2080.6
95573,15.6988,20.0,2080.6
95574,15.6988,20.0,2080.6
95575,15.6988,20.0,2080.6
95576,15.6988,20.0,2080.7
95577,15.6988,20.0,2080.7
95578,15.6988,20.0,2080.7
95579,15.6988,20.0,2080.7
95580,15.6988,20.0,2080.7
95581,15.6787,20.0,2080.8
95582,15.6787,20.0,2080.8
95583,15.6787,20.0,2080.8
95584,15.6787,20.0,2080.8
95585,15.6787,20.0,2080.8
95586,15.6787,20.0,2080.8
95587,15.6787,20.0,2080.9
95588,15.6787,20.0,2080.9
95589,15.6787,20.0,2080.9
95590,15.6787,20.0,2080.9
95591,15.6787,20.0,2081.0
95592,15.6787,20.0,2081.0
95593,15.6787,20.0,2081.0
95594,15.6787,20.0,2081.0
95595,15.6787,20.0,2081.0
95596,15.6787,20.0,2081.1
95597,15.6787,20.0,2081.1
95598,15.6787,20.0,2081.1
95599,15.6787,20.0,2081.1
95600,15.6787,20.0,2081.2
95601,15.6587,20.0,2081.2
95602,15.6587,20.0,2081.2
95603,15.6587,20.0,2081.2
95604,15.6587,20.0,2081.2
95605,15.6587,20.0,2081.3
95606,15.6587,20.0,2081.3
95607,15.6587,20.0,2081.3
95608,15.6587,20.0,2081.3
95609,15.6587,20.0,2081.3
95610,15.6587,20.0,2081.3
95611,15.6587,20.0,2081.4
95612,15.6587,20.0,2081.4
95613,15.6587,20.0,2081.4
95614,15.6587,20.0,2081.4
95615,15.6587,20.0,2081.4
95616,15.6587,20.0,2081.4
95617,15.6587,20.0,2081.5
95618,15.6587,20.0,2081.5
95619,15.6587,20.0,2081.5
95620,15.6587,20.0,2081.5
95621,15.6386,20.0,2081.5
95622,15.6386,20.0,2081.6
95623,15.6386,20.0,2081.6
95624,15.6386,20.0,2081.6
95625,15.6386,20.0,2081.6
95626,15.6386,20.0,2081.7
95627,15.6386,20.0,2081.7
95628,15.6386,20.0,2081.7
95629,15.6386,20.0,2081.7
95630,15.6386,20.0,2081.7
95631,15.6386,20.0,2081.8
95632,15.6386,20.0,2081.8
95633,15.6386,20.0,2081.8
95634,15.6386,20.0,2081.8
95635,15.6386,20.0,2081.8
95636,15.6386,20.0,2081.9
95637,15.6386,20.0,2081.9
95638,15.6386,20.0,2081.9
95639,15.6386,20.0,2081.9
95640,15.6386,20.0,2081.9
95641,15.6186,20.0,2082.0
95642,15.6186,20.0,2082.0
95643,15.6186,20.0,2082.0
95644,15.6186,20.0,2082.0
95645,15.6186,20.0,2082.0
95646,15.6186,20.0,2082.0
95647,15.6186,20.0,2082.1
95648,15.6186,20.0,2082.1
95649,15.6186,20.0,2082.1
95650,15.6186,20.0,2082.1
95651,15.6186,20.0,2082.2
95652,15.6186,20.0,2082.2
95653,15.6186,20.0,2082.2
95654,15.6186,20.0,2082.2
95655,15.6186,20.0,2082.3
95656,15.6186,20.0,2082.3
95657,15.6186,20.0,2082.3
95658,15.6186,20.0,2082.3
95659,15.6186,20.0,2082.3
95660,15.6186,20.0,2082.4
95661,15.5985,20.0,2082.4
95662,15.5985,20.0,2082.4
95663,15.5985,20.0,2082.4
95664,15.5985,20.0,2082.4
95665,15.5985,20.0,2082.5
95666,15.5985,20.0,2082.5
95667,15.5985,20.0,2082.5
95668,15.5985,20.0,2082.5
95669,15.5985,20.0,2082.5
95670,15.5985,20.0,2082.5
95671,15.5985,20.0,2082.6
95672,15.5985,20.0,2082.6
95673,15.5985,20.0,2082.6
95674,15.5985,20.0,2082.6
95675,15.5985,20.0,2082.7
95676,15.5985,20.0,2082.7
95677,15.5985,20.0,2082.7
95678,15.5985,20.0,2082.7
95679,15.5985,20.0,2082.7
95680,15.5985,20.0,2082.7
95681,15.5785,20.0,2082.8
95682,15.5785,20.0,2082.8
95683,15.5785,20.0,2082.8
95684,15.5785,20.0,2082.8
95685,15.5785,20.0,2082.8
95686,15.5785,20.0,2082.9
95687,15.5785,20.0,2082.9
95688,15.5785,20.0,2082.9
95689,15.5785,20.0,2082.9
95690,15.5785,20.0,2082.9
95691,15.5785,20.0,2083.0
95692,15.5785,20.0,2083.0
95693,15.5785,20.0,2083.0
95694,15.5785,20.0,2083.0
95695,15.5785,20.0,2083.0
95696,15.5785,20.0,2083.0
95697,15.5785,20.0,2083.1
95698,15.5785,20.0,2083.1
95699,15.5785,20.0,2083.1
95700,15.5785,20.0,2083.1
95701,15.5385,20.0,2083.2
95702,15.5385,20.0,2083.2
95703,15.5385,20.0,2083.2
95704,15.5385,20.0,2083.2
95705,15.5385,20.0,2083.2
95706,15.5385,20.0,2083.3
95707,15.5385,20.0,2083.3
95708,15.5385,20.0,2083.3
95709,15.5385,20.0,2083.3
95710,15.5385,20.0,2083.4
95711,15.5385,20.0,2083.4
95712,15.5385,20.0,2083.4
95713,15.5385,20.0,2083.4
95714,15.5385,20.0,2083.4
95715,15.5385,20.0,2083.5
95716,15.5385,20.0,2083.5
95717,15.5385,20.0,2083.5
95718,15.5385,20.0,2083.5
95719,15.5385,20.0,2083.5
95720,15.5385,20.0,2083.6
95721,15.5185,20.0,2083.6
95722,15.5185,20.0,2083.6
95723,15.5185,20.0,2083.6
95724,15.5185,20.0,2083.6
95725,15.5185,20.0,2083.7
95726,15.5185,20.0,2083.7
95727,15.5185,20.0,2083.7
95728,15.5185,20.0,2083.7
95729,15.5185,20.0,2083.7
95730,15.5185,20.0,2083.8
95731,15.5185,20.0,2083.8
95732,15.5185,20.0,2083.8
95733,15.5185,20.0,2083.8
95734,15.5185,20.0,2083.8
95735,15.5185,20.0,2083.9
95736,15.5185,20.0,2083.9
95737,15.5185,20.0,2083.9
95738,15.5185,20.0,2083.9
95739,15.5185,20.0,2083.9
95740,15.5185,20.0,2084.0
95741,15.4985,20.0,2084.0
95742,15.4985,20.0,2084.0
95743,15.4985,20.0,2084.0
95744,15.4985,20.0,2084.0
95745,15.4985,20.0,2084.3
95746,15.4985,20.0,2084.4
95747,15.4985,20.0,2084.4
95748,15.4985,20.0,2084.4
95749,15.4985,20.0,2084.4
95750,15.4985,20.0,2084.4
95751,15.4985,20.0,2084.5
95752,15.4985,20.0,2084.5
95753,15.4985,20.0,2084.5
95754,15.4985,20.0,2084.5
95755,15.4985,20.0,2084.6
95756,15.4985,20.0,2084.6
95757,15.4985,20.0,2084.6
95758,15.4985,20.0,2084.6
95759,15.4985,20.0,2084.6
95760,15.4985,20.0,2084.6
95761,15.4985,20.0,2084.7
95762,15.4985,20.0,2084.7
95763,15.4985,20.0,2084.7
95764,15.4985,20.0,2084.7
95765,15.4985,20.0,2084.7
95766,15.4985,20.0,2084.7
95767,15.4985,20.0,2084.8
95768,15.4985,20.0,2084.8
95769,15.4985,20.0,2084.8
95770,15.4985,20.0,2084.8
95771,15.4985,20.0,2084.8
95772,15.4985,20.0,2084.9
95773,15.4985,20.0,2084.9
95774,15.4985,20.0,2084.9
95775,15.4985,20.0,2084.9
95776,15.4985,20.0,2084.9
95777,15.4985,20.0,2084.9
95778,15.4985,20.0,2085.0
95779,15.4985,20.0,2085.0
95780,15.4985,20.0,2085.0
95781,15.4985,20.0,2085.0
95782,15.4985,20.0,2085.0
95783,15.4985,20.0,2085.1
95784,15.4985,20.0,2085.1
95785,15.4985,20.0,2085.1
95786,15.4985,20.0,2085.1
95787,15.4985,20.0,2085.1
95788,15.4985,20.0,2085.2
95789,15.4985,20.0,2085.2
95790,15.4985,20.0,2085.2
95791,15.4985,20.0,2085.2
95792,15.4985,20.0,2085.2
95793,15.4985,20.0,2085.3
95794,15.4985,20.0,2085.3
95795,15.4985,20.0,2085.3
95796,15.4985,20.0,2085.3
95797,15.4985,20.0,2085.3
95798,15.4985,20.0,2085.4
95799,15.4985,20.0,2085.4
95800,15.4985,20.0,2085.4
95801,15.4985,20.0,2085.4
95802,15.4985,20.0,2085.4
95803,15.4985,20.0,2085.5
95804,15.4985,20.0,2085.5
95805,15.4985,20.0,2085.5
95806,15.4985,20.0,2085.5
95807,15.4985,20.0,2085.5
95808,15.4985,20.0,2085.6
95809,15.4985,20.0,2085.6
95810,15.4985,20.0,2085.6
95811,15.4985,20.0,2085.6
95812,15.4985,20.0,2085.6
95813,15.4985,20.0,2085.7
95814,15.4985,20.0,2085.7
95815,15.4985,20.0,2085.7
95816,15.4985,20.0,2085.7
95817,15.4985,20.0,2085.7
95818,15.4985,20.0,2085.7
95819,15.4985,20.0,2085.8
95820,15.4985,20.0,2085.8
95821,15.4985,20.0,2085.8
95822,15.4985,20.0,2085.8
95823,15.4985,20.0,2085.9
95824,15.4985,20.0,2085.9
95825,15.4985,20.0,2085.9
95826,15.4985,20.0,2085.9
95827,15.4985,20.0,2085.9
95828,15.4985,20.0,2086.0
95829,15.4985,20.0,2086.0
95830,15.4985,20.0,2086.0
95831,15.4985,20.0,2086.0
95832,15.4985,20.0,2086.0
95833,15.4985,20.0,2086.1
95834,15.4985,20.0,2086.1
95835,15.4985,20.0,2086.1
95836,15.4985,20.0,2086.1
95837,15.4985,20.0,2086.1
95838,15.4985,20.0,2086.1
95839,15.4985,20.0,2086.2
95840,15.4985,20.0,2086.2
95841,15.4985,20.0,2086.2
95842,15.4985,20.0,2086.2
95843,15.4985,20.0,2086.3
95844,15.4985,20.0,2086.3
95845,15.4985,20.0,2086.3
95846,15.4985,20.0,2086.3
95847,15.4985,20.0,2086.3
95848,15.4985,20.0,2086.4
95849,15.4985,20.0,2086.4
95850,15.4985,20.0,2086.4
95851,15.4985,20.0,2086.4
95852,15.4985,20.0,2086.4
95853,15.4985,20.0,2086.5
95854,15.4985,20.0,2086.5
95855,15.4985,20.0,2086.5
95856,15.4985,20.0,2086.5
95857,15.4985,20.0,2086.6
95858,15.4985,20.0,2086.6
95859,15.4985,20.0,2086.6
95860,15.4985,20.0,2086.6
95861,15.4985,20.0,2086.6
95862,15.4985,20.0,2086.7
95863,15.4985,20.0,2086.7
95864,15.4985,20.0,2086.7
95865,15.4985,20.0,2086.7
95866,15.4985,20.0,2086.7
95867,15.4985,20.0,2086.8
95868,15.4985,20.0,2086.8
95869,15.4985,20.0,2086.8
95870,15.4985,20.0,2086.8
95871,15.4985,20.0,2086.8
95872,15.4985,20.0,2086.8
95873,15.4985,20.0,2086.9
95874,15.4985,20.0,2086.9
95875,15.4985,20.0,2086.9
95876,15.4985,20.0,2086.9
95877,15.4985,20.0,2086.9
95878,15.4985,20.0,2087.0
95879,15.4985,20.0,2087.0
95880,15.4985,20.0,2087.0
95881,15.4985,20.0,2087.0
95882,15.4985,20.0,2087.0
95883,15.4985,20.0,2087.1
95884,15.4985,20.0,2087.1
95885,15.4985,20.0,2087.1
95886,15.4985,20.0,2087.1
95887,15.4985,20.0,2087.1
95888,15.4985,20.0,2087.2
95889,15.4985,20.0,2087.2
95890,15.4985,20.0,2087.2
95891,15.4985,20.0,2087.2
95892,15.4985,20.0,2087.2
95893,15.4985,20.0,2087.3
95894,15.4985,20.0,2087.3
95895,15.4985,20.0,2087.3
95896,15.4985,20.0,2087.3
95897,15.4985,20.0,2087.3
95898,15.4985,20.0,2087.4
95899,15.4985,20.0,2087.4
95900,15.4985,20.0,2087.4
95901,15.4985,20.0,2087.4
95902,15.4985,20.0,2087.4
95903,15.4985,20.0,2087.5
95904,15.4985,20.0,2087.5
95905,15.4985,20.0,2087.5
95906,15.4985,20.0,2087.5
95907,15.4985,20.0,2087.6
95908,15.4985,20.0,2087.6
95909,15.4985,20.0,2087.6
95910,15.4985,20.0,2087.6
95911,15.4985,20.0,2087.7
95912,15.4985,20.0,2087.7
95913,15.4985,20.0,2087.7
95914,15.4985,20.0,2087.7
95915,15.4985,20.0,2087.7
95916,15.4985,20.0,2087.7
95917,15.4985,20.0,2087.8
95918,15.4985,20.0,2087.8
95919,15.4985,20.0,2087.8
95920,15.4985,20.0,2087.9
95921,15.4985,20.0,2087.9
95922,15.4985,20.0,2087.9
95923,15.4985,20.0,2087.9
95924,15.4985,20.0,2087.9
95925,15.4985,20.0,2087.9
95926,15.4985,20.0,2088.0
95927,15.4985,20.0,2088.0
95928,15.4985,20.0,2088.0
95929,15.4985,20.0,2088.0
95930,15.4985,20.0,2088.0
95931,15.4985,20.0,2088.1
95932,15.4985,20.0,2088.1
95933,15.4985,20.0,2088.1
95934,15.4985,20.0,2088.1
95935,15.4985,20.0,2088.2
95936,15.4985,20.0,2088.2
95937,15.4985,20.0,2088.2
95938,15.4985,20.0,2088.2
95939,15.4985,20.0,2088.2
95940,15.4985,20.0,2088.3
95941,15.4985,20.0,2088.3
95942,15.4985,20.0,2088.3
95943,15.4985,20.0,2088.3
95944,15.4985,20.0,2088.3
95945,15.4985,20.0,2088.4
95946,15.4985,20.0,2088.4
95947,15.4985,20.0,2088.4
95948,15.4985,20.0,2088.4
95949,15.4985,20.0,2088.4
95950,15.4985,20.0,2088.5
95951,15.4985,20.0,2088.5
95952,15.4985,20.0,2088.5
95953,15.4985,20.0,2088.5
95954,15.4985,20.0,2088.5
95955,15.4985,20.0,2088.6
95956,15.4985,20.0,2088.6
95957,15.4985,20.0,2088.6
95958,15.4985,20.0,2088.6
95959,15.4985,20.0,2088.7
95960,15.4985,20.0,2088.7
95961,15.4985,20.0,2088.7
95962,15.4985,20.0,2088.7
95963,15.4985,20.0,2088.8
95964,15.4985,20.0,2088.8
95965,15.4985,20.0,2088.8
95966,15.4985,20.0,2088.8
95967,15.4985,20.0,2088.8
95968,15.4985,20.0,2088.8
95969,15.4985,20.0,2088.9
95970,15.4985,20.0,2088.9
95971,15.4985,20.0,2088.9
95972,15.4985,20.0,2088.9
95973,15.4985,20.0,2088.9
95974,15.4985,20.0,2089.0
95975,15.4985,20.0,2089.0
95976,15.4985,20.0,2089.0
95977,15.4985,20.0,2089.0
95978,15.4985,20.0,2089.0
95979,15.4985,20.0,2089.1
95980,15.4985,20.0,2089.1
95981,15.4985,20.0,2089.1
95982,15.4985,20.0,2089.1
95983,15.4985,20.0,2089.1
95984,15.4985,20.0,2089.2
95985,15.4985,20.0,2089.2
95986,15.4985,20.0,2089.2
95987,15.4985,20.0,2089.2
95988,15.4985,20.0,2089.2
95989,15.4985,20.0,2089.3
95990,15.4985,20.0,2089.3
95991,15.4985,20.0,2089.3
95992,15.4985,20.0,2089.3
95993,15.4985,20.0,2089.3
95994,15.4985,20.0,2089.4
95995,15.4985,20.0,2089.4
95996,15.4985,20.0,2089.4
95997,15.4985,20.0,2089.4
95998,15.4985,20.0,2089.4
95999,15.4985,20.0,2089.5
96000,15.4985,20.0,2089.5
96001,15.4985,20.0,2089.5
96002,15.4985,20.0,2089.5
96003,15.4985,20.0,2089.5
96004,15.4985,20.0,2089.6
96005,15.4985,20.0,2089.6
96006,15.4985,20.0,2089.6
96007,15.4985,20.0,2089.6
96008,15.4985,20.0,2089.6
96009,15.4985,20.0,2089.7
96010,15.4985,20.0,2089.7
96011,15.4985,20.0,2089.7
96012,15.4985,20.0,2089.7
96013,15.4985,20.0,2089.7
96014,15.4985,20.0,2089.7
96015,15.4985,20.0,2089.8
96016,15.4985,20.0,2089.8
96017,15.4985,20.0,2089.8
96018,15.4985,20.0,2089.8
96019,15.4985,20.0,2089.9
96020,15.4985,20.0,2089.9
96021,15.4985,20.0,2089.9
96022,15.4985,20.0,2089.9
96023,15.4985,20.0,2089.9
96024,15.4985,20.0,2089.9
96025,15.4985,20.0,2090.0
96026,15.4985,20.0,2090.0
96027,15.4985,20.0,2090.0
96028,15.4985,20.0,2090.0
96029,15.4985,20.0,2090.1
96030,15.4985,20.0,2090.1
96031,15.4985,20.0,2090.1
96032,15.4985,20.0,2090.1
96033,15.4985,20.0,2090.1
96034,15.4985,20.0,2090.2
96035,15.4985,20.0,2090.2
96036,15.4985,20.0,2090.2
96037,15.4985,20.0,2090.2
96038,15.4985,20.0,2090.2
96039,15.4985,20.0,2090.2
96040,15.4985,20.0,2090.3
96041,15.4985,20.0,2090.3
96042,15.4985,20.0,2090.3
96043,15.4985,20.0,2090.3
96044,15.4985,20.0,2090.3
96045,15.4985,20.0,2090.3
96046,15.4985,20.0,2090.4
96047,15.4985,20.0,2090.4
96048,15.4985,20.0,2090.4
96049,15.4985,20.0,2090.4
96050,15.4985,20.0,2090.4
96051,15.4985,20.0,2090.5
96052,15.4985,20.0,2090.5
96053,15.4985,20.0,2090.5
96054,15.4985,20.0,2090.5
96055,15.4985,20.0,2090.5
96056,15.4985,20.0,2090.6
96057,15.4985,20.0,2090.6
96058,15.4985,20.0,2090.6
96059,15.4985,20.0,2090.6
96060,15.4985,20.0,2090.6
96061,15.4985,20.0,2090.7
96062,15.4985,20.0,2090.7
96063,15.4985,20.0,2090.7
96064,15.4985,20.0,2090.7
96065,15.4985,20.0,2090.7
96066,15.4985,20.0,2090.8
96067,15.4985,20.0,2090.8
96068,15.4985,20.0,2090.8
96069,15.4985,20.0,2090.8
96070,15.4985,20.0,2090.8
96071,15.4985,20.0,2090.9
96072,15.4985,20.0,2090.9
96073,15.4985,20.0,2090.9
96074,15.4985,20.0,2090.9
96075,15.4985,20.0,2091.0
96076,15.4985,20.0,2091.0
96077,15.4985,20.0,2091.0
96078,15.4985,20.0,2091.0
96079,15.4985,20.0,2091.0
96080,15.4985,20.0,2091.1
96081,15.4985,20.0,2091.1
96082,15.4985,20.0,2091.1
96083,15.4985,20.0,2091.1
96084,15.4985,20.0,2091.1
96085,15.4985,20.0,2091.2
96086,15.4985,20.0,2091.2
96087,15.4985,20.0,2091.2
96088,15.4985,20.0,2091.2
96089,15.4985,20.0,2091.2
96090,15.4985,20.0,2091.3
96091,15.4985,20.0,2091.3
96092,15.4985,20.0,2091.3
96093,15.4985,20.0,2091.3
96094,15.4985,20.0,2091.3
96095,15.4985,20.0,2091.4
96096,15.4985,20.0,2091.4
96097,15.4985,20.0,2091.4
96098,15.4985,20.0,2091.4
96099,15.4985,20.0,2091.4
96100,15.4985,20.0,2091.5
96101,15.4985,20.0,2091.5
96102,15.4985,20.0,2091.5
96103,15.4985,20.0,2091.5
96104,15.4985,20.0,2091.5
96105,15.4985,20.0,2091.5
96106,15.4985,20.0,2091.6
96107,15.4985,20.0,2091.6
96108,15.4985,20.0,2091.6
96109,15.4985,20.0,2091.6
96110,15.4985,20.0,2091.7
96111,15.4985,20.0,2091.7
96112,15.4985,20.0,2091.7
96113,15.4985,20.0,2091.7
96114,15.4985,20.0,2091.7
96115,15.4985,20.0,2091.8
96116,15.4985,20.0,2091.8
96117,15.4985,20.0,2091.8
96118,15.4985,20.0,2091.8
96119,15.4985,20.0,2091.8
96120,15.4985,20.0,2091.9
96121,15.4985,20.0,2091.9
96122,15.4985,20.0,2091.9
96123,15.4985,20.0,2091.9
96124,15.4985,20.0,2092.0
96125,15.4985,20.0,2092.0
96126,15.4985,20.0,2092.0
96127,15.4985,20.0,2092.0
96128,15.4985,20.0,2092.0
96129,15.4985,20.0,2092.1
96130,15.4985,20.0,2092.1
96131,15.4985,20.0,2092.1
96132,15.4985,20.0,2092.1
96133,15.4985,20.0,2092.1
96134,15.4985,20.0,2092.2
96135,15.4985,20.0,2092.2
96136,15.4985,20.0,2092.2
96137,15.4985,20.0,2092.2
96138,15.4985,20.0,2092.2
96139,15.4985,20.0,2092.3
96140,15.4985,20.0,2092.3
96141,15.4985,20.0,2092.3
96142,15.4985,20.0,2092.3
96143,15.4985,20.0,2092.4
96144,15.4985,20.0,2092.4
96145,15.4985,20.0,2092.4
96146,15.4985,20.0,2092.4
96147,15.4985,20.0,2092.4
96148,15.4985,20.0,2092.5
96149,15.4985,20.0,2092.5
96150,15.4985,20.0,2092.5
96151,15.4985,20.0,2092.5
96152,15.4985,20.0,2092.5
96153,15.4985,20.0,2092.6
96154,15.4985,20.0,2092.6
96155,15.4985,20.0,2092.6
96156,15.4985,20.0,2092.6
96157,15.4985,20.0,2092.6
96158,15.4985,20.0,2092.7
96159,15.4985,20.0,2092.7
96160,15.4985,20.0,2092.7
96161,15.4985,20.0,2092.7
96162,15.4985,20.0,2092.7
96163,15.4985,20.0,2092.8
96164,15.4985,20.0,2092.8
96165,15.4985,20.0,2092.8
96166,15.4985,20.0,2092.8
96167,15.4985,20.0,2092.8
96168,15.4985,20.0,2092.9
96169,15.4985,20.0,2092.9
96170,15.4985,20.0,2092.9
96171,15.4985,20.0,2092.9
96172,15.4985,20.0,2092.9
96173,15.4985,20.0,2092.9
96174,15.4985,20.0,2093.0
96175,15.4985,20.0,2093.0
96176,15.4985,20.0,2093.0
96177,15.4985,20.0,2093.0
96178,15.4985,20.0,2093.1
96179,15.4985,20.0,2093.1
96180,15.4985,20.0,2093.1
96181,15.4985,20.0,2093.1
96182,15.4985,20.0,2093.1
96183,15.4985,20.0,2093.2
96184,15.4985,20.0,2093.2
96185,15.4985,20.0,2093.2
96186,15.4985,20.0,2093.2
96187,15.4985,20.0,2093.2
96188,15.4985,20.0,2093.2
96189,15.4985,20.0,2093.3
96190,15.4985,20.0,2093.3
96191,15.4985,20.0,2093.3
96192,15.4985,20.0,2093.3
96193,15.4985,20.0,2093.4
96194,15.4985,20.0,2093.4
96195,15.4985,20.0,2093.4
96196,15.4985,20.0,2093.4
96197,15.4985,20.0,2093.4
96198,15.4985,20.0,2093.5
96199,15.4985,20.0,2093.5
96200,15.4985,20.0,2093.5
96201,15.4985,20.0,2093.5
96202,15.4985,20.0,2093.6
96203,15.4985,20.0,2093.6
96204,15.4985,20.0,2093.6
96205,15.4985,20.0,2093.6
96206,15.4985,20.0,2093.6
96207,15.4985,20.0,2093.6
96208,15.4985,20.0,2093.7
96209,15.4985,20.0,2093.7
96210,15.4985,20.0,2093.7
96211,15.4985,20.0,2093.7
96212,15.4985,20.0,2093.8
96213,15.4985,20.0,2093.8
96214,15.4985,20.0,2093.8
96215,15.4985,20.0,2093.8
96216,15.4985,20.0,2093.8
96217,15.4985,20.0,2093.9
96218,15.4985,20.0,2093.9
96219,15.4985,20.0,2093.9
96220,15.4985,20.0,2093.9
96221,15.4985,20.0,2093.9
96222,15.4985,20.0,2094.0
96223,15.4985,20.0,2094.0
96224,15.4985,20.0,2094.0
96225,15.4985,20.0,2094.0
96226,15.4985,20.0,2094.0
96227,15.4985,20.0,2094.1
96228,15.4985,20.0,2094.1
96229,15.4985,20.0,2094.1
96230,15.4985,20.0,2094.1
96231,15.4985,20.0,2094.1
96232,15.4985,20.0,2094.2
96233,15.4985,20.0,2094.2
96234,15.4985,20.0,2094.2
96235,15.4985,20.0,2094.2
96236,15.4985,20.0,2094.2
96237,15.4985,20.0,2094.3
96238,15.4985,20.0,2094.3
96239,15.4985,20.0,2094.3
96240,15.4985,20.0,2094.3
96241,15.4986,20.0,2094.3
96242,15.4986,20.0,2094.4
96243,15.4986,20.0,2094.4
96244,15.4986,20.0,2094.4
96245,15.4986,20.0,2094.4
96246,15.4986,20.0,2094.4
96247,15.4986,20.0,2094.5
96248,15.4986,20.0,2094.5
96249,15.4986,20.0,2094.5
96250,15.4986,20.0,2094.5
96251,15.4986,20.0,2094.5
96252,15.4986,20.0,2094.6
96253,15.4986,20.0,2094.6
96254,15.4986,20.0,2094.6
96255,15.4986,20.0,2094.6
96256,15.4986,20.0,2094.6
96257,15.4986,20.0,2094.9
96258,15.4986,20.0,2094.9
96259,15.4986,20.0,2094.9
96260,15.4986,20.0,2095.0
96261,15.4986,20.0,2095.0
96262,15.4986,20.0,2095.0
96263,15.4986,20.0,2095.0
96264,15.4986,20.0,2095.1
96265,15.4986,20.0,2095.1
96266,15.4986,20.0,2095.1
96267,15.4986,20.0,2095.1
96268,15.4986,20.0,2095.1
96269,15.4986,20.0,2095.1
96270,15.4986,20.0,2095.1
96271,15.4986,20.0,2095.2
96272,15.4986,20.0,2095.2
96273,15.4986,20.0,2095.2
96274,15.4986,20.0,2095.2
96275,15.4986,20.0,2095.3
96276,15.4986,20.0,2095.3
96277,15.4986,20.0,2095.3
96278,15.4986,20.0,2095.3
96279,15.4986,20.0,2095.4
96280,15.4986,20.0,2095.4
96281,15.4986,20.0,2095.4
96282,15.4986,20.0,2095.4
96283,15.4986,20.0,2095.4
96284,15.4986,20.0,2095.5
96285,15.4986,20.0,2095.5
96286,15.4986,20.0,2095.5
96287,15.4986,20.0,2095.5
96288,15.4986,20.0,2095.5
96289,15.4986,20.0,2095.6
96290,15.4986,20.0,2095.6
96291,15.4986,20.0,2095.6
96292,15.4986,20.0,2095.6
96293,15.4986,20.0,2095.6
96294,15.4986,20.0,2095.7
96295,15.4986,20.0,2095.7
96296,15.4986,20.0,2095.7
96297,15.4986,20.0,2095.7
96298,15.4986,20.0,2095.7
96299,15.4986,20.0,2095.8
96300,15.4986,20.0,2095.8
96301,15.4986,20.0,2095.8
96302,15.4986,20.0,2095.8
96303,15.4986,20.0,2095.8
96304,15.4986,20.0,2095.9
96305,15.4986,20.0,2095.9
96306,15.4986,20.0,2095.9
96307,15.4986,20.0,2095.9
96308,15.4986,20.0,2095.9
96309,15.4986,20.0,2096.0
96310,15.4986,20.0,2096.0
96311,15.4986,20.0,2096.0
96312,15.4986,20.0,2096.0
96313,15.4986,20.0,2096.0
96314,15.4986,20.0,2096.0
96315,15.4986,20.0,2096.1
96316,15.4986,20.0,2096.1
96317,15.4986,20.0,2096.1
96318,15.4986,20.0,2096.1
96319,15.4986,20.0,2096.1
96320,15.4986,20.0,2096.2
96321,15.4986,20.0,2096.2
96322,15.4986,20.0,2096.2
96323,15.4986,20.0,2096.2
96324,15.4986,20.0,2096.3
96325,15.4986,20.0,2096.3
96326,15.4986,20.0,2096.3
96327,15.4986,20.0,2096.3
96328,15.4986,20.0,2096.4
96329,15.4986,20.0,2096.4
96330,15.4986,20.0,2096.4
96331,15.4986,20.0,2096.4
96332,15.4986,20.0,2096.4
96333,15.4986,20.0,2096.5
96334,15.4986,20.0,2096.5
96335,15.4986,20.0,2096.5
96336,15.4986,20.0,2096.5
96337,15.4986,20.0,2096.5
96338,15.4986,20.0,2096.6
96339,15.4986,20.0,2096.6
96340,15.4986,20.0,2096.6
96341,15.4986,20.0,2096.6
96342,15.4986,20.0,2096.6
96343,15.4986,20.0,2096.7
96344,15.4986,20.0,2096.7
96345,15.4986,20.0,2096.7
96346,15.4986,20.0,2096.7
96347,15.4986,20.0,2096.7
96348,15.4986,20.0,2096.8
96349,15.4986,20.0,2096.8
96350,15.4986,20.0,2096.8
96351,15.4986,20.0,2096.8
96352,15.4986,20.0,2096.8
96353,15.4986,20.0,2096.9
96354,15.4986,20.0,2096.9
96355,15.4986,20.0,2096.9
96356,15.4986,20.0,2096.9
96357,15.4986,20.0,2096.9
96358,15.4986,20.0,2097.0
96359,15.4986,20.0,2097.0
96360,15.4986,20.0,2097.0
96361,15.4986,20.0,2097.0
96362,15.4986,20.0,2097.0
96363,15.4986,20.0,2097.0
96364,15.4986,20.0,2097.1
96365,15.4986,20.0,2097.1
96366,15.4986,20.0,2097.1
96367,15.4986,20.0,2097.1
96368,15.4986,20.0,2097.1
96369,15.4986,20.0,2097.2
96370,15.4986,20.0,2097.2
96371,15.4986,20.0,2097.2
96372,15.4986,20.0,2097.2
96373,15.4986,20.0,2097.2
96374,15.4986,20.0,2097.3
96375,15.4986,20.0,2097.3
96376,15.4986,20.0,2097.3
96377,15.4986,20.0,2097.3
96378,15.4986,20.0,2097.3
96379,15.4986,20.0,2097.4
96380,15.4986,20.0,2097.4
96381,15.4986,20.0,2097.4
96382,15.4986,20.0,2097.4
96383,15.4986,20.0,2097.4
96384,15.4986,20.0,2097.5
96385,15.4986,20.0,2097.5
96386,15.4986,20.0,2097.5
96387,15.4986,20.0,2097.5
96388,15.4986,20.0,2097.6
96389,15.4986,20.0,2097.6
96390,15.4986,20.0,2097.6
96391,15.4986,20.0,2097.6
96392,15.4986,20.0,2097.6
96393,15.4986,20.0,2097.7
96394,15.4986,20.0,2097.7
96395,15.4986,20.0,2097.7
96396,15.4986,20.0,2097.7
96397,15.4986,20.0,2097.7
96398,15.4986,20.0,2097.8
96399,15.4986,20.0,2097.8
96400,15.4986,20.0,2097.8
96401,15.4986,20.0,2097.8
96402,15.4986,20.0,2097.8
96403,15.4986,20.0,2097.9
96404,15.4986,20.0,2097.9
96405,15.4986,20.0,2097.9
96406,15.4986,20.0,2097.9
96407,15.4986,20.0,2098.0
96408,15.4986,20.0,2098.0
96409,15.4986,20.0,2098.0
96410,15.4986,20.0,2098.0
96411,15.4986,20.0,2098.0
96412,15.4986,20.0,2098.1
96413,15.4986,20.0,2098.1
96414,15.4986,20.0,2098.1
96415,15.4986,20.0,2098.1
96416,15.4986,20.0,2098.1
96417,15.4986,20.0,2098.2
96418,15.4986,20.0,2098.2
96419,15.4986,20.0,2098.2
96420,15.4986,20.0,2098.2
96421,15.4986,20.0,2098.2
96422,15.4986,20.0,2098.2
96423,15.4986,20.0,2098.3
96424,15.4986,20.0,2098.3
96425,15.4986,20.0,2098.3
96426,15.4986,20.0,2098.3
96427,15.4986,20.0,2098.4
96428,15.4986,20.0,2098.4
96429,15.4986,20.0,2098.4
96430,15.4986,20.0,2098.4
96431,15.4986,20.0,2098.4
96432,15.4986,20.0,2098.5
96433,15.4986,20.0,2098.5
96434,15.4986,20.0,2098.5
96435,15.4986,20.0,2098.5
96436,15.4986,20.0,2098.5
96437,15.4986,20.0,2098.6
96438,15.4986,20.0,2098.6
96439,15.4986,20.0,2098.6
96440,15.4986,20.0,2098.6
96441,15.4986,20.0,2098.6
96442,15.4986,20.0,2098.7
96443,15.4986,20.0,2098.7
96444,15.4986,20.0,2098.7
96445,15.4986,20.0,2098.7
96446,15.4986,20.0,2098.7
96447,15.4986,20.0,2098.7
96448,15.4986,20.0,2098.8
96449,15.4986,20.0,2098.8
96450,15.4986,20.0,2098.8
96451,15.4986,20.0,2098.8
96452,15.4986,20.0,2098.9
96453,15.4986,20.0,2098.9
96454,15.4986,20.0,2098.9
96455,15.4986,20.0,2098.9
96456,15.4986,20.0,2098.9
96457,15.4986,20.0,2098.9
96458,15.4986,20.0,2099.0
96459,15.4986,20.0,2099.0
96460,15.4986,20.0,2099.0
96461,15.4986,20.0,2099.0
96462,15.4986,20.0,2099.0
96463,15.4986,20.0,2099.1
96464,15.4986,20.0,2099.1
96465,15.4986,20.0,2099.1
96466,15.4986,20.0,2099.1
96467,15.4986,20.0,2099.1
96468,15.4986,20.0,2099.2
96469,15.4986,20.0,2099.2
96470,15.4986,20.0,2099.2
96471,15.4986,20.0,2099.2
96472,15.4986,20.0,2099.2
96473,15.4986,20.0,2099.2
96474,15.4986,20.0,2099.3
96475,15.4986,20.0,2099.3
96476,15.4986,20.0,2099.3
96477,15.4986,20.0,2099.3
96478,15.4986,20.0,2099.4
96479,15.4986,20.0,2099.4
96480,15.4986,20.0,2099.4
96481,15.4986,20.0,2099.4
96482,15.4986,20.0,2099.4
96483,15.4986,20.0,2099.5
96484,15.4986,20.0,2099.5
96485,15.4986,20.0,2099.5
96486,15.4986,20.0,2099.5
96487,15.4986,20.0,2099.5
96488,15.4986,20.0,2099.6
96489,15.4986,20.0,2099.6
96490,15.4986,20.0,2099.6
96491,15.4986,20.0,2099.6
96492,15.4986,20.0,2099.6
96493,15.4986,20.0,2099.7
96494,15.4986,20.0,2099.7
96495,15.4986,20.0,2099.7
96496,15.4986,20.0,2099.7
96497,15.4986,20.0,2099.7
96498,15.4986,20.0,2099.8
96499,15.4986,20.0,2099.8
96500,15.4986,20.0,2099.8
96501,15.4986,20.0,2099.8
96502,15.4986,20.0,2099.8
96503,15.4986,20.0,2099.9
96504,15.4986,20.0,2099.9
96505,15.4986,20.0,2099.9
96506,15.4986,20.0,2099.9
96507,15.4986,20.0,2099.9
96508,15.4986,20.0,2100.0
96509,15.4986,20.0,2100.0
96510,15.4986,20.0,2100.0
96511,15.4986,20.0,2100.0
96512,15.4986,20.0,2100.0
96513,15.4986,20.0,2100.1
96514,15.4986,20.0,2100.1
96515,15.4986,20.0,2100.1
96516,15.4986,20.0,2100.1
96517,15.4986,20.0,2100.1
96518,15.4986,20.0,2100.2
96519,15.4986,20.0,2100.2
96520,15.4986,20.0,2100.2
96521,15.4986,20.0,2100.2
96522,15.4986,20.0,2100.2
96523,15.4986,20.0,2100.3
96524,15.4986,20.0,2100.3
96525,15.4986,20.0,2100.3
96526,15.4986,20.0,2100.3
96527,15.4986,20.0,2100.3
96528,15.4986,20.0,2100.4
96529,15.4986,20.0,2100.4
96530,15.4986,20.0,2100.4
96531,15.4986,20.0,2100.4
96532,15.4986,20.0,2100.4
96533,15.4986,20.0,2100.5
96534,15.4986,20.0,2100.5
96535,15.4986,20.0,2100.5
96536,15.4986,20.0,2100.5
96537,15.4986,20.0,2100.6
96538,15.4986,20.0,2100.6
96539,15.4986,20.0,2100.6
96540,15.4986,20.0,2100.6
96541,15.4986,20.0,2100.6
96542,15.4986,20.0,2100.7
96543,15.4986,20.0,2100.7
96544,15.4986,20.0,2100.7
96545,15.4986,20.0,2100.7
96546,15.4986,20.0,2100.7
96547,15.4986,20.0,2100.8
96548,15.4986,20.0,2100.8
96549,15.4986,20.0,2100.8
96550,15.4986,20.0,2100.8
96551,15.4986,20.0,2100.8
96552,15.4986,20.0,2100.9
96553,15.4986,20.0,2100.9
96554,15.4986,20.0,2100.9
96555,15.4986,20.0,2100.9
96556,15.4986,20.0,2100.9
96557,15.4986,20.0,2101.0
96558,15.4986,20.0,2101.0
96559,15.4986,20.0,2101.0
96560,15.4986,20.0,2101.0
96561,15.4986,20.0,2101.0
96562,15.4986,20.0,2101.1
96563,15.4986,20.0,2101.1
96564,15.4986,20.0,2101.1
96565,15.4986,20.0,2101.1
96566,15.4986,20.0,2101.1
96567,15.4986,20.0,2101.1
96568,15.4986,20.0,2101.2
96569,15.4986,20.0,2101.2
96570,15.4986,20.0,2101.2
96571,15.4986,20.0,2101.2
96572,15.4986,20.0,2101.3
96573,15.4986,20.0,2101.3
96574,15.4986,20.0,2101.3
96575,15.4986,20.0,2101.3
96576,15.4986,20.0,2101.3
96577,15.4986,20.0,2101.4
96578,15.4986,20.0,2101.4
96579,15.4986,20.0,2101.4
96580,15.4986,20.0,2101.4
96581,15.4986,20.0,2101.4
96582,15.4986,20.0,2101.5
96583,15.4986,20.0,2101.5
96584,15.4986,20.0,2101.5
96585,15.4986,20.0,2101.5
96586,15.4986,20.0,2101.5
96587,15.4986,20.0,2101.6
96588,15.4986,20.0,2101.6
96589,15.4986,20.0,2101.6
96590,15.4986,20.0,2101.6
96591,15.4986,20.0,2101.6
96592,15.4986,20.0,2101.7
96593,15.4986,20.0,2101.7
96594,15.4986,20.0,2101.7
96595,15.4986,20.0,2101.7
96596,15.4986,20.0,2101.7
96597,15.4986,20.0,2101.8
96598,15.4986,20.0,2101.8
96599,15.4986,20.0,2101.8
96600,15.4986,20.0,2101.8
96601,15.4986,20.0,2101.8
96602,15.4986,20.0,2101.9
96603,15.4986,20.0,2101.9
96604,15.4986,20.0,2101.9
96605,15.4986,20.0,2101.9
96606,15.4986,20.0,2101.9
96607,15.4986,20.0,2102.0
96608,15.4986,20.0,2102.0
96609,15.4986,20.0,2102.0
96610,15.4986,20.0,2102.0
96611,15.4986,20.0,2102.0
96612,15.4986,20.0,2102.1
96613,15.4986,20.0,2102.1
96614,15.4986,20.0,2102.1
96615,15.4986,20.0,2102.1
96616,15.4986,20.0,2102.1
96617,15.4986,20.0,2102.2
96618,15.4986,20.0,2102.2
96619,15.4986,20.0,2102.2
96620,15.4986,20.0,2102.2
96621,15.4986,20.0,2102.2
96622,15.4986,20.0,2102.3
96623,15.4986,20.0,2102.3
96624,15.4986,20.0,2102.3
96625,15.4986,20.0,2102.3
96626,15.4986,20.0,2102.3
96627,15.4986,20.0,2102.4
96628,15.4986,20.0,2102.4
96629,15.4986,20.0,2102.4
96630,15.4986,20.0,2102.4
96631,15.4986,20.0,2102.4
96632,15.4986,20.0,2102.5
96633,15.4986,20.0,2102.5
96634,15.4986,20.0,2102.5
96635,15.4986,20.0,2102.5
96636,15.4986,20.0,2102.5
96637,15.4986,20.0,2102.5
96638,15.4986,20.0,2102.6
96639,15.4986,20.0,2102.6
96640,15.4986,20.0,2102.6
96641,15.4986,20.0,2102.6
96642,15.4986,20.0,2102.6
96643,15.4986,20.0,2102.7
96644,15.4986,20.0,2102.7
96645,15.4986,20.0,2102.7
96646,15.4986,20.0,2102.7
96647,15.4986,20.0,2102.7
96648,15.4986,20.0,2102.8
96649,15.4986,20.0,2102.8
96650,15.4986,20.0,2102.8
96651,15.4986,20.0,2102.8
96652,15.4986,20.0,2102.8
96653,15.4986,20.0,2102.9
96654,15.4986,20.0,2102.9
96655,15.4986,20.0,2102.9
96656,15.4986,20.0,2102.9
96657,15.4986,20.0,2102.9
96658,15.4986,20.0,2102.9
96659,15.4986,20.0,2103.0
96660,15.4986,20.0,2103.0
96661,15.4986,20.0,2103.0
96662,15.4986,20.0,2103.0
96663,15.4986,20.0,2103.0
96664,15.4986,20.0,2103.1
96665,15.4986,20.0,2103.1
96666,15.4986,20.0,2103.1
96667,15.4986,20.0,2103.1
96668,15.4986,20.0,2103.1
96669,15.4986,20.0,2103.2
96670,15.4986,20.0,2103.2
96671,15.4986,20.0,2103.2
96672,15.4986,20.0,2103.2
96673,15.4986,20.0,2103.2
96674,15.4986,20.0,2103.3
96675,15.4986,20.0,2103.3
96676,15.4986,20.0,2103.3
96677,15.4986,20.0,2103.3
96678,15.4986,20.0,2103.3
96679,15.4986,20.0,2103.3
96680,15.4986,20.0,2103.4
96681,15.4986,20.0,2103.4
96682,15.4986,20.0,2103.4
96683,15.4986,20.0,2103.4
96684,15.4986,20.0,2103.5
96685,15.4986,20.0,2103.5
96686,15.4986,20.0,2103.5
96687,15.4986,20.0,2103.5
96688,15.4986,20.0,2103.5
96689,15.4986,20.0,2103.6
96690,15.4986,20.0,2103.6
96691,15.4986,20.0,2103.6
96692,15.4986,20.0,2103.6
96693,15.4986,20.0,2103.6
96694,15.4986,20.0,2103.7
96695,15.4986,20.0,2103.7
96696,15.4986,20.0,2103.7
96697,15.4986,20.0,2103.7
96698,15.4986,20.0,2103.7
96699,15.4986,20.0,2103.8
96700,15.4986,20.0,2103.8
96701,15.4986,20.0,2103.8
96702,15.4986,20.0,2103.8
96703,15.4986,20.0,2103.9
96704,15.4986,20.0,2103.9
96705,15.4986,20.0,2103.9
96706,15.4986,20.0,2103.9
96707,15.4986,20.0,2103.9
96708,15.4986,20.0,2103.9
96709,15.4986,20.0,2104.0
96710,15.4986,20.0,2104.0
96711,15.4986,20.0,2104.0
96712,15.4986,20.0,2104.0
96713,15.4986,20.0,2104.1
96714,15.4986,20.0,2104.1
96715,15.4986,20.0,2104.1
96716,15.4986,20.0,2104.1
96717,15.4986,20.0,2104.1
96718,15.4986,20.0,2104.2
96719,15.4986,20.0,2104.2
96720,15.4986,20.0,2104.2
96721,15.4986,20.0,2104.2
96722,15.4986,20.0,2104.2
96723,15.4986,20.0,2104.3
96724,15.4986,20.0,2104.3
96725,15.4986,20.0,2104.3
96726,15.4986,20.0,2104.3
96727,15.4986,20.0,2104.3
96728,15.4986,20.0,2104.4
96729,15.4986,20.0,2104.4
96730,15.4986,20.0,2104.4
96731,15.4986,20.0,2104.4
96732,15.4986,20.0,2104.4
96733,15.4986,20.0,2104.5
96734,15.4986,20.0,2104.5
96735,15.4986,20.0,2104.5
96736,15.4986,20.0,2104.5
96737,15.4986,20.0,2104.5
96738,15.4986,20.0,2104.6
96739,15.4986,20.0,2104.6
96740,15.4986,20.0,2104.6
96741,15.4986,20.0,2104.6
96742,15.4986,20.0,2104.6
96743,15.4986,20.0,2104.7
96744,15.4986,20.0,2104.7
96745,15.4986,20.0,2104.7
96746,15.4986,20.0,2104.7
96747,15.4986,20.0,2104.7
96748,15.4986,20.0,2104.8
96749,15.4986,20.0,2104.8
96750,15.4986,20.0,2104.8
96751,15.4986,20.0,2104.8
96752,15.4986,20.0,2104.8
96753,15.4986,20.0,2104.9
96754,15.4986,20.0,2104.9
96755,15.4986,20.0,2104.9
96756,15.4986,20.0,2104.9
96757,15.4986,20.0,2105.0
96758,15.4986,20.0,2105.0
96759,15.4986,20.0,2105.0
96760,15.4986,20.0,2105.0
96761,15.4986,20.0,2105.0
96762,15.4986,20.0,2105.1
96763,15.4986,20.0,2105.1
96764,15.4986,20.0,2105.1
96765,15.4986,20.0,2105.1
96766,15.4986,20.0,2105.1
96767,15.4986,20.0,2105.2
96768,15.4986,20.0,2105.2
96769,15.4986,20.0,2105.5
96770,15.4986,20.0,2105.5
96771,15.4986,20.0,2105.5
96772,15.4986,20.0,2105.5
96773,15.4986,20.0,2105.5
96774,15.4986,20.0,2105.6
96775,15.4986,20.0,2105.6
96776,15.4986,20.0,2105.6
96777,15.4986,20.0,2105.6
96778,15.4986,20.0,2105.6
96779,15.4986,20.0,2105.6
96780,15.4986,20.0,2105.7
96781,15.4986,20.0,2105.7
96782,15.4986,20.0,2105.7
96783,15.4986,20.0,2105.7
96784,15.4986,20.0,2105.7
96785,15.4986,20.0,2105.8
96786,15.4986,20.0,2105.8
96787,15.4986,20.0,2105.8
96788,15.4986,20.0,2105.8
96789,15.4986,20.0,2105.8
96790,15.4986,20.0,2105.9
96791,15.4986,20.0,2105.9
96792,15.4986,20.0,2105.9
96793,15.4986,20.0,2105.9
96794,15.4986,20.0,2105.9
96795,15.4986,20.0,2106.0
96796,15.4986,20.0,2106.0
96797,15.4986,20.0,2106.0
96798,15.4986,20.0,2106.0
96799,15.4986,20.0,2106.1
96800,15.4986,20.0,2106.1
96801,15.4986,20.0,2106.1
96802,15.4986,20.0,2106.1
96803,15.4986,20.0,2106.1
96804,15.4986,20.0,2106.2
96805,15.4986,20.0,2106.2
96806,15.4986,20.0,2106.2
96807,15.4986,20.0,2106.2
96808,15.4986,20.0,2106.2
96809,15.4986,20.0,2106.3
96810,15.4986,20.0,2106.3
96811,15.4986,20.0,2106.3
96812,15.4986,20.0,2106.3
96813,15.4986,20.0,2106.3
96814,15.4986,20.0,2106.4
96815,15.4986,20.0,2106.4
96816,15.4986,20.0,2106.4
96817,15.4986,20.0,2106.4
96818,15.4986,20.0,2106.4
96819,15.4986,20.0,2106.5
96820,15.4986,20.0,2106.5
96821,15.4986,20.0,2106.5
96822,15.4986,20.0,2106.5
96823,15.4986,20.0,2106.6
96824,15.4986,20.0,2106.6
96825,15.4986,20.0,2106.6
96826,15.4986,20.0,2106.6
96827,15.4986,20.0,2106.6
96828,15.4986,20.0,2106.6
96829,15.4986,20.0,2106.7
96830,15.4986,20.0,2106.7
96831,15.4986,20.0,2106.7
96832,15.4986,20.0,2106.7
96833,15.4986,20.0,2106.7
96834,15.4986,20.0,2106.7
96835,15.4986,20.0,2106.8
96836,15.4986,20.0,2106.8
96837,15.4986,20.0,2106.8
96838,15.4986,20.0,2106.8
96839,15.4986,20.0,2106.9
96840,15.4986,20.0,2106.9
96841,15.4986,20.0,2106.9
96842,15.4986,20.0,2106.9
96843,15.4986,20.0,2106.9
96844,15.4986,20.0,2107.0
96845,15.4986,20.0,2107.0
96846,15.4986,20.0,2107.0
96847,15.4986,20.0,2107.0
96848,15.4986,20.0,2107.0
96849,15.4986,20.0,2107.0
96850,15.4986,20.0,2107.1
96851,15.4986,20.0,2107.1
96852,15.4986,20.0,2107.1
96853,15.4986,20.0,2107.1
96854,15.4986,20.0,2107.2
96855,15.4986,20.0,2107.2
96856,15.4986,20.0,2107.2
96857,15.4986,20.0,2107.2
96858,15.4986,20.0,2107.2
96859,15.4986,20.0,2107.2
96860,15.4986,20.0,2107.3
96861,15.4986,20.0,2107.3
96862,15.4986,20.0,2107.3
96863,15.4986,20.0,2107.3
96864,15.4986,20.0,2107.3
96865,15.4986,20.0,2107.4
96866,15.4986,20.0,2107.4
96867,15.4986,20.0,2107.4
96868,15.4986,20.0,2107.4
96869,15.4986,20.0,2107.4
96870,15.4986,20.0,2107.5
96871,15.4986,20.0,2107.5
96872,15.4986,20.0,2107.5
96873,15.4986,20.0,2107.5
96874,15.4986,20.0,2107.6
96875,15.4986,20.0,2107.6
96876,15.4986,20.0,2107.6
96877,15.4986,20.0,2107.6
96878,15.4986,20.0,2107.6
96879,15.4986,20.0,2107.7
96880,15.4986,20.0,2107.7
96881,15.4986,20.0,2107.7
96882,15.4986,20.0,2107.7
96883,15.4986,20.0,2107.7
96884,15.4986,20.0,2107.8
96885,15.4986,20.0,2107.8
96886,15.4986,20.0,2107.8
96887,15.4986,20.0,2107.8
96888,15.4986,20.0,2107.8
96889,15.4986,20.0,2107.8
96890,15.4986,20.0,2107.9
96891,15.4986,20.0,2107.9
96892,15.4986,20.0,2107.9
96893,15.4986,20.0,2107.9
96894,15.4986,20.0,2107.9
96895,15.4986,20.0,2108.0
96896,15.4986,20.0,2108.0
96897,15.4986,20.0,2108.0
96898,15.4986,20.0,2108.0
96899,15.4986,20.0,2108.0
96900,15.4986,20.0,2108.0
96901,15.4986,20.0,2108.1
96902,15.4986,20.0,2108.1
96903,15.4986,20.0,2108.1
96904,15.4986,20.0,2108.1
96905,15.4986,20.0,2108.2
96906,15.4986,20.0,2108.2
96907,15.4986,20.0,2108.2
96908,15.4986,20.0,2108.2
96909,15.4986,20.0,2108.2
96910,15.4986,20.0,2108.2
96911,15.4986,20.0,2108.3
96912,15.4986,20.0,2108.3
96913,15.4986,20.0,2108.3
96914,15.4986,20.0,2108.3
96915,15.4986,20.0,2108.3
96916,15.4986,20.0,2108.4
96917,15.4986,20.0,2108.4
96918,15.4986,20.0,2108.4
96919,15.4986,20.0,2108.4
96920,15.4986,20.0,2108.4
96921,15.4986,20.0,2108.5
96922,15.4986,20.0,2108.5
96923,15.4986,20.0,2108.5
96924,15.4986,20.0,2108.5
96925,15.4986,20.0,2108.5
96926,15.4986,20.0,2108.6
96927,15.4986,20.0,2108.6
96928,15.4986,20.0,2108.6
96929,15.4986,20.0,2108.6
96930,15.4986,20.0,2108.7
96931,15.4986,20.0,2108.7
96932,15.4986,20.0,2108.7
96933,15.4986,20.0,2108.7
96934,15.4986,20.0,2108.7
96935,15.4986,20.0,2108.8
96936,15.4986,20.0,2108.8
96937,15.4986,20.0,2108.8
96938,15.4986,20.0,2108.8
96939,15.4986,20.0,2108.8
96940,15.4986,20.0,2108.9
96941,15.4986,20.0,2108.9
96942,15.4986,20.0,2108.9
96943,15.4986,20.0,2108.9
96944,15.4986,20.0,2108.9
96945,15.4986,20.0,2109.0
96946,15.4986,20.0,2109.0
96947,15.4986,20.0,2109.0
96948,15.4986,20.0,2109.0
96949,15.4986,20.0,2109.0
96950,15.4986,20.0,2109.1
96951,15.4986,20.0,2109.1
96952,15.4986,20.0,2109.1
96953,15.4986,20.0,2109.1
96954,15.4986,20.0,2109.2
96955,15.4986,20.0,2109.2
96956,15.4986,20.0,2109.2
96957,15.4986,20.0,2109.2
96958,15.4986,20.0,2109.2
96959,15.4986,20.0,2109.3
96960,15.4986,20.0,2109.3
96961,15.4986,20.0,2109.3
96962,15.4986,20.0,2109.3
96963,15.4986,20.0,2109.3
96964,15.4986,20.0,2109.4
96965,15.4986,20.0,2109.4
96966,15.4986,20.0,2109.4
96967,15.4986,20.0,2109.4
96968,15.4986,20.0,2109.4
96969,15.4986,20.0,2109.5
96970,15.4986,20.0,2109.5
96971,15.4986,20.0,2109.5
96972,15.4986,20.0,2109.5
96973,15.4986,20.0,2109.6
96974,15.4986,20.0,2109.6
96975,15.4986,20.0,2109.6
96976,15.4986,20.0,2109.6
96977,15.4986,20.0,2109.6
96978,15.4986,20.0,2109.7
96979,15.4986,20.0,2109.7
96980,15.4986,20.0,2109.7
96981,15.4986,20.0,2109.7
96982,15.4986,20.0,2109.7
96983,15.4986,20.0,2109.7
96984,15.4986,20.0,2109.8
96985,15.4986,20.0,2109.8
96986,15.4986,20.0,2109.8
96987,15.4986,20.0,2109.8
96988,15.4986,20.0,2109.9
96989,15.4986,20.0,2109.9
96990,15.4986,20.0,2109.9
96991,15.4986,20.0,2109.9
96992,15.4986,20.0,2109.9
96993,15.4986,20.0,2110.0
96994,15.4986,20.0,2110.0
96995,15.4986,20.0,2110.0
96996,15.4986,20.0,2110.0
96997,15.4986,20.0,2110.0
96998,15.4986,20.0,2110.0
96999,15.4986,20.0,2110.1
97000,15.4986,20.0,2110.1
97001,15.4985,20.0,2110.1
97002,15.4985,20.0,2110.1
97003,15.4985,20.0,2110.2
97004,15.4985,20.0,2110.2
97005,15.4985,20.0,2110.2
97006,15.4985,20.0,2110.2
97007,15.4985,20.0,2110.2
97008,15.4985,20.0,2110.3
97009,15.4985,20.0,2110.3
97010,15.4985,20.0,2110.3
97011,15.4985,20.0,2110.3
97012,15.4985,20.0,2110.3
97013,15.4985,20.0,2110.3
97014,15.4985,20.0,2110.4
97015,15.4985,20.0,2110.4
97016,15.4985,20.0,2110.4
97017,15.4985,20.0,2110.4
97018,15.4985,20.0,2110.5
97019,15.4985,20.0,2110.5
97020,15.4985,20.0,2110.5
97021,15.4985,20.0,2110.5
97022,15.4985,20.0,2110.6
97023,15.4985,20.0,2110.6
97024,15.4985,20.0,2110.6
97025,15.4985,20.0,2110.6
97026,15.4985,20.0,2110.6
97027,15.4985,20.0,2110.7
97028,15.4985,20.0,2110.7
97029,15.4985,20.0,2110.7
97030,15.4985,20.0,2110.7
97031,15.4985,20.0,2110.7
97032,15.4985,20.0,2110.8
97033,15.4985,20.0,2110.8
97034,15.4985,20.0,2110.8
97035,15.4985,20.0,2110.8
97036,15.4985,20.0,2110.9
97037,15.4985,20.0,2110.9
97038,15.4985,20.0,2110.9
97039,15.4985,20.0,2110.9
97040,15.4985,20.0,2110.9
97041,15.4985,20.0,2111.0
97042,15.4985,20.0,2111.0
97043,15.4985,20.0,2111.0
97044,15.4985,20.0,2111.0
97045,15.4985,20.0,2111.0
97046,15.4985,20.0,2111.0
97047,15.4985,20.0,2111.1
97048,15.4985,20.0,2111.1
97049,15.4985,20.0,2111.1
97050,15.4985,20.0,2111.1
97051,15.4985,20.0,2111.2
97052,15.4985,20.0,2111.2
97053,15.4985,20.0,2111.2
97054,15.4985,20.0,2111.2
97055,15.4985,20.0,2111.2
97056,15.4985,20.0,2111.2
97057,15.4985,20.0,2111.3
97058,15.4985,20.0,2111.3
97059,15.4985,20.0,2111.3
97060,15.4985,20.0,2111.3
97061,15.4985,20.0,2111.3
97062,15.4985,20.0,2111.3
97063,15.4985,20.0,2111.4
97064,15.4985,20.0,2111.4
97065,15.4985,20.0,2111.4
97066,15.4985,20.0,2111.4
97067,15.4985,20.0,2111.5
97068,15.4985,20.0,2111.5
97069,15.4985,20.0,2111.5
97070,15.4985,20.0,2111.5
97071,15.4985,20.0,2111.5
97072,15.4985,20.0,2111.6
97073,15.4985,20.0,2111.6
97074,15.4985,20.0,2111.6
97075,15.4985,20.0,2111.6
97076,15.4985,20.0,2111.6
97077,15.4985,20.0,2111.7
97078,15.4985,20.0,2111.7
97079,15.4985,20.0,2111.7
97080,15.4985,20.0,2111.7
97081,15.4985,20.0,2111.7
97082,15.4985,20.0,2111.8
97083,15.4985,20.0,2111.8
97084,15.4985,20.0,2111.8
97085,15.4985,20.0,2111.8
97086,15.4985,20.0,2111.8
97087,15.4985,20.0,2111.9
97088,15.4985,20.0,2111.9
97089,15.4985,20.0,2111.9
97090,15.4985,20.0,2111.9
97091,15.4985,20.0,2111.9
97092,15.4985,20.0,2112.0
97093,15.4985,20.0,2112.0
97094,15.4985,20.0,2112.0
97095,15.4985,20.0,2112.0
97096,15.4985,20.0,2112.0
97097,15.4985,20.0,2112.1
97098,15.4985,20.0,2112.1
97099,15.4985,20.0,2112.1
97100,15.4985,20.0,2112.1
97101,15.4985,20.0,2112.1
97102,15.4985,20.0,2112.2
97103,15.4985,20.0,2112.2
97104,15.4985,20.0,2112.2
97105,15.4985,20.0,2112.2
97106,15.4985,20.0,2112.2
97107,15.4985,20.0,2112.2
97108,15.4985,20.0,2112.3
97109,15.4985,20.0,2112.3
97110,15.4985,20.0,2112.3
97111,15.4985,20.0,2112.3
97112,15.4985,20.0,2112.3
97113,15.4985,20.0,2112.4
97114,15.4985,20.0,2112.4
97115,15.4985,20.0,2112.4
97116,15.4985,20.0,2112.4
97117,15.4985,20.0,2112.5
97118,15.4985,20.0,2112.5
97119,15.4985,20.0,2112.5
97120,15.4985,20.0,2112.5
97121,15.4985,20.0,2112.5
97122,15.4985,20.0,2112.5
97123,15.4985,20.0,2112.6
97124,15.4985,20.0,2112.6
97125,15.4985,20.0,2112.6
97126,15.4985,20.0,2112.6
97127,15.4985,20.0,2112.7
97128,15.4985,20.0,2112.7
97129,15.4985,20.0,2112.7
97130,15.4985,20.0,2112.7
97131,15.4985,20.0,2112.7
97132,15.4985,20.0,2112.7
97133,15.4985,20.0,2112.8
97134,15.4985,20.0,2112.8
97135,15.4985,20.0,2112.8
97136,15.4985,20.0,2112.8
97137,15.4985,20.0,2112.8
97138,15.4985,20.0,2112.9
97139,15.4985,20.0,2112.9
97140,15.4985,20.0,2112.9
97141,15.4985,20.0,2112.9
97142,15.4985,20.0,2112.9
97143,15.4985,20.0,2113.0
97144,15.4985,20.0,2113.0
97145,15.4985,20.0,2113.0
97146,15.4985,20.0,2113.0
97147,15.4985,20.0,2113.1
97148,15.4985,20.0,2113.1
97149,15.4985,20.0,2113.1
97150,15.4985,20.0,2113.1
97151,15.4985,20.0,2113.1
97152,15.4985,20.0,2113.2
97153,15.4985,20.0,2113.2
97154,15.4985,20.0,2113.2
97155,15.4985,20.0,2113.2
97156,15.4985,20.0,2113.2
97157,15.4985,20.0,2113.3
97158,15.4985,20.0,2113.3
97159,15.4985,20.0,2113.3
97160,15.4985,20.0,2113.3
97161,15.4985,20.0,2113.3
97162,15.4985,20.0,2113.3
97163,15.4985,20.0,2113.4
97164,15.4985,20.0,2113.4
97165,15.4985,20.0,2113.4
97166,15.4985,20.0,2113.4
97167,15.4985,20.0,2113.5
97168,15.4985,20.0,2113.5
97169,15.4985,20.0,2113.5
97170,15.4985,20.0,2113.5
97171,15.4985,20.0,2113.6
97172,15.4985,20.0,2113.6
97173,15.4985,20.0,2113.6
97174,15.4985,20.0,2113.6
97175,15.4985,20.0,2113.6
97176,15.4985,20.0,2113.7
97177,15.4985,20.0,2113.7
97178,15.4985,20.0,2113.7
97179,15.4985,20.0,2113.7
97180,15.4985,20.0,2113.7
97181,15.4985,20.0,2113.8
97182,15.4985,20.0,2113.8
97183,15.4985,20.0,2113.8
97184,15.4985,20.0,2113.8
97185,15.4985,20.0,2113.8
97186,15.4985,20.0,2113.9
97187,15.4985,20.0,2113.9
97188,15.4985,20.0,2113.9
97189,15.4985,20.0,2113.9
97190,15.4985,20.0,2114.0
97191,15.4985,20.0,2114.0
97192,15.4985,20.0,2114.0
97193,15.4985,20.0,2114.0
97194,15.4985,20.0,2114.0
97195,15.4985,20.0,2114.1
97196,15.4985,20.0,2114.1
97197,15.4985,20.0,2114.1
97198,15.4985,20.0,2114.1
97199,15.4985,20.0,2114.1
97200,15.4985,20.0,2114.2
97201,15.4985,20.0,2114.2
97202,15.4985,20.0,2114.2
97203,15.4985,20.0,2114.2
97204,15.4985,20.0,2114.2
97205,15.4985,20.0,2114.2
97206,15.4985,20.0,2114.3
97207,15.4985,20.0,2114.3
97208,15.4985,20.0,2114.3
97209,15.4985,20.0,2114.3
97210,15.4985,20.0,2114.4
97211,15.4985,20.0,2114.4
97212,15.4985,20.0,2114.4
97213,15.4985,20.0,2114.4
97214,15.4985,20.0,2114.4
97215,15.4985,20.0,2114.4
97216,15.4985,20.0,2114.5
97217,15.4985,20.0,2114.5
97218,15.4985,20.0,2114.5
97219,15.4985,20.0,2114.5
97220,15.4985,20.0,2114.6
97221,15.4985,20.0,2114.6
97222,15.4985,20.0,2114.6
97223,15.4985,20.0,2114.6
97224,15.4985,20.0,2114.6
97225,15.4985,20.0,2114.7
97226,15.4985,20.0,2114.7
97227,15.4985,20.0,2114.7
97228,15.4985,20.0,2114.7
97229,15.4985,20.0,2114.7
97230,15.4985,20.0,2114.8
97231,15.4985,20.0,2114.8
97232,15.4985,20.0,2114.8
97233,15.4985,20.0,2114.8
97234,15.4985,20.0,2114.8
97235,15.4985,20.0,2114.9
97236,15.4985,20.0,2114.9
97237,15.4985,20.0,2114.9
97238,15.4985,20.0,2114.9
97239,15.4985,20.0,2114.9
97240,15.4985,20.0,2115.0
97241,15.5185,20.0,2115.0
97242,15.5185,20.0,2115.0
97243,15.5185,20.0,2115.0
97244,15.5185,20.0,2115.0
97245,15.5185,20.0,2115.0
97246,15.5185,20.0,2115.1
97247,15.5185,20.0,2115.1
97248,15.5185,20.0,2115.1
97249,15.5185,20.0,2115.1
97250,15.5185,20.0,2115.2
97251,15.5185,20.0,2115.2
97252,15.5185,20.0,2115.2
97253,15.5185,20.0,2115.2
97254,15.5185,20.0,2115.2
97255,15.5185,20.0,2115.3
97256,15.5185,20.0,2115.3
97257,15.5185,20.0,2115.3
97258,15.5185,20.0,2115.3
97259,15.5185,20.0,2115.3
97260,15.5185,20.0,2115.4
97261,15.5384,20.0,2115.4
97262,15.5384,20.0,2115.4
97263,15.5384,20.0,2115.4
97264,15.5384,20.0,2115.5
97265,15.5384,20.0,2115.5
97266,15.5384,20.0,2115.5
97267,15.5384,20.0,2115.5
97268,15.5384,20.0,2115.5
97269,15.5384,20.0,2115.6
97270,15.5384,20.0,2115.6
97271,15.5384,20.0,2115.6
97272,15.5384,20.0,2115.6
97273,15.5384,20.0,2115.6
97274,15.5384,20.0,2115.7
97275,15.5384,20.0,2115.7
97276,15.5384,20.0,2115.7
97277,15.5384,20.0,2115.7
97278,15.5384,20.0,2115.7
97279,15.5384,20.0,2115.7
97280,15.5384,20.0,2115.8
97281,15.5584,20.0,2116.0
97282,15.5584,20.0,2116.1
97283,15.5584,20.0,2116.1
97284,15.5584,20.0,2116.1
97285,15.5584,20.0,2116.1
97286,15.5584,20.0,2116.2
97287,15.5584,20.0,2116.2
97288,15.5584,20.0,2116.2
97289,15.5584,20.0,2116.2
97290,15.5584,20.0,2116.2
97291,15.5584,20.0,2116.3
97292,15.5584,20.0,2116.3
97293,15.5584,20.0,2116.3
97294,15.5584,20.0,2116.3
97295,15.5584,20.0,2116.3
97296,15.5584,20.0,2116.4
97297,15.5584,20.0,2116.4
97298,15.5584,20.0,2116.4
97299,15.5584,20.0,2116.4
97300,15.5584,20.0,2116.4
97301,15.5784,20.0,2116.4
97302,15.5784,20.0,2116.5
97303,15.5784,20.0,2116.5
97304,15.5784,20.0,2116.5
97305,15.5784,20.0,2116.5
97306,15.5784,20.0,2116.6
97307,15.5784,20.0,2116.6
97308,15.5784,20.0,2116.6
97309,15.5784,20.0,2116.6
97310,15.5784,20.0,2116.6
97311,15.5784,20.0,2116.7
97312,15.5784,20.0,2116.7
97313,15.5784,20.0,2116.7
97314,15.5784,20.0,2116.7
97315,15.5784,20.0,2116.7
97316,15.5784,20.0,2116.7
97317,15.5784,20.0,2116.8
97318,15.5784,20.0,2116.8
97319,15.5784,20.0,2116.8
97320,15.5784,20.0,2116.8
97321,15.5984,20.0,2116.8
97322,15.5984,20.0,2116.9
97323,15.5984,20.0,2116.9
97324,15.5984,20.0,2116.9
97325,15.5984,20.0,2116.9
97326,15.5984,20.0,2116.9
97327,15.5984,20.0,2117.0
97328,15.5984,20.0,2117.0
97329,15.5984,20.0,2117.0
97330,15.5984,20.0,2117.0
97331,15.5984,20.0,2117.0
97332,15.5984,20.0,2117.1
97333,15.5984,20.0,2117.1
97334,15.5984,20.0,2117.1
97335,15.5984,20.0,2117.1
97336,15.5984,20.0,2117.1
97337,15.5984,20.0,2117.2
97338,15.5984,20.0,2117.2
97339,15.5984,20.0,2117.2
97340,15.5984,20.0,2117.2
97341,15.6184,20.0,2117.2
97342,15.6184,20.0,2117.3
97343,15.6184,20.0,2117.3
97344,15.6184,20.0,2117.3
97345,15.6184,20.0,2117.3
97346,15.6184,20.0,2117.4
97347,15.6184,20.0,2117.4
97348,15.6184,20.0,2117.4
97349,15.6184,20.0,2117.4
97350,15.6184,20.0,2117.4
97351,15.6184,20.0,2117.5
97352,15.6184,20.0,2117.5
97353,15.6184,20.0,2117.5
97354,15.6184,20.0,2117.5
97355,15.6184,20.0,2117.5
97356,15.6184,20.0,2117.6
97357,15.6184,20.0,2117.6
97358,15.6184,20.0,2117.6
97359,15.6184,20.0,2117.6
97360,15.6184,20.0,2117.7
97361,15.6384,20.0,2117.7
97362,15.6384,20.0,2117.7
97363,15.6384,20.0,2117.7
97364,15.6384,20.0,2117.8
97365,15.6384,20.0,2117.8
97366,15.6384,20.0,2117.8
97367,15.6384,20.0,2117.8
97368,15.6384,20.0,2117.9
97369,15.6384,20.0,2117.9
97370,15.6384,20.0,2117.9
97371,15.6384,20.0,2117.9
97372,15.6384,20.0,2118.0
97373,15.6384,20.0,2118.0
97374,15.6384,20.0,2118.0
97375,15.6384,20.0,2118.0
97376,15.6384,20.0,2118.1
97377,15.6384,20.0,2118.1
97378,15.6384,20.0,2118.1
97379,15.6384,20.0,2118.1
97380,15.6384,20.0,2118.1
97381,15.6584,20.0,2118.2
97382,15.6584,20.0,2118.2
97383,15.6584,20.0,2118.2
97384,15.6584,20.0,2118.2
97385,15.6584,20.0,2118.3
97386,15.6584,20.0,2118.3
97387,15.6584,20.0,2118.3
97388,15.6584,20.0,2118.3
97389,15.6584,20.0,2118.3
97390,15.6584,20.0,2118.3
97391,15.6584,20.0,2118.4
97392,15.6584,20.0,2118.4
97393,15.6584,20.0,2118.4
97394,15.6584,20.0,2118.4
97395,15.6584,20.0,2118.5
97396,15.6584,20.0,2118.5
97397,15.6584,20.0,2118.5
97398,15.6584,20.0,2118.5
97399,15.6584,20.0,2118.5
97400,15.6584,20.0,2118.6
97401,15.6783,20.0,2118.6
97402,15.6783,20.0,2118.6
97403,15.6783,20.0,2118.6
97404,15.6783,20.0,2118.6
97405,15.6783,20.0,2118.7
97406,15.6783,20.0,2118.7
97407,15.6783,20.0,2118.7
97408,15.6783,20.0,2118.7
97409,15.6783,20.0,2118.7
97410,15.6783,20.0,2118.7
97411,15.6783,20.0,2118.8
97412,15.6783,20.0,2118.8
97413,15.6783,20.0,2118.8
97414,15.6783,20.0,2118.8
97415,15.6783,20.0,2118.8
97416,15.6783,20.0,2118.9
97417,15.6783,20.0,2118.9
97418,15.6783,20.0,2118.9
97419,15.6783,20.0,2118.9
97420,15.6783,20.0,2118.9
97421,15.6983,20.0,2119.0
97422,15.6983,20.0,2119.0
97423,15.6983,20.0,2119.0
97424,15.6983,20.0,2119.0
97425,15.6983,20.0,2119.0
97426,15.6983,20.0,2119.1
97427,15.6983,20.0,2119.1
97428,15.6983,20.0,2119.1
97429,15.6983,20.0,2119.1
97430,15.6983,20.0,2119.2
97431,15.6983,20.0,2119.2
97432,15.6983,20.0,2119.2
97433,15.6983,20.0,2119.2
97434,15.6983,20.0,2119.2
97435,15.6983,20.0,2119.3
97436,15.6983,20.0,2119.3
97437,15.6983,20.0,2119.3
97438,15.6983,20.0,2119.3
97439,15.6983,20.0,2119.3
97440,15.6983,20.0,2119.3
97441,15.7183,20.0,2119.4
97442,15.7183,20.0,2119.4
97443,15.7183,20.0,2119.4
97444,15.7183,20.0,2119.4
97445,15.7183,20.0,2119.4
97446,15.7183,20.0,2119.5
97447,15.7183,20.0,2119.5
97448,15.7183,20.0,2119.5
97449,15.7183,20.0,2119.5
97450,15.7183,20.0,2119.5
97451,15.7183,20.0,2119.6
97452,15.7183,20.0,2119.6
97453,15.7183,20.0,2119.6
97454,15.7183,20.0,2119.6
97455,15.7183,20.0,2119.7
97456,15.7183,20.0,2119.7
97457,15.7183,20.0,2119.7
97458,15.7183,20.0,2119.7
97459,15.7183,20.0,2119.7
97460,15.7183,20.0,2119.8
97461,15.7383,20.0,2119.8
97462,15.7383,20.0,2119.8
97463,15.7383,20.0,2119.8
97464,15.7383,20.0,2119.8
97465,15.7383,20.0,2119.9
97466,15.7383,20.0,2119.9
97467,15.7383,20.0,2119.9
97468,15.7383,20.0,2119.9
97469,15.7383,20.0,2119.9
97470,15.7383,20.0,2119.9
97471,15.7383,20.0,2120.0
97472,15.7383,20.0,2120.0
97473,15.7383,20.0,2120.0
97474,15.7383,20.0,2120.0
97475,15.7383,20.0,2120.0
97476,15.7383,20.0,2120.1
97477,15.7383,20.0,2120.1
97478,15.7383,20.0,2120.1
97479,15.7383,20.0,2120.1
97480,15.7383,20.0,2120.1
97481,15.7583,20.0,2120.2
97482,15.7583,20.0,2120.2
97483,15.7583,20.0,2120.2
97484,15.7583,20.0,2120.2
97485,15.7583,20.0,2120.2
97486,15.7583,20.0,2120.3
97487,15.7583,20.0,2120.3
97488,15.7583,20.0,2120.3
97489,15.7583,20.0,2120.3
97490,15.7583,20.0,2120.3
97491,15.7583,20.0,2120.3
97492,15.7583,20.0,2120.3
97493,15.7583,20.0,2120.4
97494,15.7583,20.0,2120.4
97495,15.7583,20.0,2120.4
97496,15.7583,20.0,2120.4
97497,15.7583,20.0,2120.4
97498,15.7583,20.0,2120.5
97499,15.7583,20.0,2120.5
97500,15.7583,20.0,2120.5
97501,15.7783,20.0,2120.5
97502,15.7783,20.0,2120.6
97503,15.7783,20.0,2120.6
97504,15.7783,20.0,2120.6
97505,15.7783,20.0,2120.6
97506,15.7783,20.0,2120.6
97507,15.7783,20.0,2120.7
97508,15.7783,20.0,2120.7
97509,15.7783,20.0,2120.7
97510,15.7783,20.0,2120.7
97511,15.7783,20.0,2120.7
97512,15.7783,20.0,2120.7
97513,15.7783,20.0,2120.8
97514,15.7783,20.0,2120.8
97515,15.7783,20.0,2120.8
97516,15.7783,20.0,2120.8
97517,15.7783,20.0,2120.8
97518,15.7783,20.0,2120.9
97519,15.7783,20.0,2120.9
97520,15.7783,20.0,2120.9
97521,15.7983,20.0,2120.9
97522,15.7983,20.0,2120.9
97523,15.7983,20.0,2121.0
97524,15.7983,20.0,2121.0
97525,15.7983,20.0,2121.0
97526,15.7983,20.0,2121.0
97527,15.7983,20.0,2121.0
97528,15.7983,20.0,2121.1
97529,15.7983,20.0,2121.1
97530,15.7983,20.0,2121.1
97531,15.7983,20.0,2121.1
97532,15.7983,20.0,2121.1
97533,15.7983,20.0,2121.2
97534,15.7983,20.0,2121.2
97535,15.7983,20.0,2121.2
97536,15.7983,20.0,2121.2
97537,15.7983,20.0,2121.2
97538,15.7983,20.0,2121.3
97539,15.7983,20.0,2121.3
97540,15.7983,20.0,2121.3
97541,15.8182,20.0,2121.3
97542,15.8182,20.0,2121.3
97543,15.8182,20.0,2121.4
97544,15.8182,20.0,2121.4
97545,15.8182,20.0,2121.4
97546,15.8182,20.0,2121.4
97547,15.8182,20.0,2121.4
97548,15.8182,20.0,2121.4
97549,15.8182,20.0,2121.5
97550,15.8182,20.0,2121.5
97551,15.8182,20.0,2121.5
97552,15.8182,20.0,2121.5
97553,15.8182,20.0,2121.5
97554,15.8182,20.0,2121.6
97555,15.8182,20.0,2121.6
97556,15.8182,20.0,2121.6
97557,15.8182,20.0,2121.6
97558,15.8182,20.0,2121.6
97559,15.8182,20.0,2121.7
97560,15.8182,20.0,2121.7
97561,15.8382,20.0,2121.7
97562,15.8382,20.0,2121.7
97563,15.8382,20.0,2121.8
97564,15.8382,20.0,2121.8
97565,15.8382,20.0,2121.8
97566,15.8382,20.0,2121.8
97567,15.8382,20.0,2121.8
97568,15.8382,20.0,2121.9
97569,15.8382,20.0,2121.9
97570,15.8382,20.0,2121.9
97571,15.8382,20.0,2121.9
97572,15.8382,20.0,2121.9
97573,15.8382,20.0,2122.0
97574,15.8382,20.0,2122.0
97575,15.8382,20.0,2122.0
97576,15.8382,20.0,2122.0
97577,15.8382,20.0,2122.0
97578,15.8382,20.0,2122.1
97579,15.8382,20.0,2122.1
97580,15.8382,20.0,2122.1
97581,15.8582,20.0,2122.1
97582,15.8582,20.0,2122.2
97583,15.8582,20.0,2122.2
97584,15.8582,20.0,2122.2
97585,15.8582,20.0,2122.2
97586,15.8582,20.0,2122.2
97587,15.8582,20.0,2122.3
97588,15.8582,20.0,2122.3
97589,15.8582,20.0,2122.3
97590,15.8582,20.0,2122.3
97591,15.8582,20.0,2122.3
97592,15.8582,20.0,2122.3
97593,15.8582,20.0,2122.4
97594,15.8582,20.0,2122.4
97595,15.8582,20.0,2122.4
97596,15.8582,20.0,2122.4
97597,15.8582,20.0,2122.5
97598,15.8582,20.0,2122.5
97599,15.8582,20.0,2122.5
97600,15.8582,20.0,2122.5
97601,15.8782,20.0,2122.5
97602,15.8782,20.0,2122.5
97603,15.8782,20.0,2122.6
97604,15.8782,20.0,2122.6
97605,15.8782,20.0,2122.6
97606,15.8782,20.0,2122.6
97607,15.8782,20.0,2122.6
97608,15.8782,20.0,2122.7
97609,15.8782,20.0,2122.7
97610,15.8782,20.0,2122.7
97611,15.8782,20.0,2122.7
97612,15.8782,20.0,2122.7
97613,15.8782,20.0,2122.8
97614,15.8782,20.0,2122.8
97615,15.8782,20.0,2122.8
97616,15.8782,20.0,2122.8
97617,15.8782,20.0,2122.8
97618,15.8782,20.0,2122.9
97619,15.8782,20.0,2122.9
97620,15.8782,20.0,2122.9
97621,15.8982,20.0,2122.9
97622,15.8982,20.0,2122.9
97623,15.8982,20.0,2123.0
97624,15.8982,20.0,2123.0
97625,15.8982,20.0,2123.0
97626,15.8982,20.0,2123.0
97627,15.8982,20.0,2123.0
97628,15.8982,20.0,2123.0
97629,15.8982,20.0,2123.1
97630,15.8982,20.0,2123.1
97631,15.8982,20.0,2123.1
97632,15.8982,20.0,2123.1
97633,15.8982,20.0,2123.1
97634,15.8982,20.0,2123.2
97635,15.8982,20.0,2123.2
97636,15.8982,20.0,2123.2
97637,15.8982,20.0,2123.2
97638,15.8982,20.0,2123.2
97639,15.8982,20.0,2123.3
97640,15.8982,20.0,2123.3
97641,15.9182,20.0,2123.3
97642,15.9182,20.0,2123.3
97643,15.9182,20.0,2123.3
97644,15.9182,20.0,2123.3
97645,15.9182,20.0,2123.4
97646,15.9182,20.0,2123.4
97647,15.9182,20.0,2123.4
97648,15.9182,20.0,2123.4
97649,15.9182,20.0,2123.4
97650,15.9182,20.0,2123.4
97651,15.9182,20.0,2123.5
97652,15.9182,20.0,2123.5
97653,15.9182,20.0,2123.5
97654,15.9182,20.0,2123.5
97655,15.9182,20.0,2123.5
97656,15.9182,20.0,2123.6
97657,15.9182,20.0,2123.6
97658,15.9182,20.0,2123.6
97659,15.9182,20.0,2123.6
97660,15.9182,20.0,2123.6
97661,15.9382,20.0,2123.7
97662,15.9382,20.0,2123.7
97663,15.9382,20.0,2123.7
97664,15.9382,20.0,2123.7
97665,15.9382,20.0,2123.7
97666,15.9382,20.0,2123.8
97667,15.9382,20.0,2123.8
97668,15.9382,20.0,2123.8
97669,15.9382,20.0,2123.8
97670,15.9382,20.0,2123.8
97671,15.9382,20.0,2123.9
97672,15.9382,20.0,2123.9
97673,15.9382,20.0,2123.9
97674,15.9382,20.0,2123.9
97675,15.9382,20.0,2123.9
97676,15.9382,20.0,2123.9
97677,15.9382,20.0,2124.0
97678,15.9382,20.0,2124.0
97679,15.9382,20.0,2124.0
97680,15.9382,20.0,2124.0
97681,15.9581,20.0,2124.0
97682,15.9581,20.0,2124.1
97683,15.9581,20.0,2124.1
97684,15.9581,20.0,2124.1
97685,15.9581,20.0,2124.1
97686,15.9581,20.0,2124.2
97687,15.9581,20.0,2124.2
97688,15.9581,20.0,2124.2
97689,15.9581,20.0,2124.2
97690,15.9581,20.0,2124.2
97691,15.9581,20.0,2124.2
97692,15.9581,20.0,2124.3
97693,15.9581,20.0,2124.3
97694,15.9581,20.0,2124.3
97695,15.9581,20.0,2124.3
97696,15.9581,20.0,2124.4
97697,15.9581,20.0,2124.4
97698,15.9581,20.0,2124.4
97699,15.9581,20.0,2124.4
97700,15.9581,20.0,2124.4
97701,15.9781,20.0,2124.5
97702,15.9781,20.0,2124.5
97703,15.9781,20.0,2124.5
97704,15.9781,20.0,2124.5
97705,15.9781,20.0,2124.6
97706,15.9781,20.0,2124.6
97707,15.9781,20.0,2124.6
97708,15.9781,20.0,2124.6
97709,15.9781,20.0,2124.6
97710,15.9781,20.0,2124.7
97711,15.9781,20.0,2124.7
97712,15.9781,20.0,2124.7
97713,15.9781,20.0,2124.7
97714,15.9781,20.0,2124.7
97715,15.9781,20.0,2124.8
97716,15.9781,20.0,2124.8
97717,15.9781,20.0,2124.8
97718,15.9781,20.0,2124.8
97719,15.9781,20.0,2124.8
97720,15.9781,20.0,2124.9
97721,15.9981,20.0,2124.9
97722,15.9981,20.0,2124.9
97723,15.9981,20.0,2124.9
97724,15.9981,20.0,2124.9
97725,15.9981,20.0,2125.0
97726,15.9981,20.0,2125.0
97727,15.9981,20.0,2125.0
97728,15.9981,20.0,2125.0
97729,15.9981,20.0,2125.0
97730,15.9981,20.0,2125.1
97731,15.9981,20.0,2125.1
97732,15.9981,20.0,2125.1
97733,15.9981,20.0,2125.1
97734,15.9981,20.0,2125.1
97735,15.9981,20.0,2125.2
97736,15.9981,20.0,2125.2
97737,15.9981,20.0,2125.2
97738,15.9981,20.0,2125.2
97739,15.9981,20.0,2125.2
97740,15.9981,20.0,2125.2
97741,16.0181,20.0,2125.3
97742,16.0181,20.0,2125.3
97743,16.0181,20.0,2125.3
97744,16.0181,20.0,2125.3
97745,16.0181,20.0,2125.3
97746,16.0181,20.0,2125.4
97747,16.0181,20.0,2125.4
97748,16.0181,20.0,2125.4
97749,16.0181,20.0,2125.4
97750,16.0181,20.0,2125.4
97751,16.0181,20.0,2125.4
97752,16.0181,20.0,2125.5
97753,16.0181,20.0,2125.5
97754,16.0181,20.0,2125.5
97755,16.0181,20.0,2125.5
97756,16.0181,20.0,2125.5
97757,16.0181,20.0,2125.5
97758,16.0181,20.0,2125.6
97759,16.0181,20.0,2125.6
97760,16.0181,20.0,2125.6
97761,16.0181,20.0,2125.6
97762,16.0181,20.0,2125.7
97763,16.0181,20.0,2125.7
97764,16.0181,20.0,2125.7
97765,16.0181,20.0,2125.7
97766,16.0181,20.0,2125.7
97767,16.0181,20.0,2125.8
97768,16.0181,20.0,2125.8
97769,16.0181,20.0,2125.8
97770,16.0181,20.0,2125.8
97771,16.0181,20.0,2125.8
97772,16.0181,20.0,2125.9
97773,16.0181,20.0,2125.9
97774,16.0181,20.0,2125.9
97775,16.0181,20.0,2125.9
97776,16.0181,20.0,2125.9
97777,16.0181,20.0,2126.0
97778,16.0181,20.0,2126.0
97779,16.0181,20.0,2126.0
97780,16.0181,20.0,2126.0
97781,16.0181,20.0,2126.0
97782,16.0181,20.0,2126.1
97783,16.0181,20.0,2126.1
97784,16.0181,20.0,2126.1
97785,16.0181,20.0,2126.1
97786,16.0181,20.0,2126.1
97787,16.0181,20.0,2126.1
97788,16.0181,20.0,2126.2
97789,16.0181,20.0,2126.2
97790,16.0181,20.0,2126.2
97791,16.0181,20.0,2126.2
97792,16.0181,20.0,2126.3
97793,16.0181,20.0,2126.6
97794,16.0181,20.0,2126.6
97795,16.0181,20.0,2126.6
97796,16.0181,20.0,2126.6
97797,16.0181,20.0,2126.7
97798,16.0181,20.0,2126.7
97799,16.0181,20.0,2126.7
97800,16.0181,20.0,2126.7
97801,16.0181,20.0,2126.7
97802,16.0181,20.0,2126.8
97803,16.0181,20.0,2126.8
97804,16.0181,20.0,2126.8
97805,16.0181,20.0,2126.8
97806,16.0181,20.0,2126.8
97807,16.0181,20.0,2126.8
97808,16.0181,20.0,2126.9
97809,16.0181,20.0,2126.9
97810,16.0181,20.0,2126.9
97811,16.0181,20.0,2126.9
97812,16.0181,20.0,2127.0
97813,16.0181,20.0,2127.0
97814,16.0181,20.0,2127.0
97815,16.0181,20.0,2127.0
97816,16.0181,20.0,2127.0
97817,16.0181,20.0,2127.0
97818,16.0181,20.0,2127.1
97819,16.0181,20.0,2127.1
97820,16.0181,20.0,2127.1
97821,16.0181,20.0,2127.1
97822,16.0181,20.0,2127.2
97823,16.0181,20.0,2127.2
97824,16.0181,20.0,2127.2
97825,16.0181,20.0,2127.2
97826,16.0181,20.0,2127.2
97827,16.0181,20.0,2127.2
97828,16.0181,20.0,2127.2
97829,16.0181,20.0,2127.3
97830,16.0181,20.0,2127.3
97831,16.0181,20.0,2127.3
97832,16.0181,20.0,2127.3
97833,16.0181,20.0,2127.3
97834,16.0181,20.0,2127.4
97835,16.0181,20.0,2127.4
97836,16.0181,20.0,2127.4
97837,16.0181,20.0,2127.4
97838,16.0181,20.0,2127.4
97839,16.0181,20.0,2127.4
97840,16.0181,20.0,2127.5
97841,16.0180,20.0,2127.5
97842,16.0180,20.0,2127.5
97843,16.0180,20.0,2127.5
97844,16.0180,20.0,2127.5
97845,16.0180,20.0,2127.6
97846,16.0180,20.0,2127.6
97847,16.0180,20.0,2127.6
97848,16.0180,20.0,2127.6
97849,16.0180,20.0,2127.6
97850,16.0180,20.0,2127.7
97851,16.0180,20.0,2127.7
97852,16.0180,20.0,2127.7
97853,16.0180,20.0,2127.7
97854,16.0180,20.0,2127.7
97855,16.0180,20.0,2127.8
97856,16.0180,20.0,2127.8
97857,16.0180,20.0,2127.8
97858,16.0180,20.0,2127.8
97859,16.0180,20.0,2127.8
97860,16.0180,20.0,2127.9
97861,16.0180,20.0,2127.9
97862,16.0180,20.0,2127.9
97863,16.0180,20.0,2127.9
97864,16.0180,20.0,2127.9
97865,16.0180,20.0,2128.0
97866,16.0180,20.0,2128.0
97867,16.0180,20.0,2128.0
97868,16.0180,20.0,2128.0
97869,16.0180,20.0,2128.0
97870,16.0180,20.0,2128.1
97871,16.0180,20.0,2128.1
97872,16.0180,20.0,2128.1
97873,16.0180,20.0,2128.1
97874,16.0180,20.0,2128.1
97875,16.0180,20.0,2128.2
97876,16.0180,20.0,2128.2
97877,16.0180,20.0,2128.2
97878,16.0180,20.0,2128.2
97879,16.0180,20.0,2128.2
97880,16.0180,20.0,2128.3
97881,16.0180,20.0,2128.3
97882,16.0180,20.0,2128.3
97883,16.0180,20.0,2128.3
97884,16.0180,20.0,2128.3
97885,16.0180,20.0,2128.4
97886,16.0180,20.0,2128.4
97887,16.0180,20.0,2128.4
97888,16.0180,20.0,2128.4
97889,16.0180,20.0,2128.4
97890,16.0180,20.0,2128.5
97891,16.0180,20.0,2128.5
97892,16.0180,20.0,2128.5
97893,16.0180,20.0,2128.5
97894,16.0180,20.0,2128.5
97895,16.0180,20.0,2128.6
97896,16.0180,20.0,2128.6
97897,16.0180,20.0,2128.6
97898,16.0180,20.0,2128.6
97899,16.0180,20.0,2128.6
97900,16.0180,20.0,2128.7
97901,16.0180,20.0,2128.7
97902,16.0180,20.0,2128.7
97903,16.0180,20.0,2128.7
97904,16.0180,20.0,2128.7
97905,16.0180,20.0,2128.8
97906,16.0180,20.0,2128.8
97907,16.0180,20.0,2128.8
97908,16.0180,20.0,2128.8
97909,16.0180,20.0,2128.8
97910,16.0180,20.0,2128.9
97911,16.0180,20.0,2128.9
97912,16.0180,20.0,2128.9
97913,16.0180,20.0,2128.9
97914,16.0180,20.0,2128.9
97915,16.0180,20.0,2129.0
97916,16.0180,20.0,2129.0
97917,16.0180,20.0,2129.0
97918,16.0180,20.0,2129.0
97919,16.0180,20.0,2129.0
97920,16.0180,20.0,2129.0
97921,16.0180,20.0,2129.1
97922,16.0180,20.0,2129.1
97923,16.0180,20.0,2129.1
97924,16.0180,20.0,2129.1
97925,16.0180,20.0,2129.2
97926,16.0180,20.0,2129.2
97927,16.0180,20.0,2129.2
97928,16.0180,20.0,2129.2
97929,16.0180,20.0,2129.2
97930,16.0180,20.0,2129.3
97931,16.0180,20.0,2129.3
97932,16.0180,20.0,2129.3
97933,16.0180,20.0,2129.3
97934,16.0180,20.0,2129.3
97935,16.0180,20.0,2129.3
97936,16.0180,20.0,2129.4
97937,16.0180,20.0,2129.4
97938,16.0180,20.0,2129.4
97939,16.0180,20.0,2129.4
97940,16.0180,20.0,2129.5
97941,16.0180,20.0,2129.5
97942,16.0180,20.0,2129.5
97943,16.0180,20.0,2129.5
97944,16.0180,20.0,2129.5
97945,16.0180,20.0,2129.5
97946,16.0180,20.0,2129.6
97947,16.0180,20.0,2129.6
97948,16.0180,20.0,2129.6
97949,16.0180,20.0,2129.6
97950,16.0180,20.0,2129.6
97951,16.0180,20.0,2129.7
97952,16.0180,20.0,2129.7
97953,16.0180,20.0,2129.7
97954,16.0180,20.0,2129.7
97955,16.0180,20.0,2129.7
97956,16.0180,20.0,2129.8
97957,16.0180,20.0,2129.8
97958,16.0180,20.0,2129.8
97959,16.0180,20.0,2129.8
97960,16.0180,20.0,2129.9
97961,16.0180,20.0,2129.9
97962,16.0180,20.0,2129.9
97963,16.0180,20.0,2129.9
97964,16.0180,20.0,2129.9
97965,16.0180,20.0,2130.0
97966,16.0180,20.0,2130.0
97967,16.0180,20.0,2130.0
97968,16.0180,20.0,2130.0
97969,16.0180,20.0,2130.1
97970,16.0180,20.0,2130.1
97971,16.0180,20.0,2130.1
97972,16.0180,20.0,2130.1
97973,16.0180,20.0,2130.1
97974,16.0180,20.0,2130.1
97975,16.0180,20.0,2130.2
97976,16.0180,20.0,2130.2
97977,16.0180,20.0,2130.2
97978,16.0180,20.0,2130.2
97979,16.0180,20.0,2130.2
97980,16.0180,20.0,2130.3
97981,16.0180,20.0,2130.3
97982,16.0180,20.0,2130.3
97983,16.0180,20.0,2130.3
97984,16.0180,20.0,2130.3
97985,16.0180,20.0,2130.4
97986,16.0180,20.0,2130.4
97987,16.0180,20.0,2130.4
97988,16.0180,20.0,2130.4
97989,16.0180,20.0,2130.4
97990,16.0180,20.0,2130.5
97991,16.0180,20.0,2130.5
97992,16.0180,20.0,2130.5
97993,16.0180,20.0,2130.5
97994,16.0180,20.0,2130.5
97995,16.0180,20.0,2130.6
97996,16.0180,20.0,2130.6
97997,16.0180,20.0,2130.6
97998,16.0180,20.0,2130.6
97999,16.0180,20.0,2130.7
98000,16.0180,20.0,2130.7
98001,16.0180,20.0,2130.7
98002,16.0180,20.0,2130.7
98003,16.0180,20.0,2130.8
98004,16.0180,20.0,2130.8
98005,16.0180,20.0,2130.8
98006,16.0180,20.0,2130.8
98007,16.0180,20.0,2130.9
98008,16.0180,20.0,2130.9
98009,16.0180,20.0,2130.9
98010,16.0180,20.0,2130.9
98011,16.0180,20.0,2130.9
98012,16.0180,20.0,2131.0
98013,16.0180,20.0,2131.0
98014,16.0180,20.0,2131.0
98015,16.0180,20.0,2131.0
98016,16.0180,20.0,2131.0
98017,16.0180,20.0,2131.1
98018,16.0180,20.0,2131.1
98019,16.0180,20.0,2131.1
98020,16.0180,20.0,2131.1
98021,16.0179,20.0,2131.1
98022,16.0179,20.0,2131.2
98023,16.0179,20.0,2131.2
98024,16.0179,20.0,2131.2
98025,16.0179,20.0,2131.2
98026,16.0179,20.0,2131.2
98027,16.0179,20.0,2131.3
98028,16.0179,20.0,2131.3
98029,16.0179,20.0,2131.3
98030,16.0179,20.0,2131.3
98031,16.0179,20.0,2131.3
98032,16.0179,20.0,2131.4
98033,16.0179,20.0,2131.4
98034,16.0179,20.0,2131.4
98035,16.0179,20.0,2131.4
98036,16.0179,20.0,2131.4
98037,16.0179,20.0,2131.4
98038,16.0179,20.0,2131.5
98039,16.0179,20.0,2131.5
98040,16.0179,20.0,2131.5
98041,16.0179,20.0,2131.5
98042,16.0179,20.0,2131.6
98043,16.0179,20.0,2131.6
98044,16.0179,20.0,2131.6
98045,16.0179,20.0,2131.6
98046,16.0179,20.0,2131.6
98047,16.0179,20.0,2131.6
98048,16.0179,20.0,2131.7
98049,16.0179,20.0,2131.7
98050,16.0179,20.0,2131.7
98051,16.0179,20.0,2131.7
98052,16.0179,20.0,2131.7
98053,16.0179,20.0,2131.8
98054,16.0179,20.0,2131.8
98055,16.0179,20.0,2131.8
98056,16.0179,20.0,2131.8
98057,16.0179,20.0,2131.8
98058,16.0179,20.0,2131.9
98059,16.0179,20.0,2131.9
98060,16.0179,20.0,2131.9
98061,16.0179,20.0,2131.9
98062,16.0179,20.0,2131.9
98063,16.0179,20.0,2132.0
98064,16.0179,20.0,2132.0
98065,16.0179,20.0,2132.0
98066,16.0179,20.0,2132.0
98067,16.0179,20.0,2132.0
98068,16.0179,20.0,2132.1
98069,16.0179,20.0,2132.1
98070,16.0179,20.0,2132.1
98071,16.0179,20.0,2132.1
98072,16.0179,20.0,2132.1
98073,16.0179,20.0,2132.1
98074,16.0179,20.0,2132.2
98075,16.0179,20.0,2132.2
98076,16.0179,20.0,2132.2
98077,16.0179,20.0,2132.2
98078,16.0179,20.0,2132.3
98079,16.0179,20.0,2132.3
98080,16.0179,20.0,2132.3
98081,16.0179,20.0,2132.3
98082,16.0179,20.0,2132.3
98083,16.0179,20.0,2132.3
98084,16.0179,20.0,2132.4
98085,16.0179,20.0,2132.4
98086,16.0179,20.0,2132.4
98087,16.0179,20.0,2132.4
98088,16.0179,20.0,2132.4
98089,16.0179,20.0,2132.5
98090,16.0179,20.0,2132.5
98091,16.0179,20.0,2132.5
98092,16.0179,20.0,2132.5
98093,16.0179,20.0,2132.5
98094,16.0179,20.0,2132.5
98095,16.0179,20.0,2132.6
98096,16.0179,20.0,2132.6
98097,16.0179,20.0,2132.6
98098,16.0179,20.0,2132.6
98099,16.0179,20.0,2132.7
98100,16.0179,20.0,2132.7
98101,16.0179,20.0,2132.7
98102,16.0179,20.0,2132.7
98103,16.0179,20.0,2132.7
98104,16.0179,20.0,2132.7
98105,16.0179,20.0,2132.8
98106,16.0179,20.0,2132.8
98107,16.0179,20.0,2132.8
98108,16.0179,20.0,2132.8
98109,16.0179,20.0,2132.8
98110,16.0179,20.0,2132.9
98111,16.0179,20.0,2132.9
98112,16.0179,20.0,2132.9
98113,16.0179,20.0,2132.9
98114,16.0179,20.0,2132.9
98115,16.0179,20.0,2133.0
98116,16.0179,20.0,2133.0
98117,16.0179,20.0,2133.0
98118,16.0179,20.0,2133.0
98119,16.0179,20.0,2133.0
98120,16.0179,20.0,2133.1
98121,16.0179,20.0,2133.1
98122,16.0179,20.0,2133.1
98123,16.0179,20.0,2133.1
98124,16.0179,20.0,2133.1
98125,16.0179,20.0,2133.2
98126,16.0179,20.0,2133.2
98127,16.0179,20.0,2133.2
98128,16.0179,20.0,2133.2
98129,16.0179,20.0,2133.2
98130,16.0179,20.0,2133.3
98131,16.0179,20.0,2133.3
98132,16.0179,20.0,2133.3
98133,16.0179,20.0,2133.3
98134,16.0179,20.0,2133.3
98135,16.0179,20.0,2133.4
98136,16.0179,20.0,2133.4
98137,16.0179,20.0,2133.4
98138,16.0179,20.0,2133.4
98139,16.0179,20.0,2133.4
98140,16.0179,20.0,2133.5
98141,16.0179,20.0,2133.5
98142,16.0179,20.0,2133.5
98143,16.0179,20.0,2133.5
98144,16.0179,20.0,2133.5
98145,16.0179,20.0,2133.6
98146,16.0179,20.0,2133.6
98147,16.0179,20.0,2133.6
98148,16.0179,20.0,2133.6
98149,16.0179,20.0,2133.6
98150,16.0179,20.0,2133.7
98151,16.0179,20.0,2133.7
98152,16.0179,20.0,2133.7
98153,16.0179,20.0,2133.7
98154,16.0179,20.0,2133.7
98155,16.0179,20.0,2133.8
98156,16.0179,20.0,2133.8
98157,16.0179,20.0,2133.8
98158,16.0179,20.0,2133.8
98159,16.0179,20.0,2133.8
98160,16.0179,20.0,2133.9
98161,16.0179,20.0,2133.9
98162,16.0179,20.0,2133.9
98163,16.0179,20.0,2133.9
98164,16.0179,20.0,2133.9
98165,16.0179,20.0,2134.0
98166,16.0179,20.0,2134.0
98167,16.0179,20.0,2134.0
98168,16.0179,20.0,2134.0
98169,16.0179,20.0,2134.0
98170,16.0179,20.0,2134.1
98171,16.0179,20.0,2134.1
98172,16.0179,20.0,2134.1
98173,16.0179,20.0,2134.1
98174,16.0179,20.0,2134.1
98175,16.0179,20.0,2134.2
98176,16.0179,20.0,2134.2
98177,16.0179,20.0,2134.2
98178,16.0179,20.0,2134.2
98179,16.0179,20.0,2134.2
98180,16.0179,20.0,2134.3
98181,16.0179,20.0,2134.3
98182,16.0179,20.0,2134.3
98183,16.0179,20.0,2134.3
98184,16.0179,20.0,2134.3
98185,16.0179,20.0,2134.4
98186,16.0179,20.0,2134.4
98187,16.0179,20.0,2134.4
98188,16.0179,20.0,2134.4
98189,16.0179,20.0,2134.4
98190,16.0179,20.0,2134.5
98191,16.0179,20.0,2134.5
98192,16.0179,20.0,2134.5
98193,16.0179,20.0,2134.5
98194,16.0179,20.0,2134.5
98195,16.0179,20.0,2134.5
98196,16.0179,20.0,2134.6
98197,16.0179,20.0,2134.6
98198,16.0179,20.0,2134.6
98199,16.0179,20.0,2134.6
98200,16.0179,20.0,2134.7
98201,16.0178,20.0,2134.7
98202,16.0178,20.0,2134.7
98203,16.0178,20.0,2134.7
98204,16.0178,20.0,2134.7
98205,16.0178,20.0,2134.7
98206,16.0178,20.0,2134.8
98207,16.0178,20.0,2134.8
98208,16.0178,20.0,2134.8
98209,16.0178,20.0,2134.8
98210,16.0178,20.0,2134.9
98211,16.0178,20.0,2134.9
98212,16.0178,20.0,2134.9
98213,16.0178,20.0,2134.9
98214,16.0178,20.0,2134.9
98215,16.0178,20.0,2135.0
98216,16.0178,20.0,2135.0
98217,16.0178,20.0,2135.0
98218,16.0178,20.0,2135.0
98219,16.0178,20.0,2135.0
98220,16.0178,20.0,2135.1
98221,16.0178,20.0,2135.1
98222,16.0178,20.0,2135.1
98223,16.0178,20.0,2135.1
98224,16.0178,20.0,2135.1
98225,16.0178,20.0,2135.2
98226,16.0178,20.0,2135.2
98227,16.0178,20.0,2135.2
98228,16.0178,20.0,2135.2
98229,16.0178,20.0,2135.3
98230,16.0178,20.0,2135.3
98231,16.0178,20.0,2135.3
98232,16.0178,20.0,2135.3
98233,16.0178,20.0,2135.3
98234,16.0178,20.0,2135.4
98235,16.0178,20.0,2135.4
98236,16.0178,20.0,2135.4
98237,16.0178,20.0,2135.4
98238,16.0178,20.0,2135.4
98239,16.0178,20.0,2135.5
98240,16.0178,20.0,2135.5
98241,16.0178,20.0,2135.5
98242,16.0178,20.0,2135.5
98243,16.0178,20.0,2135.5
98244,16.0178,20.0,2135.6
98245,16.0178,20.0,2135.6
98246,16.0178,20.0,2135.6
98247,16.0178,20.0,2135.6
98248,16.0178,20.0,2135.6
98249,16.0178,20.0,2135.7
98250,16.0178,20.0,2135.7
98251,16.0178,20.0,2135.7
98252,16.0178,20.0,2135.7
98253,16.0178,20.0,2135.7
98254,16.0178,20.0,2135.8
98255,16.0178,20.0,2135.8
98256,16.0178,20.0,2135.8
98257,16.0178,20.0,2135.8
98258,16.0178,20.0,2135.8
98259,16.0178,20.0,2135.8
98260,16.0178,20.0,2135.9
98261,16.0178,20.0,2135.9
98262,16.0178,20.0,2135.9
98263,16.0178,20.0,2135.9
98264,16.0178,20.0,2136.0
98265,16.0178,20.0,2136.0
98266,16.0178,20.0,2136.0
98267,16.0178,20.0,2136.0
98268,16.0178,20.0,2136.0
98269,16.0178,20.0,2136.0
98270,16.0178,20.0,2136.1
98271,16.0178,20.0,2136.1
98272,16.0178,20.0,2136.1
98273,16.0178,20.0,2136.1
98274,16.0178,20.0,2136.1
98275,16.0178,20.0,2136.2
98276,16.0178,20.0,2136.2
98277,16.0178,20.0,2136.2
98278,16.0178,20.0,2136.2
98279,16.0178,20.0,2136.2
98280,16.0178,20.0,2136.3
98281,16.0178,20.0,2136.3
98282,16.0178,20.0,2136.3
98283,16.0178,20.0,2136.3
98284,16.0178,20.0,2136.4
98285,16.0178,20.0,2136.4
98286,16.0178,20.0,2136.4
98287,16.0178,20.0,2136.4
98288,16.0178,20.0,2136.4
98289,16.0178,20.0,2136.4
98290,16.0178,20.0,2136.5
98291,16.0178,20.0,2136.5
98292,16.0178,20.0,2136.5
98293,16.0178,20.0,2136.5
98294,16.0178,20.0,2136.5
98295,16.0178,20.0,2136.6
98296,16.0178,20.0,2136.6
98297,16.0178,20.0,2136.6
98298,16.0178,20.0,2136.6
98299,16.0178,20.0,2136.6
98300,16.0178,20.0,2136.7
98301,16.0178,20.0,2136.7
98302,16.0178,20.0,2136.7
98303,16.0178,20.0,2136.7
98304,16.0178,20.0,2136.7
98305,16.0178,20.0,2137.0
98306,16.0178,20.0,2137.0
98307,16.0178,20.0,2137.0
98308,16.0178,20.0,2137.1
98309,16.0178,20.0,2137.1
98310,16.0178,20.0,2137.1
98311,16.0178,20.0,2137.1
98312,16.0178,20.0,2137.2
98313,16.0178,20.0,2137.2
98314,16.0178,20.0,2137.2
98315,16.0178,20.0,2137.2
98316,16.0178,20.0,2137.2
98317,16.0178,20.0,2137.3
98318,16.0178,20.0,2137.3
98319,16.0178,20.0,2137.3
98320,16.0178,20.0,2137.3
98321,16.0378,20.0,2137.3
98322,16.0378,20.0,2137.4
98323,16.0378,20.0,2137.4
98324,16.0378,20.0,2137.4
98325,16.0378,20.0,2137.4
98326,16.0378,20.0,2137.4
98327,16.0378,20.0,2137.5
98328,16.0378,20.0,2137.5
98329,16.0378,20.0,2137.5
98330,16.0378,20.0,2137.5
98331,16.0378,20.0,2137.6
98332,16.0378,20.0,2137.6
98333,16.0378,20.0,2137.6
98334,16.0378,20.0,2137.6
98335,16.0378,20.0,2137.6
98336,16.0378,20.0,2137.7
98337,16.0378,20.0,2137.7
98338,16.0378,20.0,2137.7
98339,16.0378,20.0,2137.7
98340,16.0378,20.0,2137.7
98341,16.0577,20.0,2137.8
98342,16.0577,20.0,2137.8
98343,16.0577,20.0,2137.8
98344,16.0577,20.0,2137.8
98345,16.0577,20.0,2137.9
98346,16.0577,20.0,2137.9
98347,16.0577,20.0,2137.9
98348,16.0577,20.0,2137.9
98349,16.0577,20.0,2137.9
98350,16.0577,20.0,2138.0
98351,16.0577,20.0,2138.0
98352,16.0577,20.0,2138.0
98353,16.0577,20.0,2138.0
98354,16.0577,20.0,2138.0
98355,16.0577,20.0,2138.1
98356,16.0577,20.0,2138.1
98357,16.0577,20.0,2138.1
98358,16.0577,20.0,2138.1
98359,16.0577,20.0,2138.1
98360,16.0577,20.0,2138.2
98361,16.0777,20.0,2138.2
98362,16.0777,20.0,2138.2
98363,16.0777,20.0,2138.2
98364,16.0777,20.0,2138.2
98365,16.0777,20.0,2138.3
98366,16.0777,20.0,2138.3
98367,16.0777,20.0,2138.3
98368,16.0777,20.0,2138.3
98369,16.0777,20.0,2138.3
98370,16.0777,20.0,2138.4
98371,16.0777,20.0,2138.4
98372,16.0777,20.0,2138.4
98373,16.0777,20.0,2138.4
98374,16.0777,20.0,2138.4
98375,16.0777,20.0,2138.5
98376,16.0777,20.0,2138.5
98377,16.0777,20.0,2138.5
98378,16.0777,20.0,2138.5
98379,16.0777,20.0,2138.5
98380,16.0777,20.0,2138.6
98381,16.0977,20.0,2138.6
98382,16.0977,20.0,2138.6
98383,16.0977,20.0,2138.6
98384,16.0977,20.0,2138.6
98385,16.0977,20.0,2138.7
98386,16.0977,20.0,2138.7
98387,16.0977,20.0,2138.7
98388,16.0977,20.0,2138.7
98389,16.0977,20.0,2138.7
98390,16.0977,20.0,2138.8
98391,16.0977,20.0,2138.8
98392,16.0977,20.0,2138.8
98393,16.0977,20.0,2138.8
98394,16.0977,20.0,2138.8
98395,16.0977,20.0,2138.9
98396,16.0977,20.0,2138.9
98397,16.0977,20.0,2138.9
98398,16.0977,20.0,2138.9
98399,16.0977,20.0,2138.9
98400,16.0977,20.0,2138.9
98401,16.1177,20.0,2139.0
98402,16.1177,20.0,2139.0
98403,16.1177,20.0,2139.0
98404,16.1177,20.0,2139.0
98405,16.1177,20.0,2139.0
98406,16.1177,20.0,2139.1
98407,16.1177,20.0,2139.1
98408,16.1177,20.0,2139.1
98409,16.1177,20.0,2139.1
98410,16.1177,20.0,2139.1
98411,16.1177,20.0,2139.2
98412,16.1177,20.0,2139.2
98413,16.1177,20.0,2139.2
98414,16.1177,20.0,2139.2
98415,16.1177,20.0,2139.3
98416,16.1177,20.0,2139.3
98417,16.1177,20.0,2139.3
98418,16.1177,20.0,2139.3
98419,16.1177,20.0,2139.3
98420,16.1177,20.0,2139.4
98421,16.1377,20.0,2139.4
98422,16.1377,20.0,2139.4
98423,16.1377,20.0,2139.4
98424,16.1377,20.0,2139.4
98425,16.1377,20.0,2139.5
98426,16.1377,20.0,2139.5
98427,16.1377,20.0,2139.5
98428,16.1377,20.0,2139.5
98429,16.1377,20.0,2139.5
98430,16.1377,20.0,2139.6
98431,16.1377,20.0,2139.6
98432,16.1377,20.0,2139.6
98433,16.1377,20.0,2139.6
98434,16.1377,20.0,2139.7
98435,16.1377,20.0,2139.7
98436,16.1377,20.0,2139.7
98437,16.1377,20.0,2139.7
98438,16.1377,20.0,2139.7
98439,16.1377,20.0,2139.8
98440,16.1377,20.0,2139.8
98441,16.1576,20.0,2139.8
98442,16.1576,20.0,2139.8
98443,16.1576,20.0,2139.8
98444,16.1576,20.0,2139.9
98445,16.1576,20.0,2139.9
98446,16.1576,20.0,2139.9
98447,16.1576,20.0,2139.9
98448,16.1576,20.0,2139.9
98449,16.1576,20.0,2140.0
98450,16.1576,20.0,2140.0
98451,16.1576,20.0,2140.0
98452,16.1576,20.0,2140.0
98453,16.1576,20.0,2140.0
98454,16.1576,20.0,2140.1
98455,16.1576,20.0,2140.1
98456,16.1576,20.0,2140.1
98457,16.1576,20.0,2140.1
98458,16.1576,20.0,2140.1
98459,16.1576,20.0,2140.2
98460,16.1576,20.0,2140.2
98461,16.1776,20.0,2140.2
98462,16.1776,20.0,2140.2
98463,16.1776,20.0,2140.2
98464,16.1776,20.0,2140.2
98465,16.1776,20.0,2140.3
98466,16.1776,20.0,2140.3
98467,16.1776,20.0,2140.3
98468,16.1776,20.0,2140.3
98469,16.1776,20.0,2140.4
98470,16.1776,20.0,2140.4
98471,16.1776,20.0,2140.4
98472,16.1776,20.0,2140.4
98473,16.1776,20.0,2140.4
98474,16.1776,20.0,2140.5
98475,16.1776,20.0,2140.5
98476,16.1776,20.0,2140.5
98477,16.1776,20.0,2140.5
98478,16.1776,20.0,2140.5
98479,16.1776,20.0,2140.5
98480,16.1776,20.0,2140.6
98481,16.1976,20.0,2140.6
98482,16.1976,20.0,2140.6
98483,16.1976,20.0,2140.6
98484,16.1976,20.0,2140.7
98485,16.1976,20.0,2140.7
98486,16.1976,20.0,2140.7
98487,16.1976,20.0,2140.7
98488,16.1976,20.0,2140.7
98489,16.1976,20.0,2140.8
98490,16.1976,20.0,2140.8
98491,16.1976,20.0,2140.8
98492,16.1976,20.0,2140.8
98493,16.1976,20.0,2140.8
98494,16.1976,20.0,2140.8
98495,16.1976,20.0,2140.9
98496,16.1976,20.0,2140.9
98497,16.1976,20.0,2140.9
98498,16.1976,20.0,2140.9
98499,16.1976,20.0,2140.9
98500,16.1976,20.0,2140.9
98501,16.2176,20.0,2141.0
98502,16.2176,20.0,2141.0
98503,16.2176,20.0,2141.0
98504,16.2176,20.0,2141.0
98505,16.2176,20.0,2141.0
98506,16.2176,20.0,2141.0
98507,16.2176,20.0,2141.1
98508,16.2176,20.0,2141.1
98509,16.2176,20.0,2141.1
98510,16.2176,20.0,2141.1
98511,16.2176,20.0,2141.1
98512,16.2176,20.0,2141.2
98513,16.2176,20.0,2141.2
98514,16.2176,20.0,2141.2
98515,16.2176,20.0,2141.2
98516,16.2176,20.0,2141.2
98517,16.2176,20.0,2141.3
98518,16.2176,20.0,2141.3
98519,16.2176,20.0,2141.3
98520,16.2176,20.0,2141.3
98521,16.2376,20.0,2141.3
98522,16.2376,20.0,2141.4
98523,16.2376,20.0,2141.4
98524,16.2376,20.0,2141.4
98525,16.2376,20.0,2141.4
98526,16.2376,20.0,2141.4
98527,16.2376,20.0,2141.5
98528,16.2376,20.0,2141.5
98529,16.2376,20.0,2141.5
98530,16.2376,20.0,2141.5
98531,16.2376,20.0,2141.5
98532,16.2376,20.0,2141.6
98533,16.2376,20.0,2141.6
98534,16.2376,20.0,2141.6
98535,16.2376,20.0,2141.6
98536,16.2376,20.0,2141.7
98537,16.2376,20.0,2141.7
98538,16.2376,20.0,2141.7
98539,16.2376,20.0,2141.7
98540,16.2376,20.0,2141.7
98541,16.2575,20.0,2141.8
98542,16.2575,20.0,2141.8
98543,16.2575,20.0,2141.8
98544,16.2575,20.0,2141.8
98545,16.2575,20.0,2141.9
98546,16.2575,20.0,2141.9
98547,16.2575,20.0,2141.9
98548,16.2575,20.0,2141.9
98549,16.2575,20.0,2141.9
98550,16.2575,20.0,2142.0
98551,16.2575,20.0,2142.0
98552,16.2575,20.0,2142.0
98553,16.2575,20.0,2142.0
98554,16.2575,20.0,2142.1
98555,16.2575,20.0,2142.1
98556,16.2575,20.0,2142.1
98557,16.2575,20.0,2142.1
98558,16.2575,20.0,2142.2
98559,16.2575,20.0,2142.2
98560,16.2575,20.0,2142.2
98561,16.2775,20.0,2142.2
98562,16.2775,20.0,2142.3
98563,16.2775,20.0,2142.3
98564,16.2775,20.0,2142.3
98565,16.2775,20.0,2142.3
98566,16.2775,20.0,2142.3
98567,16.2775,20.0,2142.3
98568,16.2775,20.0,2142.4
98569,16.2775,20.0,2142.4
98570,16.2775,20.0,2142.4
98571,16.2775,20.0,2142.4
98572,16.2775,20.0,2142.5
98573,16.2775,20.0,2142.5
98574,16.2775,20.0,2142.5
98575,16.2775,20.0,2142.5
98576,16.2775,20.0,2142.5
98577,16.2775,20.0,2142.5
98578,16.2775,20.0,2142.6
98579,16.2775,20.0,2142.6
98580,16.2775,20.0,2142.6
98581,16.2975,20.0,2142.6
98582,16.2975,20.0,2142.6
98583,16.2975,20.0,2142.7
98584,16.2975,20.0,2142.7
98585,16.2975,20.0,2142.7
98586,16.2975,20.0,2142.7
98587,16.2975,20.0,2142.8
98588,16.2975,20.0,2142.8
98589,16.2975,20.0,2142.8
98590,16.2975,20.0,2142.8
98591,16.2975,20.0,2142.9
98592,16.2975,20.0,2142.9
98593,16.2975,20.0,2142.9
98594,16.2975,20.0,2142.9
98595,16.2975,20.0,2142.9
98596,16.2975,20.0,2142.9
98597,16.2975,20.0,2143.0
98598,16.2975,20.0,2143.0
98599,16.2975,20.0,2143.0
98600,16.2975,20.0,2143.0
98601,16.3175,20.0,2143.1
98602,16.3175,20.0,2143.1
98603,16.3175,20.0,2143.1
98604,16.3175,20.0,2143.1
98605,16.3175,20.0,2143.1
98606,16.3175,20.0,2143.1
98607,16.3175,20.0,2143.2
98608,16.3175,20.0,2143.2
98609,16.3175,20.0,2143.2
98610,16.3175,20.0,2143.2
98611,16.3175,20.0,2143.2
98612,16.3175,20.0,2143.3
98613,16.3175,20.0,2143.3
98614,16.3175,20.0,2143.3
98615,16.3175,20.0,2143.3
98616,16.3175,20.0,2143.3
98617,16.3175,20.0,2143.4
98618,16.3175,20.0,2143.4
98619,16.3175,20.0,2143.4
98620,16.3175,20.0,2143.4
98621,16.3374,20.0,2143.5
98622,16.3374,20.0,2143.5
98623,16.3374,20.0,2143.5
98624,16.3374,20.0,2143.5
98625,16.3374,20.0,2143.5
98626,16.3374,20.0,2143.6
98627,16.3374,20.0,2143.6
98628,16.3374,20.0,2143.6
98629,16.3374,20.0,2143.6
98630,16.3374,20.0,2143.7
98631,16.3374,20.0,2143.7
98632,16.3374,20.0,2143.7
98633,16.3374,20.0,2143.7
98634,16.3374,20.0,2143.7
98635,16.3374,20.0,2143.8
98636,16.3374,20.0,2143.8
98637,16.3374,20.0,2143.8
98638,16.3374,20.0,2143.8
98639,16.3374,20.0,2143.8
98640,16.3374,20.0,2143.9
98641,16.3574,20.0,2143.9
98642,16.3574,20.0,2143.9
98643,16.3574,20.0,2143.9
98644,16.3574,20.0,2143.9
98645,16.3574,20.0,2144.0
98646,16.3574,20.0,2144.0
98647,16.3574,20.0,2144.0
98648,16.3574,20.0,2144.0
98649,16.3574,20.0,2144.1
98650,16.3574,20.0,2144.1
98651,16.3574,20.0,2144.1
98652,16.3574,20.0,2144.1
98653,16.3574,20.0,2144.1
98654,16.3574,20.0,2144.2
98655,16.3574,20.0,2144.2
98656,16.3574,20.0,2144.2
98657,16.3574,20.0,2144.2
98658,16.3574,20.0,2144.2
98659,16.3574,20.0,2144.2
98660,16.3574,20.0,2144.3
98661,16.3774,20.0,2144.3
98662,16.3774,20.0,2144.3
98663,16.3774,20.0,2144.3
98664,16.3774,20.0,2144.3
98665,16.3774,20.0,2144.3
98666,16.3774,20.0,2144.4
98667,16.3774,20.0,2144.4
98668,16.3774,20.0,2144.4
98669,16.3774,20.0,2144.4
98670,16.3774,20.0,2144.4
98671,16.3774,20.0,2144.5
98672,16.3774,20.0,2144.5
98673,16.3774,20.0,2144.5
98674,16.3774,20.0,2144.5
98675,16.3774,20.0,2144.5
98676,16.3774,20.0,2144.6
98677,16.3774,20.0,2144.6
98678,16.3774,20.0,2144.6
98679,16.3774,20.0,2144.6
98680,16.3774,20.0,2144.7
98681,16.3974,20.0,2144.7
98682,16.3974,20.0,2144.7
98683,16.3974,20.0,2144.7
98684,16.3974,20.0,2144.8
98685,16.3974,20.0,2144.8
98686,16.3974,20.0,2144.8
98687,16.3974,20.0,2144.8
98688,16.3974,20.0,2144.8
98689,16.3974,20.0,2144.9
98690,16.3974,20.0,2144.9
98691,16.3974,20.0,2144.9
98692,16.3974,20.0,2144.9
98693,16.3974,20.0,2144.9
98694,16.3974,20.0,2144.9
98695,16.3974,20.0,2145.0
98696,16.3974,20.0,2145.0
98697,16.3974,20.0,2145.0
98698,16.3974,20.0,2145.0
98699,16.3974,20.0,2145.1
98700,16.3974,20.0,2145.1
98701,16.4174,20.0,2145.1
98702,16.4174,20.0,2145.1
98703,16.4174,20.0,2145.1
98704,16.4174,20.0,2145.1
98705,16.4174,20.0,2145.2
98706,16.4174,20.0,2145.2
98707,16.4174,20.0,2145.2
98708,16.4174,20.0,2145.2
98709,16.4174,20.0,2145.2
98710,16.4174,20.0,2145.3
98711,16.4174,20.0,2145.3
98712,16.4174,20.0,2145.3
98713,16.4174,20.0,2145.3
98714,16.4174,20.0,2145.4
98715,16.4174,20.0,2145.4
98716,16.4174,20.0,2145.4
98717,16.4174,20.0,2145.4
98718,16.4174,20.0,2145.4
98719,16.4174,20.0,2145.5
98720,16.4174,20.0,2145.5
98721,16.4373,20.0,2145.5
98722,16.4373,20.0,2145.5
98723,16.4373,20.0,2145.5
98724,16.4373,20.0,2145.5
98725,16.4373,20.0,2145.6
98726,16.4373,20.0,2145.6
98727,16.4373,20.0,2145.6
98728,16.4373,20.0,2145.6
98729,16.4373,20.0,2145.6
98730,16.4373,20.0,2145.7
98731,16.4373,20.0,2145.7
98732,16.4373,20.0,2145.7
98733,16.4373,20.0,2145.7
98734,16.4373,20.0,2145.8
98735,16.4373,20.0,2145.8
98736,16.4373,20.0,2145.8
98737,16.4373,20.0,2145.8
98738,16.4373,20.0,2145.8
98739,16.4373,20.0,2145.9
98740,16.4373,20.0,2145.9
98741,16.4573,20.0,2145.9
98742,16.4573,20.0,2145.9
98743,16.4573,20.0,2145.9
98744,16.4573,20.0,2146.0
98745,16.4573,20.0,2146.0
98746,16.4573,20.0,2146.0
98747,16.4573,20.0,2146.0
98748,16.4573,20.0,2146.0
98749,16.4573,20.0,2146.1
98750,16.4573,20.0,2146.1
98751,16.4573,20.0,2146.1
98752,16.4573,20.0,2146.1
98753,16.4573,20.0,2146.1
98754,16.4573,20.0,2146.2
98755,16.4573,20.0,2146.2
98756,16.4573,20.0,2146.2
98757,16.4573,20.0,2146.2
98758,16.4573,20.0,2146.3
98759,16.4573,20.0,2146.3
98760,16.4573,20.0,2146.3
98761,16.4773,20.0,2146.3
98762,16.4773,20.0,2146.3
98763,16.4773,20.0,2146.4
98764,16.4773,20.0,2146.4
98765,16.4773,20.0,2146.4
98766,16.4773,20.0,2146.4
98767,16.4773,20.0,2146.4
98768,16.4773,20.0,2146.5
98769,16.4773,20.0,2146.5
98770,16.4773,20.0,2146.5
98771,16.4773,20.0,2146.5
98772,16.4773,20.0,2146.5
98773,16.4773,20.0,2146.5
98774,16.4773,20.0,2146.6
98775,16.4773,20.0,2146.6
98776,16.4773,20.0,2146.6
98777,16.4773,20.0,2146.6
98778,16.4773,20.0,2146.6
98779,16.4773,20.0,2146.7
98780,16.4773,20.0,2146.7
98781,16.4973,20.0,2146.7
98782,16.4973,20.0,2146.7
98783,16.4973,20.0,2146.7
98784,16.4973,20.0,2146.7
98785,16.4973,20.0,2146.8
98786,16.4973,20.0,2146.8
98787,16.4973,20.0,2146.8
98788,16.4973,20.0,2146.8
98789,16.4973,20.0,2146.8
98790,16.4973,20.0,2146.8
98791,16.4973,20.0,2146.9
98792,16.4973,20.0,2146.9
98793,16.4973,20.0,2146.9
98794,16.4973,20.0,2146.9
98795,16.4973,20.0,2146.9
98796,16.4973,20.0,2147.0
98797,16.4973,20.0,2147.0
98798,16.4973,20.0,2147.0
98799,16.4973,20.0,2147.0
98800,16.4973,20.0,2147.0
98801,16.5173,20.0,2147.0
98802,16.5173,20.0,2147.1
98803,16.5173,20.0,2147.1
98804,16.5173,20.0,2147.1
98805,16.5173,20.0,2147.1
98806,16.5173,20.0,2147.2
98807,16.5173,20.0,2147.2
98808,16.5173,20.0,2147.2
98809,16.5173,20.0,2147.2
98810,16.5173,20.0,2147.2
98811,16.5173,20.0,2147.3
98812,16.5173,20.0,2147.3
98813,16.5173,20.0,2147.3
98814,16.5173,20.0,2147.3
98815,16.5173,20.0,2147.3
98816,16.5173,20.0,2147.4
98817,16.5173,20.0,2147.6
98818,16.5173,20.0,2147.6
98819,16.5173,20.0,2147.7
98820,16.5173,20.0,2147.7
98821,16.5372,20.0,2147.7
98822,16.5372,20.0,2147.7
98823,16.5372,20.0,2147.8
98824,16.5372,20.0,2147.8
98825,16.5372,20.0,2147.8
98826,16.5372,20.0,2147.8
98827,16.5372,20.0,2147.9
98828,16.5372,20.0,2147.9
98829,16.5372,20.0,2147.9
98830,16.5372,20.0,2147.9
98831,16.5372,20.0,2148.0
98832,16.5372,20.0,2148.0
98833,16.5372,20.0,2148.0
98834,16.5372,20.0,2148.0
98835,16.5372,20.0,2148.0
98836,16.5372,20.0,2148.1
98837,16.5372,20.0,2148.1
98838,16.5372,20.0,2148.1
98839,16.5372,20.0,2148.1
98840,16.5372,20.0,2148.1
98841,16.5572,20.0,2148.2
98842,16.5572,20.0,2148.2
98843,16.5572,20.0,2148.2
98844,16.5572,20.0,2148.2
98845,16.5572,20.0,2148.2
98846,16.5572,20.0,2148.3
98847,16.5572,20.0,2148.3
98848,16.5572,20.0,2148.3
98849,16.5572,20.0,2148.3
98850,16.5572,20.0,2148.4
98851,16.5572,20.0,2148.4
98852,16.5572,20.0,2148.4
98853,16.5572,20.0,2148.4
98854,16.5572,20.0,2148.5
98855,16.5572,20.0,2148.5
98856,16.5572,20.0,2148.5
98857,16.5572,20.0,2148.5
98858,16.5572,20.0,2148.5
98859,16.5572,20.0,2148.5
98860,16.5572,20.0,2148.6
98861,16.5772,20.0,2148.6
98862,16.5772,20.0,2148.6
98863,16.5772,20.0,2148.6
98864,16.5772,20.0,2148.7
98865,16.5772,20.0,2148.7
98866,16.5772,20.0,2148.7
98867,16.5772,20.0,2148.7
98868,16.5772,20.0,2148.7
98869,16.5772,20.0,2148.8
98870,16.5772,20.0,2148.8
98871,16.5772,20.0,2148.8
98872,16.5772,20.0,2148.8
98873,16.5772,20.0,2148.8
98874,16.5772,20.0,2148.9
98875,16.5772,20.0,2148.9
98876,16.5772,20.0,2148.9
98877,16.5772,20.0,2148.9
98878,16.5772,20.0,2148.9
98879,16.5772,20.0,2149.0
98880,16.5772,20.0,2149.0
98881,16.5972,20.0,2149.0
98882,16.5972,20.0,2149.0
98883,16.5972,20.0,2149.1
98884,16.5972,20.0,2149.1
98885,16.5972,20.0,2149.1
98886,16.5972,20.0,2149.1
98887,16.5972,20.0,2149.1
98888,16.5972,20.0,2149.2
98889,16.5972,20.0,2149.2
98890,16.5972,20.0,2149.2
98891,16.5972,20.0,2149.2
98892,16.5972,20.0,2149.2
98893,16.5972,20.0,2149.3
98894,16.5972,20.0,2149.3
98895,16.5972,20.0,2149.3
98896,16.5972,20.0,2149.3
98897,16.5972,20.0,2149.3
98898,16.5972,20.0,2149.3
98899,16.5972,20.0,2149.4
98900,16.5972,20.0,2149.4
98901,16.6171,20.0,2149.4
98902,16.6171,20.0,2149.4
98903,16.6171,20.0,2149.5
98904,16.6171,20.0,2149.5
98905,16.6171,20.0,2149.5
98906,16.6171,20.0,2149.5
98907,16.6171,20.0,2149.5
98908,16.6171,20.0,2149.5
98909,16.6171,20.0,2149.5
98910,16.6171,20.0,2149.6
98911,16.6171,20.0,2149.6
98912,16.6171,20.0,2149.6
98913,16.6171,20.0,2149.6
98914,16.6171,20.0,2149.6
98915,16.6171,20.0,2149.7
98916,16.6171,20.0,2149.7
98917,16.6171,20.0,2149.7
98918,16.6171,20.0,2149.7
98919,16.6171,20.0,2149.8
98920,16.6171,20.0,2149.8
98921,16.6371,20.0,2149.8
98922,16.6371,20.0,2149.8
98923,16.6371,20.0,2149.8
98924,16.6371,20.0,2149.8
98925,16.6371,20.0,2149.9
98926,16.6371,20.0,2149.9
98927,16.6371,20.0,2149.9
98928,16.6371,20.0,2149.9
98929,16.6371,20.0,2149.9
98930,16.6371,20.0,2150.0
98931,16.6371,20.0,2150.0
98932,16.6371,20.0,2150.0
98933,16.6371,20.0,2150.0
98934,16.6371,20.0,2150.0
98935,16.6371,20.0,2150.1
98936,16.6371,20.0,2150.1
98937,16.6371,20.0,2150.1
98938,16.6371,20.0,2150.1
98939,16.6371,20.0,2150.1
98940,16.6371,20.0,2150.2
98941,16.6571,20.0,2150.2
98942,16.6571,20.0,2150.2
98943,16.6571,20.0,2150.2
98944,16.6571,20.0,2150.3
98945,16.6571,20.0,2150.3
98946,16.6571,20.0,2150.3
98947,16.6571,20.0,2150.3
98948,16.6571,20.0,2150.3
98949,16.6571,20.0,2150.3
98950,16.6571,20.0,2150.4
98951,16.6571,20.0,2150.4
98952,16.6571,20.0,2150.4
98953,16.6571,20.0,2150.4
98954,16.6571,20.0,2150.5
98955,16.6571,20.0,2150.5
98956,16.6571,20.0,2150.5
98957,16.6571,20.0,2150.5
98958,16.6571,20.0,2150.5
98959,16.6571,20.0,2150.5
98960,16.6571,20.0,2150.6
98961,16.6771,20.0,2150.6
98962,16.6771,20.0,2150.6
98963,16.6771,20.0,2150.6
98964,16.6771,20.0,2150.7
98965,16.6771,20.0,2150.7
98966,16.6771,20.0,2150.7
98967,16.6771,20.0,2150.7
98968,16.6771,20.0,2150.8
98969,16.6771,20.0,2150.8
98970,16.6771,20.0,2150.8
98971,16.6771,20.0,2150.8
98972,16.6771,20.0,2150.8
98973,16.6771,20.0,2150.8
98974,16.6771,20.0,2150.9
98975,16.6771,20.0,2150.9
98976,16.6771,20.0,2150.9
98977,16.6771,20.0,2150.9
98978,16.6771,20.0,2150.9
98979,16.6771,20.0,2151.0
98980,16.6771,20.0,2151.0
98981,16.6971,20.0,2151.0
98982,16.6971,20.0,2151.0
98983,16.6971,20.0,2151.0
98984,16.6971,20.0,2151.1
98985,16.6971,20.0,2151.1
98986,16.6971,20.0,2151.1
98987,16.6971,20.0,2151.1
98988,16.6971,20.0,2151.1
98989,16.6971,20.0,2151.2
98990,16.6971,20.0,2151.2
98991,16.6971,20.0,2151.2
98992,16.6971,20.0,2151.2
98993,16.6971,20.0,2151.2
98994,16.6971,20.0,2151.3
98995,16.6971,20.0,2151.3
98996,16.6971,20.0,2151.3
98997,16.6971,20.0,2151.3
98998,16.6971,20.0,2151.3
98999,16.6971,20.0,2151.4
99000,16.6971,20.0,2151.4
99001,16.7170,20.0,2151.4
99002,16.7170,20.0,2151.4
99003,16.7170,20.0,2151.4
99004,16.7170,20.0,2151.4
99005,16.7170,20.0,2151.5
99006,16.7170,20.0,2151.5
99007,16.7170,20.0,2151.5
99008,16.7170,20.0,2151.5
99009,16.7170,20.0,2151.5
99010,16.7170,20.0,2151.6
99011,16.7170,20.0,2151.6
99012,16.7170,20.0,2151.6
99013,16.7170,20.0,2151.6
99014,16.7170,20.0,2151.6
99015,16.7170,20.0,2151.7
99016,16.7170,20.0,2151.7
99017,16.7170,20.0,2151.7
99018,16.7170,20.0,2151.7
99019,16.7170,20.0,2151.7
99020,16.7170,20.0,2151.8
99021,16.7370,20.0,2151.8
99022,16.7370,20.0,2151.8
99023,16.7370,20.0,2151.8
99024,16.7370,20.0,2151.8
99025,16.7370,20.0,2151.9
99026,16.7370,20.0,2151.9
99027,16.7370,20.0,2151.9
99028,16.7370,20.0,2151.9
99029,16.7370,20.0,2151.9
99030,16.7370,20.0,2152.0
99031,16.7370,20.0,2152.0
99032,16.7370,20.0,2152.0
99033,16.7370,20.0,2152.0
99034,16.7370,20.0,2152.0
99035,16.7370,20.0,2152.1
99036,16.7370,20.0,2152.1
99037,16.7370,20.0,2152.1
99038,16.7370,20.0,2152.1
99039,16.7370,20.0,2152.2
99040,16.7370,20.0,2152.2
99041,16.7570,20.0,2152.2
99042,16.7570,20.0,2152.2
99043,16.7570,20.0,2152.2
99044,16.7570,20.0,2152.3
99045,16.7570,20.0,2152.3
99046,16.7570,20.0,2152.3
99047,16.7570,20.0,2152.3
99048,16.7570,20.0,2152.3
99049,16.7570,20.0,2152.4
99050,16.7570,20.0,2152.4
99051,16.7570,20.0,2152.4
99052,16.7570,20.0,2152.4
99053,16.7570,20.0,2152.4
99054,16.7570,20.0,2152.5
99055,16.7570,20.0,2152.5
99056,16.7570,20.0,2152.5
99057,16.7570,20.0,2152.5
99058,16.7570,20.0,2152.5
99059,16.7570,20.0,2152.6
99060,16.7570,20.0,2152.6
99061,16.7770,20.0,2152.6
99062,16.7770,20.0,2152.6
99063,16.7770,20.0,2152.7
99064,16.7770,20.0,2152.7
99065,16.7770,20.0,2152.7
99066,16.7770,20.0,2152.7
99067,16.7770,20.0,2152.7
99068,16.7770,20.0,2152.8
99069,16.7770,20.0,2152.8
99070,16.7770,20.0,2152.8
99071,16.7770,20.0,2152.8
99072,16.7770,20.0,2152.9
99073,16.7770,20.0,2152.9
99074,16.7770,20.0,2152.9
99075,16.7770,20.0,2152.9
99076,16.7770,20.0,2152.9
99077,16.7770,20.0,2153.0
99078,16.7770,20.0,2153.0
99079,16.7770,20.0,2153.0
99080,16.7770,20.0,2153.0
99081,16.7969,20.0,2153.0
99082,16.7969,20.0,2153.1
99083,16.7969,20.0,2153.1
99084,16.7969,20.0,2153.1
99085,16.7969,20.0,2153.1
99086,16.7969,20.0,2153.1
99087,16.7969,20.0,2153.2
99088,16.7969,20.0,2153.2
99089,16.7969,20.0,2153.2
99090,16.7969,20.0,2153.2
99091,16.7969,20.0,2153.2
99092,16.7969,20.0,2153.2
99093,16.7969,20.0,2153.3
99094,16.7969,20.0,2153.3
99095,16.7969,20.0,2153.3
99096,16.7969,20.0,2153.3
99097,16.7969,20.0,2153.3
99098,16.7969,20.0,2153.3
99099,16.7969,20.0,2153.4
99100,16.7969,20.0,2153.4
99101,16.8169,20.0,2153.4
99102,16.8169,20.0,2153.4
99103,16.8169,20.0,2153.5
99104,16.8169,20.0,2153.5
99105,16.8169,20.0,2153.5
99106,16.8169,20.0,2153.5
99107,16.8169,20.0,2153.5
99108,16.8169,20.0,2153.6
99109,16.8169,20.0,2153.6
99110,16.8169,20.0,2153.6
99111,16.8169,20.0,2153.6
99112,16.8169,20.0,2153.6
99113,16.8169,20.0,2153.7
99114,16.8169,20.0,2153.7
99115,16.8169,20.0,2153.7
99116,16.8169,20.0,2153.7
99117,16.8169,20.0,2153.7
99118,16.8169,20.0,2153.8
99119,16.8169,20.0,2153.8
99120,16.8169,20.0,2153.8
99121,16.8369,20.0,2153.8
99122,16.8369,20.0,2153.9
99123,16.8369,20.0,2153.9
99124,16.8369,20.0,2153.9
99125,16.8369,20.0,2153.9
99126,16.8369,20.0,2153.9
99127,16.8369,20.0,2154.0
99128,16.8369,20.0,2154.0
99129,16.8369,20.0,2154.0
99130,16.8369,20.0,2154.0
99131,16.8369,20.0,2154.0
99132,16.8369,20.0,2154.0
99133,16.8369,20.0,2154.1
99134,16.8369,20.0,2154.1
99135,16.8369,20.0,2154.1
99136,16.8369,20.0,2154.1
99137,16.8369,20.0,2154.1
99138,16.8369,20.0,2154.1
99139,16.8369,20.0,2154.2
99140,16.8369,20.0,2154.2
99141,16.8569,20.0,2154.2
99142,16.8569,20.0,2154.2
99143,16.8569,20.0,2154.2
99144,16.8569,20.0,2154.3
99145,16.8569,20.0,2154.3
99146,16.8569,20.0,2154.3
99147,16.8569,20.0,2154.3
99148,16.8569,20.0,2154.4
99149,16.8569,20.0,2154.4
99150,16.8569,20.0,2154.4
99151,16.8569,20.0,2154.4
99152,16.8569,20.0,2154.4
99153,16.8569,20.0,2154.5
99154,16.8569,20.0,2154.5
99155,16.8569,20.0,2154.5
99156,16.8569,20.0,2154.5
99157,16.8569,20.0,2154.5
99158,16.8569,20.0,2154.6
99159,16.8569,20.0,2154.6
99160,16.8569,20.0,2154.6
99161,16.8769,20.0,2154.6
99162,16.8769,20.0,2154.6
99163,16.8769,20.0,2154.7
99164,16.8769,20.0,2154.7
99165,16.8769,20.0,2154.7
99166,16.8769,20.0,2154.7
99167,16.8769,20.0,2154.7
99168,16.8769,20.0,2154.8
99169,16.8769,20.0,2154.8
99170,16.8769,20.0,2154.8
99171,16.8769,20.0,2154.8
99172,16.8769,20.0,2154.8
99173,16.8769,20.0,2154.9
99174,16.8769,20.0,2154.9
99175,16.8769,20.0,2154.9
99176,16.8769,20.0,2154.9
99177,16.8769,20.0,2154.9
99178,16.8769,20.0,2155.0
99179,16.8769,20.0,2155.0
99180,16.8769,20.0,2155.0
99181,16.8968,20.0,2155.0
99182,16.8968,20.0,2155.0
99183,16.8968,20.0,2155.1
99184,16.8968,20.0,2155.1
99185,16.8968,20.0,2155.1
99186,16.8968,20.0,2155.1
99187,16.8968,20.0,2155.1
99188,16.8968,20.0,2155.2
99189,16.8968,20.0,2155.2
99190,16.8968,20.0,2155.2
99191,16.8968,20.0,2155.2
99192,16.8968,20.0,2155.2
99193,16.8968,20.0,2155.3
99194,16.8968,20.0,2155.3
99195,16.8968,20.0,2155.3
99196,16.8968,20.0,2155.3
99197,16.8968,20.0,2155.3
99198,16.8968,20.0,2155.4
99199,16.8968,20.0,2155.4
99200,16.8968,20.0,2155.4
99201,16.9168,20.0,2155.4
99202,16.9168,20.0,2155.4
99203,16.9168,20.0,2155.5
99204,16.9168,20.0,2155.5
99205,16.9168,20.0,2155.5
99206,16.9168,20.0,2155.5
99207,16.9168,20.0,2155.5
99208,16.9168,20.0,2155.6
99209,16.9168,20.0,2155.6
99210,16.9168,20.0,2155.6
99211,16.9168,20.0,2155.6
99212,16.9168,20.0,2155.6
99213,16.9168,20.0,2155.6
99214,16.9168,20.0,2155.7
99215,16.9168,20.0,2155.7
99216,16.9168,20.0,2155.7
99217,16.9168,20.0,2155.7
99218,16.9168,20.0,2155.7
99219,16.9168,20.0,2155.8
99220,16.9168,20.0,2155.8
99221,16.9368,20.0,2155.8
99222,16.9368,20.0,2155.8
99223,16.9368,20.0,2155.9
99224,16.9368,20.0,2155.9
99225,16.9368,20.0,2155.9
99226,16.9368,20.0,2155.9
99227,16.9368,20.0,2155.9
99228,16.9368,20.0,2156.0
99229,16.9368,20.0,2156.0
99230,16.9368,20.0,2156.0
99231,16.9368,20.0,2156.0
99232,16.9368,20.0,2156.0
99233,16.9368,20.0,2156.1
99234,16.9368,20.0,2156.1
99235,16.9368,20.0,2156.1
99236,16.9368,20.0,2156.1
99237,16.9368,20.0,2156.1
99238,16.9368,20.0,2156.1
99239,16.9368,20.0,2156.2
99240,16.9368,20.0,2156.2
99241,16.9568,20.0,2156.2
99242,16.9568,20.0,2156.2
99243,16.9568,20.0,2156.3
99244,16.9568,20.0,2156.3
99245,16.9568,20.0,2156.3
99246,16.9568,20.0,2156.3
99247,16.9568,20.0,2156.3
99248,16.9568,20.0,2156.4
99249,16.9568,20.0,2156.4
99250,16.9568,20.0,2156.4
99251,16.9568,20.0,2156.4
99252,16.9568,20.0,2156.4
99253,16.9568,20.0,2156.5
99254,16.9568,20.0,2156.5
99255,16.9568,20.0,2156.5
99256,16.9568,20.0,2156.5
99257,16.9568,20.0,2156.5
99258,16.9568,20.0,2156.6
99259,16.9568,20.0,2156.6
99260,16.9568,20.0,2156.6
99261,16.9767,20.0,2156.6
99262,16.9767,20.0,2156.6
99263,16.9767,20.0,2156.7
99264,16.9767,20.0,2156.7
99265,16.9767,20.0,2156.7
99266,16.9767,20.0,2156.7
99267,16.9767,20.0,2156.7
99268,16.9767,20.0,2156.8
99269,16.9767,20.0,2156.8
99270,16.9767,20.0,2156.8
99271,16.9767,20.0,2156.8
99272,16.9767,20.0,2156.8
99273,16.9767,20.0,2156.9
99274,16.9767,20.0,2156.9
99275,16.9767,20.0,2156.9
99276,16.9767,20.0,2156.9
99277,16.9767,20.0,2156.9
99278,16.9767,20.0,2157.0
99279,16.9767,20.0,2157.0
99280,16.9767,20.0,2157.0
99281,16.9967,20.0,2157.0
99282,16.9967,20.0,2157.0
99283,16.9967,20.0,2157.1
99284,16.9967,20.0,2157.1
99285,16.9967,20.0,2157.1
99286,16.9967,20.0,2157.1
99287,16.9967,20.0,2157.1
99288,16.9967,20.0,2157.1
99289,16.9967,20.0,2157.2
99290,16.9967,20.0,2157.2
99291,16.9967,20.0,2157.2
99292,16.9967,20.0,2157.2
99293,16.9967,20.0,2157.2
99294,16.9967,20.0,2157.3
99295,16.9967,20.0,2157.3
99296,16.9967,20.0,2157.3
99297,16.9967,20.0,2157.3
99298,16.9967,20.0,2157.3
99299,16.9967,20.0,2157.4
99300,16.9967,20.0,2157.4
99301,17.0167,20.0,2157.4
99302,17.0167,20.0,2157.4
99303,17.0167,20.0,2157.5
99304,17.0167,20.0,2157.5
99305,17.0167,20.0,2157.5
99306,17.0167,20.0,2157.5
99307,17.0167,20.0,2157.5
99308,17.0167,20.0,2157.6
99309,17.0167,20.0,2157.6
99310,17.0167,20.0,2157.6
99311,17.0167,20.0,2157.6
99312,17.0167,20.0,2157.6
99313,17.0167,20.0,2157.6
99314,17.0167,20.0,2157.7
99315,17.0167,20.0,2157.7
99316,17.0167,20.0,2157.7
99317,17.0167,20.0,2157.7
99318,17.0167,20.0,2157.8
99319,17.0167,20.0,2157.8
99320,17.0167,20.0,2157.8
99321,17.0367,20.0,2157.8
99322,17.0367,20.0,2157.8
99323,17.0367,20.0,2157.9
99324,17.0367,20.0,2157.9
99325,17.0367,20.0,2157.9
99326,17.0367,20.0,2157.9
99327,17.0367,20.0,2157.9
99328,17.0367,20.0,2157.9
99329,17.0367,20.0,2158.2
99330,17.0367,20.0,2158.3
99331,17.0367,20.0,2158.3
99332,17.0367,20.0,2158.3
99333,17.0367,20.0,2158.3
99334,17.0367,20.0,2158.3
99335,17.0367,20.0,2158.4
99336,17.0367,20.0,2158.4
99337,17.0367,20.0,2158.4
99338,17.0367,20.0,2158.4
99339,17.0367,20.0,2158.4
99340,17.0367,20.0,2158.5
99341,17.0167,20.0,2158.5
99342,17.0167,20.0,2158.5
99343,17.0167,20.0,2158.5
99344,17.0167,20.0,2158.5
99345,17.0167,20.0,2158.5
99346,17.0167,20.0,2158.6
99347,17.0167,20.0,2158.6
99348,17.0167,20.0,2158.6
99349,17.0167,20.0,2158.6
99350,17.0167,20.0,2158.6
99351,17.0167,20.0,2158.7
99352,17.0167,20.0,2158.7
99353,17.0167,20.0,2158.7
99354,17.0167,20.0,2158.7
99355,17.0167,20.0,2158.7
99356,17.0167,20.0,2158.7
99357,17.0167,20.0,2158.8
99358,17.0167,20.0,2158.8
99359,17.0167,20.0,2158.8
99360,17.0167,20.0,2158.8
99361,16.9967,20.0,2158.8
99362,16.9967,20.0,2158.9
99363,16.9967,20.0,2158.9
99364,16.9967,20.0,2158.9
99365,16.9967,20.0,2158.9
99366,16.9967,20.0,2159.0
99367,16.9967,20.0,2159.0
99368,16.9967,20.0,2159.0
99369,16.9967,20.0,2159.0
99370,16.9967,20.0,2159.0
99371,16.9967,20.0,2159.0
99372,16.9967,20.0,2159.1
99373,16.9967,20.0,2159.1
99374,16.9967,20.0,2159.1
99375,16.9967,20.0,2159.1
99376,16.9967,20.0,2159.2
99377,16.9967,20.0,2159.2
99378,16.9967,20.0,2159.2
99379,16.9967,20.0,2159.2
99380,16.9967,20.0,2159.2
99381,16.9767,20.0,2159.3
99382,16.9767,20.0,2159.3
99383,16.9767,20.0,2159.3
99384,16.9767,20.0,2159.3
99385,16.9767,20.0,2159.3
99386,16.9767,20.0,2159.4
99387,16.9767,20.0,2159.4
99388,16.9767,20.0,2159.4
99389,16.9767,20.0,2159.4
99390,16.9767,20.0,2159.4
99391,16.9767,20.0,2159.4
99392,16.9767,20.0,2159.5
99393,16.9767,20.0,2159.5
99394,16.9767,20.0,2159.5
99395,16.9767,20.0,2159.5
99396,16.9767,20.0,2159.5
99397,16.9767,20.0,2159.6
99398,16.9767,20.0,2159.6
99399,16.9767,20.0,2159.6
99400,16.9767,20.0,2159.6
99401,16.9567,20.0,2159.7
99402,16.9567,20.0,2159.7
99403,16.9567,20.0,2159.7
99404,16.9567,20.0,2159.7
99405,16.9567,20.0,2159.7
99406,16.9567,20.0,2159.8
99407,16.9567,20.0,2159.8
99408,16.9567,20.0,2159.8
99409,16.9567,20.0,2159.8
99410,16.9567,20.0,2159.8
99411,16.9567,20.0,2159.9
99412,16.9567,20.0,2159.9
99413,16.9567,20.0,2159.9
99414,16.9567,20.0,2159.9
99415,16.9567,20.0,2159.9
99416,16.9567,20.0,2160.0
99417,16.9567,20.0,2160.0
99418,16.9567,20.0,2160.0
99419,16.9567,20.0,2160.0
99420,16.9567,20.0,2160.0
99421,16.9367,20.0,2160.1
99422,16.9367,20.0,2160.1
99423,16.9367,20.0,2160.1
99424,16.9367,20.0,2160.1
99425,16.9367,20.0,2160.1
99426,16.9367,20.0,2160.1
99427,16.9367,20.0,2160.2
99428,16.9367,20.0,2160.2
99429,16.9367,20.0,2160.2
99430,16.9367,20.0,2160.2
99431,16.9367,20.0,2160.2
99432,16.9367,20.0,2160.3
99433,16.9367,20.0,2160.3
99434,16.9367,20.0,2160.3
99435,16.9367,20.0,2160.3
99436,16.9367,20.0,2160.3
99437,16.9367,20.0,2160.3
99438,16.9367,20.0,2160.4
99439,16.9367,20.0,2160.4
99440,16.9367,20.0,2160.4
99441,16.9168,20.0,2160.4
99442,16.9168,20.0,2160.4
99443,16.9168,20.0,2160.5
99444,16.9168,20.0,2160.5
99445,16.9168,20.0,2160.5
99446,16.9168,20.0,2160.5
99447,16.9168,20.0,2160.6
99448,16.9168,20.0,2160.6
99449,16.9168,20.0,2160.6
99450,16.9168,20.0,2160.6
99451,16.9168,20.0,2160.7
99452,16.9168,20.0,2160.7
99453,16.9168,20.0,2160.7
99454,16.9168,20.0,2160.7
99455,16.9168,20.0,2160.7
99456,16.9168,20.0,2160.8
99457,16.9168,20.0,2160.8
99458,16.9168,20.0,2160.8
99459,16.9168,20.0,2160.8
99460,16.9168,20.0,2160.8
99461,16.8968,20.0,2160.9
99462,16.8968,20.0,2160.9
99463,16.8968,20.0,2160.9
99464,16.8968,20.0,2160.9
99465,16.8968,20.0,2161.0
99466,16.8968,20.0,2161.0
99467,16.8968,20.0,2161.0
99468,16.8968,20.0,2161.0
99469,16.8968,20.0,2161.0
99470,16.8968,20.0,2161.0
99471,16.8968,20.0,2161.1
99472,16.8968,20.0,2161.1
99473,16.8968,20.0,2161.1
99474,16.8968,20.0,2161.1
99475,16.8968,20.0,2161.1
99476,16.8968,20.0,2161.2
99477,16.8968,20.0,2161.2
99478,16.8968,20.0,2161.2
99479,16.8968,20.0,2161.2
99480,16.8968,20.0,2161.2
99481,16.8768,20.0,2161.3
99482,16.8768,20.0,2161.3
99483,16.8768,20.0,2161.3
99484,16.8768,20.0,2161.3
99485,16.8768,20.0,2161.3
99486,16.8768,20.0,2161.4
99487,16.8768,20.0,2161.4
99488,16.8768,20.0,2161.4
99489,16.8768,20.0,2161.4
99490,16.8768,20.0,2161.4
99491,16.8768,20.0,2161.5
99492,16.8768,20.0,2161.5
99493,16.8768,20.0,2161.5
99494,16.8768,20.0,2161.5
99495,16.8768,20.0,2161.5
99496,16.8768,20.0,2161.5
99497,16.8768,20.0,2161.6
99498,16.8768,20.0,2161.6
99499,16.8768,20.0,2161.6
99500,16.8768,20.0,2161.6
99501,16.8568,20.0,2161.6
99502,16.8568,20.0,2161.7
99503,16.8568,20.0,2161.7
99504,16.8568,20.0,2161.7
99505,16.8568,20.0,2161.7
99506,16.8568,20.0,2161.8
99507,16.8568,20.0,2161.8
99508,16.8568,20.0,2161.8
99509,16.8568,20.0,2161.8
99510,16.8568,20.0,2161.8
99511,16.8568,20.0,2161.8
99512,16.8568,20.0,2161.9
99513,16.8568,20.0,2161.9
99514,16.8568,20.0,2161.9
99515,16.8568,20.0,2161.9
99516,16.8568,20.0,2162.0
99517,16.8568,20.0,2162.0
99518,16.8568,20.0,2162.0
99519,16.8568,20.0,2162.0
99520,16.8568,20.0,2162.0
99521,16.8368,20.0,2162.1
99522,16.8368,20.0,2162.1
99523,16.8368,20.0,2162.1
99524,16.8368,20.0,2162.1
99525,16.8368,20.0,2162.1
99526,16.8368,20.0,2162.2
99527,16.8368,20.0,2162.2
99528,16.8368,20.0,2162.2
99529,16.8368,20.0,2162.2
99530,16.8368,20.0,2162.2
99531,16.8368,20.0,2162.3
99532,16.8368,20.0,2162.3
99533,16.8368,20.0,2162.3
99534,16.8368,20.0,2162.3
99535,16.8368,20.0,2162.3
99536,16.8368,20.0,2162.4
99537,16.8368,20.0,2162.4
99538,16.8368,20.0,2162.4
99539,16.8368,20.0,2162.4
99540,16.8368,20.0,2162.4
99541,16.8168,20.0,2162.5
99542,16.8168,20.0,2162.5
99543,16.8168,20.0,2162.5
99544,16.8168,20.0,2162.5
99545,16.8168,20.0,2162.5
99546,16.8168,20.0,2162.5
99547,16.8168,20.0,2162.6
99548,16.8168,20.0,2162.6
99549,16.8168,20.0,2162.6
99550,16.8168,20.0,2162.6
99551,16.8168,20.0,2162.6
99552,16.8168,20.0,2162.7
99553,16.8168,20.0,2162.7
99554,16.8168,20.0,2162.7
99555,16.8168,20.0,2162.7
99556,16.8168,20.0,2162.7
99557,16.8168,20.0,2162.8
99558,16.8168,20.0,2162.8
99559,16.8168,20.0,2162.8
99560,16.8168,20.0,2162.8
99561,16.7969,20.0,2162.8
99562,16.7969,20.0,2162.8
99563,16.7969,20.0,2162.9
99564,16.7969,20.0,2162.9
99565,16.7969,20.0,2162.9
99566,16.7969,20.0,2162.9
99567,16.7969,20.0,2163.0
99568,16.7969,20.0,2163.0
99569,16.7969,20.0,2163.0
99570,16.7969,20.0,2163.0
99571,16.7969,20.0,2163.0
99572,16.7969,20.0,2163.0
99573,16.7969,20.0,2163.1
99574,16.7969,20.0,2163.1
99575,16.7969,20.0,2163.1
99576,16.7969,20.0,2163.1
99577,16.7969,20.0,2163.1
99578,16.7969,20.0,2163.2
99579,16.7969,20.0,2163.2
99580,16.7969,20.0,2163.2
99581,16.7769,20.0,2163.2
99582,16.7769,20.0,2163.2
99583,16.7769,20.0,2163.3
99584,16.7769,20.0,2163.3
99585,16.7769,20.0,2163.3
99586,16.7769,20.0,2163.3
99587,16.7769,20.0,2163.3
99588,16.7769,20.0,2163.4
99589,16.7769,20.0,2163.4
99590,16.7769,20.0,2163.4
99591,16.7769,20.0,2163.4
99592,16.7769,20.0,2163.4
99593,16.7769,20.0,2163.5
99594,16.7769,20.0,2163.5
99595,16.7769,20.0,2163.5
99596,16.7769,20.0,2163.5
99597,16.7769,20.0,2163.5
99598,16.7769,20.0,2163.5
99599,16.7769,20.0,2163.6
99600,16.7769,20.0,2163.6
99601,16.7569,20.0,2163.6
99602,16.7569,20.0,2163.6
99603,16.7569,20.0,2163.7
99604,16.7569,20.0,2163.7
99605,16.7569,20.0,2163.7
99606,16.7569,20.0,2163.7
99607,16.7569,20.0,2163.7
99608,16.7569,20.0,2163.8
99609,16.7569,20.0,2163.8
99610,16.7569,20.0,2163.8
99611,16.7569,20.0,2163.8
99612,16.7569,20.0,2163.8
99613,16.7569,20.0,2163.8
99614,16.7569,20.0,2163.9
99615,16.7569,20.0,2163.9
99616,16.7569,20.0,2163.9
99617,16.7569,20.0,2163.9
99618,16.7569,20.0,2164.0
99619,16.7569,20.0,2164.0
99620,16.7569,20.0,2164.0
99621,16.7369,20.0,2164.0
99622,16.7369,20.0,2164.0
99623,16.7369,20.0,2164.1
99624,16.7369,20.0,2164.1
99625,16.7369,20.0,2164.1
99626,16.7369,20.0,2164.1
99627,16.7369,20.0,2164.2
99628,16.7369,20.0,2164.2
99629,16.7369,20.0,2164.2
99630,16.7369,20.0,2164.2
99631,16.7369,20.0,2164.2
99632,16.7369,20.0,2164.2
99633,16.7369,20.0,2164.3
99634,16.7369,20.0,2164.3
99635,16.7369,20.0,2164.3
99636,16.7369,20.0,2164.3
99637,16.7369,20.0,2164.3
99638,16.7369,20.0,2164.3
99639,16.7369,20.0,2164.4
99640,16.7369,20.0,2164.4
99641,16.7169,20.0,2164.4
99642,16.7169,20.0,2164.4
99643,16.7169,20.0,2164.4
99644,16.7169,20.0,2164.5
99645,16.7169,20.0,2164.5
99646,16.7169,20.0,2164.5
99647,16.7169,20.0,2164.5
99648,16.7169,20.0,2164.6
99649,16.7169,20.0,2164.6
99650,16.7169,20.0,2164.6
99651,16.7169,20.0,2164.6
99652,16.7169,20.0,2164.6
99653,16.7169,20.0,2164.7
99654,16.7169,20.0,2164.7
99655,16.7169,20.0,2164.7
99656,16.7169,20.0,2164.7
99657,16.7169,20.0,2164.7
99658,16.7169,20.0,2164.8
99659,16.7169,20.0,2164.8
99660,16.7169,20.0,2164.8
99661,16.6969,20.0,2164.8
99662,16.6969,20.0,2164.8
99663,16.6969,20.0,2164.9
99664,16.6969,20.0,2164.9
99665,16.6969,20.0,2164.9
99666,16.6969,20.0,2164.9
99667,16.6969,20.0,2164.9
99668,16.6969,20.0,2165.0
99669,16.6969,20.0,2165.0
99670,16.6969,20.0,2165.0
99671,16.6969,20.0,2165.0
99672,16.6969,20.0,2165.0
99673,16.6969,20.0,2165.1
99674,16.6969,20.0,2165.1
99675,16.6969,20.0,2165.1
99676,16.6969,20.0,2165.1
99677,16.6969,20.0,2165.2
99678,16.6969,20.0,2165.2
99679,16.6969,20.0,2165.2
99680,16.6969,20.0,2165.2
99681,16.6769,20.0,2165.2
99682,16.6769,20.0,2165.3
99683,16.6769,20.0,2165.3
99684,16.6769,20.0,2165.3
99685,16.6769,20.0,2165.3
99686,16.6769,20.0,2165.3
99687,16.6769,20.0,2165.4
99688,16.6769,20.0,2165.4
99689,16.6769,20.0,2165.4
99690,16.6769,20.0,2165.4
99691,16.6769,20.0,2165.4
99692,16.6769,20.0,2165.5
99693,16.6769,20.0,2165.5
99694,16.6769,20.0,2165.5
99695,16.6769,20.0,2165.5
99696,16.6769,20.0,2165.5
99697,16.6769,20.0,2165.6
99698,16.6769,20.0,2165.6
99699,16.6769,20.0,2165.6
99700,16.6769,20.0,2165.6
99701,16.6570,20.0,2165.6
99702,16.6570,20.0,2165.7
99703,16.6570,20.0,2165.7
99704,16.6570,20.0,2165.7
99705,16.6570,20.0,2165.7
99706,16.6570,20.0,2165.7
99707,16.6570,20.0,2165.8
99708,16.6570,20.0,2165.8
99709,16.6570,20.0,2165.8
99710,16.6570,20.0,2165.8
99711,16.6570,20.0,2165.8
99712,16.6570,20.0,2165.9
99713,16.6570,20.0,2165.9
99714,16.6570,20.0,2165.9
99715,16.6570,20.0,2165.9
99716,16.6570,20.0,2165.9
99717,16.6570,20.0,2166.0
99718,16.6570,20.0,2166.0
99719,16.6570,20.0,2166.0
99720,16.6570,20.0,2166.0
99721,16.6370,20.0,2166.0
99722,16.6370,20.0,2166.1
99723,16.6370,20.0,2166.1
99724,16.6370,20.0,2166.1
99725,16.6370,20.0,2166.1
99726,16.6370,20.0,2166.2
99727,16.6370,20.0,2166.2
99728,16.6370,20.0,2166.2
99729,16.6370,20.0,2166.2
99730,16.6370,20.0,2166.3
99731,16.6370,20.0,2166.3
99732,16.6370,20.0,2166.3
99733,16.6370,20.0,2166.3
99734,16.6370,20.0,2166.3
99735,16.6370,20.0,2166.3
99736,16.6370,20.0,2166.4
99737,16.6370,20.0,2166.4
99738,16.6370,20.0,2166.4
99739,16.6370,20.0,2166.4
99740,16.6370,20.0,2166.5
99741,16.6170,20.0,2166.5
99742,16.6170,20.0,2166.5
99743,16.6170,20.0,2166.5
99744,16.6170,20.0,2166.5
99745,16.6170,20.0,2166.5
99746,16.6170,20.0,2166.6
99747,16.6170,20.0,2166.6
99748,16.6170,20.0,2166.6
99749,16.6170,20.0,2166.6
99750,16.6170,20.0,2166.7
99751,16.6170,20.0,2166.7
99752,16.6170,20.0,2166.7
99753,16.6170,20.0,2166.7
99754,16.6170,20.0,2166.7
99755,16.6170,20.0,2166.7
99756,16.6170,20.0,2166.8
99757,16.6170,20.0,2166.8
99758,16.6170,20.0,2166.8
99759,16.6170,20.0,2166.8
99760,16.6170,20.0,2166.8
99761,16.5970,20.0,2166.9
99762,16.5970,20.0,2166.9
99763,16.5970,20.0,2166.9
99764,16.5970,20.0,2166.9
99765,16.5970,20.0,2166.9
99766,16.5970,20.0,2167.0
99767,16.5970,20.0,2167.0
99768,16.5970,20.0,2167.0
99769,16.5970,20.0,2167.0
99770,16.5970,20.0,2167.0
99771,16.5970,20.0,2167.0
99772,16.5970,20.0,2167.1
99773,16.5970,20.0,2167.1
99774,16.5970,20.0,2167.1
99775,16.5970,20.0,2167.1
99776,16.5970,20.0,2167.2
99777,16.5970,20.0,2167.2
99778,16.5970,20.0,2167.2
99779,16.5970,20.0,2167.2
99780,16.5970,20.0,2167.2
99781,16.5770,20.0,2167.2
99782,16.5770,20.0,2167.3
99783,16.5770,20.0,2167.3
99784,16.5770,20.0,2167.3
99785,16.5770,20.0,2167.3
99786,16.5770,20.0,2167.3
99787,16.5770,20.0,2167.3
99788,16.5770,20.0,2167.4
99789,16.5770,20.0,2167.4
99790,16.5770,20.0,2167.4
99791,16.5770,20.0,2167.4
99792,16.5770,20.0,2167.4
99793,16.5770,20.0,2167.5
99794,16.5770,20.0,2167.5
99795,16.5770,20.0,2167.5
99796,16.5770,20.0,2167.5
99797,16.5770,20.0,2167.5
99798,16.5770,20.0,2167.6
99799,16.5770,20.0,2167.6
99800,16.5770,20.0,2167.6
99801,16.5570,20.0,2167.6
99802,16.5570,20.0,2167.6
99803,16.5570,20.0,2167.7
99804,16.5570,20.0,2167.7
99805,16.5570,20.0,2167.7
99806,16.5570,20.0,2167.7
99807,16.5570,20.0,2167.7
99808,16.5570,20.0,2167.8
99809,16.5570,20.0,2167.8
99810,16.5570,20.0,2167.8
99811,16.5570,20.0,2167.8
99812,16.5570,20.0,2167.9
99813,16.5570,20.0,2167.9
99814,16.5570,20.0,2167.9
99815,16.5570,20.0,2167.9
99816,16.5570,20.0,2167.9
99817,16.5570,20.0,2168.0
99818,16.5570,20.0,2168.0
99819,16.5570,20.0,2168.0
99820,16.5570,20.0,2168.0
99821,16.5371,20.0,2168.0
99822,16.5371,20.0,2168.0
99823,16.5371,20.0,2168.1
99824,16.5371,20.0,2168.1
99825,16.5371,20.0,2168.1
99826,16.5371,20.0,2168.1
99827,16.5371,20.0,2168.2
99828,16.5371,20.0,2168.2
99829,16.5371,20.0,2168.2
99830,16.5371,20.0,2168.2
99831,16.5371,20.0,2168.2
99832,16.5371,20.0,2168.2
99833,16.5371,20.0,2168.3
99834,16.5371,20.0,2168.3
99835,16.5371,20.0,2168.3
99836,16.5371,20.0,2168.3
99837,16.5371,20.0,2168.4
99838,16.5371,20.0,2168.4
99839,16.5371,20.0,2168.4
99840,16.5371,20.0,2168.4
99841,16.5171,20.0,2168.7
99842,16.5171,20.0,2168.7
99843,16.5171,20.0,2168.7
99844,16.5171,20.0,2168.8
99845,16.5171,20.0,2168.8
99846,16.5171,20.0,2168.8
99847,16.5171,20.0,2168.8
99848,16.5171,20.0,2168.9
99849,16.5171,20.0,2168.9
99850,16.5171,20.0,2168.9
99851,16.5171,20.0,2168.9
99852,16.5171,20.0,2168.9
99853,16.5171,20.0,2169.0
99854,16.5171,20.0,2169.0
99855,16.5171,20.0,2169.0
99856,16.5171,20.0,2169.0
99857,16.5171,20.0,2169.0
99858,16.5171,20.0,2169.1
99859,16.5171,20.0,2169.1
99860,16.5171,20.0,2169.1
99861,16.5371,20.0,2169.1
99862,16.5371,20.0,2169.1
99863,16.5371,20.0,2169.2
99864,16.5371,20.0,2169.2
99865,16.5371,20.0,2169.2
99866,16.5371,20.0,2169.2
99867,16.5371,20.0,2169.2
99868,16.5371,20.0,2169.3
99869,16.5371,20.0,2169.3
99870,16.5371,20.0,2169.3
99871,16.5371,20.0,2169.3
99872,16.5371,20.0,2169.3
99873,16.5371,20.0,2169.4
99874,16.5371,20.0,2169.4
99875,16.5371,20.0,2169.4
99876,16.5371,20.0,2169.4
99877,16.5371,20.0,2169.5
99878,16.5371,20.0,2169.5
99879,16.5371,20.0,2169.5
99880,16.5371,20.0,2169.5
99881,16.5571,20.0,2169.5
99882,16.5571,20.0,2169.6
99883,16.5571,20.0,2169.6
99884,16.5571,20.0,2169.6
99885,16.5571,20.0,2169.6
99886,16.5571,20.0,2169.6
99887,16.5571,20.0,2169.6
99888,16.5571,20.0,2169.7
99889,16.5571,20.0,2169.7
99890,16.5571,20.0,2169.7
99891,16.5571,20.0,2169.7
99892,16.5571,20.0,2169.8
99893,16.5571,20.0,2169.8
99894,16.5571,20.0,2169.8
99895,16.5571,20.0,2169.8
99896,16.5571,20.0,2169.8
99897,16.5571,20.0,2169.8
99898,16.5571,20.0,2169.9
99899,16.5571,20.0,2169.9
99900,16.5571,20.0,2169.9
99901,16.5770,20.0,2169.9
99902,16.5770,20.0,2170.0
99903,16.5770,20.0,2170.0
99904,16.5770,20.0,2170.0
99905,16.5770,20.0,2170.0
99906,16.5770,20.0,2170.0
99907,16.5770,20.0,2170.1
99908,16.5770,20.0,2170.1
99909,16.5770,20.0,2170.1
99910,16.5770,20.0,2170.1
99911,16.5770,20.0,2170.1
99912,16.5770,20.0,2170.2
99913,16.5770,20.0,2170.2
99914,16.5770,20.0,2170.2
99915,16.5770,20.0,2170.2
99916,16.5770,20.0,2170.2
99917,16.5770,20.0,2170.3
99918,16.5770,20.0,2170.3
99919,16.5770,20.0,2170.3
99920,16.5770,20.0,2170.3
99921,16.5970,20.0,2170.3
99922,16.5970,20.0,2170.4
99923,16.5970,20.0,2170.4
99924,16.5970,20.0,2170.4
99925,16.5970,20.0,2170.4
99926,16.5970,20.0,2170.4
99927,16.5970,20.0,2170.5
99928,16.5970,20.0,2170.5
99929,16.5970,20.0,2170.5
99930,16.5970,20.0,2170.5
99931,16.5970,20.0,2170.6
99932,16.5970,20.0,2170.6
99933,16.5970,20.0,2170.6
99934,16.5970,20.0,2170.6
99935,16.5970,20.0,2170.7
99936,16.5970,20.0,2170.7
99937,16.5970,20.0,2170.7
99938,16.5970,20.0,2170.7
99939,16.5970,20.0,2170.7
99940,16.5970,20.0,2170.7
99941,16.6170,20.0,2170.8
99942,16.6170,20.0,2170.8
99943,16.6170,20.0,2170.8
99944,16.6170,20.0,2170.8
99945,16.6170,20.0,2170.8
99946,16.6170,20.0,2170.9
99947,16.6170,20.0,2170.9
99948,16.6170,20.0,2170.9
99949,16.6170,20.0,2170.9
99950,16.6170,20.0,2170.9
99951,16.6170,20.0,2171.0
99952,16.6170,20.0,2171.0
99953,16.6170,20.0,2171.0
99954,16.6170,20.0,2171.0
99955,16.6170,20.0,2171.0
99956,16.6170,20.0,2171.1
99957,16.6170,20.0,2171.1
99958,16.6170,20.0,2171.1
99959,16.6170,20.0,2171.1
99960,16.6170,20.0,2171.2
99961,16.6370,20.0,2171.2
99962,16.6370,20.0,2171.2
99963,16.6370,20.0,2171.2
99964,16.6370,20.0,2171.2
99965,16.6370,20.0,2171.3
99966,16.6370,20.0,2171.3
99967,16.6370,20.0,2171.3
99968,16.6370,20.0,2171.3
99969,16.6370,20.0,2171.3
99970,16.6370,20.0,2171.3
99971,16.6370,20.0,2171.4
99972,16.6370,20.0,2171.4
99973,16.6370,20.0,2171.4
99974,16.6370,20.0,2171.4
99975,16.6370,20.0,2171.4
99976,16.6370,20.0,2171.5
99977,16.6370,20.0,2171.5
99978,16.6370,20.0,2171.5
99979,16.6370,20.0,2171.5
99980,16.6370,20.0,2171.5
99981,16.6570,20.0,2171.5
99982,16.6570,20.0,2171.6
99983,16.6570,20.0,2171.6
99984,16.6570,20.0,2171.6
99985,16.6570,20.0,2171.6
99986,16.6570,20.0,2171.6
99987,16.6570,20.0,2171.7
99988,16.6570,20.0,2171.7
99989,16.6570,20.0,2171.7
99990,16.6570,20.0,2171.7
99991,16.6570,20.0,2171.7
99992,16.6570,20.0,2171.7
99993,16.6570,20.0,2171.8
99994,16.6570,20.0,2171.8
99995,16.6570,20.0,2171.8
99996,16.6570,20.0,2171.8
99997,16.6570,20.0,2171.9
99998,16.6570,20.0,2171.9
99999,16.6570,20.0,2171.9
100000,16.6570,20.0,2171.9
100001,16.6770,20.0,2171.9
100002,16.6770,20.0,2172.0
100003,16.6770,20.0,2172.0
100004,16.6770,20.0,2172.0
100005,16.6770,20.0,2172.0
100006,16.6770,20.0,2172.0
100007,16.6770,20.0,2172.0
100008,16.6770,20.0,2172.1
100009,16.6770,20.0,2172.1
100010,16.6770,20.0,2172.1
100011,16.6770,20.0,2172.1
100012,16.6770,20.0,2172.1
100013,16.6770,20.0,2172.2
100014,16.6770,20.0,2172.2
100015,16.6770,20.0,2172.2
100016,16.6770,20.0,2172.2
100017,16.6770,20.0,2172.2
100018,16.6770,20.0,2172.3
100019,16.6770,20.0,2172.3
100020,16.6770,20.0,2172.3
100021,16.6970,20.0,2172.3
100022,16.6970,20.0,2172.4
100023,16.6970,20.0,2172.4
100024,16.6970,20.0,2172.4
100025,16.6970,20.0,2172.4
100026,16.6970,20.0,2172.4
100027,16.6970,20.0,2172.5
100028,16.6970,20.0,2172.5
100029,16.6970,20.0,2172.5
100030,16.6970,20.0,2172.5
100031,16.6970,20.0,2172.5
100032,16.6970,20.0,2172.6
100033,16.6970,20.0,2172.6
100034,16.6970,20.0,2172.6
100035,16.6970,20.0,2172.6
100036,16.6970,20.0,2172.6
100037,16.6970,20.0,2172.7
100038,16.6970,20.0,2172.7
100039,16.6970,20.0,2172.7
100040,16.6970,20.0,2172.7
100041,16.7169,20.0,2172.7
100042,16.7169,20.0,2172.8
100043,16.7169,20.0,2172.8
100044,16.7169,20.0,2172.8
100045,16.7169,20.0,2172.8
100046,16.7169,20.0,2172.8
100047,16.7169,20.0,2172.9
100048,16.7169,20.0,2172.9
100049,16.7169,20.0,2172.9
100050,16.7169,20.0,2172.9
100051,16.7169,20.0,2172.9
100052,16.7169,20.0,2173.0
100053,16.7169,20.0,2173.0
100054,16.7169,20.0,2173.0
100055,16.7169,20.0,2173.0
100056,16.7169,20.0,2173.0
100057,16.7169,20.0,2173.1
100058,16.7169,20.0,2173.1
100059,16.7169,20.0,2173.1
100060,16.7169,20.0,2173.1
100061,16.7369,20.0,2173.1
100062,16.7369,20.0,2173.1
100063,16.7369,20.0,2173.2
100064,16.7369,20.0,2173.2
100065,16.7369,20.0,2173.2
100066,16.7369,20.0,2173.2
100067,16.7369,20.0,2173.3
100068,16.7369,20.0,2173.3
100069,16.7369,20.0,2173.3
100070,16.7369,20.0,2173.3
100071,16.7369,20.0,2173.3
100072,16.7369,20.0,2173.3
100073,16.7369,20.0,2173.4
100074,16.7369,20.0,2173.4
100075,16.7369,20.0,2173.4
100076,16.7369,20.0,2173.4
100077,16.7369,20.0,2173.4
100078,16.7369,20.0,2173.5
100079,16.7369,20.0,2173.5
100080,16.7369,20.0,2173.5
100081,16.7569,20.0,2173.5
100082,16.7569,20.0,2173.5
100083,16.7569,20.0,2173.6
100084,16.7569,20.0,2173.6
100085,16.7569,20.0,2173.6
100086,16.7569,20.0,2173.6
100087,16.7569,20.0,2173.7
100088,16.7569,20.0,2173.7
100089,16.7569,20.0,2173.7
100090,16.7569,20.0,2173.7
100091,16.7569,20.0,2173.7
100092,16.7569,20.0,2173.8
100093,16.7569,20.0,2173.8
100094,16.7569,20.0,2173.8
100095,16.7569,20.0,2173.8
100096,16.7569,20.0,2173.8
100097,16.7569,20.0,2173.9
100098,16.7569,20.0,2173.9
100099,16.7569,20.0,2173.9
100100,16.7569,20.0,2173.9
100101,16.7769,20.0,2173.9
100102,16.7769,20.0,2173.9
100103,16.7769,20.0,2174.0
100104,16.7769,20.0,2174.0
100105,16.7769,20.0,2174.0
100106,16.7769,20.0,2174.0
100107,16.7769,20.0,2174.0
100108,16.7769,20.0,2174.1
100109,16.7769,20.0,2174.1
100110,16.7769,20.0,2174.1
100111,16.7769,20.0,2174.1
100112,16.7769,20.0,2174.2
100113,16.7769,20.0,2174.2
100114,16.7769,20.0,2174.2
100115,16.7769,20.0,2174.2
100116,16.7769,20.0,2174.2
100117,16.7769,20.0,2174.3
100118,16.7769,20.0,2174.3
100119,16.7769,20.0,2174.3
100120,16.7769,20.0,2174.3
100121,16.7969,20.0,2174.4
100122,16.7969,20.0,2174.4
100123,16.7969,20.0,2174.4
100124,16.7969,20.0,2174.5
100125,16.7969,20.0,2174.5
100126,16.7969,20.0,2174.5
100127,16.7969,20.0,2174.5
100128,16.7969,20.0,2174.6
100129,16.7969,20.0,2174.6
100130,16.7969,20.0,2174.6
100131,16.7969,20.0,2174.6
100132,16.7969,20.0,2174.6
100133,16.7969,20.0,2174.7
100134,16.7969,20.0,2174.7
100135,16.7969,20.0,2174.7
100136,16.7969,20.0,2174.7
100137,16.7969,20.0,2174.7
100138,16.7969,20.0,2174.7
100139,16.7969,20.0,2174.8
100140,16.7969,20.0,2174.8
100141,16.8169,20.0,2174.8
100142,16.8169,20.0,2174.8
100143,16.8169,20.0,2174.8
100144,16.8169,20.0,2174.9
100145,16.8169,20.0,2174.9
100146,16.8169,20.0,2174.9
100147,16.8169,20.0,2174.9
100148,16.8169,20.0,2174.9
100149,16.8169,20.0,2175.0
100150,16.8169,20.0,2175.0
100151,16.8169,20.0,2175.0
100152,16.8169,20.0,2175.0
100153,16.8169,20.0,2175.1
100154,16.8169,20.0,2175.1
100155,16.8169,20.0,2175.1
100156,16.8169,20.0,2175.1
100157,16.8169,20.0,2175.1
100158,16.8169,20.0,2175.2
100159,16.8169,20.0,2175.2
100160,16.8169,20.0,2175.2
100161,16.8368,20.0,2175.2
100162,16.8368,20.0,2175.2
100163,16.8368,20.0,2175.3
100164,16.8368,20.0,2175.3
100165,16.8368,20.0,2175.3
100166,16.8368,20.0,2175.3
100167,16.8368,20.0,2175.3
100168,16.8368,20.0,2175.3
100169,16.8368,20.0,2175.4
100170,16.8368,20.0,2175.4
100171,16.8368,20.0,2175.4
100172,16.8368,20.0,2175.4
100173,16.8368,20.0,2175.4
100174,16.8368,20.0,2175.5
100175,16.8368,20.0,2175.5
100176,16.8368,20.0,2175.5
100177,16.8368,20.0,2175.5
100178,16.8368,20.0,2175.6
100179,16.8368,20.0,2175.6
100180,16.8368,20.0,2175.6
100181,16.8568,20.0,2175.6
100182,16.8568,20.0,2175.7
100183,16.8568,20.0,2175.7
100184,16.8568,20.0,2175.7
100185,16.8568,20.0,2175.7
100186,16.8568,20.0,2175.8
100187,16.8568,20.0,2175.8
100188,16.8568,20.0,2175.8
100189,16.8568,20.0,2175.8
100190,16.8568,20.0,2175.8
100191,16.8568,20.0,2175.9
100192,16.8568,20.0,2175.9
100193,16.8568,20.0,2175.9
100194,16.8568,20.0,2175.9
100195,16.8568,20.0,2175.9
100196,16.8568,20.0,2176.0
100197,16.8568,20.0,2176.0
100198,16.8568,20.0,2176.0
100199,16.8568,20.0,2176.0
100200,16.8568,20.0,2176.0
100201,16.8768,20.0,2176.1
100202,16.8768,20.0,2176.1
100203,16.8768,20.0,2176.1
100204,16.8768,20.0,2176.1
100205,16.8768,20.0,2176.1
100206,16.8768,20.0,2176.2
100207,16.8768,20.0,2176.2
100208,16.8768,20.0,2176.2
100209,16.8768,20.0,2176.2
100210,16.8768,20.0,2176.2
100211,16.8768,20.0,2176.3
100212,16.8768,20.0,2176.3
100213,16.8768,20.0,2176.3
100214,16.8768,20.0,2176.3
100215,16.8768,20.0,2176.3
100216,16.8768,20.0,2176.3
100217,16.8768,20.0,2176.4
100218,16.8768,20.0,2176.4
100219,16.8768,20.0,2176.4
100220,16.8768,20.0,2176.4
100221,16.8968,20.0,2176.5
100222,16.8968,20.0,2176.5
100223,16.8968,20.0,2176.5
100224,16.8968,20.0,2176.5
100225,16.8968,20.0,2176.5
100226,16.8968,20.0,2176.5
100227,16.8968,20.0,2176.6
100228,16.8968,20.0,2176.6
100229,16.8968,20.0,2176.6
100230,16.8968,20.0,2176.6
100231,16.8968,20.0,2176.6
100232,16.8968,20.0,2176.7
100233,16.8968,20.0,2176.7
100234,16.8968,20.0,2176.7
100235,16.8968,20.0,2176.7
100236,16.8968,20.0,2176.7
100237,16.8968,20.0,2176.8
100238,16.8968,20.0,2176.8
100239,16.8968,20.0,2176.8
100240,16.8968,20.0,2176.8
100241,16.9168,20.0,2176.8
100242,16.9168,20.0,2176.9
100243,16.9168,20.0,2176.9
100244,16.9168,20.0,2176.9
100245,16.9168,20.0,2176.9
100246,16.9168,20.0,2176.9
100247,16.9168,20.0,2176.9
100248,16.9168,20.0,2177.0
100249,16.9168,20.0,2177.0
100250,16.9168,20.0,2177.0
100251,16.9168,20.0,2177.0
100252,16.9168,20.0,2177.1
100253,16.9168,20.0,2177.1
100254,16.9168,20.0,2177.1
100255,16.9168,20.0,2177.1
100256,16.9168,20.0,2177.1
100257,16.9168,20.0,2177.1
100258,16.9168,20.0,2177.2
100259,16.9168,20.0,2177.2
100260,16.9168,20.0,2177.2
100261,16.9368,20.0,2177.2
100262,16.9368,20.0,2177.3
100263,16.9368,20.0,2177.3
100264,16.9368,20.0,2177.3
100265,16.9368,20.0,2177.3
100266,16.9368,20.0,2177.3
100267,16.9368,20.0,2177.4
100268,16.9368,20.0,2177.4
100269,16.9368,20.0,2177.4
100270,16.9368,20.0,2177.4
100271,16.9368,20.0,2177.4
100272,16.9368,20.0,2177.4
100273,16.9368,20.0,2177.5
100274,16.9368,20.0,2177.5
100275,16.9368,20.0,2177.5
100276,16.9368,20.0,2177.5
100277,16.9368,20.0,2177.6
100278,16.9368,20.0,2177.6
100279,16.9368,20.0,2177.6
100280,16.9368,20.0,2177.6
100281,16.9568,20.0,2177.6
100282,16.9568,20.0,2177.7
100283,16.9568,20.0,2177.7
100284,16.9568,20.0,2177.7
100285,16.9568,20.0,2177.7
100286,16.9568,20.0,2177.7
100287,16.9568,20.0,2177.8
100288,16.9568,20.0,2177.8
100289,16.9568,20.0,2177.8
100290,16.9568,20.0,2177.8
100291,16.9568,20.0,2177.9
100292,16.9568,20.0,2177.9
100293,16.9568,20.0,2177.9
100294,16.9568,20.0,2177.9
100295,16.9568,20.0,2178.0
100296,16.9568,20.0,2178.0
100297,16.9568,20.0,2178.0
100298,16.9568,20.0,2178.1
100299,16.9568,20.0,2178.1
100300,16.9568,20.0,2178.1
100301,16.9767,20.0,2178.1
100302,16.9767,20.0,2178.2
100303,16.9767,20.0,2178.2
100304,16.9767,20.0,2178.2
100305,16.9767,20.0,2178.2
100306,16.9767,20.0,2178.3
100307,16.9767,20.0,2178.3
100308,16.9767,20.0,2178.3
100309,16.9767,20.0,2178.3
100310,16.9767,20.0,2178.4
100311,16.9767,20.0,2178.4
100312,16.9767,20.0,2178.4
100313,16.9767,20.0,2178.4
100314,16.9767,20.0,2178.4
100315,16.9767,20.0,2178.5
100316,16.9767,20.0,2178.5
100317,16.9767,20.0,2178.5
100318,16.9767,20.0,2178.5
100319,16.9767,20.0,2178.6
100320,16.9767,20.0,2178.6
100321,16.9767,20.0,2178.6
100322,16.9767,20.0,2178.6
100323,16.9767,20.0,2178.6
100324,16.9767,20.0,2178.7
100325,16.9767,20.0,2178.7
100326,16.9767,20.0,2178.7
100327,16.9767,20.0,2178.7
100328,16.9767,20.0,2178.8
100329,16.9767,20.0,2178.8
100330,16.9767,20.0,2178.8
100331,16.9767,20.0,2178.8
100332,16.9767,20.0,2178.8
100333,16.9767,20.0,2178.9
100334,16.9767,20.0,2178.9
100335,16.9767,20.0,2178.9
100336,16.9767,20.0,2178.9
100337,16.9767,20.0,2178.9
100338,16.9767,20.0,2179.0
100339,16.9767,20.0,2179.0
100340,16.9767,20.0,2179.0
100341,16.9767,20.0,2179.0
100342,16.9767,20.0,2179.0
100343,16.9767,20.0,2179.1
100344,16.9767,20.0,2179.1
100345,16.9767,20.0,2179.1
100346,16.9767,20.0,2179.1
100347,16.9767,20.0,2179.1
100348,16.9767,20.0,2179.2
100349,16.9767,20.0,2179.2
100350,16.9767,20.0,2179.2
100351,16.9767,20.0,2179.2
100352,16.9767,20.0,2179.2
